0,1,1000
8,1,1000
8,1,1000
17,1,1000
35,1,1000
91,1,1000
96,1,1000
101,1,1000
113,1,1000
137,1,1000
146,1,1000
194,1,1000
304,1,1000
314,1,1000
367,1,1000
372,1,1000
380,1,1000
388,1,1000
389,1,1000
406,1,1000
414,1,1000
448,1,1000
454,1,1000
455,1,1000
458,1,1000
501,1,1000
506,1,1000
522,1,1000
533,1,1000
541,1,1000
543,1,1000
547,1,1000
604,1,1000
618,1,1000
628,1,1000
635,1,1000
640,1,1000
647,1,1000
665,1,1000
695,1,1000
717,1,1000
736,1,1000
761,1,1000
764,1,1000
802,1,1000
804,1,1000
807,1,1000
852,1,1000
905,1,1000
911,1,1000
940,1,1000
965,1,1000
979,1,1000
1003,1,1000
1008,1,1000
1011,1,1000
1031,1,1000
1037,1,1000
1050,1,1000
1052,1,1000
1076,1,1000
1097,1,1000
1111,1,1000
1117,1,1000
1128,1,1000
1149,1,1000
1159,1,1000
1160,1,1000
1195,1,1000
1208,1,1000
1220,1,1000
1235,1,1000
1239,1,1000
1278,1,1000
1323,1,1000
1383,1,1000
1416,1,1000
1419,1,1000
1428,1,1000
1429,1,1000
1473,1,1000
1498,1,1000
1529,1,1000
1552,1,1000
1561,1,1000
1564,1,1000
1579,1,1000
1637,1,1000
1652,1,1000
1664,1,1000
1680,1,1000
1682,1,1000
1708,1,1000
1728,1,1000
1750,1,1000
1762,1,1000
1766,1,1000
1774,1,1000
1781,1,1000
1802,1,1000
1808,1,1000
1820,1,1000
1841,1,1000
1853,1,1000
1855,1,1000
1860,1,1000
1869,1,1000
1873,1,1000
1877,1,1000
2034,1,1000
2084,1,1000
2136,1,1000
2150,1,1000
2155,1,1000
2169,1,1000
2169,1,1000
2174,1,1000
2187,1,1000
2195,1,1000
2196,1,1000
2199,1,1000
2218,1,1000
2220,1,1000
2262,1,1000
2285,1,1000
2319,1,1000
2340,1,1000
2373,1,1000
2413,1,1000
2413,1,1000
2414,1,1000
2424,1,1000
2433,1,1000
2452,1,1000
2468,1,1000
2502,1,1000
2521,1,1000
2527,1,1000
2548,1,1000
2564,1,1000
2594,1,1000
2657,1,1000
2673,1,1000
2686,1,1000
2693,1,1000
2728,1,1000
2747,1,1000
2766,1,1000
2801,1,1000
2879,1,1000
2934,1,1000
2961,1,1000
2968,1,1000
3005,1,1000
3009,1,1000
3028,1,1000
3036,1,1000
3099,1,1000
3113,1,1000
3152,1,1000
3161,1,1000
3169,1,1000
3169,1,1000
3210,1,1000
3215,1,1000
3220,1,1000
3277,1,1000
3286,1,1000
3290,1,1000
3300,1,1000
3304,1,1000
3312,1,1000
3326,1,1000
3339,1,1000
3355,1,1000
3361,1,1000
3367,1,1000
3396,1,1000
3408,1,1000
3445,1,1000
3449,1,1000
3466,1,1000
3486,1,1000
3496,1,1000
3499,1,1000
3509,1,1000
3525,1,1000
3528,1,1000
3528,1,1000
3541,1,1000
3552,1,1000
3582,1,1000
3619,1,1000
3640,1,1000
3654,1,1000
3661,1,1000
3669,1,1000
3674,1,1000
3709,1,1000
3715,1,1000
3739,1,1000
3749,1,1000
3776,1,1000
3786,1,1000
3800,1,1000
3854,1,1000
3867,1,1000
3881,1,1000
3889,1,1000
3893,1,1000
3896,1,1000
3896,1,1000
3914,1,1000
4003,1,1000
4019,1,1000
4025,1,1000
4044,1,1000
4083,1,1000
4120,1,1000
4121,1,1000
4129,1,1000
4172,1,1000
4296,1,1000
4351,1,1000
4360,1,1000
4365,1,1000
4372,1,1000
4395,1,1000
4414,1,1000
4418,1,1000
4440,1,1000
4512,1,1000
4518,1,1000
4543,1,1000
4618,1,1000
4619,1,1000
4630,1,1000
4664,1,1000
4666,1,1000
4684,1,1000
4714,1,1000
4723,1,1000
4742,1,1000
4792,1,1000
4806,1,1000
4817,1,1000
4820,1,1000
4822,1,1000
4837,1,1000
4887,1,1000
4907,1,1000
4907,1,1000
4938,1,1000
4947,1,1000
4965,1,1000
4973,1,1000
5011,1,1000
5027,1,1000
5060,1,1000
5077,1,1000
5106,1,1000
5109,1,1000
5118,1,1000
5139,1,1000
5143,1,1000
5167,1,1000
5207,1,1000
5222,1,1000
5248,1,1000
5255,1,1000
5256,1,1000
5312,1,1000
5316,1,1000
5319,1,1000
5321,1,1000
5335,1,1000
5382,1,1000
5392,1,1000
5414,1,1000
5431,1,1000
5433,1,1000
5467,1,1000
5488,1,1000
5500,1,1000
5505,1,1000
5521,1,1000
5527,1,1000
5639,1,1000
5663,1,1000
5675,1,1000
5679,1,1000
5695,1,1000
5701,1,1000
5712,1,1000
5724,1,1000
5729,1,1000
5737,1,1000
5773,1,1000
5785,1,1000
5786,1,1000
5798,1,1000
5816,1,1000
5854,1,1000
5883,1,1000
5894,1,1000
5937,1,1000
5979,1,1000
5993,1,1000
6016,1,1000
6019,1,1000
6028,1,1000
6037,1,1000
6047,1,1000
6110,1,1000
6112,1,1000
6143,1,1000
6168,1,1000
6184,1,1000
6187,1,1000
6188,1,1000
6189,1,1000
6200,1,1000
6212,1,1000
6227,1,1000
6232,1,1000
6235,1,1000
6266,1,1000
6278,1,1000
6303,1,1000
6360,1,1000
6370,1,1000
6429,1,1000
6496,1,1000
6522,1,1000
6592,1,1000
6620,1,1000
6635,1,1000
6642,1,1000
6657,1,1000
6665,1,1000
6681,1,1000
6692,1,1000
6724,1,1000
6767,1,1000
6781,1,1000
6800,1,1000
6863,1,1000
6871,1,1000
6882,1,1000
6913,1,1000
7003,1,1000
7062,1,1000
7077,1,1000
7099,1,1000
7114,1,1000
7132,1,1000
7149,1,1000
7163,1,1000
7197,1,1000
7213,1,1000
7246,1,1000
7247,1,1000
7268,1,1000
7271,1,1000
7272,1,1000
7294,1,1000
7294,1,1000
7301,1,1000
7340,1,1000
7381,1,1000
7382,1,1000
7393,1,1000
7400,1,1000
7406,1,1000
7410,1,1000
7450,1,1000
7458,1,1000
7496,1,1000
7513,1,1000
7545,1,1000
7557,1,1000
7568,1,1000
7582,1,1000
7597,1,1000
7719,1,1000
7730,1,1000
7755,1,1000
7756,1,1000
7788,1,1000
7803,1,1000
7806,1,1000
7816,1,1000
7821,1,1000
7837,1,1000
7866,1,1000
7884,1,1000
7925,1,1000
7958,1,1000
7960,1,1000
8001,1,1000
8002,1,1000
8004,1,1000
8007,1,1000
8013,1,1000
8017,1,1000
8026,1,1000
8039,1,1000
8042,1,1000
8042,1,1000
8043,1,1000
8048,1,1000
8066,1,1000
8084,1,1000
8094,1,1000
8137,1,1000
8139,1,1000
8143,1,1000
8151,1,1000
8154,1,1000
8164,1,1000
8200,1,1000
8233,1,1000
8253,1,1000
8259,1,1000
8263,1,1000
8272,1,1000
8360,1,1000
8415,1,1000
8415,1,1000
8416,1,1000
8428,1,1000
8444,1,1000
8471,1,1000
8490,1,1000
8508,1,1000
8513,1,1000
8530,1,1000
8618,1,1000
8622,1,1000
8631,1,1000
8667,1,1000
8701,1,1000
8707,1,1000
8717,1,1000
8728,1,1000
8748,1,1000
8749,1,1000
8764,1,1000
8777,1,1000
8785,1,1000
8789,1,1000
8798,1,1000
8806,1,1000
8814,1,1000
8836,1,1000
8859,1,1000
8892,1,1000
8898,1,1000
8899,1,1000
8908,1,1000
8918,1,1000
8925,1,1000
8930,1,1000
9021,1,1000
9023,1,1000
9032,1,1000
9034,1,1000
9036,1,1000
9042,1,1000
9050,1,1000
9052,1,1000
9088,1,1000
9113,1,1000
9185,1,1000
9190,1,1000
9202,1,1000
9223,1,1000
9223,1,1000
9235,1,1000
9249,1,1000
9252,1,1000
9311,1,1000
9320,1,1000
9344,1,1000
9361,1,1000
9375,1,1000
9385,1,1000
9400,1,1000
9406,1,1000
9421,1,1000
9432,1,1000
9458,1,1000
9483,1,1000
9484,1,1000
9495,1,1000
9500,1,1000
9517,1,1000
9563,1,1000
9573,1,1000
9577,1,1000
9584,1,1000
9600,1,1000
9612,1,1000
9641,1,1000
9650,1,1000
9718,1,1000
9728,1,1000
9811,1,1000
9815,1,1000
9818,1,1000
9841,1,1000
9855,1,1000
10014,1,1000
10049,1,1000
10109,1,1000
10120,1,1000
10126,1,1000
10140,1,1000
10203,1,1000
10211,1,1000
10218,1,1000
10293,1,1000
10368,1,1000
10393,1,1000
10393,1,1000
10399,1,1000
10414,1,1000
10426,1,1000
10473,1,1000
10496,1,1000
10529,1,1000
10549,1,1000
10564,1,1000
10586,1,1000
10589,1,1000
10600,1,1000
10634,1,1000
10638,1,1000
10666,1,1000
10677,1,1000
10683,1,1000
10702,1,1000
10714,1,1000
10728,1,1000
10731,1,1000
10787,1,1000
10802,1,1000
10811,1,1000
10861,1,1000
10886,1,1000
10894,1,1000
11010,1,1000
11030,1,1000
11034,1,1000
11093,1,1000
11105,1,1000
11115,1,1000
11124,1,1000
11151,1,1000
11153,1,1000
11196,1,1000
11231,1,1000
11234,1,1000
11243,1,1000
11269,1,1000
11311,1,1000
11342,1,1000
11403,1,1000
11440,1,1000
11453,1,1000
11489,1,1000
11499,1,1000
11516,1,1000
11519,1,1000
11531,1,1000
11549,1,1000
11556,1,1000
11587,1,1000
11626,1,1000
11633,1,1000
11638,1,1000
11678,1,1000
11688,1,1000
11701,1,1000
11721,1,1000
11748,1,1000
11755,1,1000
11770,1,1000
11776,1,1000
11793,1,1000
11811,1,1000
11893,1,1000
11941,1,1000
11947,1,1000
11959,1,1000
11964,1,1000
11968,1,1000
11979,1,1000
12031,1,1000
12038,1,1000
12053,1,1000
12056,1,1000
12095,1,1000
12097,1,1000
12122,1,1000
12188,1,1000
12257,1,1000
12296,1,1000
12322,1,1000
12354,1,1000
12407,1,1000
12437,1,1000
12456,1,1000
12494,1,1000
12521,1,1000
12525,1,1000
12533,1,1000
12536,1,1000
12536,1,1000
12544,1,1000
12551,1,1000
12559,1,1000
12564,1,1000
12577,1,1000
12587,1,1000
12587,1,1000
12619,1,1000
12625,1,1000
12641,1,1000
12645,1,1000
12661,1,1000
12691,1,1000
12692,1,1000
12693,1,1000
12708,1,1000
12723,1,1000
12753,1,1000
12771,1,1000
12783,1,1000
12788,1,1000
12792,1,1000
12847,1,1000
12850,1,1000
12895,1,1000
12905,1,1000
12915,1,1000
12922,1,1000
12928,1,1000
12954,1,1000
12985,1,1000
13016,1,1000
13017,1,1000
13018,1,1000
13065,1,1000
13077,1,1000
13126,1,1000
13195,1,1000
13198,1,1000
13202,1,1000
13245,1,1000
13262,1,1000
13263,1,1000
13331,1,1000
13364,1,1000
13371,1,1000
13372,1,1000
13420,1,1000
13480,1,1000
13485,1,1000
13487,1,1000
13494,1,1000
13507,1,1000
13549,1,1000
13550,1,1000
13558,1,1000
13569,1,1000
13570,1,1000
13575,1,1000
13577,1,1000
13630,1,1000
13649,1,1000
13668,1,1000
13680,1,1000
13714,1,1000
13748,1,1000
13774,1,1000
13791,1,1000
13795,1,1000
13802,1,1000
13838,1,1000
13866,1,1000
13875,1,1000
13933,1,1000
13938,1,1000
14008,1,1000
14021,1,1000
14030,1,1000
14032,1,1000
14036,1,1000
14037,1,1000
14067,1,1000
14070,1,1000
14105,1,1000
14116,1,1000
14131,1,1000
14132,1,1000
14133,1,1000
14136,1,1000
14139,1,1000
14195,1,1000
14197,1,1000
14237,1,1000
14273,1,1000
14303,1,1000
14318,1,1000
14319,1,1000
14319,1,1000
14368,1,1000
14373,1,1000
14396,1,1000
14478,1,1000
14527,1,1000
14541,1,1000
14555,1,1000
14557,1,1000
14558,1,1000
14588,1,1000
14607,1,1000
14612,1,1000
14612,1,1000
14614,1,1000
14659,1,1000
14669,1,1000
14673,1,1000
14690,1,1000
14691,1,1000
14753,1,1000
14781,1,1000
14794,1,1000
14808,1,1000
14823,1,1000
14824,1,1000
14871,1,1000
14889,1,1000
14893,1,1000
14917,1,1000
14929,1,1000
14935,1,1000
15007,1,1000
15021,1,1000
15044,1,1000
15059,1,1000
15076,1,1000
15078,1,1000
15078,1,1000
15125,1,1000
15217,1,1000
15218,1,1000
15273,1,1000
15316,1,1000
15324,1,1000
15349,1,1000
15374,1,1000
15384,1,1000
15397,1,1000
15400,1,1000
15402,1,1000
15413,1,1000
15413,1,1000
15440,1,1000
15442,1,1000
15497,1,1000
15506,1,1000
15506,1,1000
15513,1,1000
15520,1,1000
15540,1,1000
15558,1,1000
15578,1,1000
15580,1,1000
15608,1,1000
15612,1,1000
15614,1,1000
15640,1,1000
15642,1,1000
15703,1,1000
15732,1,1000
15754,1,1000
15761,1,1000
15775,1,1000
15793,1,1000
15800,1,1000
15803,1,1000
15860,1,1000
15863,1,1000
15882,1,1000
16011,1,1000
16051,1,1000
16069,1,1000
16110,1,1000
16132,1,1000
16169,1,1000
16170,1,1000
16193,1,1000
16201,1,1000
16290,1,1000
16311,1,1000
16325,1,1000
16327,1,1000
16333,1,1000
16409,1,1000
16416,1,1000
16459,1,1000
16486,1,1000
16504,1,1000
16514,1,1000
16550,1,1000
16562,1,1000
16589,1,1000
16603,1,1000
16610,1,1000
16660,1,1000
16675,1,1000
16688,1,1000
16713,1,1000
16735,1,1000
16741,1,1000
16762,1,1000
16803,1,1000
16849,1,1000
16869,1,1000
16879,1,1000
16880,1,1000
16914,1,1000
16915,1,1000
16988,1,1000
17016,1,1000
17019,1,1000
17025,1,1000
17027,1,1000
17061,1,1000
17095,1,1000
17128,1,1000
17152,1,1000
17159,1,1000
17162,1,1000
17176,1,1000
17181,1,1000
17202,1,1000
17264,1,1000
17293,1,1000
17329,1,1000
17357,1,1000
17360,1,1000
17405,1,1000
17424,1,1000
17466,1,1000
17471,1,1000
17478,1,1000
17495,1,1000
17565,1,1000
17566,1,1000
17598,1,1000
17626,1,1000
17654,1,1000
17657,1,1000
17675,1,1000
17688,1,1000
17688,1,1000
17717,1,1000
17735,1,1000
17741,1,1000
17751,1,1000
17754,1,1000
17790,1,1000
17798,1,1000
17873,1,1000
17886,1,1000
17895,1,1000
17910,1,1000
17937,1,1000
18008,1,1000
18012,1,1000
18022,1,1000
18071,1,1000
18083,1,1000
18122,1,1000
18146,1,1000
18147,1,1000
18151,1,1000
18222,1,1000
18249,1,1000
18261,1,1000
18261,1,1000
18276,1,1000
18278,1,1000
18282,1,1000
18282,1,1000
18292,1,1000
18295,1,1000
18318,1,1000
18343,1,1000
18384,1,1000
18395,1,1000
18415,1,1000
18433,1,1000
18441,1,1000
18477,1,1000
18495,1,1000
18500,1,1000
18515,1,1000
18516,1,1000
18544,1,1000
18554,1,1000
18568,1,1000
18571,1,1000
18579,1,1000
18594,1,1000
18617,1,1000
18627,1,1000
18678,1,1000
18680,1,1000
18685,1,1000
18721,1,1000
18728,1,1000
18731,1,1000
18736,1,1000
18755,1,1000
18756,1,1000
18769,1,1000
18780,1,1000
18781,1,1000
18787,1,1000
18802,1,1000
18826,1,1000
18857,1,1000
18872,1,1000
18891,1,1000
18920,1,1000
18954,1,1000
18979,1,1000
18987,1,1000
19001,1,1000
19005,1,1000
19017,1,1000
19044,1,1000
19066,1,1000
19075,1,1000
19079,1,1000
19089,1,1000
19099,1,1000
19197,1,1000
19211,1,1000
19244,1,1000
19290,1,1000
19320,1,1000
19321,1,1000
19333,1,1000
19368,1,1000
19371,1,1000
19408,1,1000
19412,1,1000
19494,1,1000
19512,1,1000
19544,1,1000
19580,1,1000
19630,1,1000
19682,1,1000
19704,1,1000
19711,1,1000
19733,1,1000
19737,1,1000
19738,1,1000
19743,1,1000
19746,1,1000
19779,1,1000
19804,1,1000
19817,1,1000
19840,1,1000
19842,1,1000
19860,1,1000
19880,1,1000
19880,1,1000
19914,1,1000
19931,1,1000
19939,1,1000
19956,1,1000
20001,1,1000
20046,1,1000
20062,1,1000
20087,1,1000
20110,1,1000
20131,1,1000
20131,1,1000
20144,1,1000
20163,1,1000
20186,1,1000
20216,1,1000
20249,1,1000
20265,1,1000
20268,1,1000
20286,1,1000
20295,1,1000
20302,1,1000
20308,1,1000
20340,1,1000
20345,1,1000
20379,1,1000
20407,1,1000
20422,1,1000
20443,1,1000
20446,1,1000
20452,1,1000
20452,1,1000
20518,1,1000
20523,1,1000
20543,1,1000
20569,1,1000
20570,1,1000
20583,1,1000
20592,1,1000
20593,1,1000
20596,1,1000
20606,1,1000
20622,1,1000
20643,1,1000
20651,1,1000
20655,1,1000
20669,1,1000
20699,1,1000
20723,1,1000
20759,1,1000
20774,1,1000
20779,1,1000
20787,1,1000
20795,1,1000
20810,1,1000
20827,1,1000
20850,1,1000
20857,1,1000
20920,1,1000
21008,1,1000
21033,1,1000
21065,1,1000
21077,1,1000
21142,1,1000
21146,1,1000
21164,1,1000
21171,1,1000
21214,1,1000
21216,1,1000
21221,1,1000
21221,1,1000
21242,1,1000
21251,1,1000
21283,1,1000
21292,1,1000
21356,1,1000
21362,1,1000
21367,1,1000
21370,1,1000
21404,1,1000
21465,1,1000
21480,1,1000
21487,1,1000
21517,1,1000
21523,1,1000
21558,1,1000
21560,1,1000
21562,1,1000
21581,1,1000
21582,1,1000
21583,1,1000
21592,1,1000
21647,1,1000
21652,1,1000
21669,1,1000
21671,1,1000
21675,1,1000
21681,1,1000
21683,1,1000
21685,1,1000
21685,1,1000
21701,1,1000
21701,1,1000
21727,1,1000
21733,1,1000
21760,1,1000
21769,1,1000
21778,1,1000
21779,1,1000
21802,1,1000
21819,1,1000
21825,1,1000
21838,1,1000
21868,1,1000
21891,1,1000
21894,1,1000
21921,1,1000
22017,1,1000
22045,1,1000
22052,1,1000
22088,1,1000
22108,1,1000
22163,1,1000
22165,1,1000
22178,1,1000
22179,1,1000
22193,1,1000
22226,1,1000
22255,1,1000
22289,1,1000
22300,1,1000
22320,1,1000
22335,1,1000
22345,1,1000
22350,1,1000
22365,1,1000
22386,1,1000
22386,1,1000
22421,1,1000
22517,1,1000
22521,1,1000
22523,1,1000
22529,1,1000
22623,1,1000
22625,1,1000
22641,1,1000
22732,1,1000
22733,1,1000
22772,1,1000
22773,1,1000
22776,1,1000
22792,1,1000
22814,1,1000
22830,1,1000
22835,1,1000
22840,1,1000
22847,1,1000
22860,1,1000
22871,1,1000
22882,1,1000
22884,1,1000
22893,1,1000
22911,1,1000
22920,1,1000
22939,1,1000
22942,1,1000
22947,1,1000
23005,1,1000
23024,1,1000
23030,1,1000
23059,1,1000
23066,1,1000
23066,1,1000
23098,1,1000
23118,1,1000
23126,1,1000
23139,1,1000
23143,1,1000
23150,1,1000
23196,1,1000
23198,1,1000
23206,1,1000
23244,1,1000
23264,1,1000
23382,1,1000
23384,1,1000
23403,1,1000
23406,1,1000
23409,1,1000
23444,1,1000
23465,1,1000
23471,1,1000
23491,1,1000
23501,1,1000
23586,1,1000
23607,1,1000
23670,1,1000
23674,1,1000
23710,1,1000
23762,1,1000
23763,1,1000
23771,1,1000
23813,1,1000
23849,1,1000
23868,1,1000
23879,1,1000
23890,1,1000
23891,1,1000
23892,1,1000
23900,1,1000
24012,1,1000
24017,1,1000
24070,1,1000
24104,1,1000
24158,1,1000
24170,1,1000
24173,1,1000
24183,1,1000
24198,1,1000
24234,1,1000
24246,1,1000
24297,1,1000
24307,1,1000
24314,1,1000
24318,1,1000
24336,1,1000
24351,1,1000
24467,1,1000
24480,1,1000
24485,1,1000
24493,1,1000
24529,1,1000
24547,1,1000
24619,1,1000
24627,1,1000
24645,1,1000
24645,1,1000
24646,1,1000
24665,1,1000
24675,1,1000
24726,1,1000
24735,1,1000
24768,1,1000
24791,1,1000
24803,1,1000
24807,1,1000
24838,1,1000
24842,1,1000
24848,1,1000
24880,1,1000
24887,1,1000
24931,1,1000
24961,1,1000
24971,1,1000
25011,1,1000
25033,1,1000
25079,1,1000
25088,1,1000
25107,1,1000
25142,1,1000
25167,1,1000
25216,1,1000
25224,1,1000
25281,1,1000
25340,1,1000
25347,1,1000
25353,1,1000
25362,1,1000
25386,1,1000
25420,1,1000
25427,1,1000
25438,1,1000
25463,1,1000
25510,1,1000
25517,1,1000
25538,1,1000
25541,1,1000
25543,1,1000
25585,1,1000
25604,1,1000
25606,1,1000
25607,1,1000
25628,1,1000
25628,1,1000
25639,1,1000
25689,1,1000
25733,1,1000
25733,1,1000
25734,1,1000
25849,1,1000
25852,1,1000
25858,1,1000
25861,1,1000
25899,1,1000
25900,1,1000
25920,1,1000
25944,1,1000
25961,1,1000
25965,1,1000
25978,1,1000
26009,1,1000
26011,1,1000
26016,1,1000
26034,1,1000
26037,1,1000
26037,1,1000
26087,1,1000
26093,1,1000
26096,1,1000
26119,1,1000
26121,1,1000
26141,1,1000
26143,1,1000
26182,1,1000
26185,1,1000
26213,1,1000
26277,1,1000
26298,1,1000
26300,1,1000
26340,1,1000
26348,1,1000
26348,1,1000
26367,1,1000
26374,1,1000
26396,1,1000
26405,1,1000
26425,1,1000
26427,1,1000
26439,1,1000
26448,1,1000
26477,1,1000
26551,1,1000
26564,1,1000
26574,1,1000
26586,1,1000
26590,1,1000
26621,1,1000
26628,1,1000
26629,1,1000
26633,1,1000
26663,1,1000
26665,1,1000
26688,1,1000
26689,1,1000
26711,1,1000
26725,1,1000
26754,1,1000
26804,1,1000
26808,1,1000
26882,1,1000
26902,1,1000
27010,1,1000
27048,1,1000
27063,1,1000
27073,1,1000
27149,1,1000
27181,1,1000
27218,1,1000
27260,1,1000
27296,1,1000
27312,1,1000
27312,1,1000
27312,1,1000
27315,1,1000
27355,1,1000
27359,1,1000
27360,1,1000
27397,1,1000
27427,1,1000
27445,1,1000
27455,1,1000
27472,1,1000
27489,1,1000
27499,1,1000
27509,1,1000
27541,1,1000
27561,1,1000
27589,1,1000
27615,1,1000
27652,1,1000
27675,1,1000
27675,1,1000
27677,1,1000
27723,1,1000
27730,1,1000
27740,1,1000
27741,1,1000
27775,1,1000
27776,1,1000
27779,1,1000
27812,1,1000
27820,1,1000
27826,1,1000
27847,1,1000
27863,1,1000
27891,1,1000
27907,1,1000
27952,1,1000
27954,1,1000
27976,1,1000
27978,1,1000
27980,1,1000
28004,1,1000
28004,1,1000
28020,1,1000
28023,1,1000
28037,1,1000
28049,1,1000
28051,1,1000
28053,1,1000
28077,1,1000
28096,1,1000
28125,1,1000
28130,1,1000
28156,1,1000
28163,1,1000
28163,1,1000
28187,1,1000
28297,1,1000
28329,1,1000
28342,1,1000
28354,1,1000
28355,1,1000
28380,1,1000
28386,1,1000
28406,1,1000
28409,1,1000
28417,1,1000
28468,1,1000
28497,1,1000
28504,1,1000
28521,1,1000
28609,1,1000
28614,1,1000
28622,1,1000
28622,1,1000
28631,1,1000
28643,1,1000
28677,1,1000
28682,1,1000
28750,1,1000
28753,1,1000
28754,1,1000
28770,1,1000
28772,1,1000
28785,1,1000
28823,1,1000
28826,1,1000
28836,1,1000
28850,1,1000
28884,1,1000
28890,1,1000
28925,1,1000
28938,1,1000
29008,1,1000
29009,1,1000
29075,1,1000
29082,1,1000
29094,1,1000
29107,1,1000
29147,1,1000
29153,1,1000
29228,1,1000
29231,1,1000
29232,1,1000
29276,1,1000
29278,1,1000
29300,1,1000
29320,1,1000
29359,1,1000
29370,1,1000
29374,1,1000
29398,1,1000
29420,1,1000
29431,1,1000
29433,1,1000
29446,1,1000
29447,1,1000
29478,1,1000
29482,1,1000
29524,1,1000
29527,1,1000
29551,1,1000
29570,1,1000
29651,1,1000
29663,1,1000
29709,1,1000
29709,1,1000
29728,1,1000
29730,1,1000
29762,1,1000
29763,1,1000
29817,1,1000
29817,1,1000
29821,1,1000
29822,1,1000
29829,1,1000
29839,1,1000
29860,1,1000
29862,1,1000
29875,1,1000
29878,1,1000
29890,1,1000
29902,1,1000
29944,1,1000
29968,1,1000
29983,1,1000
30021,1,1000
30023,1,1000
30059,1,1000
30097,1,1000
30106,1,1000
30137,1,1000
30175,1,1000
30176,1,1000
30204,1,1000
30277,1,1000
30288,1,1000
30305,1,1000
30322,1,1000
30338,1,1000
30349,1,1000
30367,1,1000
30415,1,1000
30417,1,1000
30426,1,1000
30473,1,1000
30478,1,1000
30488,1,1000
30492,1,1000
30517,1,1000
30536,1,1000
30545,1,1000
30565,1,1000
30591,1,1000
30618,1,1000
30668,1,1000
30671,1,1000
30687,1,1000
30688,1,1000
30727,1,1000
30729,1,1000
30776,1,1000
30803,1,1000
30805,1,1000
30833,1,1000
30882,1,1000
30899,1,1000
30909,1,1000
30954,1,1000
31006,1,1000
31021,1,1000
31056,1,1000
31094,1,1000
31137,1,1000
31175,1,1000
31179,1,1000
31186,1,1000
31198,1,1000
31206,1,1000
31226,1,1000
31231,1,1000
31264,1,1000
31264,1,1000
31265,1,1000
31332,1,1000
31344,1,1000
31344,1,1000
31394,1,1000
31413,1,1000
31423,1,1000
31467,1,1000
31467,1,1000
31484,1,1000
31506,1,1000
31519,1,1000
31551,1,1000
31587,1,1000
31605,1,1000
31638,1,1000
31717,1,1000
31735,1,1000
31737,1,1000
31765,1,1000
31779,1,1000
31787,1,1000
31794,1,1000
31796,1,1000
31810,1,1000
31847,1,1000
31882,1,1000
31917,1,1000
31927,1,1000
31957,1,1000
31961,1,1000
31964,1,1000
31970,1,1000
32004,1,1000
32044,1,1000
32052,1,1000
32058,1,1000
32059,1,1000
32061,1,1000
32062,1,1000
32090,1,1000
32106,1,1000
32112,1,1000
32134,1,1000
32138,1,1000
32160,1,1000
32167,1,1000
32237,1,1000
32283,1,1000
32299,1,1000
32306,1,1000
32321,1,1000
32322,1,1000
32370,1,1000
32397,1,1000
32403,1,1000
32406,1,1000
32422,1,1000
32426,1,1000
32454,1,1000
32465,1,1000
32483,1,1000
32498,1,1000
32531,1,1000
32533,1,1000
32539,1,1000
32547,1,1000
32556,1,1000
32572,1,1000
32608,1,1000
32657,1,1000
32667,1,1000
32709,1,1000
32726,1,1000
32741,1,1000
32763,1,1000
32774,1,1000
32779,1,1000
32829,1,1000
32860,1,1000
32886,1,1000
32896,1,1000
32899,1,1000
32903,1,1000
32911,1,1000
32914,1,1000
32928,1,1000
32936,1,1000
33008,1,1000
33036,1,1000
33042,1,1000
33051,1,1000
33053,1,1000
33089,1,1000
33127,1,1000
33177,1,1000
33199,1,1000
33223,1,1000
33229,1,1000
33241,1,1000
33259,1,1000
33298,1,1000
33305,1,1000
33329,1,1000
33378,1,1000
33378,1,1000
33378,1,1000
33428,1,1000
33445,1,1000
33467,1,1000
33491,1,1000
33497,1,1000
33510,1,1000
33527,1,1000
33534,1,1000
33538,1,1000
33556,1,1000
33637,1,1000
33646,1,1000
33658,1,1000
33678,1,1000
33688,1,1000
33712,1,1000
33725,1,1000
33742,1,1000
33757,1,1000
33796,1,1000
33797,1,1000
33812,1,1000
33833,1,1000
33848,1,1000
33849,1,1000
33849,1,1000
33852,1,1000
33910,1,1000
33930,1,1000
34021,1,1000
34023,1,1000
34023,1,1000
34046,1,1000
34057,1,1000
34139,1,1000
34146,1,1000
34154,1,1000
34181,1,1000
34184,1,1000
34203,1,1000
34226,1,1000
34229,1,1000
34230,1,1000
34233,1,1000
34276,1,1000
34285,1,1000
34294,1,1000
34310,1,1000
34333,1,1000
34333,1,1000
34355,1,1000
34400,1,1000
34404,1,1000
34449,1,1000
34465,1,1000
34497,1,1000
34552,1,1000
34564,1,1000
34565,1,1000
34579,1,1000
34590,1,1000
34592,1,1000
34594,1,1000
34605,1,1000
34610,1,1000
34613,1,1000
34632,1,1000
34638,1,1000
34646,1,1000
34648,1,1000
34686,1,1000
34696,1,1000
34701,1,1000
34701,1,1000
34704,1,1000
34718,1,1000
34724,1,1000
34781,1,1000
34785,1,1000
34798,1,1000
34808,1,1000
34810,1,1000
34843,1,1000
34848,1,1000
34909,1,1000
34923,1,1000
34934,1,1000
34941,1,1000
35021,1,1000
35029,1,1000
35035,1,1000
35094,1,1000
35096,1,1000
35109,1,1000
35137,1,1000
35154,1,1000
35171,1,1000
35191,1,1000
35195,1,1000
35196,1,1000
35205,1,1000
35205,1,1000
35215,1,1000
35227,1,1000
35247,1,1000
35314,1,1000
35329,1,1000
35333,1,1000
35351,1,1000
35387,1,1000
35391,1,1000
35454,1,1000
35455,1,1000
35472,1,1000
35476,1,1000
35479,1,1000
35492,1,1000
35517,1,1000
35543,1,1000
35543,1,1000
35551,1,1000
35556,1,1000
35560,1,1000
35566,1,1000
35597,1,1000
35620,1,1000
35667,1,1000
35678,1,1000
35682,1,1000
35683,1,1000
35693,1,1000
35755,1,1000
35765,1,1000
35765,1,1000
35782,1,1000
35786,1,1000
35788,1,1000
35818,1,1000
35832,1,1000
35832,1,1000
35841,1,1000
35852,1,1000
35874,1,1000
35908,1,1000
35920,1,1000
35922,1,1000
35924,1,1000
36017,1,1000
36032,1,1000
36061,1,1000
36087,1,1000
36090,1,1000
36104,1,1000
36134,1,1000
36140,1,1000
36192,1,1000
36206,1,1000
36241,1,1000
36253,1,1000
36264,1,1000
36298,1,1000
36315,1,1000
36322,1,1000
36384,1,1000
36393,1,1000
36408,1,1000
36415,1,1000
36434,1,1000
36458,1,1000
36493,1,1000
36502,1,1000
36518,1,1000
36543,1,1000
36564,1,1000
36564,1,1000
36578,1,1000
36589,1,1000
36592,1,1000
36607,1,1000
36618,1,1000
36639,1,1000
36639,1,1000
36664,1,1000
36679,1,1000
36681,1,1000
36720,1,1000
36788,1,1000
36796,1,1000
36808,1,1000
36815,1,1000
36816,1,1000
36857,1,1000
36865,1,1000
36888,1,1000
36891,1,1000
36891,1,1000
36902,1,1000
36916,1,1000
37036,1,1000
37049,1,1000
37115,1,1000
37117,1,1000
37133,1,1000
37134,1,1000
37184,1,1000
37188,1,1000
37195,1,1000
37210,1,1000
37236,1,1000
37247,1,1000
37248,1,1000
37254,1,1000
37258,1,1000
37269,1,1000
37274,1,1000
37274,1,1000
37290,1,1000
37319,1,1000
37325,1,1000
37352,1,1000
37383,1,1000
37430,1,1000
37453,1,1000
37480,1,1000
37512,1,1000
37568,1,1000
37592,1,1000
37600,1,1000
37610,1,1000
37679,1,1000
37683,1,1000
37704,1,1000
37746,1,1000
37749,1,1000
37757,1,1000
37829,1,1000
37831,1,1000
37839,1,1000
37849,1,1000
37867,1,1000
37882,1,1000
37901,1,1000
37955,1,1000
37957,1,1000
38023,1,1000
38029,1,1000
38036,1,1000
38058,1,1000
38111,1,1000
38117,1,1000
38124,1,1000
38146,1,1000
38163,1,1000
38216,1,1000
38220,1,1000
38250,1,1000
38338,1,1000
38340,1,1000
38366,1,1000
38372,1,1000
38387,1,1000
38401,1,1000
38417,1,1000
38457,1,1000
38517,1,1000
38523,1,1000
38524,1,1000
38551,1,1000
38565,1,1000
38568,1,1000
38573,1,1000
38675,1,1000
38676,1,1000
38717,1,1000
38739,1,1000
38765,1,1000
38766,1,1000
38804,1,1000
38819,1,1000
38834,1,1000
38841,1,1000
39001,1,1000
39024,1,1000
39025,1,1000
39041,1,1000
39046,1,1000
39066,1,1000
39111,1,1000
39117,1,1000
39175,1,1000
39196,1,1000
39204,1,1000
39214,1,1000
39215,1,1000
39241,1,1000
39304,1,1000
39355,1,1000
39371,1,1000
39381,1,1000
39400,1,1000
39426,1,1000
39463,1,1000
39527,1,1000
39554,1,1000
39559,1,1000
39586,1,1000
39596,1,1000
39609,1,1000
39668,1,1000
39692,1,1000
39694,1,1000
39704,1,1000
39747,1,1000
39771,1,1000
39776,1,1000
39780,1,1000
39808,1,1000
39880,1,1000
39921,1,1000
39949,1,1000
40051,1,1000
40116,1,1000
40143,1,1000
40168,1,1000
40197,1,1000
40200,1,1000
40208,1,1000
40237,1,1000
40239,1,1000
40249,1,1000
40249,1,1000
40259,1,1000
40263,1,1000
40288,1,1000
40301,1,1000
40304,1,1000
40306,1,1000
40319,1,1000
40323,1,1000
40335,1,1000
40357,1,1000
40360,1,1000
40399,1,1000
40413,1,1000
40441,1,1000
40456,1,1000
40475,1,1000
40488,1,1000
40490,1,1000
40507,1,1000
40511,1,1000
40544,1,1000
40736,1,1000
40765,1,1000
40780,1,1000
40787,1,1000
40788,1,1000
40808,1,1000
40875,1,1000
40885,1,1000
40895,1,1000
40925,1,1000
40956,1,1000
40961,1,1000
40965,1,1000
41016,1,1000
41017,1,1000
41027,1,1000
41030,1,1000
41031,1,1000
41104,1,1000
41123,1,1000
41129,1,1000
41162,1,1000
41229,1,1000
41230,1,1000
41249,1,1000
41251,1,1000
41320,1,1000
41353,1,1000
41375,1,1000
41396,1,1000
41405,1,1000
41411,1,1000
41462,1,1000
41483,1,1000
41507,1,1000
41517,1,1000
41517,1,1000
41554,1,1000
41569,1,1000
41574,1,1000
41583,1,1000
41612,1,1000
41613,1,1000
41614,1,1000
41621,1,1000
41627,1,1000
41651,1,1000
41675,1,1000
41705,1,1000
41720,1,1000
41740,1,1000
41746,1,1000
41755,1,1000
41758,1,1000
41758,1,1000
41773,1,1000
41784,1,1000
41790,1,1000
41799,1,1000
41810,1,1000
41838,1,1000
41859,1,1000
41862,1,1000
41862,1,1000
41889,1,1000
41894,1,1000
41898,1,1000
41903,1,1000
41927,1,1000
41928,1,1000
41938,1,1000
41946,1,1000
42013,1,1000
42025,1,1000
42036,1,1000
42041,1,1000
42072,1,1000
42139,1,1000
42170,1,1000
42180,1,1000
42188,1,1000
42215,1,1000
42228,1,1000
42246,1,1000
42252,1,1000
42254,1,1000
42280,1,1000
42289,1,1000
42305,1,1000
42306,1,1000
42320,1,1000
42329,1,1000
42341,1,1000
42350,1,1000
42355,1,1000
42360,1,1000
42383,1,1000
42450,1,1000
42456,1,1000
42456,1,1000
42472,1,1000
42516,1,1000
42534,1,1000
42557,1,1000
42570,1,1000
42578,1,1000
42579,1,1000
42599,1,1000
42619,1,1000
42646,1,1000
42661,1,1000
42670,1,1000
42670,1,1000
42683,1,1000
42708,1,1000
42719,1,1000
42726,1,1000
42745,1,1000
42748,1,1000
42768,1,1000
42780,1,1000
42800,1,1000
42807,1,1000
42818,1,1000
42834,1,1000
42835,1,1000
42836,1,1000
42853,1,1000
42866,1,1000
42898,1,1000
42915,1,1000
42930,1,1000
42938,1,1000
42962,1,1000
42981,1,1000
43002,1,1000
43020,1,1000
43029,1,1000
43031,1,1000
43046,1,1000
43058,1,1000
43081,1,1000
43138,1,1000
43151,1,1000
43156,1,1000
43158,1,1000
43179,1,1000
43187,1,1000
43220,1,1000
43221,1,1000
43264,1,1000
43284,1,1000
43318,1,1000
43388,1,1000
43407,1,1000
43426,1,1000
43435,1,1000
43442,1,1000
43479,1,1000
43496,1,1000
43521,1,1000
43536,1,1000
43553,1,1000
43571,1,1000
43575,1,1000
43616,1,1000
43618,1,1000
43623,1,1000
43662,1,1000
43683,1,1000
43692,1,1000
43699,1,1000
43736,1,1000
43742,1,1000
43785,1,1000
43793,1,1000
43797,1,1000
43801,1,1000
43815,1,1000
43859,1,1000
43867,1,1000
43899,1,1000
43917,1,1000
43926,1,1000
43940,1,1000
44001,1,1000
44002,1,1000
44008,1,1000
44016,1,1000
44024,1,1000
44028,1,1000
44059,1,1000
44090,1,1000
44095,1,1000
44119,1,1000
44123,1,1000
44136,1,1000
44137,1,1000
44169,1,1000
44182,1,1000
44209,1,1000
44217,1,1000
44243,1,1000
44251,1,1000
44275,1,1000
44279,1,1000
44286,1,1000
44317,1,1000
44329,1,1000
44333,1,1000
44351,1,1000
44356,1,1000
44362,1,1000
44371,1,1000
44400,1,1000
44410,1,1000
44444,1,1000
44450,1,1000
44473,1,1000
44479,1,1000
44484,1,1000
44495,1,1000
44538,1,1000
44559,1,1000
44570,1,1000
44590,1,1000
44644,1,1000
44647,1,1000
44652,1,1000
44659,1,1000
44663,1,1000
44674,1,1000
44719,1,1000
44766,1,1000
44773,1,1000
44805,1,1000
44860,1,1000
44878,1,1000
44892,1,1000
44899,1,1000
44909,1,1000
45017,1,1000
45019,1,1000
45031,1,1000
45048,1,1000
45052,1,1000
45059,1,1000
45063,1,1000
45096,1,1000
45139,1,1000
45182,1,1000
45216,1,1000
45264,1,1000
45279,1,1000
45284,1,1000
45293,1,1000
45318,1,1000
45326,1,1000
45342,1,1000
45346,1,1000
45369,1,1000
45396,1,1000
45425,1,1000
45425,1,1000
45453,1,1000
45462,1,1000
45465,1,1000
45475,1,1000
45476,1,1000
45525,1,1000
45565,1,1000
45570,1,1000
45621,1,1000
45644,1,1000
45673,1,1000
45705,1,1000
45729,1,1000
45764,1,1000
45790,1,1000
45805,1,1000
45813,1,1000
45814,1,1000
45834,1,1000
45848,1,1000
45848,1,1000
45863,1,1000
45866,1,1000
45890,1,1000
45911,1,1000
45912,1,1000
45944,1,1000
46004,1,1000
46073,1,1000
46074,1,1000
46106,1,1000
46108,1,1000
46121,1,1000
46128,1,1000
46146,1,1000
46154,1,1000
46171,1,1000
46183,1,1000
46208,1,1000
46228,1,1000
46240,1,1000
46246,1,1000
46252,1,1000
46257,1,1000
46279,1,1000
46286,1,1000
46289,1,1000
46335,1,1000
46358,1,1000
46404,1,1000
46412,1,1000
46445,1,1000
46474,1,1000
46483,1,1000
46496,1,1000
46503,1,1000
46547,1,1000
46612,1,1000
46615,1,1000
46676,1,1000
46693,1,1000
46695,1,1000
46695,1,1000
46724,1,1000
46743,1,1000
46769,1,1000
46788,1,1000
46799,1,1000
46830,1,1000
46836,1,1000
46878,1,1000
46880,1,1000
46924,1,1000
46935,1,1000
46959,1,1000
47004,1,1000
47026,1,1000
47036,1,1000
47057,1,1000
47062,1,1000
47077,1,1000
47082,1,1000
47082,1,1000
47113,1,1000
47114,1,1000
47115,1,1000
47127,1,1000
47165,1,1000
47177,1,1000
47182,1,1000
47183,1,1000
47293,1,1000
47309,1,1000
47311,1,1000
47329,1,1000
47349,1,1000
47357,1,1000
47381,1,1000
47385,1,1000
47449,1,1000
47449,1,1000
47484,1,1000
47485,1,1000
47493,1,1000
47530,1,1000
47564,1,1000
47595,1,1000
47603,1,1000
47678,1,1000
47690,1,1000
47691,1,1000
47697,1,1000
47727,1,1000
47733,1,1000
47748,1,1000
47759,1,1000
47760,1,1000
47764,1,1000
47787,1,1000
47856,1,1000
47859,1,1000
47866,1,1000
47869,1,1000
48011,1,1000
48015,1,1000
48039,1,1000
48053,1,1000
48057,1,1000
48071,1,1000
48102,1,1000
48179,1,1000
48182,1,1000
48218,1,1000
48222,1,1000
48224,1,1000
48263,1,1000
48281,1,1000
48298,1,1000
48339,1,1000
48393,1,1000
48436,1,1000
48476,1,1000
48485,1,1000
48513,1,1000
48525,1,1000
48536,1,1000
48556,1,1000
48609,1,1000
48619,1,1000
48674,1,1000
48680,1,1000
48715,1,1000
48721,1,1000
48742,1,1000
48745,1,1000
48756,1,1000
48763,1,1000
48775,1,1000
48788,1,1000
48824,1,1000
48829,1,1000
48839,1,1000
48857,1,1000
48874,1,1000
48876,1,1000
48924,1,1000
48970,1,1000
49075,1,1000
49096,1,1000
49109,1,1000
49122,1,1000
49153,1,1000
49154,1,1000
49204,1,1000
49220,1,1000
49234,1,1000
49261,1,1000
49270,1,1000
49283,1,1000
49302,1,1000
49305,1,1000
49347,1,1000
49365,1,1000
49381,1,1000
49394,1,1000
49394,1,1000
49422,1,1000
49470,1,1000
49514,1,1000
49524,1,1000
49547,1,1000
49561,1,1000
49611,1,1000
49611,1,1000
49614,1,1000
49631,1,1000
49659,1,1000
49667,1,1000
49685,1,1000
49737,1,1000
49741,1,1000
49785,1,1000
49791,1,1000
49792,1,1000
49826,1,1000
49834,1,1000
49842,1,1000
49900,1,1000
49932,1,1000
49932,1,1000
49939,1,1000
50100,1,1000
50155,1,1000
50184,1,1000
50234,1,1000
50236,1,1000
50245,1,1000
50245,1,1000
50263,1,1000
50295,1,1000
50296,1,1000
50309,1,1000
50310,1,1000
50310,1,1000
50314,1,1000
50361,1,1000
50366,1,1000
50371,1,1000
50388,1,1000
50396,1,1000
50405,1,1000
50436,1,1000
50436,1,1000
50446,1,1000
50449,1,1000
50454,1,1000
50493,1,1000
50530,1,1000
50532,1,1000
50540,1,1000
50547,1,1000
50557,1,1000
50559,1,1000
50571,1,1000
50571,1,1000
50593,1,1000
50605,1,1000
50622,1,1000
50652,1,1000
50670,1,1000
50673,1,1000
50688,1,1000
50707,1,1000
50712,1,1000
50735,1,1000
50739,1,1000
50776,1,1000
50793,1,1000
50826,1,1000
50848,1,1000
50849,1,1000
50897,1,1000
50909,1,1000
50918,1,1000
50928,1,1000
50936,1,1000
51035,1,1000
51041,1,1000
51042,1,1000
51143,1,1000
51145,1,1000
51181,1,1000
51187,1,1000
51197,1,1000
51198,1,1000
51199,1,1000
51206,1,1000
51212,1,1000
51234,1,1000
51240,1,1000
51259,1,1000
51276,1,1000
51279,1,1000
51305,1,1000
51322,1,1000
51323,1,1000
51325,1,1000
51325,1,1000
51350,1,1000
51371,1,1000
51384,1,1000
51385,1,1000
51386,1,1000
51474,1,1000
51487,1,1000
51507,1,1000
51522,1,1000
51571,1,1000
51585,1,1000
51587,1,1000
51598,1,1000
51661,1,1000
51672,1,1000
51680,1,1000
51711,1,1000
51712,1,1000
51713,1,1000
51719,1,1000
51747,1,1000
51770,1,1000
51817,1,1000
51833,1,1000
51856,1,1000
51859,1,1000
51870,1,1000
51874,1,1000
52008,1,1000
52028,1,1000
52035,1,1000
52050,1,1000
52075,1,1000
52086,1,1000
52096,1,1000
52115,1,1000
52123,1,1000
52136,1,1000
52202,1,1000
52257,1,1000
52313,1,1000
52350,1,1000
52353,1,1000
52357,1,1000
52368,1,1000
52390,1,1000
52427,1,1000
52443,1,1000
52465,1,1000
52473,1,1000
52484,1,1000
52487,1,1000
52487,1,1000
52514,1,1000
52518,1,1000
52559,1,1000
52562,1,1000
52568,1,1000
52568,1,1000
52572,1,1000
52582,1,1000
52582,1,1000
52589,1,1000
52614,1,1000
52638,1,1000
52658,1,1000
52684,1,1000
52685,1,1000
52689,1,1000
52708,1,1000
52717,1,1000
52760,1,1000
52765,1,1000
52771,1,1000
52779,1,1000
52781,1,1000
52797,1,1000
52801,1,1000
52807,1,1000
52851,1,1000
52854,1,1000
52890,1,1000
52913,1,1000
52919,1,1000
52948,1,1000
52960,1,1000
53012,1,1000
53038,1,1000
53052,1,1000
53061,1,1000
53087,1,1000
53088,1,1000
53093,1,1000
53110,1,1000
53112,1,1000
53113,1,1000
53130,1,1000
53139,1,1000
53149,1,1000
53156,1,1000
53158,1,1000
53165,1,1000
53168,1,1000
53187,1,1000
53189,1,1000
53208,1,1000
53216,1,1000
53244,1,1000
53263,1,1000
53265,1,1000
53277,1,1000
53297,1,1000
53323,1,1000
53325,1,1000
53337,1,1000
53342,1,1000
53375,1,1000
53410,1,1000
53440,1,1000
53448,1,1000
53461,1,1000
53476,1,1000
53502,1,1000
53505,1,1000
53508,1,1000
53546,1,1000
53590,1,1000
53600,1,1000
53614,1,1000
53623,1,1000
53645,1,1000
53646,1,1000
53687,1,1000
53719,1,1000
53752,1,1000
53755,1,1000
53789,1,1000
53817,1,1000
53850,1,1000
53851,1,1000
53870,1,1000
53926,1,1000
53928,1,1000
54039,1,1000
54039,1,1000
54091,1,1000
54102,1,1000
54102,1,1000
54114,1,1000
54117,1,1000
54134,1,1000
54201,1,1000
54203,1,1000
54222,1,1000
54259,1,1000
54299,1,1000
54314,1,1000
54329,1,1000
54344,1,1000
54361,1,1000
54391,1,1000
54395,1,1000
54426,1,1000
54481,1,1000
54484,1,1000
54507,1,1000
54515,1,1000
54531,1,1000
54555,1,1000
54607,1,1000
54640,1,1000
54641,1,1000
54644,1,1000
54663,1,1000
54683,1,1000
54683,1,1000
54692,1,1000
54703,1,1000
54723,1,1000
54723,1,1000
54768,1,1000
54789,1,1000
54793,1,1000
54831,1,1000
54850,1,1000
54855,1,1000
54856,1,1000
54866,1,1000
54912,1,1000
54947,1,1000
55005,1,1000
55006,1,1000
55008,1,1000
55026,1,1000
55027,1,1000
55034,1,1000
55053,1,1000
55089,1,1000
55103,1,1000
55166,1,1000
55182,1,1000
55197,1,1000
55234,1,1000
55238,1,1000
55275,1,1000
55278,1,1000
55313,1,1000
55323,1,1000
55327,1,1000
55330,1,1000
55362,1,1000
55373,1,1000
55409,1,1000
55416,1,1000
55438,1,1000
55465,1,1000
55479,1,1000
55489,1,1000
55500,1,1000
55506,1,1000
55510,1,1000
55526,1,1000
55537,1,1000
55574,1,1000
55575,1,1000
55586,1,1000
55602,1,1000
55613,1,1000
55643,1,1000
55644,1,1000
55648,1,1000
55665,1,1000
55706,1,1000
55727,1,1000
55735,1,1000
55767,1,1000
55771,1,1000
55781,1,1000
55782,1,1000
55803,1,1000
55844,1,1000
55861,1,1000
55882,1,1000
55939,1,1000
55944,1,1000
55952,1,1000
56052,1,1000
56058,1,1000
56098,1,1000
56121,1,1000
56124,1,1000
56135,1,1000
56144,1,1000
56150,1,1000
56168,1,1000
56202,1,1000
56204,1,1000
56228,1,1000
56245,1,1000
56252,1,1000
56280,1,1000
56289,1,1000
56294,1,1000
56320,1,1000
56332,1,1000
56333,1,1000
56342,1,1000
56369,1,1000
56375,1,1000
56405,1,1000
56416,1,1000
56421,1,1000
56443,1,1000
56461,1,1000
56473,1,1000
56483,1,1000
56496,1,1000
56516,1,1000
56611,1,1000
56631,1,1000
56666,1,1000
56680,1,1000
56698,1,1000
56714,1,1000
56720,1,1000
56737,1,1000
56759,1,1000
56772,1,1000
56790,1,1000
56820,1,1000
56846,1,1000
56863,1,1000
56877,1,1000
56878,1,1000
56891,1,1000
56891,1,1000
56901,1,1000
56903,1,1000
56923,1,1000
56942,1,1000
57008,1,1000
57040,1,1000
57058,1,1000
57082,1,1000
57117,1,1000
57120,1,1000
57120,1,1000
57125,1,1000
57127,1,1000
57154,1,1000
57208,1,1000
57218,1,1000
57221,1,1000
57230,1,1000
57236,1,1000
57259,1,1000
57268,1,1000
57273,1,1000
57286,1,1000
57307,1,1000
57316,1,1000
57317,1,1000
57329,1,1000
57329,1,1000
57342,1,1000
57354,1,1000
57367,1,1000
57369,1,1000
57381,1,1000
57416,1,1000
57438,1,1000
57465,1,1000
57479,1,1000
57482,1,1000
57484,1,1000
57488,1,1000
57517,1,1000
57525,1,1000
57544,1,1000
57596,1,1000
57602,1,1000
57611,1,1000
57614,1,1000
57617,1,1000
57628,1,1000
57632,1,1000
57635,1,1000
57636,1,1000
57646,1,1000
57665,1,1000
57666,1,1000
57704,1,1000
57711,1,1000
57719,1,1000
57735,1,1000
57835,1,1000
57847,1,1000
57909,1,1000
57918,1,1000
57942,1,1000
57963,1,1000
58006,1,1000
58008,1,1000
58014,1,1000
58016,1,1000
58027,1,1000
58053,1,1000
58055,1,1000
58064,1,1000
58083,1,1000
58091,1,1000
58101,1,1000
58117,1,1000
58152,1,1000
58167,1,1000
58199,1,1000
58210,1,1000
58228,1,1000
58235,1,1000
58235,1,1000
58252,1,1000
58259,1,1000
58268,1,1000
58269,1,1000
58273,1,1000
58280,1,1000
58365,1,1000
58372,1,1000
58410,1,1000
58429,1,1000
58432,1,1000
58442,1,1000
58472,1,1000
58476,1,1000
58490,1,1000
58497,1,1000
58522,1,1000
58526,1,1000
58550,1,1000
58551,1,1000
58554,1,1000
58555,1,1000
58583,1,1000
58597,1,1000
58607,1,1000
58630,1,1000
58635,1,1000
58638,1,1000
58653,1,1000
58670,1,1000
58677,1,1000
58696,1,1000
58709,1,1000
58739,1,1000
58774,1,1000
58804,1,1000
58826,1,1000
58884,1,1000
58908,1,1000
58950,1,1000
58952,1,1000
58957,1,1000
58979,1,1000
58996,1,1000
59014,1,1000
59026,1,1000
59035,1,1000
59046,1,1000
59052,1,1000
59082,1,1000
59087,1,1000
59112,1,1000
59117,1,1000
59123,1,1000
59124,1,1000
59127,1,1000
59150,1,1000
59175,1,1000
59190,1,1000
59207,1,1000
59238,1,1000
59270,1,1000
59275,1,1000
59277,1,1000
59294,1,1000
59358,1,1000
59377,1,1000
59382,1,1000
59392,1,1000
59402,1,1000
59480,1,1000
59502,1,1000
59543,1,1000
59543,1,1000
59560,1,1000
59564,1,1000
59610,1,1000
59666,1,1000
59673,1,1000
59675,1,1000
59678,1,1000
59688,1,1000
59706,1,1000
59707,1,1000
59753,1,1000
59760,1,1000
59839,1,1000
59883,1,1000
59888,1,1000
59894,1,1000
60005,1,1000
60006,1,1000
60061,1,1000
60078,1,1000
60101,1,1000
60131,1,1000
60137,1,1000
60169,1,1000
60182,1,1000
60216,1,1000
60257,1,1000
60271,1,1000
60274,1,1000
60279,1,1000
60289,1,1000
60299,1,1000
60299,1,1000
60350,1,1000
60409,1,1000
60445,1,1000
60473,1,1000
60540,1,1000
60547,1,1000
60549,1,1000
60559,1,1000
60604,1,1000
60605,1,1000
60622,1,1000
60624,1,1000
60626,1,1000
60630,1,1000
60668,1,1000
60728,1,1000
60729,1,1000
60769,1,1000
60820,1,1000
60833,1,1000
60847,1,1000
60884,1,1000
61003,1,1000
61033,1,1000
61059,1,1000
61099,1,1000
61128,1,1000
61187,1,1000
61191,1,1000
61193,1,1000
61227,1,1000
61239,1,1000
61240,1,1000
61278,1,1000
61283,1,1000
61382,1,1000
61384,1,1000
61402,1,1000
61512,1,1000
61529,1,1000
61544,1,1000
61555,1,1000
61576,1,1000
61595,1,1000
61602,1,1000
61611,1,1000
61623,1,1000
61657,1,1000
61661,1,1000
61670,1,1000
61684,1,1000
61687,1,1000
61703,1,1000
61708,1,1000
61749,1,1000
61752,1,1000
61763,1,1000
61764,1,1000
61773,1,1000
61777,1,1000
61794,1,1000
61794,1,1000
61809,1,1000
61834,1,1000
61901,1,1000
61906,1,1000
61946,1,1000
62024,1,1000
62051,1,1000
62096,1,1000
62110,1,1000
62127,1,1000
62132,1,1000
62142,1,1000
62168,1,1000
62191,1,1000
62193,1,1000
62211,1,1000
62218,1,1000
62232,1,1000
62270,1,1000
62271,1,1000
62272,1,1000
62340,1,1000
62363,1,1000
62391,1,1000
62428,1,1000
62436,1,1000
62479,1,1000
62490,1,1000
62518,1,1000
62570,1,1000
62585,1,1000
62589,1,1000
62704,1,1000
62710,1,1000
62717,1,1000
62726,1,1000
62772,1,1000
62777,1,1000
62825,1,1000
62842,1,1000
62855,1,1000
62871,1,1000
62904,1,1000
62913,1,1000
62918,1,1000
62924,1,1000
62929,1,1000
62969,1,1000
63037,1,1000
63040,1,1000
63097,1,1000
63105,1,1000
63177,1,1000
63179,1,1000
63201,1,1000
63239,1,1000
63264,1,1000
63267,1,1000
63279,1,1000
63283,1,1000
63294,1,1000
63306,1,1000
63327,1,1000
63358,1,1000
63362,1,1000
63363,1,1000
63365,1,1000
63393,1,1000
63401,1,1000
63409,1,1000
63409,1,1000
63413,1,1000
63415,1,1000
63423,1,1000
63433,1,1000
63445,1,1000
63450,1,1000
63454,1,1000
63475,1,1000
63495,1,1000
63501,1,1000
63504,1,1000
63509,1,1000
63542,1,1000
63553,1,1000
63555,1,1000
63572,1,1000
63580,1,1000
63594,1,1000
63600,1,1000
63635,1,1000
63638,1,1000
63651,1,1000
63652,1,1000
63693,1,1000
63693,1,1000
63729,1,1000
63761,1,1000
63766,1,1000
63768,1,1000
63776,1,1000
63794,1,1000
63812,1,1000
63823,1,1000
63831,1,1000
63863,1,1000
63868,1,1000
63937,1,1000
63939,1,1000
64001,1,1000
64036,1,1000
64047,1,1000
64061,1,1000
64063,1,1000
64092,1,1000
64098,1,1000
64114,1,1000
64118,1,1000
64152,1,1000
64186,1,1000
64219,1,1000
64225,1,1000
64273,1,1000
64289,1,1000
64302,1,1000
64324,1,1000
64353,1,1000
64362,1,1000
64375,1,1000
64387,1,1000
64413,1,1000
64454,1,1000
64462,1,1000
64469,1,1000
64469,1,1000
64560,1,1000
64569,1,1000
64582,1,1000
64591,1,1000
64610,1,1000
64624,1,1000
64643,1,1000
64660,1,1000
64664,1,1000
64684,1,1000
64689,1,1000
64710,1,1000
64772,1,1000
64778,1,1000
64804,1,1000
64827,1,1000
64878,1,1000
64887,1,1000
64895,1,1000
64925,1,1000
64936,1,1000
64944,1,1000
64945,1,1000
64973,1,1000
64980,1,1000
64983,1,1000
65032,1,1000
65039,1,1000
65041,1,1000
65117,1,1000
65119,1,1000
65126,1,1000
65152,1,1000
65154,1,1000
65155,1,1000
65162,1,1000
65225,1,1000
65249,1,1000
65270,1,1000
65281,1,1000
65282,1,1000
65290,1,1000
65323,1,1000
65347,1,1000
65360,1,1000
65371,1,1000
65383,1,1000
65384,1,1000
65403,1,1000
65413,1,1000
65438,1,1000
65450,1,1000
65463,1,1000
65464,1,1000
65472,1,1000
65475,1,1000
65491,1,1000
65517,1,1000
65518,1,1000
65523,1,1000
65548,1,1000
65557,1,1000
65574,1,1000
65589,1,1000
65599,1,1000
65633,1,1000
65634,1,1000
65714,1,1000
65757,1,1000
65758,1,1000
65784,1,1000
65850,1,1000
65916,1,1000
65919,1,1000
65921,1,1000
66007,1,1000
66010,1,1000
66022,1,1000
66032,1,1000
66083,1,1000
66102,1,1000
66134,1,1000
66175,1,1000
66177,1,1000
66227,1,1000
66312,1,1000
66332,1,1000
66333,1,1000
66340,1,1000
66357,1,1000
66365,1,1000
66365,1,1000
66377,1,1000
66385,1,1000
66399,1,1000
66440,1,1000
66443,1,1000
66453,1,1000
66459,1,1000
66498,1,1000
66528,1,1000
66532,1,1000
66532,1,1000
66538,1,1000
66613,1,1000
66622,1,1000
66623,1,1000
66626,1,1000
66661,1,1000
66675,1,1000
66675,1,1000
66699,1,1000
66735,1,1000
66741,1,1000
66747,1,1000
66749,1,1000
66764,1,1000
66809,1,1000
66817,1,1000
66820,1,1000
66854,1,1000
66857,1,1000
66861,1,1000
66879,1,1000
66890,1,1000
66931,1,1000
66932,1,1000
66958,1,1000
67018,1,1000
67059,1,1000
67075,1,1000
67083,1,1000
67102,1,1000
67102,1,1000
67118,1,1000
67130,1,1000
67135,1,1000
67136,1,1000
67142,1,1000
67158,1,1000
67177,1,1000
67194,1,1000
67208,1,1000
67209,1,1000
67217,1,1000
67265,1,1000
67272,1,1000
67278,1,1000
67286,1,1000
67302,1,1000
67314,1,1000
67336,1,1000
67345,1,1000
67408,1,1000
67408,1,1000
67410,1,1000
67419,1,1000
67424,1,1000
67430,1,1000
67437,1,1000
67449,1,1000
67450,1,1000
67463,1,1000
67468,1,1000
67477,1,1000
67498,1,1000
67500,1,1000
67591,1,1000
67602,1,1000
67602,1,1000
67611,1,1000
67640,1,1000
67644,1,1000
67689,1,1000
67772,1,1000
67773,1,1000
67790,1,1000
67791,1,1000
67811,1,1000
67822,1,1000
67833,1,1000
67903,1,1000
68046,1,1000
68085,1,1000
68113,1,1000
68118,1,1000
68163,1,1000
68168,1,1000
68173,1,1000
68183,1,1000
68206,1,1000
68208,1,1000
68218,1,1000
68278,1,1000
68370,1,1000
68384,1,1000
68389,1,1000
68395,1,1000
68418,1,1000
68451,1,1000
68461,1,1000
68468,1,1000
68482,1,1000
68484,1,1000
68521,1,1000
68523,1,1000
68525,1,1000
68525,1,1000
68536,1,1000
68585,1,1000
68588,1,1000
68591,1,1000
68593,1,1000
68626,1,1000
68630,1,1000
68661,1,1000
68663,1,1000
68679,1,1000
68679,1,1000
68685,1,1000
68729,1,1000
68732,1,1000
68780,1,1000
68811,1,1000
68811,1,1000
68833,1,1000
68859,1,1000
68861,1,1000
68865,1,1000
68895,1,1000
68899,1,1000
68908,1,1000
69045,1,1000
69119,1,1000
69138,1,1000
69168,1,1000
69173,1,1000
69191,1,1000
69192,1,1000
69216,1,1000
69237,1,1000
69265,1,1000
69322,1,1000
69328,1,1000
69396,1,1000
69427,1,1000
69433,1,1000
69473,1,1000
69482,1,1000
69526,1,1000
69548,1,1000
69579,1,1000
69598,1,1000
69600,1,1000
69605,1,1000
69613,1,1000
69620,1,1000
69623,1,1000
69653,1,1000
69691,1,1000
69694,1,1000
69729,1,1000
69742,1,1000
69751,1,1000
69766,1,1000
69774,1,1000
69814,1,1000
69823,1,1000
69835,1,1000
69847,1,1000
69889,1,1000
69918,1,1000
69947,1,1000
69962,1,1000
69992,1,1000
70003,1,1000
70004,1,1000
70028,1,1000
70097,1,1000
70104,1,1000
70108,1,1000
70140,1,1000
70151,1,1000
70155,1,1000
70156,1,1000
70174,1,1000
70213,1,1000
70215,1,1000
70226,1,1000
70262,1,1000
70269,1,1000
70271,1,1000
70298,1,1000
70303,1,1000
70315,1,1000
70316,1,1000
70319,1,1000
70337,1,1000
70368,1,1000
70377,1,1000
70380,1,1000
70384,1,1000
70393,1,1000
70443,1,1000
70461,1,1000
70487,1,1000
70506,1,1000
70512,1,1000
70527,1,1000
70562,1,1000
70595,1,1000
70621,1,1000
70659,1,1000
70670,1,1000
70686,1,1000
70727,1,1000
70747,1,1000
70747,1,1000
70754,1,1000
70811,1,1000
70845,1,1000
70884,1,1000
70886,1,1000
70891,1,1000
70917,1,1000
70938,1,1000
70975,1,1000
70977,1,1000
71003,1,1000
71020,1,1000
71063,1,1000
71094,1,1000
71095,1,1000
71125,1,1000
71151,1,1000
71155,1,1000
71159,1,1000
71164,1,1000
71202,1,1000
71211,1,1000
71254,1,1000
71277,1,1000
71309,1,1000
71320,1,1000
71321,1,1000
71338,1,1000
71363,1,1000
71364,1,1000
71457,1,1000
71466,1,1000
71471,1,1000
71529,1,1000
71612,1,1000
71614,1,1000
71616,1,1000
71634,1,1000
71691,1,1000
71692,1,1000
71716,1,1000
71767,1,1000
71781,1,1000
71786,1,1000
71788,1,1000
71795,1,1000
71797,1,1000
71825,1,1000
71848,1,1000
71881,1,1000
71906,1,1000
71921,1,1000
71935,1,1000
71941,1,1000
71945,1,1000
71956,1,1000
72008,1,1000
72010,1,1000
72026,1,1000
72028,1,1000
72052,1,1000
72064,1,1000
72079,1,1000
72120,1,1000
72139,1,1000
72155,1,1000
72180,1,1000
72197,1,1000
72212,1,1000
72240,1,1000
72272,1,1000
72274,1,1000
72279,1,1000
72296,1,1000
72320,1,1000
72333,1,1000
72334,1,1000
72337,1,1000
72353,1,1000
72360,1,1000
72387,1,1000
72391,1,1000
72391,1,1000
72407,1,1000
72420,1,1000
72446,1,1000
72452,1,1000
72463,1,1000
72478,1,1000
72502,1,1000
72546,1,1000
72562,1,1000
72564,1,1000
72652,1,1000
72668,1,1000
72683,1,1000
72692,1,1000
72692,1,1000
72703,1,1000
72730,1,1000
72740,1,1000
72773,1,1000
72787,1,1000
72791,1,1000
72798,1,1000
72805,1,1000
72809,1,1000
72813,1,1000
72833,1,1000
72837,1,1000
72838,1,1000
72841,1,1000
72905,1,1000
72912,1,1000
72915,1,1000
73009,1,1000
73022,1,1000
73040,1,1000
73087,1,1000
73094,1,1000
73131,1,1000
73167,1,1000
73206,1,1000
73213,1,1000
73219,1,1000
73232,1,1000
73236,1,1000
73241,1,1000
73261,1,1000
73262,1,1000
73264,1,1000
73272,1,1000
73272,1,1000
73284,1,1000
73311,1,1000
73323,1,1000
73335,1,1000
73380,1,1000
73399,1,1000
73497,1,1000
73513,1,1000
73527,1,1000
73568,1,1000
73569,1,1000
73588,1,1000
73635,1,1000
73653,1,1000
73660,1,1000
73732,1,1000
73743,1,1000
73747,1,1000
73760,1,1000
73775,1,1000
73800,1,1000
73828,1,1000
73830,1,1000
73846,1,1000
73852,1,1000
73862,1,1000
73939,1,1000
73944,1,1000
74084,1,1000
74093,1,1000
74130,1,1000
74136,1,1000
74142,1,1000
74143,1,1000
74149,1,1000
74210,1,1000
74215,1,1000
74242,1,1000
74255,1,1000
74259,1,1000
74275,1,1000
74278,1,1000
74291,1,1000
74300,1,1000
74312,1,1000
74313,1,1000
74428,1,1000
74454,1,1000
74464,1,1000
74517,1,1000
74517,1,1000
74600,1,1000
74610,1,1000
74632,1,1000
74641,1,1000
74655,1,1000
74681,1,1000
74701,1,1000
74702,1,1000
74766,1,1000
74816,1,1000
74834,1,1000
74837,1,1000
74868,1,1000
74899,1,1000
74985,1,1000
74990,1,1000
74994,1,1000
75016,1,1000
75034,1,1000
75036,1,1000
75041,1,1000
75056,1,1000
75057,1,1000
75076,1,1000
75090,1,1000
75106,1,1000
75130,1,1000
75142,1,1000
75166,1,1000
75174,1,1000
75197,1,1000
75212,1,1000
75232,1,1000
75269,1,1000
75285,1,1000
75308,1,1000
75319,1,1000
75344,1,1000
75367,1,1000
75367,1,1000
75371,1,1000
75384,1,1000
75450,1,1000
75481,1,1000
75481,1,1000
75498,1,1000
75525,1,1000
75525,1,1000
75547,1,1000
75561,1,1000
75571,1,1000
75606,1,1000
75612,1,1000
75625,1,1000
75633,1,1000
75645,1,1000
75679,1,1000
75693,1,1000
75700,1,1000
75712,1,1000
75724,1,1000
75748,1,1000
75775,1,1000
75792,1,1000
75792,1,1000
75802,1,1000
75816,1,1000
75833,1,1000
75834,1,1000
75848,1,1000
75873,1,1000
75890,1,1000
76001,1,1000
76031,1,1000
76052,1,1000
76062,1,1000
76083,1,1000
76088,1,1000
76111,1,1000
76111,1,1000
76128,1,1000
76134,1,1000
76134,1,1000
76138,1,1000
76174,1,1000
76235,1,1000
76248,1,1000
76253,1,1000
76255,1,1000
76277,1,1000
76285,1,1000
76293,1,1000
76337,1,1000
76361,1,1000
76365,1,1000
76407,1,1000
76408,1,1000
76413,1,1000
76420,1,1000
76439,1,1000
76499,1,1000
76506,1,1000
76507,1,1000
76509,1,1000
76511,1,1000
76518,1,1000
76528,1,1000
76544,1,1000
76557,1,1000
76567,1,1000
76578,1,1000
76580,1,1000
76585,1,1000
76614,1,1000
76624,1,1000
76635,1,1000
76652,1,1000
76663,1,1000
76720,1,1000
76730,1,1000
76749,1,1000
76753,1,1000
76771,1,1000
76808,1,1000
76837,1,1000
76847,1,1000
76859,1,1000
76860,1,1000
77032,1,1000
77060,1,1000
77060,1,1000
77063,1,1000
77097,1,1000
77098,1,1000
77133,1,1000
77139,1,1000
77141,1,1000
77167,1,1000
77169,1,1000
77208,1,1000
77220,1,1000
77255,1,1000
77278,1,1000
77285,1,1000
77292,1,1000
77295,1,1000
77300,1,1000
77337,1,1000
77355,1,1000
77373,1,1000
77375,1,1000
77397,1,1000
77417,1,1000
77440,1,1000
77490,1,1000
77503,1,1000
77507,1,1000
77542,1,1000
77556,1,1000
77569,1,1000
77574,1,1000
77590,1,1000
77595,1,1000
77595,1,1000
77627,1,1000
77636,1,1000
77654,1,1000
77660,1,1000
77671,1,1000
77671,1,1000
77743,1,1000
77745,1,1000
77745,1,1000
77753,1,1000
77762,1,1000
77778,1,1000
77799,1,1000
77834,1,1000
77847,1,1000
77860,1,1000
77909,1,1000
78007,1,1000
78013,1,1000
78022,1,1000
78034,1,1000
78047,1,1000
78062,1,1000
78077,1,1000
78087,1,1000
78120,1,1000
78136,1,1000
78137,1,1000
78139,1,1000
78146,1,1000
78155,1,1000
78167,1,1000
78181,1,1000
78192,1,1000
78231,1,1000
78235,1,1000
78244,1,1000
78255,1,1000
78284,1,1000
78293,1,1000
78319,1,1000
78326,1,1000
78378,1,1000
78408,1,1000
78413,1,1000
78462,1,1000
78475,1,1000
78478,1,1000
78485,1,1000
78515,1,1000
78566,1,1000
78575,1,1000
78583,1,1000
78589,1,1000
78607,1,1000
78622,1,1000
78624,1,1000
78637,1,1000
78652,1,1000
78654,1,1000
78660,1,1000
78672,1,1000
78679,1,1000
78685,1,1000
78721,1,1000
78722,1,1000
78724,1,1000
78791,1,1000
78824,1,1000
78838,1,1000
78852,1,1000
78889,1,1000
78929,1,1000
78930,1,1000
78942,1,1000
78954,1,1000
78960,1,1000
79006,1,1000
79007,1,1000
79042,1,1000
79049,1,1000
79050,1,1000
79068,1,1000
79079,1,1000
79096,1,1000
79103,1,1000
79116,1,1000
79118,1,1000
79135,1,1000
79143,1,1000
79160,1,1000
79180,1,1000
79199,1,1000
79200,1,1000
79294,1,1000
79312,1,1000
79316,1,1000
79348,1,1000
79361,1,1000
79379,1,1000
79394,1,1000
79458,1,1000
79468,1,1000
79477,1,1000
79488,1,1000
79505,1,1000
79583,1,1000
79584,1,1000
79590,1,1000
79605,1,1000
79611,1,1000
79622,1,1000
79641,1,1000
79659,1,1000
79681,1,1000
79698,1,1000
79738,1,1000
79745,1,1000
79772,1,1000
79784,1,1000
79804,1,1000
79821,1,1000
79907,1,1000
79965,1,1000
79986,1,1000
80005,1,1000
80006,1,1000
80008,1,1000
80013,1,1000
80013,1,1000
80013,1,1000
80018,1,1000
80030,1,1000
80038,1,1000
80046,1,1000
80100,1,1000
80102,1,1000
80118,1,1000
80124,1,1000
80150,1,1000
80157,1,1000
80190,1,1000
80200,1,1000
80251,1,1000
80273,1,1000
80285,1,1000
80300,1,1000
80396,1,1000
80408,1,1000
80410,1,1000
80500,1,1000
80532,1,1000
80550,1,1000
80600,1,1000
80612,1,1000
80629,1,1000
80639,1,1000
80639,1,1000
80668,1,1000
80677,1,1000
80728,1,1000
80797,1,1000
80849,1,1000
80864,1,1000
80868,1,1000
80919,1,1000
80947,1,1000
80969,1,1000
81011,1,1000
81033,1,1000
81054,1,1000
81057,1,1000
81073,1,1000
81095,1,1000
81113,1,1000
81129,1,1000
81130,1,1000
81166,1,1000
81177,1,1000
81179,1,1000
81217,1,1000
81288,1,1000
81308,1,1000
81310,1,1000
81317,1,1000
81335,1,1000
81376,1,1000
81421,1,1000
81430,1,1000
81433,1,1000
81500,1,1000
81513,1,1000
81523,1,1000
81536,1,1000
81538,1,1000
81549,1,1000
81557,1,1000
81562,1,1000
81575,1,1000
81609,1,1000
81636,1,1000
81653,1,1000
81684,1,1000
81687,1,1000
81717,1,1000
81750,1,1000
81751,1,1000
81804,1,1000
81821,1,1000
81830,1,1000
81873,1,1000
81905,1,1000
81929,1,1000
81940,1,1000
81944,1,1000
82027,1,1000
82030,1,1000
82043,1,1000
82078,1,1000
82088,1,1000
82089,1,1000
82120,1,1000
82130,1,1000
82132,1,1000
82143,1,1000
82186,1,1000
82196,1,1000
82211,1,1000
82237,1,1000
82264,1,1000
82285,1,1000
82289,1,1000
82305,1,1000
82337,1,1000
82360,1,1000
82395,1,1000
82400,1,1000
82416,1,1000
82427,1,1000
82457,1,1000
82461,1,1000
82474,1,1000
82493,1,1000
82507,1,1000
82550,1,1000
82561,1,1000
82567,1,1000
82616,1,1000
82619,1,1000
82669,1,1000
82687,1,1000
82703,1,1000
82717,1,1000
82747,1,1000
82749,1,1000
82768,1,1000
82772,1,1000
82819,1,1000
82832,1,1000
82840,1,1000
82925,1,1000
82930,1,1000
83006,1,1000
83035,1,1000
83052,1,1000
83060,1,1000
83068,1,1000
83083,1,1000
83094,1,1000
83126,1,1000
83136,1,1000
83156,1,1000
83160,1,1000
83188,1,1000
83193,1,1000
83199,1,1000
83201,1,1000
83201,1,1000
83210,1,1000
83234,1,1000
83240,1,1000
83260,1,1000
83267,1,1000
83278,1,1000
83278,1,1000
83279,1,1000
83326,1,1000
83335,1,1000
83337,1,1000
83340,1,1000
83341,1,1000
83344,1,1000
83396,1,1000
83406,1,1000
83421,1,1000
83436,1,1000
83438,1,1000
83460,1,1000
83477,1,1000
83491,1,1000
83498,1,1000
83503,1,1000
83504,1,1000
83519,1,1000
83534,1,1000
83552,1,1000
83568,1,1000
83591,1,1000
83599,1,1000
83643,1,1000
83645,1,1000
83654,1,1000
83706,1,1000
83720,1,1000
83723,1,1000
83790,1,1000
83790,1,1000
83800,1,1000
83816,1,1000
83846,1,1000
83888,1,1000
83895,1,1000
83896,1,1000
83904,1,1000
83913,1,1000
83922,1,1000
84006,1,1000
84027,1,1000
84030,1,1000
84034,1,1000
84046,1,1000
84066,1,1000
84082,1,1000
84109,1,1000
84113,1,1000
84116,1,1000
84119,1,1000
84137,1,1000
84162,1,1000
84196,1,1000
84216,1,1000
84245,1,1000
84261,1,1000
84268,1,1000
84278,1,1000
84282,1,1000
84299,1,1000
84303,1,1000
84304,1,1000
84306,1,1000
84334,1,1000
84388,1,1000
84414,1,1000
84431,1,1000
84452,1,1000
84470,1,1000
84472,1,1000
84489,1,1000
84545,1,1000
84570,1,1000
84588,1,1000
84597,1,1000
84601,1,1000
84603,1,1000
84611,1,1000
84634,1,1000
84640,1,1000
84701,1,1000
84703,1,1000
84712,1,1000
84717,1,1000
84736,1,1000
84747,1,1000
84776,1,1000
84787,1,1000
84822,1,1000
84833,1,1000
84870,1,1000
84914,1,1000
84925,1,1000
84953,1,1000
84961,1,1000
84975,1,1000
84992,1,1000
85022,1,1000
85047,1,1000
85048,1,1000
85052,1,1000
85073,1,1000
85097,1,1000
85115,1,1000
85115,1,1000
85124,1,1000
85125,1,1000
85125,1,1000
85232,1,1000
85290,1,1000
85305,1,1000
85327,1,1000
85342,1,1000
85354,1,1000
85407,1,1000
85437,1,1000
85438,1,1000
85442,1,1000
85471,1,1000
85474,1,1000
85490,1,1000
85517,1,1000
85523,1,1000
85539,1,1000
85549,1,1000
85553,1,1000
85570,1,1000
85606,1,1000
85606,1,1000
85614,1,1000
85615,1,1000
85620,1,1000
85653,1,1000
85674,1,1000
85696,1,1000
85729,1,1000
85747,1,1000
85773,1,1000
85789,1,1000
85812,1,1000
85819,1,1000
85839,1,1000
85849,1,1000
85852,1,1000
85881,1,1000
85891,1,1000
85898,1,1000
85920,1,1000
85932,1,1000
86007,1,1000
86017,1,1000
86017,1,1000
86049,1,1000
86062,1,1000
86077,1,1000
86079,1,1000
86085,1,1000
86086,1,1000
86087,1,1000
86130,1,1000
86135,1,1000
86141,1,1000
86153,1,1000
86162,1,1000
86186,1,1000
86198,1,1000
86202,1,1000
86211,1,1000
86249,1,1000
86261,1,1000
86266,1,1000
86274,1,1000
86279,1,1000
86287,1,1000
86304,1,1000
86305,1,1000
86307,1,1000
86323,1,1000
86330,1,1000
86335,1,1000
86360,1,1000
86383,1,1000
86390,1,1000
86439,1,1000
86442,1,1000
86516,1,1000
86545,1,1000
86551,1,1000
86578,1,1000
86590,1,1000
86594,1,1000
86650,1,1000
86661,1,1000
86676,1,1000
86685,1,1000
86777,1,1000
86779,1,1000
86784,1,1000
86790,1,1000
86792,1,1000
86796,1,1000
86822,1,1000
86843,1,1000
86859,1,1000
86870,1,1000
86879,1,1000
86895,1,1000
87113,1,1000
87122,1,1000
87158,1,1000
87167,1,1000
87202,1,1000
87225,1,1000
87247,1,1000
87250,1,1000
87273,1,1000
87339,1,1000
87384,1,1000
87397,1,1000
87400,1,1000
87411,1,1000
87431,1,1000
87433,1,1000
87444,1,1000
87485,1,1000
87490,1,1000
87524,1,1000
87550,1,1000
87552,1,1000
87626,1,1000
87628,1,1000
87672,1,1000
87680,1,1000
87685,1,1000
87692,1,1000
87712,1,1000
87714,1,1000
87719,1,1000
87726,1,1000
87727,1,1000
87763,1,1000
87816,1,1000
87833,1,1000
87846,1,1000
87857,1,1000
87881,1,1000
87932,1,1000
87936,1,1000
87938,1,1000
87961,1,1000
87962,1,1000
87973,1,1000
87986,1,1000
88028,1,1000
88030,1,1000
88033,1,1000
88048,1,1000
88050,1,1000
88053,1,1000
88067,1,1000
88086,1,1000
88108,1,1000
88122,1,1000
88123,1,1000
88125,1,1000
88132,1,1000
88133,1,1000
88155,1,1000
88167,1,1000
88216,1,1000
88241,1,1000
88259,1,1000
88261,1,1000
88292,1,1000
88324,1,1000
88338,1,1000
88339,1,1000
88343,1,1000
88350,1,1000
88359,1,1000
88384,1,1000
88414,1,1000
88434,1,1000
88441,1,1000
88468,1,1000
88487,1,1000
88606,1,1000
88607,1,1000
88615,1,1000
88666,1,1000
88683,1,1000
88684,1,1000
88684,1,1000
88715,1,1000
88736,1,1000
88739,1,1000
88777,1,1000
88794,1,1000
88831,1,1000
88862,1,1000
88874,1,1000
88956,1,1000
88990,1,1000
88991,1,1000
89010,1,1000
89011,1,1000
89012,1,1000
89019,1,1000
89050,1,1000
89056,1,1000
89108,1,1000
89150,1,1000
89198,1,1000
89223,1,1000
89235,1,1000
89238,1,1000
89238,1,1000
89267,1,1000
89272,1,1000
89285,1,1000
89287,1,1000
89306,1,1000
89306,1,1000
89318,1,1000
89318,1,1000
89345,1,1000
89358,1,1000
89388,1,1000
89394,1,1000
89400,1,1000
89417,1,1000
89455,1,1000
89491,1,1000
89502,1,1000
89506,1,1000
89524,1,1000
89543,1,1000
89548,1,1000
89550,1,1000
89554,1,1000
89566,1,1000
89568,1,1000
89606,1,1000
89621,1,1000
89624,1,1000
89635,1,1000
89637,1,1000
89643,1,1000
89656,1,1000
89664,1,1000
89694,1,1000
89709,1,1000
89748,1,1000
89761,1,1000
89761,1,1000
89810,1,1000
89810,1,1000
89814,1,1000
89833,1,1000
89914,1,1000
89936,1,1000
89946,1,1000
89957,1,1000
90029,1,1000
90030,1,1000
90035,1,1000
90040,1,1000
90047,1,1000
90052,1,1000
90075,1,1000
90083,1,1000
90087,1,1000
90092,1,1000
90103,1,1000
90105,1,1000
90117,1,1000
90122,1,1000
90194,1,1000
90194,1,1000
90246,1,1000
90267,1,1000
90290,1,1000
90301,1,1000
90304,1,1000
90310,1,1000
90320,1,1000
90330,1,1000
90334,1,1000
90337,1,1000
90373,1,1000
90379,1,1000
90391,1,1000
90423,1,1000
90423,1,1000
90443,1,1000
90447,1,1000
90447,1,1000
90493,1,1000
90531,1,1000
90531,1,1000
90543,1,1000
90551,1,1000
90607,1,1000
90639,1,1000
90643,1,1000
90659,1,1000
90695,1,1000
90722,1,1000
90735,1,1000
90738,1,1000
90777,1,1000
90778,1,1000
90800,1,1000
90814,1,1000
90833,1,1000
90855,1,1000
90878,1,1000
90881,1,1000
91022,1,1000
91031,1,1000
91040,1,1000
91046,1,1000
91097,1,1000
91133,1,1000
91148,1,1000
91166,1,1000
91168,1,1000
91178,1,1000
91203,1,1000
91210,1,1000
91254,1,1000
91257,1,1000
91259,1,1000
91289,1,1000
91292,1,1000
91297,1,1000
91306,1,1000
91306,1,1000
91308,1,1000
91354,1,1000
91366,1,1000
91431,1,1000
91441,1,1000
91446,1,1000
91470,1,1000
91490,1,1000
91537,1,1000
91551,1,1000
91577,1,1000
91579,1,1000
91584,1,1000
91661,1,1000
91674,1,1000
91689,1,1000
91730,1,1000
91732,1,1000
91762,1,1000
91764,1,1000
91825,1,1000
91892,1,1000
91908,1,1000
91924,1,1000
91934,1,1000
91936,1,1000
91960,1,1000
91962,1,1000
91963,1,1000
92047,1,1000
92070,1,1000
92070,1,1000
92074,1,1000
92104,1,1000
92125,1,1000
92134,1,1000
92148,1,1000
92193,1,1000
92196,1,1000
92204,1,1000
92208,1,1000
92248,1,1000
92248,1,1000
92269,1,1000
92271,1,1000
92283,1,1000
92295,1,1000
92296,1,1000
92299,1,1000
92331,1,1000
92342,1,1000
92390,1,1000
92400,1,1000
92456,1,1000
92483,1,1000
92485,1,1000
92485,1,1000
92542,1,1000
92557,1,1000
92577,1,1000
92579,1,1000
92610,1,1000
92653,1,1000
92654,1,1000
92711,1,1000
92723,1,1000
92727,1,1000
92738,1,1000
92758,1,1000
92777,1,1000
92819,1,1000
92899,1,1000
92901,1,1000
92920,1,1000
92970,1,1000
92974,1,1000
93023,1,1000
93077,1,1000
93080,1,1000
93108,1,1000
93122,1,1000
93124,1,1000
93132,1,1000
93133,1,1000
93139,1,1000
93146,1,1000
93150,1,1000
93185,1,1000
93199,1,1000
93199,1,1000
93203,1,1000
93221,1,1000
93223,1,1000
93241,1,1000
93247,1,1000
93247,1,1000
93249,1,1000
93251,1,1000
93260,1,1000
93262,1,1000
93263,1,1000
93269,1,1000
93274,1,1000
93276,1,1000
93292,1,1000
93326,1,1000
93336,1,1000
93341,1,1000
93358,1,1000
93364,1,1000
93378,1,1000
93379,1,1000
93385,1,1000
93440,1,1000
93449,1,1000
93476,1,1000
93484,1,1000
93489,1,1000
93507,1,1000
93519,1,1000
93529,1,1000
93534,1,1000
93534,1,1000
93559,1,1000
93577,1,1000
93583,1,1000
93585,1,1000
93589,1,1000
93601,1,1000
93619,1,1000
93644,1,1000
93657,1,1000
93675,1,1000
93692,1,1000
93697,1,1000
93734,1,1000
93738,1,1000
93772,1,1000
93795,1,1000
93806,1,1000
93823,1,1000
93829,1,1000
93888,1,1000
93899,1,1000
93915,1,1000
93922,1,1000
94007,1,1000
94022,1,1000
94023,1,1000
94039,1,1000
94065,1,1000
94084,1,1000
94117,1,1000
94188,1,1000
94198,1,1000
94199,1,1000
94210,1,1000
94240,1,1000
94242,1,1000
94300,1,1000
94302,1,1000
94317,1,1000
94333,1,1000
94333,1,1000
94394,1,1000
94406,1,1000
94415,1,1000
94419,1,1000
94424,1,1000
94437,1,1000
94506,1,1000
94511,1,1000
94531,1,1000
94534,1,1000
94553,1,1000
94600,1,1000
94609,1,1000
94616,1,1000
94717,1,1000
94795,1,1000
94797,1,1000
94848,1,1000
94879,1,1000
94882,1,1000
94889,1,1000
94892,1,1000
94916,1,1000
95009,1,1000
95052,1,1000
95069,1,1000
95103,1,1000
95155,1,1000
95165,1,1000
95198,1,1000
95199,1,1000
95209,1,1000
95253,1,1000
95295,1,1000
95300,1,1000
95333,1,1000
95346,1,1000
95353,1,1000
95362,1,1000
95364,1,1000
95421,1,1000
95429,1,1000
95453,1,1000
95454,1,1000
95461,1,1000
95463,1,1000
95478,1,1000
95499,1,1000
95509,1,1000
95528,1,1000
95576,1,1000
95592,1,1000
95646,1,1000
95677,1,1000
95703,1,1000
95721,1,1000
95724,1,1000
95817,1,1000
95872,1,1000
95881,1,1000
95905,1,1000
95966,1,1000
95980,1,1000
95986,1,1000
96001,1,1000
96014,1,1000
96030,1,1000
96031,1,1000
96054,1,1000
96081,1,1000
96091,1,1000
96119,1,1000
96203,1,1000
96257,1,1000
96285,1,1000
96289,1,1000
96312,1,1000
96317,1,1000
96328,1,1000
96363,1,1000
96403,1,1000
96408,1,1000
96438,1,1000
96450,1,1000
96517,1,1000
96546,1,1000
96591,1,1000
96595,1,1000
96599,1,1000
96607,1,1000
96619,1,1000
96634,1,1000
96637,1,1000
96641,1,1000
96654,1,1000
96688,1,1000
96692,1,1000
96696,1,1000
96710,1,1000
96713,1,1000
96723,1,1000
96736,1,1000
96739,1,1000
96744,1,1000
96749,1,1000
96788,1,1000
96809,1,1000
96819,1,1000
96842,1,1000
96843,1,1000
97018,1,1000
97022,1,1000
97047,1,1000
97056,1,1000
97066,1,1000
97091,1,1000
97102,1,1000
97140,1,1000
97163,1,1000
97185,1,1000
97186,1,1000
97239,1,1000
97258,1,1000
97316,1,1000
97325,1,1000
97326,1,1000
97327,1,1000
97353,1,1000
97355,1,1000
97375,1,1000
97403,1,1000
97412,1,1000
97437,1,1000
97452,1,1000
97458,1,1000
97482,1,1000
97518,1,1000
97544,1,1000
97559,1,1000
97576,1,1000
97618,1,1000
97644,1,1000
97705,1,1000
97736,1,1000
97764,1,1000
97783,1,1000
97801,1,1000
97883,1,1000
97889,1,1000
97903,1,1000
97973,1,1000
97978,1,1000
97981,1,1000
97990,1,1000
98000,1,1000
98003,1,1000
98031,1,1000
98036,1,1000
98047,1,1000
98051,1,1000
98069,1,1000
98082,1,1000
98096,1,1000
98097,1,1000
98140,1,1000
98148,1,1000
98157,1,1000
98158,1,1000
98166,1,1000
98192,1,1000
98192,1,1000
98194,1,1000
98215,1,1000
98220,1,1000
98235,1,1000
98237,1,1000
98238,1,1000
98238,1,1000
98242,1,1000
98251,1,1000
98307,1,1000
98341,1,1000
98366,1,1000
98391,1,1000
98397,1,1000
98423,1,1000
98426,1,1000
98430,1,1000
98453,1,1000
98548,1,1000
98561,1,1000
98589,1,1000
98614,1,1000
98655,1,1000
98681,1,1000
98682,1,1000
98698,1,1000
98707,1,1000
98734,1,1000
98745,1,1000
98772,1,1000
98799,1,1000
98820,1,1000
98861,1,1000
98864,1,1000
98869,1,1000
98892,1,1000
98903,1,1000
98909,1,1000
98916,1,1000
98947,1,1000
98954,1,1000
98956,1,1000
98968,1,1000
99014,1,1000
99040,1,1000
99042,1,1000
99042,1,1000
99048,1,1000
99054,1,1000
99054,1,1000
99054,1,1000
99057,1,1000
99095,1,1000
99101,1,1000
99119,1,1000
99125,1,1000
99133,1,1000
99139,1,1000
99140,1,1000
99175,1,1000
99191,1,1000
99196,1,1000
99197,1,1000
99211,1,1000
99217,1,1000
99248,1,1000
99262,1,1000
99293,1,1000
99313,1,1000
99316,1,1000
99322,1,1000
99336,1,1000
99361,1,1000
99365,1,1000
99393,1,1000
99438,1,1000
99462,1,1000
99538,1,1000
99591,1,1000
99601,1,1000
99652,1,1000
99672,1,1000
99695,1,1000
99706,1,1000
99737,1,1000
99742,1,1000
99754,1,1000
99755,1,1000
99782,1,1000
99796,1,1000
99817,1,1000
99821,1,1000
99828,1,1000
99841,1,1000
99867,1,1000
99906,1,1000
99951,1,1000
99991,1,1000
100009,1,1000
100016,1,1000
100023,1,1000
100070,1,1000
100079,1,1000
100095,1,1000
100105,1,1000
100122,1,1000
100134,1,1000
100175,1,1000
100184,1,1000
100215,1,1000
100267,1,1000
100315,1,1000
100322,1,1000
100328,1,1000
100353,1,1000
100361,1,1000
100366,1,1000
100369,1,1000
100380,1,1000
100386,1,1000
100442,1,1000
100449,1,1000
100466,1,1000
100481,1,1000
100487,1,1000
100503,1,1000
100506,1,1000
100508,1,1000
100519,1,1000
100548,1,1000
100568,1,1000
100588,1,1000
100592,1,1000
100635,1,1000
100664,1,1000
100670,1,1000
100701,1,1000
100745,1,1000
100751,1,1000
100765,1,1000
100776,1,1000
100777,1,1000
100846,1,1000
100852,1,1000
100886,1,1000
100892,1,1000
100933,1,1000
100940,1,1000
100996,1,1000
101006,1,1000
101015,1,1000
101017,1,1000
101041,1,1000
101054,1,1000
101055,1,1000
101067,1,1000
101080,1,1000
101119,1,1000
101125,1,1000
101166,1,1000
101216,1,1000
101230,1,1000
101243,1,1000
101244,1,1000
101246,1,1000
101295,1,1000
101322,1,1000
101331,1,1000
101362,1,1000
101391,1,1000
101435,1,1000
101486,1,1000
101493,1,1000
101536,1,1000
101565,1,1000
101578,1,1000
101599,1,1000
101605,1,1000
101615,1,1000
101623,1,1000
101633,1,1000
101659,1,1000
101697,1,1000
101708,1,1000
101741,1,1000
101748,1,1000
101759,1,1000
101791,1,1000
101805,1,1000
101808,1,1000
101840,1,1000
101850,1,1000
101851,1,1000
101859,1,1000
101864,1,1000
101885,1,1000
101891,1,1000
101894,1,1000
101938,1,1000
102011,1,1000
102025,1,1000
102025,1,1000
102051,1,1000
102066,1,1000
102074,1,1000
102124,1,1000
102180,1,1000
102221,1,1000
102233,1,1000
102245,1,1000
102334,1,1000
102360,1,1000
102364,1,1000
102365,1,1000
102365,1,1000
102386,1,1000
102390,1,1000
102424,1,1000
102441,1,1000
102445,1,1000
102449,1,1000
102483,1,1000
102505,1,1000
102512,1,1000
102514,1,1000
102526,1,1000
102554,1,1000
102571,1,1000
102607,1,1000
102657,1,1000
102658,1,1000
102665,1,1000
102670,1,1000
102695,1,1000
102697,1,1000
102701,1,1000
102708,1,1000
102771,1,1000
102793,1,1000
102806,1,1000
102825,1,1000
102841,1,1000
102843,1,1000
102851,1,1000
102898,1,1000
102908,1,1000
102930,1,1000
102955,1,1000
102965,1,1000
103009,1,1000
103034,1,1000
103069,1,1000
103070,1,1000
103071,1,1000
103091,1,1000
103099,1,1000
103101,1,1000
103133,1,1000
103193,1,1000
103207,1,1000
103216,1,1000
103257,1,1000
103297,1,1000
103298,1,1000
103316,1,1000
103319,1,1000
103336,1,1000
103358,1,1000
103386,1,1000
103403,1,1000
103465,1,1000
103571,1,1000
103578,1,1000
103581,1,1000
103613,1,1000
103618,1,1000
103625,1,1000
103637,1,1000
103655,1,1000
103686,1,1000
103692,1,1000
103718,1,1000
103726,1,1000
103751,1,1000
103757,1,1000
103763,1,1000
103771,1,1000
103817,1,1000
103824,1,1000
103860,1,1000
103860,1,1000
103865,1,1000
103871,1,1000
103874,1,1000
103930,1,1000
104004,1,1000
104026,1,1000
104031,1,1000
104077,1,1000
104080,1,1000
104093,1,1000
104154,1,1000
104177,1,1000
104177,1,1000
104180,1,1000
104201,1,1000
104224,1,1000
104256,1,1000
104289,1,1000
104362,1,1000
104373,1,1000
104401,1,1000
104482,1,1000
104491,1,1000
104527,1,1000
104530,1,1000
104560,1,1000
104606,1,1000
104620,1,1000
104622,1,1000
104635,1,1000
104650,1,1000
104672,1,1000
104688,1,1000
104695,1,1000
104705,1,1000
104720,1,1000
104721,1,1000
104734,1,1000
104748,1,1000
104771,1,1000
104772,1,1000
104814,1,1000
104824,1,1000
104828,1,1000
104848,1,1000
104865,1,1000
104888,1,1000
104902,1,1000
104913,1,1000
104916,1,1000
104923,1,1000
104932,1,1000
104937,1,1000
104941,1,1000
104947,1,1000
105040,1,1000
105082,1,1000
105083,1,1000
105110,1,1000
105111,1,1000
105131,1,1000
105144,1,1000
105162,1,1000
105182,1,1000
105255,1,1000
105317,1,1000
105335,1,1000
105352,1,1000
105361,1,1000
105374,1,1000
105415,1,1000
105422,1,1000
105435,1,1000
105438,1,1000
105439,1,1000
105464,1,1000
105489,1,1000
105517,1,1000
105518,1,1000
105531,1,1000
105535,1,1000
105544,1,1000
105544,1,1000
105560,1,1000
105582,1,1000
105626,1,1000
105633,1,1000
105646,1,1000
105692,1,1000
105694,1,1000
105704,1,1000
105772,1,1000
105784,1,1000
105832,1,1000
105834,1,1000
105891,1,1000
105906,1,1000
105923,1,1000
105926,1,1000
105944,1,1000
105948,1,1000
105963,1,1000
106027,1,1000
106075,1,1000
106097,1,1000
106102,1,1000
106132,1,1000
106155,1,1000
106199,1,1000
106219,1,1000
106267,1,1000
106296,1,1000
106312,1,1000
106322,1,1000
106346,1,1000
106373,1,1000
106393,1,1000
106394,1,1000
106438,1,1000
106448,1,1000
106449,1,1000
106450,1,1000
106461,1,1000
106503,1,1000
106523,1,1000
106542,1,1000
106567,1,1000
106572,1,1000
106579,1,1000
106596,1,1000
106601,1,1000
106629,1,1000
106652,1,1000
106724,1,1000
106750,1,1000
106753,1,1000
106774,1,1000
106775,1,1000
106788,1,1000
106811,1,1000
106833,1,1000
106842,1,1000
106850,1,1000
106930,1,1000
106975,1,1000
106984,1,1000
106989,1,1000
107000,1,1000
107005,1,1000
107062,1,1000
107084,1,1000
107113,1,1000
107123,1,1000
107138,1,1000
107143,1,1000
107194,1,1000
107195,1,1000
107234,1,1000
107248,1,1000
107269,1,1000
107274,1,1000
107314,1,1000
107358,1,1000
107359,1,1000
107377,1,1000
107394,1,1000
107395,1,1000
107427,1,1000
107433,1,1000
107463,1,1000
107464,1,1000
107486,1,1000
107513,1,1000
107541,1,1000
107546,1,1000
107561,1,1000
107572,1,1000
107608,1,1000
107624,1,1000
107643,1,1000
107666,1,1000
107731,1,1000
107742,1,1000
107744,1,1000
107745,1,1000
107753,1,1000
107770,1,1000
107814,1,1000
107852,1,1000
107859,1,1000
107862,1,1000
107870,1,1000
107874,1,1000
107933,1,1000
107938,1,1000
108021,1,1000
108027,1,1000
108056,1,1000
108065,1,1000
108083,1,1000
108087,1,1000
108117,1,1000
108140,1,1000
108149,1,1000
108186,1,1000
108225,1,1000
108240,1,1000
108253,1,1000
108258,1,1000
108284,1,1000
108290,1,1000
108311,1,1000
108335,1,1000
108355,1,1000
108394,1,1000
108395,1,1000
108433,1,1000
108438,1,1000
108453,1,1000
108475,1,1000
108519,1,1000
108539,1,1000
108554,1,1000
108602,1,1000
108616,1,1000
108645,1,1000
108659,1,1000
108674,1,1000
108700,1,1000
108712,1,1000
108715,1,1000
108719,1,1000
108776,1,1000
108779,1,1000
108856,1,1000
108880,1,1000
108914,1,1000
108932,1,1000
108947,1,1000
108953,1,1000
108989,1,1000
108993,1,1000
108994,1,1000
108995,1,1000
109005,1,1000
109011,1,1000
109066,1,1000
109072,1,1000
109078,1,1000
109082,1,1000
109087,1,1000
109089,1,1000
109090,1,1000
109166,1,1000
109174,1,1000
109201,1,1000
109226,1,1000
109274,1,1000
109285,1,1000
109296,1,1000
109298,1,1000
109302,1,1000
109319,1,1000
109373,1,1000
109376,1,1000
109393,1,1000
109401,1,1000
109407,1,1000
109428,1,1000
109464,1,1000
109487,1,1000
109504,1,1000
109511,1,1000
109520,1,1000
109546,1,1000
109553,1,1000
109555,1,1000
109556,1,1000
109559,1,1000
109566,1,1000
109569,1,1000
109572,1,1000
109581,1,1000
109586,1,1000
109622,1,1000
109634,1,1000
109637,1,1000
109673,1,1000
109686,1,1000
109701,1,1000
109706,1,1000
109729,1,1000
109732,1,1000
109734,1,1000
109735,1,1000
109746,1,1000
109751,1,1000
109778,1,1000
109804,1,1000
109812,1,1000
109817,1,1000
109837,1,1000
109846,1,1000
109853,1,1000
109854,1,1000
109888,1,1000
109934,1,1000
109934,1,1000
110002,1,1000
110007,1,1000
110070,1,1000
110070,1,1000
110092,1,1000
110093,1,1000
110152,1,1000
110157,1,1000
110197,1,1000
110205,1,1000
110230,1,1000
110246,1,1000
110259,1,1000
110259,1,1000
110276,1,1000
110316,1,1000
110370,1,1000
110373,1,1000
110379,1,1000
110401,1,1000
110420,1,1000
110437,1,1000
110471,1,1000
110471,1,1000
110473,1,1000
110525,1,1000
110529,1,1000
110541,1,1000
110621,1,1000
110635,1,1000
110644,1,1000
110660,1,1000
110666,1,1000
110683,1,1000
110685,1,1000
110710,1,1000
110719,1,1000
110738,1,1000
110745,1,1000
110754,1,1000
110761,1,1000
110764,1,1000
110812,1,1000
110821,1,1000
110832,1,1000
110854,1,1000
110855,1,1000
110858,1,1000
110887,1,1000
110901,1,1000
110918,1,1000
110919,1,1000
110926,1,1000
110927,1,1000
110934,1,1000
110941,1,1000
110945,1,1000
110992,1,1000
111012,1,1000
111028,1,1000
111103,1,1000
111128,1,1000
111142,1,1000
111144,1,1000
111229,1,1000
111251,1,1000
111296,1,1000
111306,1,1000
111352,1,1000
111401,1,1000
111405,1,1000
111441,1,1000
111460,1,1000
111479,1,1000
111591,1,1000
111703,1,1000
111708,1,1000
111736,1,1000
111738,1,1000
111749,1,1000
111755,1,1000
111772,1,1000
111775,1,1000
111808,1,1000
111810,1,1000
111829,1,1000
111866,1,1000
111876,1,1000
111893,1,1000
111902,1,1000
111910,1,1000
111912,1,1000
111930,1,1000
111934,1,1000
111935,1,1000
111962,1,1000
111963,1,1000
111965,1,1000
112002,1,1000
112004,1,1000
112022,1,1000
112022,1,1000
112037,1,1000
112078,1,1000
112105,1,1000
112110,1,1000
112128,1,1000
112155,1,1000
112156,1,1000
112161,1,1000
112185,1,1000
112195,1,1000
112207,1,1000
112210,1,1000
112216,1,1000
112255,1,1000
112280,1,1000
112297,1,1000
112301,1,1000
112311,1,1000
112326,1,1000
112329,1,1000
112333,1,1000
112348,1,1000
112352,1,1000
112359,1,1000
112373,1,1000
112376,1,1000
112379,1,1000
112386,1,1000
112402,1,1000
112437,1,1000
112472,1,1000
112488,1,1000
112505,1,1000
112523,1,1000
112530,1,1000
112566,1,1000
112593,1,1000
112607,1,1000
112609,1,1000
112609,1,1000
112616,1,1000
112618,1,1000
112619,1,1000
112637,1,1000
112654,1,1000
112686,1,1000
112706,1,1000
112709,1,1000
112722,1,1000
112800,1,1000
112827,1,1000
112827,1,1000
112857,1,1000
112920,1,1000
112940,1,1000
112947,1,1000
112948,1,1000
113001,1,1000
113014,1,1000
113020,1,1000
113035,1,1000
113052,1,1000
113057,1,1000
113067,1,1000
113067,1,1000
113082,1,1000
113087,1,1000
113088,1,1000
113132,1,1000
113135,1,1000
113174,1,1000
113184,1,1000
113201,1,1000
113241,1,1000
113257,1,1000
113264,1,1000
113336,1,1000
113347,1,1000
113370,1,1000
113416,1,1000
113416,1,1000
113423,1,1000
113427,1,1000
113444,1,1000
113493,1,1000
113503,1,1000
113506,1,1000
113615,1,1000
113643,1,1000
113647,1,1000
113659,1,1000
113691,1,1000
113719,1,1000
113724,1,1000
113747,1,1000
113753,1,1000
113811,1,1000
113836,1,1000
113885,1,1000
113896,1,1000
113942,1,1000
113955,1,1000
113964,1,1000
114029,1,1000
114036,1,1000
114045,1,1000
114076,1,1000
114086,1,1000
114093,1,1000
114116,1,1000
114127,1,1000
114146,1,1000
114158,1,1000
114166,1,1000
114194,1,1000
114235,1,1000
114324,1,1000
114364,1,1000
114366,1,1000
114377,1,1000
114378,1,1000
114390,1,1000
114422,1,1000
114441,1,1000
114444,1,1000
114452,1,1000
114463,1,1000
114468,1,1000
114514,1,1000
114536,1,1000
114559,1,1000
114562,1,1000
114570,1,1000
114583,1,1000
114617,1,1000
114668,1,1000
114715,1,1000
114723,1,1000
114729,1,1000
114740,1,1000
114753,1,1000
114757,1,1000
114768,1,1000
114770,1,1000
114840,1,1000
114854,1,1000
114880,1,1000
114886,1,1000
114895,1,1000
114918,1,1000
114965,1,1000
114968,1,1000
114994,1,1000
114996,1,1000
115009,1,1000
115012,1,1000
115024,1,1000
115027,1,1000
115036,1,1000
115037,1,1000
115055,1,1000
115085,1,1000
115127,1,1000
115160,1,1000
115222,1,1000
115231,1,1000
115235,1,1000
115259,1,1000
115261,1,1000
115263,1,1000
115277,1,1000
115286,1,1000
115289,1,1000
115326,1,1000
115342,1,1000
115349,1,1000
115355,1,1000
115379,1,1000
115400,1,1000
115452,1,1000
115483,1,1000
115520,1,1000
115525,1,1000
115537,1,1000
115554,1,1000
115561,1,1000
115638,1,1000
115654,1,1000
115723,1,1000
115785,1,1000
115843,1,1000
115866,1,1000
115877,1,1000
115913,1,1000
115934,1,1000
115953,1,1000
115955,1,1000
115960,1,1000
115979,1,1000
115983,1,1000
116017,1,1000
116017,1,1000
116058,1,1000
116135,1,1000
116138,1,1000
116146,1,1000
116181,1,1000
116182,1,1000
116182,1,1000
116186,1,1000
116191,1,1000
116211,1,1000
116226,1,1000
116257,1,1000
116259,1,1000
116263,1,1000
116288,1,1000
116295,1,1000
116325,1,1000
116328,1,1000
116338,1,1000
116348,1,1000
116390,1,1000
116417,1,1000
116444,1,1000
116456,1,1000
116500,1,1000
116504,1,1000
116515,1,1000
116516,1,1000
116530,1,1000
116558,1,1000
116583,1,1000
116595,1,1000
116616,1,1000
116619,1,1000
116633,1,1000
116664,1,1000
116686,1,1000
116697,1,1000
116718,1,1000
116723,1,1000
116733,1,1000
116738,1,1000
116748,1,1000
116749,1,1000
116765,1,1000
116803,1,1000
116805,1,1000
116813,1,1000
116851,1,1000
117003,1,1000
117014,1,1000
117052,1,1000
117057,1,1000
117057,1,1000
117066,1,1000
117073,1,1000
117083,1,1000
117084,1,1000
117099,1,1000
117100,1,1000
117130,1,1000
117135,1,1000
117141,1,1000
117142,1,1000
117144,1,1000
117153,1,1000
117221,1,1000
117224,1,1000
117240,1,1000
117254,1,1000
117278,1,1000
117281,1,1000
117282,1,1000
117287,1,1000
117292,1,1000
117316,1,1000
117341,1,1000
117342,1,1000
117346,1,1000
117346,1,1000
117382,1,1000
117385,1,1000
117391,1,1000
117420,1,1000
117422,1,1000
117433,1,1000
117434,1,1000
117438,1,1000
117457,1,1000
117467,1,1000
117521,1,1000
117524,1,1000
117542,1,1000
117572,1,1000
117584,1,1000
117620,1,1000
117645,1,1000
117659,1,1000
117659,1,1000
117665,1,1000
117675,1,1000
117679,1,1000
117679,1,1000
117694,1,1000
117755,1,1000
117755,1,1000
117773,1,1000
117791,1,1000
117795,1,1000
117832,1,1000
117835,1,1000
117881,1,1000
117887,1,1000
118006,1,1000
118033,1,1000
118037,1,1000
118053,1,1000
118056,1,1000
118059,1,1000
118069,1,1000
118097,1,1000
118125,1,1000
118149,1,1000
118155,1,1000
118158,1,1000
118277,1,1000
118280,1,1000
118282,1,1000
118308,1,1000
118317,1,1000
118324,1,1000
118385,1,1000
118413,1,1000
118417,1,1000
118447,1,1000
118453,1,1000
118454,1,1000
118492,1,1000
118528,1,1000
118551,1,1000
118576,1,1000
118619,1,1000
118624,1,1000
118667,1,1000
118675,1,1000
118687,1,1000
118725,1,1000
118786,1,1000
118792,1,1000
118792,1,1000
118792,1,1000
118812,1,1000
118832,1,1000
118851,1,1000
118864,1,1000
118864,1,1000
118888,1,1000
118941,1,1000
118957,1,1000
118958,1,1000
118959,1,1000
118960,1,1000
118962,1,1000
118967,1,1000
119013,1,1000
119016,1,1000
119032,1,1000
119032,1,1000
119055,1,1000
119065,1,1000
119065,1,1000
119077,1,1000
119108,1,1000
119119,1,1000
119146,1,1000
119150,1,1000
119154,1,1000
119163,1,1000
119180,1,1000
119185,1,1000
119190,1,1000
119204,1,1000
119290,1,1000
119304,1,1000
119309,1,1000
119323,1,1000
119361,1,1000
119374,1,1000
119380,1,1000
119380,1,1000
119381,1,1000
119394,1,1000
119407,1,1000
119426,1,1000
119444,1,1000
119454,1,1000
119483,1,1000
119498,1,1000
119499,1,1000
119505,1,1000
119514,1,1000
119515,1,1000
119520,1,1000
119562,1,1000
119569,1,1000
119600,1,1000
119607,1,1000
119612,1,1000
119621,1,1000
119669,1,1000
119696,1,1000
119726,1,1000
119771,1,1000
119784,1,1000
119812,1,1000
119821,1,1000
119846,1,1000
119862,1,1000
119877,1,1000
119887,1,1000
119894,1,1000
119895,1,1000
119905,1,1000
119913,1,1000
120042,1,1000
120048,1,1000
120069,1,1000
120079,1,1000
120091,1,1000
120101,1,1000
120158,1,1000
120161,1,1000
120163,1,1000
120167,1,1000
120169,1,1000
120184,1,1000
120196,1,1000
120205,1,1000
120222,1,1000
120232,1,1000
120236,1,1000
120298,1,1000
120313,1,1000
120327,1,1000
120332,1,1000
120358,1,1000
120368,1,1000
120372,1,1000
120384,1,1000
120440,1,1000
120444,1,1000
120447,1,1000
120470,1,1000
120489,1,1000
120518,1,1000
120521,1,1000
120527,1,1000
120546,1,1000
120585,1,1000
120647,1,1000
120653,1,1000
120706,1,1000
120707,1,1000
120715,1,1000
120752,1,1000
120801,1,1000
120815,1,1000
120816,1,1000
120836,1,1000
120844,1,1000
120878,1,1000
120901,1,1000
120902,1,1000
120914,1,1000
120916,1,1000
120925,1,1000
121001,1,1000
121011,1,1000
121033,1,1000
121036,1,1000
121055,1,1000
121082,1,1000
121124,1,1000
121138,1,1000
121161,1,1000
121172,1,1000
121174,1,1000
121187,1,1000
121190,1,1000
121195,1,1000
121200,1,1000
121207,1,1000
121218,1,1000
121232,1,1000
121236,1,1000
121240,1,1000
121296,1,1000
121311,1,1000
121360,1,1000
121381,1,1000
121384,1,1000
121388,1,1000
121391,1,1000
121391,1,1000
121423,1,1000
121437,1,1000
121471,1,1000
121473,1,1000
121478,1,1000
121501,1,1000
121558,1,1000
121564,1,1000
121565,1,1000
121593,1,1000
121611,1,1000
121621,1,1000
121641,1,1000
121665,1,1000
121734,1,1000
121746,1,1000
121771,1,1000
121776,1,1000
121810,1,1000
121811,1,1000
121823,1,1000
121840,1,1000
121851,1,1000
121866,1,1000
121867,1,1000
121892,1,1000
121907,1,1000
121925,1,1000
121936,1,1000
122071,1,1000
122075,1,1000
122085,1,1000
122094,1,1000
122103,1,1000
122113,1,1000
122127,1,1000
122134,1,1000
122219,1,1000
122221,1,1000
122263,1,1000
122272,1,1000
122277,1,1000
122280,1,1000
122310,1,1000
122317,1,1000
122325,1,1000
122360,1,1000
122361,1,1000
122380,1,1000
122415,1,1000
122439,1,1000
122447,1,1000
122463,1,1000
122465,1,1000
122474,1,1000
122497,1,1000
122499,1,1000
122502,1,1000
122506,1,1000
122519,1,1000
122575,1,1000
122596,1,1000
122624,1,1000
122626,1,1000
122632,1,1000
122644,1,1000
122660,1,1000
122692,1,1000
122719,1,1000
122722,1,1000
122772,1,1000
122783,1,1000
122811,1,1000
122838,1,1000
122846,1,1000
122868,1,1000
122878,1,1000
122881,1,1000
122887,1,1000
122907,1,1000
123006,1,1000
123012,1,1000
123022,1,1000
123024,1,1000
123041,1,1000
123059,1,1000
123073,1,1000
123132,1,1000
123165,1,1000
123182,1,1000
123195,1,1000
123250,1,1000
123255,1,1000
123300,1,1000
123311,1,1000
123327,1,1000
123329,1,1000
123397,1,1000
123410,1,1000
123423,1,1000
123452,1,1000
123454,1,1000
123472,1,1000
123475,1,1000
123503,1,1000
123508,1,1000
123531,1,1000
123557,1,1000
123576,1,1000
123578,1,1000
123594,1,1000
123598,1,1000
123599,1,1000
123631,1,1000
123647,1,1000
123653,1,1000
123699,1,1000
123704,1,1000
123705,1,1000
123711,1,1000
123723,1,1000
123724,1,1000
123765,1,1000
123780,1,1000
123832,1,1000
123853,1,1000
123860,1,1000
123954,1,1000
124011,1,1000
124028,1,1000
124031,1,1000
124041,1,1000
124106,1,1000
124139,1,1000
124162,1,1000
124182,1,1000
124193,1,1000
124205,1,1000
124265,1,1000
124272,1,1000
124340,1,1000
124366,1,1000
124383,1,1000
124389,1,1000
124400,1,1000
124429,1,1000
124446,1,1000
124455,1,1000
124467,1,1000
124500,1,1000
124506,1,1000
124532,1,1000
124536,1,1000
124552,1,1000
124556,1,1000
124558,1,1000
124586,1,1000
124591,1,1000
124611,1,1000
124639,1,1000
124648,1,1000
124677,1,1000
124680,1,1000
124713,1,1000
124721,1,1000
124725,1,1000
124786,1,1000
124805,1,1000
124807,1,1000
124865,1,1000
124883,1,1000
124897,1,1000
124923,1,1000
124937,1,1000
124947,1,1000
124970,1,1000
124974,1,1000
124978,1,1000
125007,1,1000
125018,1,1000
125052,1,1000
125078,1,1000
125083,1,1000
125100,1,1000
125110,1,1000
125134,1,1000
125146,1,1000
125151,1,1000
125166,1,1000
125193,1,1000
125195,1,1000
125198,1,1000
125199,1,1000
125245,1,1000
125318,1,1000
125332,1,1000
125368,1,1000
125379,1,1000
125387,1,1000
125414,1,1000
125422,1,1000
125424,1,1000
125426,1,1000
125437,1,1000
125470,1,1000
125484,1,1000
125515,1,1000
125519,1,1000
125523,1,1000
125525,1,1000
125530,1,1000
125530,1,1000
125542,1,1000
125545,1,1000
125557,1,1000
125589,1,1000
125627,1,1000
125682,1,1000
125682,1,1000
125693,1,1000
125724,1,1000
125749,1,1000
125749,1,1000
125752,1,1000
125770,1,1000
125786,1,1000
125830,1,1000
125846,1,1000
125856,1,1000
125870,1,1000
125874,1,1000
125878,1,1000
125897,1,1000
125906,1,1000
125937,1,1000
125938,1,1000
125939,1,1000
125989,1,1000
126014,1,1000
126042,1,1000
126093,1,1000
126108,1,1000
126109,1,1000
126134,1,1000
126139,1,1000
126156,1,1000
126181,1,1000
126204,1,1000
126246,1,1000
126258,1,1000
126263,1,1000
126291,1,1000
126300,1,1000
126304,1,1000
126326,1,1000
126331,1,1000
126357,1,1000
126370,1,1000
126371,1,1000
126374,1,1000
126380,1,1000
126383,1,1000
126406,1,1000
126418,1,1000
126492,1,1000
126574,1,1000
126578,1,1000
126587,1,1000
126588,1,1000
126627,1,1000
126717,1,1000
126766,1,1000
126788,1,1000
126818,1,1000
126839,1,1000
126850,1,1000
126873,1,1000
126934,1,1000
126968,1,1000
126969,1,1000
126993,1,1000
127011,1,1000
127023,1,1000
127044,1,1000
127051,1,1000
127077,1,1000
127082,1,1000
127085,1,1000
127119,1,1000
127124,1,1000
127165,1,1000
127183,1,1000
127196,1,1000
127205,1,1000
127231,1,1000
127233,1,1000
127277,1,1000
127304,1,1000
127318,1,1000
127354,1,1000
127384,1,1000
127410,1,1000
127430,1,1000
127456,1,1000
127477,1,1000
127486,1,1000
127492,1,1000
127498,1,1000
127498,1,1000
127507,1,1000
127526,1,1000
127553,1,1000
127573,1,1000
127589,1,1000
127644,1,1000
127645,1,1000
127655,1,1000
127682,1,1000
127686,1,1000
127687,1,1000
127711,1,1000
127714,1,1000
127731,1,1000
127743,1,1000
127754,1,1000
127831,1,1000
127831,1,1000
127852,1,1000
127863,1,1000
127912,1,1000
127914,1,1000
127926,1,1000
127929,1,1000
127976,1,1000
128005,1,1000
128018,1,1000
128020,1,1000
128052,1,1000
128090,1,1000
128109,1,1000
128136,1,1000
128152,1,1000
128153,1,1000
128154,1,1000
128172,1,1000
128180,1,1000
128188,1,1000
128226,1,1000
128236,1,1000
128243,1,1000
128251,1,1000
128260,1,1000
128277,1,1000
128282,1,1000
128301,1,1000
128342,1,1000
128364,1,1000
128364,1,1000
128370,1,1000
128415,1,1000
128419,1,1000
128425,1,1000
128438,1,1000
128454,1,1000
128460,1,1000
128473,1,1000
128477,1,1000
128498,1,1000
128622,1,1000
128630,1,1000
128664,1,1000
128701,1,1000
128719,1,1000
128724,1,1000
128734,1,1000
128762,1,1000
128772,1,1000
128798,1,1000
128806,1,1000
128819,1,1000
128846,1,1000
128866,1,1000
128870,1,1000
128880,1,1000
128885,1,1000
128885,1,1000
128898,1,1000
128947,1,1000
128969,1,1000
128969,1,1000
128984,1,1000
128984,1,1000
128991,1,1000
129001,1,1000
129016,1,1000
129034,1,1000
129058,1,1000
129078,1,1000
129081,1,1000
129107,1,1000
129109,1,1000
129122,1,1000
129131,1,1000
129138,1,1000
129151,1,1000
129176,1,1000
129215,1,1000
129279,1,1000
129306,1,1000
129309,1,1000
129311,1,1000
129320,1,1000
129322,1,1000
129338,1,1000
129385,1,1000
129387,1,1000
129394,1,1000
129402,1,1000
129415,1,1000
129437,1,1000
129442,1,1000
129447,1,1000
129509,1,1000
129524,1,1000
129530,1,1000
129575,1,1000
129623,1,1000
129665,1,1000
129670,1,1000
129717,1,1000
129733,1,1000
129752,1,1000
129793,1,1000
129795,1,1000
129799,1,1000
129831,1,1000
129870,1,1000
129880,1,1000
129896,1,1000
129897,1,1000
129904,1,1000
129915,1,1000
129952,1,1000
129953,1,1000
129960,1,1000
129961,1,1000
129968,1,1000
129968,1,1000
130016,1,1000
130043,1,1000
130080,1,1000
130093,1,1000
130114,1,1000
130138,1,1000
130170,1,1000
130176,1,1000
130218,1,1000
130225,1,1000
130240,1,1000
130280,1,1000
130290,1,1000
130323,1,1000
130327,1,1000
130374,1,1000
130393,1,1000
130440,1,1000
130456,1,1000
130506,1,1000
130528,1,1000
130553,1,1000
130562,1,1000
130641,1,1000
130649,1,1000
130666,1,1000
130692,1,1000
130774,1,1000
130835,1,1000
130839,1,1000
130841,1,1000
130871,1,1000
130908,1,1000
130937,1,1000
131007,1,1000
131041,1,1000
131046,1,1000
131047,1,1000
131051,1,1000
131053,1,1000
131060,1,1000
131075,1,1000
131076,1,1000
131082,1,1000
131099,1,1000
131118,1,1000
131121,1,1000
131145,1,1000
131154,1,1000
131171,1,1000
131216,1,1000
131306,1,1000
131325,1,1000
131343,1,1000
131371,1,1000
131398,1,1000
131412,1,1000
131433,1,1000
131445,1,1000
131445,1,1000
131544,1,1000
131628,1,1000
131663,1,1000
131669,1,1000
131675,1,1000
131677,1,1000
131679,1,1000
131692,1,1000
131714,1,1000
131754,1,1000
131757,1,1000
131780,1,1000
131818,1,1000
131830,1,1000
131849,1,1000
131849,1,1000
131914,1,1000
131915,1,1000
131927,1,1000
131942,1,1000
131985,1,1000
132001,1,1000
132006,1,1000
132008,1,1000
132010,1,1000
132015,1,1000
132017,1,1000
132018,1,1000
132030,1,1000
132063,1,1000
132070,1,1000
132106,1,1000
132106,1,1000
132147,1,1000
132150,1,1000
132189,1,1000
132204,1,1000
132219,1,1000
132220,1,1000
132260,1,1000
132287,1,1000
132327,1,1000
132435,1,1000
132455,1,1000
132459,1,1000
132479,1,1000
132493,1,1000
132522,1,1000
132541,1,1000
132543,1,1000
132567,1,1000
132567,1,1000
132570,1,1000
132612,1,1000
132660,1,1000
132669,1,1000
132669,1,1000
132678,1,1000
132768,1,1000
132805,1,1000
132809,1,1000
132845,1,1000
132857,1,1000
132883,1,1000
132886,1,1000
132895,1,1000
132898,1,1000
132899,1,1000
132900,1,1000
132910,1,1000
132922,1,1000
132927,1,1000
132930,1,1000
132930,1,1000
132937,1,1000
132947,1,1000
132956,1,1000
133010,1,1000
133025,1,1000
133047,1,1000
133058,1,1000
133120,1,1000
133134,1,1000
133175,1,1000
133193,1,1000
133257,1,1000
133259,1,1000
133268,1,1000
133279,1,1000
133288,1,1000
133297,1,1000
133320,1,1000
133340,1,1000
133374,1,1000
133398,1,1000
133406,1,1000
133411,1,1000
133432,1,1000
133443,1,1000
133444,1,1000
133461,1,1000
133463,1,1000
133486,1,1000
133502,1,1000
133567,1,1000
133574,1,1000
133601,1,1000
133655,1,1000
133659,1,1000
133681,1,1000
133700,1,1000
133730,1,1000
133761,1,1000
133775,1,1000
133777,1,1000
133802,1,1000
133813,1,1000
133829,1,1000
133873,1,1000
133921,1,1000
133938,1,1000
133951,1,1000
133954,1,1000
133986,1,1000
133990,1,1000
133992,1,1000
134011,1,1000
134016,1,1000
134034,1,1000
134060,1,1000
134065,1,1000
134086,1,1000
134117,1,1000
134118,1,1000
134123,1,1000
134126,1,1000
134154,1,1000
134200,1,1000
134221,1,1000
134230,1,1000
134239,1,1000
134259,1,1000
134285,1,1000
134297,1,1000
134302,1,1000
134331,1,1000
134336,1,1000
134368,1,1000
134375,1,1000
134409,1,1000
134412,1,1000
134426,1,1000
134431,1,1000
134472,1,1000
134475,1,1000
134486,1,1000
134492,1,1000
134504,1,1000
134519,1,1000
134580,1,1000
134588,1,1000
134607,1,1000
134629,1,1000
134638,1,1000
134660,1,1000
134661,1,1000
134680,1,1000
134686,1,1000
134723,1,1000
134822,1,1000
134845,1,1000
134854,1,1000
134873,1,1000
134890,1,1000
134903,1,1000
134905,1,1000
134909,1,1000
134911,1,1000
134918,1,1000
134928,1,1000
135001,1,1000
135056,1,1000
135074,1,1000
135079,1,1000
135090,1,1000
135161,1,1000
135183,1,1000
135199,1,1000
135201,1,1000
135201,1,1000
135219,1,1000
135225,1,1000
135253,1,1000
135309,1,1000
135326,1,1000
135348,1,1000
135385,1,1000
135394,1,1000
135410,1,1000
135437,1,1000
135478,1,1000
135495,1,1000
135497,1,1000
135521,1,1000
135532,1,1000
135556,1,1000
135598,1,1000
135599,1,1000
135613,1,1000
135688,1,1000
135718,1,1000
135720,1,1000
135747,1,1000
135770,1,1000
135783,1,1000
135805,1,1000
135826,1,1000
135827,1,1000
135855,1,1000
135866,1,1000
135876,1,1000
135891,1,1000
135897,1,1000
135910,1,1000
135918,1,1000
135926,1,1000
135950,1,1000
136002,1,1000
136017,1,1000
136020,1,1000
136020,1,1000
136033,1,1000
136040,1,1000
136052,1,1000
136061,1,1000
136068,1,1000
136077,1,1000
136095,1,1000
136109,1,1000
136126,1,1000
136128,1,1000
136155,1,1000
136181,1,1000
136228,1,1000
136237,1,1000
136248,1,1000
136259,1,1000
136280,1,1000
136284,1,1000
136288,1,1000
136290,1,1000
136297,1,1000
136303,1,1000
136307,1,1000
136340,1,1000
136367,1,1000
136402,1,1000
136410,1,1000
136440,1,1000
136487,1,1000
136496,1,1000
136502,1,1000
136532,1,1000
136539,1,1000
136595,1,1000
136611,1,1000
136613,1,1000
136624,1,1000
136643,1,1000
136651,1,1000
136653,1,1000
136653,1,1000
136663,1,1000
136666,1,1000
136675,1,1000
136677,1,1000
136679,1,1000
136685,1,1000
136689,1,1000
136707,1,1000
136724,1,1000
136732,1,1000
136738,1,1000
136748,1,1000
136761,1,1000
136762,1,1000
136813,1,1000
136850,1,1000
136850,1,1000
136862,1,1000
136877,1,1000
136913,1,1000
136923,1,1000
136945,1,1000
136954,1,1000
136960,1,1000
137058,1,1000
137065,1,1000
137073,1,1000
137085,1,1000
137088,1,1000
137104,1,1000
137184,1,1000
137252,1,1000
137260,1,1000
137263,1,1000
137325,1,1000
137326,1,1000
137380,1,1000
137417,1,1000
137419,1,1000
137438,1,1000
137471,1,1000
137476,1,1000
137478,1,1000
137497,1,1000
137523,1,1000
137564,1,1000
137585,1,1000
137588,1,1000
137651,1,1000
137668,1,1000
137671,1,1000
137671,1,1000
137691,1,1000
137716,1,1000
137718,1,1000
137751,1,1000
137766,1,1000
137782,1,1000
137782,1,1000
137785,1,1000
137816,1,1000
137827,1,1000
137884,1,1000
137886,1,1000
138013,1,1000
138026,1,1000
138027,1,1000
138032,1,1000
138036,1,1000
138070,1,1000
138086,1,1000
138096,1,1000
138109,1,1000
138120,1,1000
138128,1,1000
138133,1,1000
138167,1,1000
138169,1,1000
138178,1,1000
138276,1,1000
138289,1,1000
138309,1,1000
138321,1,1000
138363,1,1000
138370,1,1000
138399,1,1000
138400,1,1000
138425,1,1000
138431,1,1000
138439,1,1000
138448,1,1000
138457,1,1000
138462,1,1000
138466,1,1000
138525,1,1000
138528,1,1000
138558,1,1000
138629,1,1000
138642,1,1000
138644,1,1000
138715,1,1000
138736,1,1000
138743,1,1000
138756,1,1000
138789,1,1000
138790,1,1000
138799,1,1000
138846,1,1000
138851,1,1000
138853,1,1000
138881,1,1000
138896,1,1000
138902,1,1000
138919,1,1000
139015,1,1000
139042,1,1000
139070,1,1000
139089,1,1000
139090,1,1000
139107,1,1000
139107,1,1000
139124,1,1000
139154,1,1000
139155,1,1000
139197,1,1000
139238,1,1000
139246,1,1000
139292,1,1000
139309,1,1000
139334,1,1000
139372,1,1000
139438,1,1000
139482,1,1000
139518,1,1000
139519,1,1000
139536,1,1000
139575,1,1000
139584,1,1000
139614,1,1000
139619,1,1000
139662,1,1000
139668,1,1000
139676,1,1000
139715,1,1000
139717,1,1000
139732,1,1000
139734,1,1000
139744,1,1000
139754,1,1000
139759,1,1000
139760,1,1000
139782,1,1000
139799,1,1000
139806,1,1000
139815,1,1000
139856,1,1000
139864,1,1000
139877,1,1000
139896,1,1000
139904,1,1000
139940,1,1000
139944,1,1000
139946,1,1000
139946,1,1000
139965,1,1000
140010,1,1000
140020,1,1000
140022,1,1000
140031,1,1000
140043,1,1000
140046,1,1000
140053,1,1000
140076,1,1000
140098,1,1000
140111,1,1000
140112,1,1000
140116,1,1000
140140,1,1000
140157,1,1000
140223,1,1000
140238,1,1000
140271,1,1000
140295,1,1000
140311,1,1000
140354,1,1000
140384,1,1000
140411,1,1000
140423,1,1000
140476,1,1000
140510,1,1000
140515,1,1000
140583,1,1000
140609,1,1000
140629,1,1000
140656,1,1000
140705,1,1000
140723,1,1000
140764,1,1000
140813,1,1000
140815,1,1000
140849,1,1000
140854,1,1000
140857,1,1000
140877,1,1000
140880,1,1000
140886,1,1000
140894,1,1000
140925,1,1000
140932,1,1000
140935,1,1000
140944,1,1000
141017,1,1000
141044,1,1000
141056,1,1000
141119,1,1000
141125,1,1000
141126,1,1000
141139,1,1000
141165,1,1000
141165,1,1000
141197,1,1000
141222,1,1000
141229,1,1000
141238,1,1000
141264,1,1000
141278,1,1000
141284,1,1000
141296,1,1000
141336,1,1000
141346,1,1000
141366,1,1000
141401,1,1000
141408,1,1000
141434,1,1000
141476,1,1000
141486,1,1000
141496,1,1000
141547,1,1000
141549,1,1000
141578,1,1000
141625,1,1000
141636,1,1000
141651,1,1000
141672,1,1000
141675,1,1000
141678,1,1000
141690,1,1000
141693,1,1000
141726,1,1000
141727,1,1000
141735,1,1000
141747,1,1000
141791,1,1000
141796,1,1000
141810,1,1000
141830,1,1000
141833,1,1000
141865,1,1000
141870,1,1000
141885,1,1000
141910,1,1000
141926,1,1000
142003,1,1000
142019,1,1000
142027,1,1000
142036,1,1000
142096,1,1000
142119,1,1000
142132,1,1000
142134,1,1000
142142,1,1000
142151,1,1000
142194,1,1000
142197,1,1000
142231,1,1000
142232,1,1000
142235,1,1000
142247,1,1000
142278,1,1000
142302,1,1000
142304,1,1000
142325,1,1000
142326,1,1000
142352,1,1000
142352,1,1000
142379,1,1000
142387,1,1000
142395,1,1000
142396,1,1000
142416,1,1000
142416,1,1000
142448,1,1000
142473,1,1000
142530,1,1000
142531,1,1000
142544,1,1000
142544,1,1000
142552,1,1000
142555,1,1000
142559,1,1000
142582,1,1000
142583,1,1000
142633,1,1000
142650,1,1000
142653,1,1000
142678,1,1000
142699,1,1000
142719,1,1000
142746,1,1000
142746,1,1000
142808,1,1000
142809,1,1000
142811,1,1000
142819,1,1000
142848,1,1000
142877,1,1000
142922,1,1000
142950,1,1000
142951,1,1000
142962,1,1000
143034,1,1000
143059,1,1000
143061,1,1000
143075,1,1000
143084,1,1000
143087,1,1000
143126,1,1000
143129,1,1000
143134,1,1000
143160,1,1000
143161,1,1000
143170,1,1000
143192,1,1000
143194,1,1000
143201,1,1000
143213,1,1000
143234,1,1000
143308,1,1000
143309,1,1000
143321,1,1000
143326,1,1000
143378,1,1000
143405,1,1000
143438,1,1000
143441,1,1000
143444,1,1000
143445,1,1000
143450,1,1000
143450,1,1000
143476,1,1000
143484,1,1000
143525,1,1000
143544,1,1000
143551,1,1000
143572,1,1000
143580,1,1000
143622,1,1000
143631,1,1000
143655,1,1000
143670,1,1000
143682,1,1000
143714,1,1000
143731,1,1000
143732,1,1000
143764,1,1000
143765,1,1000
143787,1,1000
143793,1,1000
143795,1,1000
143797,1,1000
143803,1,1000
143804,1,1000
143814,1,1000
143814,1,1000
143820,1,1000
143834,1,1000
143884,1,1000
143897,1,1000
143905,1,1000
143938,1,1000
143946,1,1000
143948,1,1000
144031,1,1000
144051,1,1000
144072,1,1000
144133,1,1000
144139,1,1000
144191,1,1000
144215,1,1000
144266,1,1000
144274,1,1000
144289,1,1000
144300,1,1000
144304,1,1000
144348,1,1000
144377,1,1000
144394,1,1000
144404,1,1000
144434,1,1000
144464,1,1000
144483,1,1000
144487,1,1000
144531,1,1000
144537,1,1000
144541,1,1000
144589,1,1000
144603,1,1000
144604,1,1000
144607,1,1000
144618,1,1000
144641,1,1000
144644,1,1000
144669,1,1000
144683,1,1000
144729,1,1000
144747,1,1000
144790,1,1000
144796,1,1000
144797,1,1000
144872,1,1000
144872,1,1000
144878,1,1000
144887,1,1000
144897,1,1000
145004,1,1000
145015,1,1000
145017,1,1000
145038,1,1000
145080,1,1000
145102,1,1000
145104,1,1000
145123,1,1000
145143,1,1000
145157,1,1000
145157,1,1000
145165,1,1000
145181,1,1000
145212,1,1000
145235,1,1000
145236,1,1000
145272,1,1000
145287,1,1000
145288,1,1000
145334,1,1000
145437,1,1000
145465,1,1000
145553,1,1000
145559,1,1000
145561,1,1000
145564,1,1000
145635,1,1000
145640,1,1000
145656,1,1000
145659,1,1000
145719,1,1000
145828,1,1000
145841,1,1000
