6,1,1000
30,1,1000
39,1,1000
105,1,1000
124,1,1000
169,1,1000
177,1,1000
204,1,1000
261,1,1000
266,1,1000
278,1,1000
307,1,1000
310,1,1000
318,1,1000
365,1,1000
378,1,1000
397,1,1000
419,1,1000
452,1,1000
501,1,1000
619,1,1000
621,1,1000
664,1,1000
680,1,1000
699,1,1000
719,1,1000
762,1,1000
771,1,1000
797,1,1000
822,1,1000
831,1,1000
834,1,1000
850,1,1000
888,1,1000
926,1,1000
955,1,1000
981,1,1000
1015,1,1000
1028,1,1000
1048,1,1000
1085,1,1000
1159,1,1000
1184,1,1000
1233,1,1000
1304,1,1000
1306,1,1000
1308,1,1000
1324,1,1000
1393,1,1000
1414,1,1000
1424,1,1000
1424,1,1000
1431,1,1000
1441,1,1000
1458,1,1000
1463,1,1000
1493,1,1000
1519,1,1000
1539,1,1000
1583,1,1000
1585,1,1000
1656,1,1000
1656,1,1000
1663,1,1000
1676,1,1000
1707,1,1000
1710,1,1000
1714,1,1000
1720,1,1000
1724,1,1000
1727,1,1000
1729,1,1000
1754,1,1000
1764,1,1000
1800,1,1000
1812,1,1000
1857,1,1000
1867,1,1000
1940,1,1000
1943,1,1000
1947,1,1000
1947,1,1000
2023,1,1000
2026,1,1000
2098,1,1000
2127,1,1000
2131,1,1000
2134,1,1000
2161,1,1000
2211,1,1000
2220,1,1000
2233,1,1000
2260,1,1000
2287,1,1000
2344,1,1000
2352,1,1000
2354,1,1000
2434,1,1000
2463,1,1000
2475,1,1000
2477,1,1000
2485,1,1000
2487,1,1000
2493,1,1000
2502,1,1000
2504,1,1000
2548,1,1000
2551,1,1000
2562,1,1000
2592,1,1000
2597,1,1000
2637,1,1000
2699,1,1000
2702,1,1000
2711,1,1000
2738,1,1000
2792,1,1000
2798,1,1000
2809,1,1000
2820,1,1000
2826,1,1000
2834,1,1000
2840,1,1000
2863,1,1000
2880,1,1000
2900,1,1000
2921,1,1000
2957,1,1000
2979,1,1000
2982,1,1000
2988,1,1000
3001,1,1000
3012,1,1000
3014,1,1000
3040,1,1000
3074,1,1000
3090,1,1000
3094,1,1000
3095,1,1000
3201,1,1000
3207,1,1000
3246,1,1000
3253,1,1000
3268,1,1000
3292,1,1000
3307,1,1000
3329,1,1000
3454,1,1000
3455,1,1000
3498,1,1000
3501,1,1000
3533,1,1000
3539,1,1000
3544,1,1000
3556,1,1000
3602,1,1000
3606,1,1000
3656,1,1000
3672,1,1000
3682,1,1000
3711,1,1000
3714,1,1000
3746,1,1000
3763,1,1000
3765,1,1000
3766,1,1000
3776,1,1000
3782,1,1000
3788,1,1000
3791,1,1000
3858,1,1000
3879,1,1000
3882,1,1000
4024,1,1000
4025,1,1000
4073,1,1000
4083,1,1000
4087,1,1000
4088,1,1000
4104,1,1000
4115,1,1000
4124,1,1000
4153,1,1000
4201,1,1000
4239,1,1000
4247,1,1000
4262,1,1000
4274,1,1000
4281,1,1000
4292,1,1000
4332,1,1000
4347,1,1000
4364,1,1000
4370,1,1000
4419,1,1000
4437,1,1000
4443,1,1000
4450,1,1000
4531,1,1000
4551,1,1000
4589,1,1000
4600,1,1000
4625,1,1000
4626,1,1000
4631,1,1000
4665,1,1000
4686,1,1000
4688,1,1000
4730,1,1000
4741,1,1000
4809,1,1000
4853,1,1000
4857,1,1000
4870,1,1000
4915,1,1000
4918,1,1000
4922,1,1000
4938,1,1000
4945,1,1000
4946,1,1000
4946,1,1000
5022,1,1000
5028,1,1000
5045,1,1000
5071,1,1000
5097,1,1000
5107,1,1000
5112,1,1000
5165,1,1000
5166,1,1000
5191,1,1000
5230,1,1000
5285,1,1000
5307,1,1000
5327,1,1000
5361,1,1000
5388,1,1000
5439,1,1000
5454,1,1000
5461,1,1000
5474,1,1000
5484,1,1000
5530,1,1000
5538,1,1000
5566,1,1000
5587,1,1000
5596,1,1000
5613,1,1000
5662,1,1000
5709,1,1000
5743,1,1000
5755,1,1000
5789,1,1000
5844,1,1000
5849,1,1000
5875,1,1000
5893,1,1000
5902,1,1000
5932,1,1000
5933,1,1000
6016,1,1000
6066,1,1000
6069,1,1000
6091,1,1000
6131,1,1000
6137,1,1000
6164,1,1000
6198,1,1000
6203,1,1000
6204,1,1000
6254,1,1000
6264,1,1000
6290,1,1000
6303,1,1000
6369,1,1000
6426,1,1000
6433,1,1000
6491,1,1000
6499,1,1000
6557,1,1000
6579,1,1000
6580,1,1000
6588,1,1000
6624,1,1000
6627,1,1000
6636,1,1000
6750,1,1000
6766,1,1000
6771,1,1000
6800,1,1000
6826,1,1000
6877,1,1000
7021,1,1000
7058,1,1000
7064,1,1000
7074,1,1000
7089,1,1000
7100,1,1000
7163,1,1000
7183,1,1000
7197,1,1000
7259,1,1000
7271,1,1000
7277,1,1000
7286,1,1000
7287,1,1000
7312,1,1000
7326,1,1000
7329,1,1000
7330,1,1000
7382,1,1000
7394,1,1000
7413,1,1000
7414,1,1000
7467,1,1000
7468,1,1000
7609,1,1000
7710,1,1000
7718,1,1000
7739,1,1000
7779,1,1000
7784,1,1000
7817,1,1000
7833,1,1000
7841,1,1000
7905,1,1000
7985,1,1000
8025,1,1000
8033,1,1000
8033,1,1000
8052,1,1000
8064,1,1000
8092,1,1000
8166,1,1000
8191,1,1000
8252,1,1000
8273,1,1000
8331,1,1000
8348,1,1000
8375,1,1000
8393,1,1000
8426,1,1000
8455,1,1000
8468,1,1000
8472,1,1000
8512,1,1000
8529,1,1000
8544,1,1000
8590,1,1000
8596,1,1000
8614,1,1000
8656,1,1000
8708,1,1000
8719,1,1000
8784,1,1000
8815,1,1000
8871,1,1000
8871,1,1000
8901,1,1000
8942,1,1000
9023,1,1000
9028,1,1000
9048,1,1000
9071,1,1000
9088,1,1000
9104,1,1000
9109,1,1000
9110,1,1000
9128,1,1000
9143,1,1000
9150,1,1000
9153,1,1000
9168,1,1000
9216,1,1000
9231,1,1000
9243,1,1000
9264,1,1000
9265,1,1000
9272,1,1000
9277,1,1000
9283,1,1000
9287,1,1000
9298,1,1000
9319,1,1000
9322,1,1000
9351,1,1000
9365,1,1000
9371,1,1000
9418,1,1000
9450,1,1000
9452,1,1000
9462,1,1000
9466,1,1000
9532,1,1000
9533,1,1000
9537,1,1000
9538,1,1000
9564,1,1000
9568,1,1000
9575,1,1000
9582,1,1000
9618,1,1000
9625,1,1000
9627,1,1000
9641,1,1000
9650,1,1000
9651,1,1000
9667,1,1000
9680,1,1000
9718,1,1000
9739,1,1000
9755,1,1000
9781,1,1000
9784,1,1000
9800,1,1000
9801,1,1000
9822,1,1000
9844,1,1000
9851,1,1000
9854,1,1000
9855,1,1000
9858,1,1000
10024,1,1000
10030,1,1000
10074,1,1000
10082,1,1000
10115,1,1000
10118,1,1000
10124,1,1000
10145,1,1000
10151,1,1000
10211,1,1000
10248,1,1000
10261,1,1000
10355,1,1000
10405,1,1000
10418,1,1000
10423,1,1000
10438,1,1000
10438,1,1000
10479,1,1000
10497,1,1000
10522,1,1000
10531,1,1000
10539,1,1000
10555,1,1000
10568,1,1000
10623,1,1000
10623,1,1000
10623,1,1000
10638,1,1000
10641,1,1000
10643,1,1000
10696,1,1000
10696,1,1000
10700,1,1000
10714,1,1000
10735,1,1000
10783,1,1000
10784,1,1000
10786,1,1000
10839,1,1000
10844,1,1000
10859,1,1000
11028,1,1000
11082,1,1000
11083,1,1000
11088,1,1000
11099,1,1000
11111,1,1000
11120,1,1000
11126,1,1000
11156,1,1000
11178,1,1000
11207,1,1000
11236,1,1000
11280,1,1000
11331,1,1000
11344,1,1000
11345,1,1000
11377,1,1000
11399,1,1000
11403,1,1000
11420,1,1000
11451,1,1000
11520,1,1000
11556,1,1000
11556,1,1000
11560,1,1000
11625,1,1000
11627,1,1000
11628,1,1000
11647,1,1000
11707,1,1000
11717,1,1000
11744,1,1000
11751,1,1000
11753,1,1000
11827,1,1000
11844,1,1000
11848,1,1000
11896,1,1000
11930,1,1000
12010,1,1000
12024,1,1000
12039,1,1000
12044,1,1000
12083,1,1000
12103,1,1000
12130,1,1000
12157,1,1000
12190,1,1000
12190,1,1000
12211,1,1000
12238,1,1000
12265,1,1000
12285,1,1000
12287,1,1000
12357,1,1000
12358,1,1000
12385,1,1000
12423,1,1000
12457,1,1000
12459,1,1000
12480,1,1000
12548,1,1000
12585,1,1000
12615,1,1000
12617,1,1000
12625,1,1000
12630,1,1000
12657,1,1000
12733,1,1000
12860,1,1000
12867,1,1000
12884,1,1000
12886,1,1000
12970,1,1000
12987,1,1000
12989,1,1000
13004,1,1000
13005,1,1000
13013,1,1000
13016,1,1000
13018,1,1000
13034,1,1000
13118,1,1000
13123,1,1000
13164,1,1000
13197,1,1000
13200,1,1000
13241,1,1000
13249,1,1000
13251,1,1000
13259,1,1000
13260,1,1000
13274,1,1000
13279,1,1000
13279,1,1000
13287,1,1000
13293,1,1000
13319,1,1000
13341,1,1000
13346,1,1000
13356,1,1000
13376,1,1000
13403,1,1000
13411,1,1000
13438,1,1000
13454,1,1000
13499,1,1000
13525,1,1000
13545,1,1000
13595,1,1000
13615,1,1000
13680,1,1000
13712,1,1000
13719,1,1000
13855,1,1000
13923,1,1000
13929,1,1000
14008,1,1000
14009,1,1000
14013,1,1000
14029,1,1000
14074,1,1000
14084,1,1000
14098,1,1000
14103,1,1000
14107,1,1000
14112,1,1000
14147,1,1000
14158,1,1000
14168,1,1000
14206,1,1000
14212,1,1000
14215,1,1000
14278,1,1000
14311,1,1000
14336,1,1000
14396,1,1000
14455,1,1000
14472,1,1000
14473,1,1000
14480,1,1000
14492,1,1000
14549,1,1000
14551,1,1000
14563,1,1000
14620,1,1000
14649,1,1000
14671,1,1000
14686,1,1000
14689,1,1000
14695,1,1000
14719,1,1000
14725,1,1000
14844,1,1000
14874,1,1000
14899,1,1000
14905,1,1000
14939,1,1000
14950,1,1000
15006,1,1000
15019,1,1000
15020,1,1000
15078,1,1000
15109,1,1000
15126,1,1000
15131,1,1000
15144,1,1000
15146,1,1000
15224,1,1000
15263,1,1000
15264,1,1000
15309,1,1000
15320,1,1000
15329,1,1000
15334,1,1000
15349,1,1000
15419,1,1000
15495,1,1000
15507,1,1000
15518,1,1000
15606,1,1000
15606,1,1000
15614,1,1000
15643,1,1000
15647,1,1000
15649,1,1000
15662,1,1000
15694,1,1000
15719,1,1000
15743,1,1000
15760,1,1000
15774,1,1000
15803,1,1000
15807,1,1000
15809,1,1000
15829,1,1000
15845,1,1000
15863,1,1000
15879,1,1000
15882,1,1000
16018,1,1000
16025,1,1000
16055,1,1000
16076,1,1000
16100,1,1000
16115,1,1000
16130,1,1000
16201,1,1000
16271,1,1000
16316,1,1000
16320,1,1000
16383,1,1000
16398,1,1000
16438,1,1000
16490,1,1000
16511,1,1000
16565,1,1000
16625,1,1000
16627,1,1000
16643,1,1000
16720,1,1000
16768,1,1000
16777,1,1000
16857,1,1000
16880,1,1000
16901,1,1000
16903,1,1000
16914,1,1000
16950,1,1000
16973,1,1000
16973,1,1000
16975,1,1000
16997,1,1000
17008,1,1000
17013,1,1000
17021,1,1000
17027,1,1000
17031,1,1000
17032,1,1000
17033,1,1000
17079,1,1000
17097,1,1000
17106,1,1000
17109,1,1000
17201,1,1000
17215,1,1000
17223,1,1000
17264,1,1000
17282,1,1000
17305,1,1000
17320,1,1000
17327,1,1000
17368,1,1000
17378,1,1000
17396,1,1000
17450,1,1000
17485,1,1000
17495,1,1000
17501,1,1000
17508,1,1000
17540,1,1000
17545,1,1000
17551,1,1000
17560,1,1000
17564,1,1000
17580,1,1000
17618,1,1000
17654,1,1000
17667,1,1000
17678,1,1000
17704,1,1000
17705,1,1000
17709,1,1000
17721,1,1000
17750,1,1000
17750,1,1000
17772,1,1000
17773,1,1000
17787,1,1000
17791,1,1000
17796,1,1000
17813,1,1000
17839,1,1000
17843,1,1000
17850,1,1000
17883,1,1000
18005,1,1000
18006,1,1000
18010,1,1000
18026,1,1000
18041,1,1000
18044,1,1000
18080,1,1000
18097,1,1000
18140,1,1000
18142,1,1000
18175,1,1000
18186,1,1000
18298,1,1000
18305,1,1000
18308,1,1000
18422,1,1000
18448,1,1000
18513,1,1000
18551,1,1000
18568,1,1000
18569,1,1000
18607,1,1000
18612,1,1000
18674,1,1000
18690,1,1000
18731,1,1000
18747,1,1000
18752,1,1000
18759,1,1000
18862,1,1000
18864,1,1000
18866,1,1000
18869,1,1000
18873,1,1000
18876,1,1000
18877,1,1000
18890,1,1000
18928,1,1000
18933,1,1000
18946,1,1000
18966,1,1000
19030,1,1000
19061,1,1000
19111,1,1000
19121,1,1000
19149,1,1000
19174,1,1000
19182,1,1000
19182,1,1000
19206,1,1000
19208,1,1000
19216,1,1000
19241,1,1000
19281,1,1000
19298,1,1000
19358,1,1000
19427,1,1000
19464,1,1000
19482,1,1000
19518,1,1000
19521,1,1000
19532,1,1000
19554,1,1000
19571,1,1000
19572,1,1000
19573,1,1000
19592,1,1000
19606,1,1000
19607,1,1000
19608,1,1000
19676,1,1000
19709,1,1000
19710,1,1000
19839,1,1000
19865,1,1000
19869,1,1000
19874,1,1000
19915,1,1000
19918,1,1000
19936,1,1000
19943,1,1000
19945,1,1000
20011,1,1000
20016,1,1000
20051,1,1000
20062,1,1000
20084,1,1000
20101,1,1000
20110,1,1000
20157,1,1000
20180,1,1000
20185,1,1000
20246,1,1000
20291,1,1000
20305,1,1000
20330,1,1000
20354,1,1000
20372,1,1000
20381,1,1000
20482,1,1000
20486,1,1000
20492,1,1000
20496,1,1000
20502,1,1000
20585,1,1000
20629,1,1000
20645,1,1000
20675,1,1000
20678,1,1000
20692,1,1000
20705,1,1000
20738,1,1000
20758,1,1000
20762,1,1000
20782,1,1000
20791,1,1000
20823,1,1000
20827,1,1000
20854,1,1000
20868,1,1000
20871,1,1000
20873,1,1000
20880,1,1000
20912,1,1000
20952,1,1000
20954,1,1000
21035,1,1000
21047,1,1000
21085,1,1000
21098,1,1000
21129,1,1000
21129,1,1000
21176,1,1000
21197,1,1000
21203,1,1000
21213,1,1000
21226,1,1000
21243,1,1000
21254,1,1000
21259,1,1000
21285,1,1000
21340,1,1000
21354,1,1000
21356,1,1000
21356,1,1000
21357,1,1000
21361,1,1000
21459,1,1000
21462,1,1000
21465,1,1000
21491,1,1000
21511,1,1000
21521,1,1000
21526,1,1000
21550,1,1000
21606,1,1000
21630,1,1000
21631,1,1000
21646,1,1000
21671,1,1000
21701,1,1000
21701,1,1000
21732,1,1000
21733,1,1000
21749,1,1000
21853,1,1000
21857,1,1000
21865,1,1000
21901,1,1000
21926,1,1000
21929,1,1000
21932,1,1000
21948,1,1000
22027,1,1000
22035,1,1000
22045,1,1000
22061,1,1000
22094,1,1000
22097,1,1000
22102,1,1000
22121,1,1000
22128,1,1000
22129,1,1000
22132,1,1000
22145,1,1000
22173,1,1000
22212,1,1000
22232,1,1000
22245,1,1000
22247,1,1000
22259,1,1000
22272,1,1000
22306,1,1000
22312,1,1000
22315,1,1000
22317,1,1000
22342,1,1000
22365,1,1000
22492,1,1000
22505,1,1000
22526,1,1000
22528,1,1000
22550,1,1000
22552,1,1000
22667,1,1000
22676,1,1000
22716,1,1000
22741,1,1000
22753,1,1000
22760,1,1000
22782,1,1000
22799,1,1000
22800,1,1000
22819,1,1000
22859,1,1000
22860,1,1000
22879,1,1000
22950,1,1000
23001,1,1000
23003,1,1000
23008,1,1000
23032,1,1000
23047,1,1000
23052,1,1000
23061,1,1000
23066,1,1000
23089,1,1000
23115,1,1000
23165,1,1000
23251,1,1000
23292,1,1000
23295,1,1000
23328,1,1000
23332,1,1000
23383,1,1000
23398,1,1000
23408,1,1000
23428,1,1000
23442,1,1000
23474,1,1000
23511,1,1000
23516,1,1000
23526,1,1000
23534,1,1000
23540,1,1000
23583,1,1000
23621,1,1000
23670,1,1000
23686,1,1000
23711,1,1000
23727,1,1000
23738,1,1000
23738,1,1000
23761,1,1000
23765,1,1000
23769,1,1000
23770,1,1000
23806,1,1000
23812,1,1000
23817,1,1000
23828,1,1000
23846,1,1000
23855,1,1000
23870,1,1000
23877,1,1000
24007,1,1000
24042,1,1000
24051,1,1000
24089,1,1000
24130,1,1000
24157,1,1000
24162,1,1000
24188,1,1000
24202,1,1000
24273,1,1000
24277,1,1000
24291,1,1000
24346,1,1000
24362,1,1000
24366,1,1000
24388,1,1000
24455,1,1000
24482,1,1000
24506,1,1000
24518,1,1000
24533,1,1000
24533,1,1000
24557,1,1000
24614,1,1000
24647,1,1000
24746,1,1000
24785,1,1000
24822,1,1000
24823,1,1000
24824,1,1000
24876,1,1000
24879,1,1000
24896,1,1000
24974,1,1000
24977,1,1000
24990,1,1000
25002,1,1000
25003,1,1000
25017,1,1000
25024,1,1000
25025,1,1000
25028,1,1000
25051,1,1000
25067,1,1000
25109,1,1000
25130,1,1000
25139,1,1000
25161,1,1000
25285,1,1000
25406,1,1000
25423,1,1000
25433,1,1000
25455,1,1000
25492,1,1000
25521,1,1000
25522,1,1000
25531,1,1000
25561,1,1000
25587,1,1000
25606,1,1000
25612,1,1000
25615,1,1000
25616,1,1000
25636,1,1000
25646,1,1000
25647,1,1000
25690,1,1000
25732,1,1000
25800,1,1000
25849,1,1000
25918,1,1000
25965,1,1000
25967,1,1000
26054,1,1000
26059,1,1000
26059,1,1000
26117,1,1000
26149,1,1000
26158,1,1000
26164,1,1000
26189,1,1000
26199,1,1000
26215,1,1000
26221,1,1000
26247,1,1000
26260,1,1000
26299,1,1000
26318,1,1000
26324,1,1000
26366,1,1000
26377,1,1000
26430,1,1000
26499,1,1000
26565,1,1000
26570,1,1000
26576,1,1000
26610,1,1000
26623,1,1000
26631,1,1000
26642,1,1000
26670,1,1000
26701,1,1000
26707,1,1000
26726,1,1000
26741,1,1000
26743,1,1000
26743,1,1000
26746,1,1000
26753,1,1000
26830,1,1000
26842,1,1000
26861,1,1000
26870,1,1000
26888,1,1000
26901,1,1000
27016,1,1000
27030,1,1000
27035,1,1000
27048,1,1000
27049,1,1000
27053,1,1000
27073,1,1000
27090,1,1000
27124,1,1000
27131,1,1000
27131,1,1000
27132,1,1000
27155,1,1000
27185,1,1000
27188,1,1000
27299,1,1000
27317,1,1000
27320,1,1000
27337,1,1000
27340,1,1000
27372,1,1000
27381,1,1000
27399,1,1000
27474,1,1000
27484,1,1000
27526,1,1000
27544,1,1000
27546,1,1000
27600,1,1000
27651,1,1000
27668,1,1000
27674,1,1000
27727,1,1000
27798,1,1000
27803,1,1000
27827,1,1000
27855,1,1000
27863,1,1000
27873,1,1000
27877,1,1000
27879,1,1000
27883,1,1000
27892,1,1000
27909,1,1000
27910,1,1000
27913,1,1000
27925,1,1000
27932,1,1000
27937,1,1000
27943,1,1000
27949,1,1000
27963,1,1000
27974,1,1000
27983,1,1000
28001,1,1000
28009,1,1000
28050,1,1000
28115,1,1000
28152,1,1000
28157,1,1000
28168,1,1000
28189,1,1000
28204,1,1000
28220,1,1000
28230,1,1000
28232,1,1000
28232,1,1000
28262,1,1000
28267,1,1000
28313,1,1000
28317,1,1000
28323,1,1000
28331,1,1000
28332,1,1000
28344,1,1000
28352,1,1000
28406,1,1000
28411,1,1000
28427,1,1000
28451,1,1000
28455,1,1000
28457,1,1000
28512,1,1000
28525,1,1000
28545,1,1000
28570,1,1000
28590,1,1000
28648,1,1000
28651,1,1000
28698,1,1000
28730,1,1000
28747,1,1000
28754,1,1000
28766,1,1000
28775,1,1000
28787,1,1000
28795,1,1000
28795,1,1000
28801,1,1000
28805,1,1000
28814,1,1000
28823,1,1000
28839,1,1000
28851,1,1000
28888,1,1000
29000,1,1000
29038,1,1000
29045,1,1000
29077,1,1000
29079,1,1000
29089,1,1000
29100,1,1000
29107,1,1000
29119,1,1000
29143,1,1000
29166,1,1000
29180,1,1000
29204,1,1000
29220,1,1000
29256,1,1000
29268,1,1000
29296,1,1000
29385,1,1000
29407,1,1000
29423,1,1000
29511,1,1000
29560,1,1000
29587,1,1000
29602,1,1000
29611,1,1000
29623,1,1000
29710,1,1000
29741,1,1000
29765,1,1000
29779,1,1000
29779,1,1000
29793,1,1000
29809,1,1000
29815,1,1000
29832,1,1000
29838,1,1000
29865,1,1000
29875,1,1000
29917,1,1000
29964,1,1000
29968,1,1000
29986,1,1000
30012,1,1000
30013,1,1000
30023,1,1000
30031,1,1000
30071,1,1000
30076,1,1000
30089,1,1000
30089,1,1000
30164,1,1000
30168,1,1000
30173,1,1000
30178,1,1000
30185,1,1000
30201,1,1000
30212,1,1000
30226,1,1000
30256,1,1000
30257,1,1000
30267,1,1000
30321,1,1000
30366,1,1000
30377,1,1000
30381,1,1000
30385,1,1000
30443,1,1000
30463,1,1000
30529,1,1000
30564,1,1000
30608,1,1000
30627,1,1000
30648,1,1000
30687,1,1000
30720,1,1000
30739,1,1000
30747,1,1000
30764,1,1000
30813,1,1000
30820,1,1000
30954,1,1000
31002,1,1000
31011,1,1000
31029,1,1000
31035,1,1000
31066,1,1000
31066,1,1000
31078,1,1000
31080,1,1000
31082,1,1000
31101,1,1000
31146,1,1000
31156,1,1000
31159,1,1000
31169,1,1000
31185,1,1000
31215,1,1000
31238,1,1000
31242,1,1000
31246,1,1000
31315,1,1000
31333,1,1000
31396,1,1000
31428,1,1000
31470,1,1000
31477,1,1000
31489,1,1000
31529,1,1000
31530,1,1000
31587,1,1000
31598,1,1000
31621,1,1000
31624,1,1000
31633,1,1000
31637,1,1000
31652,1,1000
31669,1,1000
31675,1,1000
31687,1,1000
31700,1,1000
31720,1,1000
31731,1,1000
31765,1,1000
31831,1,1000
31835,1,1000
31846,1,1000
31894,1,1000
31923,1,1000
31961,1,1000
32082,1,1000
32087,1,1000
32102,1,1000
32139,1,1000
32165,1,1000
32191,1,1000
32244,1,1000
32331,1,1000
32383,1,1000
32420,1,1000
32431,1,1000
32478,1,1000
32509,1,1000
32604,1,1000
32608,1,1000
32612,1,1000
32656,1,1000
32693,1,1000
32706,1,1000
32763,1,1000
32788,1,1000
32853,1,1000
32854,1,1000
32893,1,1000
32898,1,1000
32915,1,1000
32932,1,1000
32935,1,1000
32937,1,1000
33018,1,1000
33028,1,1000
33030,1,1000
33031,1,1000
33045,1,1000
33062,1,1000
33119,1,1000
33143,1,1000
33146,1,1000
33159,1,1000
33191,1,1000
33195,1,1000
33203,1,1000
33255,1,1000
33306,1,1000
33316,1,1000
33327,1,1000
33333,1,1000
33335,1,1000
33359,1,1000
33362,1,1000
33393,1,1000
33394,1,1000
33437,1,1000
33455,1,1000
33492,1,1000
33499,1,1000
33546,1,1000
33619,1,1000
33620,1,1000
33644,1,1000
33658,1,1000
33681,1,1000
33730,1,1000
33757,1,1000
33764,1,1000
33796,1,1000
33829,1,1000
33852,1,1000
33852,1,1000
33864,1,1000
33907,1,1000
33908,1,1000
33946,1,1000
33954,1,1000
33959,1,1000
33967,1,1000
33975,1,1000
34007,1,1000
34029,1,1000
34031,1,1000
34047,1,1000
34094,1,1000
34096,1,1000
34098,1,1000
34108,1,1000
34136,1,1000
34189,1,1000
34215,1,1000
34218,1,1000
34222,1,1000
34259,1,1000
34285,1,1000
34294,1,1000
34316,1,1000
34325,1,1000
34333,1,1000
34346,1,1000
34353,1,1000
34354,1,1000
34357,1,1000
34383,1,1000
34431,1,1000
34432,1,1000
34453,1,1000
34465,1,1000
34480,1,1000
34575,1,1000
34621,1,1000
34662,1,1000
34691,1,1000
34720,1,1000
34726,1,1000
34757,1,1000
34834,1,1000
34871,1,1000
34899,1,1000
35093,1,1000
35111,1,1000
35121,1,1000
35137,1,1000
35140,1,1000
35144,1,1000
35162,1,1000
35169,1,1000
35180,1,1000
35186,1,1000
35200,1,1000
35246,1,1000
35287,1,1000
35309,1,1000
35352,1,1000
35390,1,1000
35401,1,1000
35411,1,1000
35438,1,1000
35476,1,1000
35489,1,1000
35492,1,1000
35542,1,1000
35549,1,1000
35560,1,1000
35573,1,1000
35581,1,1000
35589,1,1000
35627,1,1000
35628,1,1000
35632,1,1000
35668,1,1000
35699,1,1000
35728,1,1000
35735,1,1000
35780,1,1000
35787,1,1000
35801,1,1000
35818,1,1000
35839,1,1000
35862,1,1000
35908,1,1000
35909,1,1000
35928,1,1000
36009,1,1000
36017,1,1000
36020,1,1000
36023,1,1000
36065,1,1000
36092,1,1000
36103,1,1000
36120,1,1000
36174,1,1000
36223,1,1000
36266,1,1000
36287,1,1000
36289,1,1000
36312,1,1000
36321,1,1000
36326,1,1000
36335,1,1000
36341,1,1000
36358,1,1000
36367,1,1000
36377,1,1000
36393,1,1000
36419,1,1000
36572,1,1000
36582,1,1000
36602,1,1000
36625,1,1000
36639,1,1000
36675,1,1000
36675,1,1000
36679,1,1000
36680,1,1000
36685,1,1000
36711,1,1000
36723,1,1000
36732,1,1000
36735,1,1000
36736,1,1000
36759,1,1000
36759,1,1000
36773,1,1000
36790,1,1000
36804,1,1000
36806,1,1000
36837,1,1000
36858,1,1000
36864,1,1000
36903,1,1000
36925,1,1000
37036,1,1000
37044,1,1000
37052,1,1000
37063,1,1000
37075,1,1000
37125,1,1000
37133,1,1000
37143,1,1000
37149,1,1000
37157,1,1000
37201,1,1000
37246,1,1000
37262,1,1000
37286,1,1000
37301,1,1000
37340,1,1000
37385,1,1000
37390,1,1000
37420,1,1000
37430,1,1000
37448,1,1000
37485,1,1000
37508,1,1000
37514,1,1000
37518,1,1000
37543,1,1000
37549,1,1000
37561,1,1000
37583,1,1000
37598,1,1000
37605,1,1000
37610,1,1000
37616,1,1000
37640,1,1000
37640,1,1000
37642,1,1000
37647,1,1000
37692,1,1000
37714,1,1000
37719,1,1000
37760,1,1000
37787,1,1000
37817,1,1000
37817,1,1000
37831,1,1000
37858,1,1000
37877,1,1000
37887,1,1000
37925,1,1000
37928,1,1000
37928,1,1000
37935,1,1000
37936,1,1000
37942,1,1000
38059,1,1000
38074,1,1000
38085,1,1000
38096,1,1000
38098,1,1000
38126,1,1000
38136,1,1000
38141,1,1000
38187,1,1000
38247,1,1000
38252,1,1000
38315,1,1000
38337,1,1000
38345,1,1000
38346,1,1000
38385,1,1000
38438,1,1000
38446,1,1000
38465,1,1000
38490,1,1000
38495,1,1000
38516,1,1000
38523,1,1000
38540,1,1000
38556,1,1000
38567,1,1000
38573,1,1000
38580,1,1000
38584,1,1000
38598,1,1000
38611,1,1000
38688,1,1000
38748,1,1000
38772,1,1000
38801,1,1000
38821,1,1000
38830,1,1000
38853,1,1000
38860,1,1000
38874,1,1000
38905,1,1000
39051,1,1000
39051,1,1000
39061,1,1000
39082,1,1000
39088,1,1000
39137,1,1000
39186,1,1000
39198,1,1000
39227,1,1000
39279,1,1000
39320,1,1000
39358,1,1000
39389,1,1000
39454,1,1000
39564,1,1000
39597,1,1000
39623,1,1000
39650,1,1000
39682,1,1000
39707,1,1000
39734,1,1000
39835,1,1000
39858,1,1000
39897,1,1000
39897,1,1000
39912,1,1000
39956,1,1000
39964,1,1000
40017,1,1000
40036,1,1000
40047,1,1000
40074,1,1000
40096,1,1000
40111,1,1000
40188,1,1000
40199,1,1000
40247,1,1000
40328,1,1000
40335,1,1000
40359,1,1000
40363,1,1000
40374,1,1000
40389,1,1000
40403,1,1000
40404,1,1000
40408,1,1000
40432,1,1000
40441,1,1000
40444,1,1000
40445,1,1000
40500,1,1000
40550,1,1000
40599,1,1000
40687,1,1000
40694,1,1000
40728,1,1000
40733,1,1000
40780,1,1000
40785,1,1000
40802,1,1000
40816,1,1000
40826,1,1000
40879,1,1000
40895,1,1000
40920,1,1000
40944,1,1000
40946,1,1000
40954,1,1000
40967,1,1000
41035,1,1000
41041,1,1000
41076,1,1000
41086,1,1000
41096,1,1000
41100,1,1000
41118,1,1000
41126,1,1000
41129,1,1000
41154,1,1000
41155,1,1000
41160,1,1000
41173,1,1000
41185,1,1000
41217,1,1000
41222,1,1000
41251,1,1000
41288,1,1000
41296,1,1000
41305,1,1000
41347,1,1000
41351,1,1000
41371,1,1000
41394,1,1000
41400,1,1000
41412,1,1000
41427,1,1000
41428,1,1000
41428,1,1000
41436,1,1000
41448,1,1000
41481,1,1000
41507,1,1000
41550,1,1000
41594,1,1000
41641,1,1000
41645,1,1000
41656,1,1000
41687,1,1000
41741,1,1000
41809,1,1000
41844,1,1000
41899,1,1000
41951,1,1000
42020,1,1000
42020,1,1000
42056,1,1000
42083,1,1000
42104,1,1000
42114,1,1000
42144,1,1000
42144,1,1000
42150,1,1000
42181,1,1000
42196,1,1000
42199,1,1000
42208,1,1000
42224,1,1000
42241,1,1000
42255,1,1000
42256,1,1000
42345,1,1000
42371,1,1000
42378,1,1000
42400,1,1000
42413,1,1000
42416,1,1000
42428,1,1000
42469,1,1000
42474,1,1000
42564,1,1000
42583,1,1000
42666,1,1000
42716,1,1000
42730,1,1000
42736,1,1000
42768,1,1000
42808,1,1000
42836,1,1000
42865,1,1000
42933,1,1000
42934,1,1000
42976,1,1000
42985,1,1000
42987,1,1000
43014,1,1000
43015,1,1000
43020,1,1000
43024,1,1000
43033,1,1000
43036,1,1000
43041,1,1000
43051,1,1000
43102,1,1000
43183,1,1000
43210,1,1000
43325,1,1000
43330,1,1000
43368,1,1000
43391,1,1000
43417,1,1000
43425,1,1000
43434,1,1000
43437,1,1000
43469,1,1000
43477,1,1000
43519,1,1000
43548,1,1000
43582,1,1000
43595,1,1000
43601,1,1000
43606,1,1000
43625,1,1000
43656,1,1000
43696,1,1000
43724,1,1000
43789,1,1000
43803,1,1000
43829,1,1000
43844,1,1000
43855,1,1000
43856,1,1000
43867,1,1000
43899,1,1000
43906,1,1000
44053,1,1000
44068,1,1000
44178,1,1000
44237,1,1000
44243,1,1000
44249,1,1000
44274,1,1000
44291,1,1000
44308,1,1000
44327,1,1000
44368,1,1000
44401,1,1000
44423,1,1000
44442,1,1000
44456,1,1000
44475,1,1000
44541,1,1000
44580,1,1000
44596,1,1000
44676,1,1000
44687,1,1000
44695,1,1000
44759,1,1000
44769,1,1000
44778,1,1000
44805,1,1000
44833,1,1000
44866,1,1000
44868,1,1000
44876,1,1000
44883,1,1000
45025,1,1000
45045,1,1000
45068,1,1000
45071,1,1000
45071,1,1000
45088,1,1000
45116,1,1000
45129,1,1000
45133,1,1000
45173,1,1000
45181,1,1000
45226,1,1000
45236,1,1000
45270,1,1000
45271,1,1000
45314,1,1000
45325,1,1000
45329,1,1000
45345,1,1000
45365,1,1000
45374,1,1000
45401,1,1000
45436,1,1000
45444,1,1000
45448,1,1000
45465,1,1000
45506,1,1000
45565,1,1000
45577,1,1000
45593,1,1000
45665,1,1000
45683,1,1000
45689,1,1000
45769,1,1000
45771,1,1000
45852,1,1000
45930,1,1000
46035,1,1000
46040,1,1000
46078,1,1000
46140,1,1000
46183,1,1000
46232,1,1000
46269,1,1000
46275,1,1000
46308,1,1000
46318,1,1000
46320,1,1000
46341,1,1000
46346,1,1000
46358,1,1000
46364,1,1000
46370,1,1000
46387,1,1000
46390,1,1000
46403,1,1000
46432,1,1000
46435,1,1000
46483,1,1000
46511,1,1000
46547,1,1000
46604,1,1000
46624,1,1000
46638,1,1000
46643,1,1000
46645,1,1000
46708,1,1000
46716,1,1000
46730,1,1000
46732,1,1000
46753,1,1000
46805,1,1000
46831,1,1000
46917,1,1000
46924,1,1000
46982,1,1000
47012,1,1000
47051,1,1000
47054,1,1000
47083,1,1000
47114,1,1000
47159,1,1000
47161,1,1000
47162,1,1000
47168,1,1000
47187,1,1000
47196,1,1000
47213,1,1000
47220,1,1000
47271,1,1000
47286,1,1000
47301,1,1000
47319,1,1000
47339,1,1000
47340,1,1000
47345,1,1000
47356,1,1000
47369,1,1000
47402,1,1000
47407,1,1000
47422,1,1000
47430,1,1000
47440,1,1000
47445,1,1000
47468,1,1000
47475,1,1000
47478,1,1000
47519,1,1000
47530,1,1000
47545,1,1000
47609,1,1000
47677,1,1000
47699,1,1000
47719,1,1000
47719,1,1000
47727,1,1000
47760,1,1000
47760,1,1000
47795,1,1000
47797,1,1000
47803,1,1000
47868,1,1000
47869,1,1000
48034,1,1000
48043,1,1000
48058,1,1000
48059,1,1000
48149,1,1000
48186,1,1000
48195,1,1000
48206,1,1000
48210,1,1000
48234,1,1000
48262,1,1000
48292,1,1000
48293,1,1000
48323,1,1000
48323,1,1000
48330,1,1000
48351,1,1000
48386,1,1000
48387,1,1000
48405,1,1000
48439,1,1000
48480,1,1000
48509,1,1000
48534,1,1000
48553,1,1000
48558,1,1000
48624,1,1000
48784,1,1000
48786,1,1000
48789,1,1000
48794,1,1000
48795,1,1000
48801,1,1000
48802,1,1000
48845,1,1000
48856,1,1000
48872,1,1000
48873,1,1000
48875,1,1000
48899,1,1000
48911,1,1000
48942,1,1000
48988,1,1000
49006,1,1000
49067,1,1000
49067,1,1000
49085,1,1000
49109,1,1000
49123,1,1000
49140,1,1000
49171,1,1000
49214,1,1000
49233,1,1000
49295,1,1000
49298,1,1000
49324,1,1000
49365,1,1000
49371,1,1000
49375,1,1000
49384,1,1000
49386,1,1000
49412,1,1000
49432,1,1000
49497,1,1000
49500,1,1000
49518,1,1000
49535,1,1000
49541,1,1000
49553,1,1000
49584,1,1000
49600,1,1000
49618,1,1000
49622,1,1000
49629,1,1000
49630,1,1000
49635,1,1000
49665,1,1000
49667,1,1000
49813,1,1000
49829,1,1000
49839,1,1000
49865,1,1000
49892,1,1000
49923,1,1000
49947,1,1000
49948,1,1000
50004,1,1000
50030,1,1000
50035,1,1000
50081,1,1000
50088,1,1000
50100,1,1000
50101,1,1000
50114,1,1000
50135,1,1000
50139,1,1000
50146,1,1000
50157,1,1000
50164,1,1000
50173,1,1000
50219,1,1000
50257,1,1000
50272,1,1000
50294,1,1000
50322,1,1000
50334,1,1000
50346,1,1000
50352,1,1000
50364,1,1000
50399,1,1000
50442,1,1000
50500,1,1000
50528,1,1000
50585,1,1000
50599,1,1000
50675,1,1000
50739,1,1000
50759,1,1000
50795,1,1000
50798,1,1000
50820,1,1000
50846,1,1000
50874,1,1000
50909,1,1000
50928,1,1000
50934,1,1000
51023,1,1000
51033,1,1000
51054,1,1000
51056,1,1000
51065,1,1000
51178,1,1000
51195,1,1000
51204,1,1000
51207,1,1000
51253,1,1000
51295,1,1000
51297,1,1000
51332,1,1000
51357,1,1000
51376,1,1000
51437,1,1000
51454,1,1000
51481,1,1000
51521,1,1000
51582,1,1000
51583,1,1000
51614,1,1000
51639,1,1000
51651,1,1000
51735,1,1000
51737,1,1000
51756,1,1000
51774,1,1000
51793,1,1000
51828,1,1000
51866,1,1000
51881,1,1000
51888,1,1000
51893,1,1000
52044,1,1000
52050,1,1000
52088,1,1000
52207,1,1000
52210,1,1000
52217,1,1000
52242,1,1000
52252,1,1000
52254,1,1000
52317,1,1000
52370,1,1000
52397,1,1000
52428,1,1000
52446,1,1000
52456,1,1000
52464,1,1000
52486,1,1000
52531,1,1000
52556,1,1000
52561,1,1000
52607,1,1000
52623,1,1000
52720,1,1000
52737,1,1000
52763,1,1000
52792,1,1000
52825,1,1000
52845,1,1000
52901,1,1000
52910,1,1000
53012,1,1000
53027,1,1000
53031,1,1000
53064,1,1000
53071,1,1000
53087,1,1000
53111,1,1000
53148,1,1000
53205,1,1000
53225,1,1000
53225,1,1000
53238,1,1000
53292,1,1000
53293,1,1000
53324,1,1000
53347,1,1000
53412,1,1000
53529,1,1000
53535,1,1000
53582,1,1000
53707,1,1000
53711,1,1000
53750,1,1000
53756,1,1000
53789,1,1000
53790,1,1000
53817,1,1000
53839,1,1000
53851,1,1000
53873,1,1000
53877,1,1000
53880,1,1000
53893,1,1000
54009,1,1000
54041,1,1000
54090,1,1000
54125,1,1000
54126,1,1000
54127,1,1000
54164,1,1000
54184,1,1000
54204,1,1000
54219,1,1000
54239,1,1000
54252,1,1000
54289,1,1000
54311,1,1000
54347,1,1000
54372,1,1000
54392,1,1000
54412,1,1000
54490,1,1000
54497,1,1000
54537,1,1000
54550,1,1000
54577,1,1000
54597,1,1000
54631,1,1000
54689,1,1000
54709,1,1000
54717,1,1000
54723,1,1000
54748,1,1000
54785,1,1000
54833,1,1000
54856,1,1000
54919,1,1000
54933,1,1000
55004,1,1000
55029,1,1000
55048,1,1000
55068,1,1000
55069,1,1000
55069,1,1000
55083,1,1000
55089,1,1000
55089,1,1000
55141,1,1000
55157,1,1000
55177,1,1000
55213,1,1000
55240,1,1000
55312,1,1000
55455,1,1000
55469,1,1000
55549,1,1000
55553,1,1000
55638,1,1000
55663,1,1000
55663,1,1000
55721,1,1000
55770,1,1000
55865,1,1000
55890,1,1000
55895,1,1000
55910,1,1000
55915,1,1000
55917,1,1000
55924,1,1000
55924,1,1000
56018,1,1000
56040,1,1000
56047,1,1000
56075,1,1000
56113,1,1000
56125,1,1000
56127,1,1000
56163,1,1000
56192,1,1000
56193,1,1000
56197,1,1000
56234,1,1000
56245,1,1000
56319,1,1000
56353,1,1000
56370,1,1000
56398,1,1000
56428,1,1000
56435,1,1000
56440,1,1000
56444,1,1000
56485,1,1000
56486,1,1000
56486,1,1000
56487,1,1000
56539,1,1000
56559,1,1000
56565,1,1000
56568,1,1000
56595,1,1000
56596,1,1000
56606,1,1000
56625,1,1000
56642,1,1000
56645,1,1000
56688,1,1000
56690,1,1000
56693,1,1000
56708,1,1000
56714,1,1000
56744,1,1000
56781,1,1000
56783,1,1000
56802,1,1000
56861,1,1000
56865,1,1000
56867,1,1000
56871,1,1000
56878,1,1000
56881,1,1000
56886,1,1000
56892,1,1000
56899,1,1000
56900,1,1000
56916,1,1000
56952,1,1000
57022,1,1000
57022,1,1000
57055,1,1000
57057,1,1000
57125,1,1000
57153,1,1000
57175,1,1000
57220,1,1000
57230,1,1000
57239,1,1000
57257,1,1000
57295,1,1000
57298,1,1000
57308,1,1000
57322,1,1000
57323,1,1000
57365,1,1000
57406,1,1000
57455,1,1000
57470,1,1000
57536,1,1000
57576,1,1000
57640,1,1000
57681,1,1000
57710,1,1000
57739,1,1000
57814,1,1000
57867,1,1000
57882,1,1000
57887,1,1000
57893,1,1000
57937,1,1000
57950,1,1000
57950,1,1000
58005,1,1000
58012,1,1000
58025,1,1000
58073,1,1000
58099,1,1000
58111,1,1000
58114,1,1000
58170,1,1000
58213,1,1000
58224,1,1000
58255,1,1000
58255,1,1000
58259,1,1000
58269,1,1000
58285,1,1000
58304,1,1000
58339,1,1000
58371,1,1000
58379,1,1000
58391,1,1000
58399,1,1000
58405,1,1000
58442,1,1000
58519,1,1000
58520,1,1000
58523,1,1000
58534,1,1000
58545,1,1000
58599,1,1000
58606,1,1000
58611,1,1000
58671,1,1000
58680,1,1000
58701,1,1000
58701,1,1000
58770,1,1000
58800,1,1000
58814,1,1000
58830,1,1000
58845,1,1000
58951,1,1000
58964,1,1000
58987,1,1000
59003,1,1000
59027,1,1000
59061,1,1000
59078,1,1000
59145,1,1000
59189,1,1000
59194,1,1000
59232,1,1000
59233,1,1000
59244,1,1000
59261,1,1000
59313,1,1000
59322,1,1000
59345,1,1000
59395,1,1000
59409,1,1000
59423,1,1000
59427,1,1000
59435,1,1000
59479,1,1000
59502,1,1000
59503,1,1000
59511,1,1000
59581,1,1000
59605,1,1000
59616,1,1000
59631,1,1000
59667,1,1000
59672,1,1000
59689,1,1000
59693,1,1000
59705,1,1000
59738,1,1000
59747,1,1000
59765,1,1000
59790,1,1000
59805,1,1000
59826,1,1000
59836,1,1000
59866,1,1000
59876,1,1000
59877,1,1000
59881,1,1000
59929,1,1000
59930,1,1000
60106,1,1000
60118,1,1000
60121,1,1000
60180,1,1000
60209,1,1000
60228,1,1000
60243,1,1000
60266,1,1000
60282,1,1000
60283,1,1000
60290,1,1000
60293,1,1000
60298,1,1000
60343,1,1000
60346,1,1000
60364,1,1000
60370,1,1000
60397,1,1000
60414,1,1000
60419,1,1000
60432,1,1000
60434,1,1000
60444,1,1000
60462,1,1000
60476,1,1000
60529,1,1000
60589,1,1000
60596,1,1000
60600,1,1000
60639,1,1000
60662,1,1000
60705,1,1000
60740,1,1000
60751,1,1000
60789,1,1000
60791,1,1000
60858,1,1000
60922,1,1000
61035,1,1000
61059,1,1000
61127,1,1000
61135,1,1000
61160,1,1000
61161,1,1000
61175,1,1000
61199,1,1000
61217,1,1000
61279,1,1000
61304,1,1000
61343,1,1000
61345,1,1000
61429,1,1000
61431,1,1000
61484,1,1000
61499,1,1000
61511,1,1000
61583,1,1000
61600,1,1000
61614,1,1000
61639,1,1000
61683,1,1000
61707,1,1000
61716,1,1000
61732,1,1000
61766,1,1000
61768,1,1000
61797,1,1000
61802,1,1000
61808,1,1000
61821,1,1000
61836,1,1000
61845,1,1000
61929,1,1000
61940,1,1000
61946,1,1000
61956,1,1000
61967,1,1000
62004,1,1000
62035,1,1000
62042,1,1000
62045,1,1000
62062,1,1000
62065,1,1000
62098,1,1000
62102,1,1000
62103,1,1000
62124,1,1000
62159,1,1000
62183,1,1000
62201,1,1000
62208,1,1000
62210,1,1000
62225,1,1000
62236,1,1000
62271,1,1000
62294,1,1000
62387,1,1000
62396,1,1000
62411,1,1000
62431,1,1000
62458,1,1000
62487,1,1000
62543,1,1000
62546,1,1000
62565,1,1000
62581,1,1000
62597,1,1000
62603,1,1000
62617,1,1000
62642,1,1000
62675,1,1000
62683,1,1000
62688,1,1000
62733,1,1000
62738,1,1000
62758,1,1000
62804,1,1000
62832,1,1000
62844,1,1000
62861,1,1000
62895,1,1000
62922,1,1000
62928,1,1000
62976,1,1000
62978,1,1000
62980,1,1000
63007,1,1000
63010,1,1000
63026,1,1000
63049,1,1000
63061,1,1000
63072,1,1000
63076,1,1000
63089,1,1000
63093,1,1000
63121,1,1000
63130,1,1000
63154,1,1000
63191,1,1000
63209,1,1000
63239,1,1000
63266,1,1000
63289,1,1000
63297,1,1000
63300,1,1000
63302,1,1000
63303,1,1000
63315,1,1000
63329,1,1000
63342,1,1000
63381,1,1000
63473,1,1000
63512,1,1000
63523,1,1000
63539,1,1000
63549,1,1000
63561,1,1000
63586,1,1000
63602,1,1000
63641,1,1000
63648,1,1000
63658,1,1000
63661,1,1000
63661,1,1000
63683,1,1000
63719,1,1000
63747,1,1000
63767,1,1000
63772,1,1000
63776,1,1000
63797,1,1000
63917,1,1000
63939,1,1000
64016,1,1000
64081,1,1000
64087,1,1000
64104,1,1000
64134,1,1000
64209,1,1000
64215,1,1000
64238,1,1000
64349,1,1000
64372,1,1000
64391,1,1000
64400,1,1000
64435,1,1000
64457,1,1000
64508,1,1000
64510,1,1000
64516,1,1000
64519,1,1000
64520,1,1000
64550,1,1000
64566,1,1000
64569,1,1000
64569,1,1000
64587,1,1000
64596,1,1000
64626,1,1000
64714,1,1000
64738,1,1000
64784,1,1000
64800,1,1000
64810,1,1000
64826,1,1000
64859,1,1000
64863,1,1000
64897,1,1000
64963,1,1000
64986,1,1000
65048,1,1000
65057,1,1000
65057,1,1000
65065,1,1000
65069,1,1000
65072,1,1000
65072,1,1000
65077,1,1000
65091,1,1000
65249,1,1000
65265,1,1000
65383,1,1000
65421,1,1000
65425,1,1000
65445,1,1000
65490,1,1000
65506,1,1000
65510,1,1000
65529,1,1000
65568,1,1000
65594,1,1000
65606,1,1000
65615,1,1000
65616,1,1000
65662,1,1000
65675,1,1000
65677,1,1000
65718,1,1000
65744,1,1000
65771,1,1000
65784,1,1000
65792,1,1000
65859,1,1000
66054,1,1000
66054,1,1000
66075,1,1000
66088,1,1000
66156,1,1000
66185,1,1000
66192,1,1000
66193,1,1000
66232,1,1000
66241,1,1000
66303,1,1000
66316,1,1000
66321,1,1000
66356,1,1000
66360,1,1000
66379,1,1000
66389,1,1000
66426,1,1000
66446,1,1000
66458,1,1000
66488,1,1000
66508,1,1000
66540,1,1000
66547,1,1000
66638,1,1000
66694,1,1000
66700,1,1000
66731,1,1000
66740,1,1000
66817,1,1000
66853,1,1000
66913,1,1000
67044,1,1000
67050,1,1000
67112,1,1000
67114,1,1000
67125,1,1000
67195,1,1000
67261,1,1000
67308,1,1000
67324,1,1000
67344,1,1000
67361,1,1000
67368,1,1000
67387,1,1000
67389,1,1000
67416,1,1000
67424,1,1000
67441,1,1000
67449,1,1000
67457,1,1000
67475,1,1000
67515,1,1000
67547,1,1000
67569,1,1000
67593,1,1000
67623,1,1000
67629,1,1000
67650,1,1000
67650,1,1000
67737,1,1000
67769,1,1000
67781,1,1000
67807,1,1000
67812,1,1000
67835,1,1000
67837,1,1000
67838,1,1000
67861,1,1000
67863,1,1000
67876,1,1000
67899,1,1000
68055,1,1000
68072,1,1000
68082,1,1000
68103,1,1000
68112,1,1000
68119,1,1000
68139,1,1000
68139,1,1000
68154,1,1000
68157,1,1000
68185,1,1000
68188,1,1000
68192,1,1000
68258,1,1000
68289,1,1000
68338,1,1000
68368,1,1000
68375,1,1000
68393,1,1000
68454,1,1000
68457,1,1000
68466,1,1000
68476,1,1000
68486,1,1000
68515,1,1000
68545,1,1000
68624,1,1000
68644,1,1000
68678,1,1000
68699,1,1000
68735,1,1000
68757,1,1000
68758,1,1000
68798,1,1000
68842,1,1000
68854,1,1000
68875,1,1000
68886,1,1000
68909,1,1000
68918,1,1000
69003,1,1000
69005,1,1000
69052,1,1000
69062,1,1000
69078,1,1000
69078,1,1000
69115,1,1000
69117,1,1000
69152,1,1000
69213,1,1000
69231,1,1000
69257,1,1000
69280,1,1000
69299,1,1000
69345,1,1000
69354,1,1000
69364,1,1000
69482,1,1000
69489,1,1000
69509,1,1000
69531,1,1000
69553,1,1000
69556,1,1000
69561,1,1000
69594,1,1000
69705,1,1000
69709,1,1000
69718,1,1000
69755,1,1000
69756,1,1000
69767,1,1000
69800,1,1000
69803,1,1000
69814,1,1000
69829,1,1000
69843,1,1000
69854,1,1000
69856,1,1000
69874,1,1000
69940,1,1000
69942,1,1000
69993,1,1000
69994,1,1000
70061,1,1000
70110,1,1000
70111,1,1000
70124,1,1000
70129,1,1000
70176,1,1000
70200,1,1000
70204,1,1000
70207,1,1000
70253,1,1000
70261,1,1000
70264,1,1000
70311,1,1000
70345,1,1000
70346,1,1000
70361,1,1000
70387,1,1000
70404,1,1000
70448,1,1000
70459,1,1000
70459,1,1000
70478,1,1000
70479,1,1000
70481,1,1000
70545,1,1000
70550,1,1000
70559,1,1000
70564,1,1000
70568,1,1000
70579,1,1000
70602,1,1000
70611,1,1000
70645,1,1000
70649,1,1000
70654,1,1000
70668,1,1000
70682,1,1000
70727,1,1000
70732,1,1000
70733,1,1000
70766,1,1000
70790,1,1000
70827,1,1000
70848,1,1000
70868,1,1000
70919,1,1000
70930,1,1000
70942,1,1000
70965,1,1000
70968,1,1000
71010,1,1000
71017,1,1000
71018,1,1000
71104,1,1000
71145,1,1000
71210,1,1000
71216,1,1000
71241,1,1000
71244,1,1000
71276,1,1000
71277,1,1000
71292,1,1000
71353,1,1000
71365,1,1000
71373,1,1000
71375,1,1000
71400,1,1000
71402,1,1000
71417,1,1000
71437,1,1000
71448,1,1000
71453,1,1000
71479,1,1000
71510,1,1000
71526,1,1000
71572,1,1000
71601,1,1000
71618,1,1000
71640,1,1000
71655,1,1000
71656,1,1000
71658,1,1000
71665,1,1000
71670,1,1000
71720,1,1000
71721,1,1000
71724,1,1000
71773,1,1000
71778,1,1000
71781,1,1000
71819,1,1000
71835,1,1000
71872,1,1000
71886,1,1000
71907,1,1000
71961,1,1000
72001,1,1000
72003,1,1000
72004,1,1000
72010,1,1000
72012,1,1000
72024,1,1000
72028,1,1000
72087,1,1000
72094,1,1000
72111,1,1000
72111,1,1000
72112,1,1000
72113,1,1000
72141,1,1000
72164,1,1000
72169,1,1000
72238,1,1000
72240,1,1000
72248,1,1000
72283,1,1000
72314,1,1000
72332,1,1000
72421,1,1000
72446,1,1000
72468,1,1000
72468,1,1000
72509,1,1000
72569,1,1000
72581,1,1000
72590,1,1000
72656,1,1000
72678,1,1000
72695,1,1000
72716,1,1000
72776,1,1000
72785,1,1000
72851,1,1000
72851,1,1000
72869,1,1000
72901,1,1000
72901,1,1000
72903,1,1000
72905,1,1000
72929,1,1000
73000,1,1000
73019,1,1000
73074,1,1000
73136,1,1000
73188,1,1000
73191,1,1000
73274,1,1000
73281,1,1000
73295,1,1000
73438,1,1000
73452,1,1000
73465,1,1000
73495,1,1000
73507,1,1000
73516,1,1000
73529,1,1000
73531,1,1000
73545,1,1000
73586,1,1000
73590,1,1000
73630,1,1000
73632,1,1000
73646,1,1000
73646,1,1000
73689,1,1000
73737,1,1000
73738,1,1000
73785,1,1000
73787,1,1000
73809,1,1000
73815,1,1000
73848,1,1000
73891,1,1000
73923,1,1000
73950,1,1000
73951,1,1000
74008,1,1000
74016,1,1000
74108,1,1000
74120,1,1000
74120,1,1000
74120,1,1000
74138,1,1000
74164,1,1000
74217,1,1000
74232,1,1000
74260,1,1000
74297,1,1000
74319,1,1000
74367,1,1000
74371,1,1000
74413,1,1000
74428,1,1000
74464,1,1000
74465,1,1000
74545,1,1000
74549,1,1000
74549,1,1000
74582,1,1000
74619,1,1000
74630,1,1000
74631,1,1000
74634,1,1000
74648,1,1000
74710,1,1000
74734,1,1000
74749,1,1000
74751,1,1000
74761,1,1000
74806,1,1000
74812,1,1000
74814,1,1000
74815,1,1000
74817,1,1000
74818,1,1000
74819,1,1000
74820,1,1000
74838,1,1000
74860,1,1000
74892,1,1000
74947,1,1000
74961,1,1000
74974,1,1000
75004,1,1000
75030,1,1000
75055,1,1000
75076,1,1000
75085,1,1000
75101,1,1000
75140,1,1000
75176,1,1000
75185,1,1000
75211,1,1000
75231,1,1000
75242,1,1000
75250,1,1000
75263,1,1000
75289,1,1000
75294,1,1000
75306,1,1000
75306,1,1000
75319,1,1000
75324,1,1000
75334,1,1000
75369,1,1000
75378,1,1000
75382,1,1000
75383,1,1000
75411,1,1000
75418,1,1000
75455,1,1000
75525,1,1000
75554,1,1000
75589,1,1000
75599,1,1000
75603,1,1000
75656,1,1000
75658,1,1000
75672,1,1000
75700,1,1000
75703,1,1000
75707,1,1000
75758,1,1000
75763,1,1000
75781,1,1000
75821,1,1000
75838,1,1000
75872,1,1000
75881,1,1000
75904,1,1000
76006,1,1000
76018,1,1000
76039,1,1000
76047,1,1000
76066,1,1000
76157,1,1000
76179,1,1000
76249,1,1000
76257,1,1000
76270,1,1000
76271,1,1000
76294,1,1000
76324,1,1000
76387,1,1000
76464,1,1000
76465,1,1000
76476,1,1000
76494,1,1000
76544,1,1000
76544,1,1000
76553,1,1000
76557,1,1000
76604,1,1000
76647,1,1000
76696,1,1000
76709,1,1000
76724,1,1000
76728,1,1000
76743,1,1000
76756,1,1000
76786,1,1000
76835,1,1000
76860,1,1000
76871,1,1000
76882,1,1000
76889,1,1000
76907,1,1000
76924,1,1000
77009,1,1000
77010,1,1000
77046,1,1000
77070,1,1000
77074,1,1000
77092,1,1000
77185,1,1000
77208,1,1000
77253,1,1000
77273,1,1000
77327,1,1000
77338,1,1000
77428,1,1000
77437,1,1000
77493,1,1000
77498,1,1000
77524,1,1000
77588,1,1000
77648,1,1000
77650,1,1000
77654,1,1000
77668,1,1000
77695,1,1000
77740,1,1000
77740,1,1000
77772,1,1000
77775,1,1000
77817,1,1000
77818,1,1000
77838,1,1000
77861,1,1000
77892,1,1000
77928,1,1000
78014,1,1000
78028,1,1000
78034,1,1000
78035,1,1000
78090,1,1000
78096,1,1000
78100,1,1000
78130,1,1000
78133,1,1000
78141,1,1000
78187,1,1000
78192,1,1000
78217,1,1000
78228,1,1000
78246,1,1000
78396,1,1000
78398,1,1000
78430,1,1000
78451,1,1000
78465,1,1000
78524,1,1000
78540,1,1000
78562,1,1000
78578,1,1000
78588,1,1000
78603,1,1000
78614,1,1000
78627,1,1000
78684,1,1000
78719,1,1000
78729,1,1000
78778,1,1000
78791,1,1000
78798,1,1000
78801,1,1000
78837,1,1000
78840,1,1000
78875,1,1000
78907,1,1000
78916,1,1000
78952,1,1000
79080,1,1000
79113,1,1000
79165,1,1000
79183,1,1000
79210,1,1000
79251,1,1000
79298,1,1000
79314,1,1000
79377,1,1000
79388,1,1000
79409,1,1000
79419,1,1000
79435,1,1000
79449,1,1000
79454,1,1000
79465,1,1000
79465,1,1000
79537,1,1000
79565,1,1000
79577,1,1000
79596,1,1000
79605,1,1000
79691,1,1000
79698,1,1000
79725,1,1000
79732,1,1000
79774,1,1000
79805,1,1000
79809,1,1000
79811,1,1000
79848,1,1000
79881,1,1000
79886,1,1000
79911,1,1000
79960,1,1000
79966,1,1000
79972,1,1000
79988,1,1000
80013,1,1000
80038,1,1000
80047,1,1000
80092,1,1000
80107,1,1000
80143,1,1000
80160,1,1000
80190,1,1000
80224,1,1000
80293,1,1000
80327,1,1000
80344,1,1000
80363,1,1000
80437,1,1000
80472,1,1000
80508,1,1000
80558,1,1000
80559,1,1000
80584,1,1000
80591,1,1000
80599,1,1000
80603,1,1000
80635,1,1000
80679,1,1000
80684,1,1000
80714,1,1000
80718,1,1000
80738,1,1000
80747,1,1000
80751,1,1000
80783,1,1000
80805,1,1000
80842,1,1000
80893,1,1000
80926,1,1000
80953,1,1000
80953,1,1000
80967,1,1000
81002,1,1000
81014,1,1000
81020,1,1000
81060,1,1000
81060,1,1000
81067,1,1000
81076,1,1000
81115,1,1000
81115,1,1000
81144,1,1000
81153,1,1000
81191,1,1000
81228,1,1000
81236,1,1000
81237,1,1000
81285,1,1000
81287,1,1000
81296,1,1000
81359,1,1000
81368,1,1000
81373,1,1000
81375,1,1000
81376,1,1000
81382,1,1000
81450,1,1000
81496,1,1000
81510,1,1000
81570,1,1000
81576,1,1000
81582,1,1000
81593,1,1000
81601,1,1000
81603,1,1000
81677,1,1000
81690,1,1000
81703,1,1000
81735,1,1000
81752,1,1000
81755,1,1000
81804,1,1000
81820,1,1000
81831,1,1000
81831,1,1000
81835,1,1000
81842,1,1000
81891,1,1000
81902,1,1000
81909,1,1000
82015,1,1000
82041,1,1000
82067,1,1000
82084,1,1000
82128,1,1000
82136,1,1000
82142,1,1000
82152,1,1000
82168,1,1000
82204,1,1000
82211,1,1000
82235,1,1000
82252,1,1000
82257,1,1000
82262,1,1000
82266,1,1000
82309,1,1000
82320,1,1000
82338,1,1000
82377,1,1000
82452,1,1000
82533,1,1000
82535,1,1000
82562,1,1000
82571,1,1000
82636,1,1000
82652,1,1000
82659,1,1000
82684,1,1000
82690,1,1000
82696,1,1000
82735,1,1000
82764,1,1000
82774,1,1000
82778,1,1000
82802,1,1000
82828,1,1000
82896,1,1000
82905,1,1000
82933,1,1000
82936,1,1000
83022,1,1000
83045,1,1000
83053,1,1000
83054,1,1000
83083,1,1000
83085,1,1000
83113,1,1000
83149,1,1000
83215,1,1000
83223,1,1000
83238,1,1000
83240,1,1000
83254,1,1000
83261,1,1000
83264,1,1000
83295,1,1000
83296,1,1000
83301,1,1000
83320,1,1000
83362,1,1000
83363,1,1000
83381,1,1000
83385,1,1000
83397,1,1000
83431,1,1000
83433,1,1000
83439,1,1000
83482,1,1000
83528,1,1000
83562,1,1000
83563,1,1000
83616,1,1000
83647,1,1000
83665,1,1000
83683,1,1000
83690,1,1000
83703,1,1000
83742,1,1000
83745,1,1000
83756,1,1000
83807,1,1000
83837,1,1000
83850,1,1000
84011,1,1000
84022,1,1000
84031,1,1000
84062,1,1000
84145,1,1000
84145,1,1000
84205,1,1000
84210,1,1000
84226,1,1000
84244,1,1000
84261,1,1000
84262,1,1000
84297,1,1000
84316,1,1000
84316,1,1000
84342,1,1000
84371,1,1000
84416,1,1000
84416,1,1000
84460,1,1000
84507,1,1000
84552,1,1000
84589,1,1000
84612,1,1000
84634,1,1000
84688,1,1000
84743,1,1000
84745,1,1000
84752,1,1000
84777,1,1000
84790,1,1000
84806,1,1000
84878,1,1000
84920,1,1000
84927,1,1000
84941,1,1000
84960,1,1000
84964,1,1000
84995,1,1000
85031,1,1000
85059,1,1000
85092,1,1000
85095,1,1000
85125,1,1000
85142,1,1000
85152,1,1000
85167,1,1000
85195,1,1000
85204,1,1000
85236,1,1000
85244,1,1000
85246,1,1000
85253,1,1000
85265,1,1000
85273,1,1000
85283,1,1000
85302,1,1000
85308,1,1000
85311,1,1000
85395,1,1000
85438,1,1000
85465,1,1000
85530,1,1000
85537,1,1000
85545,1,1000
85582,1,1000
85588,1,1000
85605,1,1000
85622,1,1000
85632,1,1000
85712,1,1000
85716,1,1000
85730,1,1000
85808,1,1000
85879,1,1000
85881,1,1000
85888,1,1000
85924,1,1000
85927,1,1000
85933,1,1000
86014,1,1000
86021,1,1000
86025,1,1000
86042,1,1000
86076,1,1000
86104,1,1000
86131,1,1000
86152,1,1000
86164,1,1000
86186,1,1000
86188,1,1000
86191,1,1000
86222,1,1000
86231,1,1000
86236,1,1000
86254,1,1000
86282,1,1000
86292,1,1000
86395,1,1000
86420,1,1000
86421,1,1000
86424,1,1000
86433,1,1000
86435,1,1000
86448,1,1000
86459,1,1000
86464,1,1000
86503,1,1000
86538,1,1000
86581,1,1000
86595,1,1000
86600,1,1000
86609,1,1000
86613,1,1000
86623,1,1000
86647,1,1000
86668,1,1000
86678,1,1000
86697,1,1000
86712,1,1000
86714,1,1000
86717,1,1000
86751,1,1000
86770,1,1000
86774,1,1000
86795,1,1000
86798,1,1000
86814,1,1000
86842,1,1000
86847,1,1000
86859,1,1000
86867,1,1000
86868,1,1000
86899,1,1000
87018,1,1000
87027,1,1000
87050,1,1000
87051,1,1000
87069,1,1000
87073,1,1000
87081,1,1000
87107,1,1000
87116,1,1000
87153,1,1000
87204,1,1000
87209,1,1000
87215,1,1000
87260,1,1000
87273,1,1000
87288,1,1000
87306,1,1000
87317,1,1000
87380,1,1000
87391,1,1000
87391,1,1000
87451,1,1000
87492,1,1000
87496,1,1000
87563,1,1000
87565,1,1000
87692,1,1000
87719,1,1000
87732,1,1000
87736,1,1000
87754,1,1000
87826,1,1000
87836,1,1000
87889,1,1000
87945,1,1000
87948,1,1000
87978,1,1000
87982,1,1000
88013,1,1000
88020,1,1000
88035,1,1000
88120,1,1000
88144,1,1000
88168,1,1000
88194,1,1000
88245,1,1000
88247,1,1000
88348,1,1000
88387,1,1000
88407,1,1000
88412,1,1000
88466,1,1000
88486,1,1000
88503,1,1000
88579,1,1000
88623,1,1000
88640,1,1000
88703,1,1000
88708,1,1000
88737,1,1000
88743,1,1000
88753,1,1000
88788,1,1000
88797,1,1000
88862,1,1000
88881,1,1000
88885,1,1000
88975,1,1000
89037,1,1000
89077,1,1000
89091,1,1000
89108,1,1000
89126,1,1000
89126,1,1000
89130,1,1000
89145,1,1000
89152,1,1000
89172,1,1000
89222,1,1000
89227,1,1000
89245,1,1000
89280,1,1000
89284,1,1000
89286,1,1000
89288,1,1000
89304,1,1000
89304,1,1000
89339,1,1000
89395,1,1000
89406,1,1000
89416,1,1000
89426,1,1000
89456,1,1000
89461,1,1000
89463,1,1000
89463,1,1000
89485,1,1000
89504,1,1000
89547,1,1000
89610,1,1000
89614,1,1000
89667,1,1000
89674,1,1000
89678,1,1000
89680,1,1000
89716,1,1000
89717,1,1000
89746,1,1000
89787,1,1000
89813,1,1000
89814,1,1000
89862,1,1000
89869,1,1000
89873,1,1000
89896,1,1000
89926,1,1000
89958,1,1000
90015,1,1000
90042,1,1000
90060,1,1000
90088,1,1000
90128,1,1000
90251,1,1000
90254,1,1000
90263,1,1000
90310,1,1000
90321,1,1000
90326,1,1000
90347,1,1000
90378,1,1000
90403,1,1000
90405,1,1000
90416,1,1000
90439,1,1000
90442,1,1000
90465,1,1000
90507,1,1000
90525,1,1000
90584,1,1000
90590,1,1000
90594,1,1000
90683,1,1000
90697,1,1000
90729,1,1000
90762,1,1000
90792,1,1000
90847,1,1000
90861,1,1000
90873,1,1000
90875,1,1000
90941,1,1000
90945,1,1000
91017,1,1000
91029,1,1000
91031,1,1000
91066,1,1000
91085,1,1000
91085,1,1000
91128,1,1000
91133,1,1000
91138,1,1000
91165,1,1000
91192,1,1000
91203,1,1000
91231,1,1000
91240,1,1000
91267,1,1000
91278,1,1000
91302,1,1000
91304,1,1000
91343,1,1000
91359,1,1000
91405,1,1000
91409,1,1000
91425,1,1000
91436,1,1000
91453,1,1000
91567,1,1000
91569,1,1000
91585,1,1000
91588,1,1000
91714,1,1000
91747,1,1000
91759,1,1000
91768,1,1000
91790,1,1000
91898,1,1000
91901,1,1000
91954,1,1000
92007,1,1000
92033,1,1000
92059,1,1000
92064,1,1000
92073,1,1000
92085,1,1000
92087,1,1000
92098,1,1000
92106,1,1000
92126,1,1000
92135,1,1000
92169,1,1000
92170,1,1000
92200,1,1000
92233,1,1000
92252,1,1000
92328,1,1000
92329,1,1000
92338,1,1000
92435,1,1000
92448,1,1000
92465,1,1000
92480,1,1000
92515,1,1000
92595,1,1000
92604,1,1000
92621,1,1000
92627,1,1000
92642,1,1000
92656,1,1000
92747,1,1000
92765,1,1000
92838,1,1000
92849,1,1000
92868,1,1000
92874,1,1000
92874,1,1000
92898,1,1000
92925,1,1000
92934,1,1000
92934,1,1000
92944,1,1000
93062,1,1000
93118,1,1000
93134,1,1000
93141,1,1000
93166,1,1000
93203,1,1000
93252,1,1000
93401,1,1000
93402,1,1000
93418,1,1000
93514,1,1000
93541,1,1000
93588,1,1000
93654,1,1000
93662,1,1000
93703,1,1000
93741,1,1000
93754,1,1000
93772,1,1000
93796,1,1000
93816,1,1000
93854,1,1000
93861,1,1000
93892,1,1000
93892,1,1000
93913,1,1000
93929,1,1000
94001,1,1000
94004,1,1000
94012,1,1000
94069,1,1000
94077,1,1000
94080,1,1000
94101,1,1000
94127,1,1000
94196,1,1000
94198,1,1000
94222,1,1000
94245,1,1000
94255,1,1000
94271,1,1000
94313,1,1000
94322,1,1000
94358,1,1000
94369,1,1000
94396,1,1000
94515,1,1000
94521,1,1000
94574,1,1000
94627,1,1000
94630,1,1000
94636,1,1000
94649,1,1000
94655,1,1000
94655,1,1000
94665,1,1000
94740,1,1000
94779,1,1000
94787,1,1000
94845,1,1000
94849,1,1000
94859,1,1000
94860,1,1000
94862,1,1000
94880,1,1000
94882,1,1000
94890,1,1000
94893,1,1000
94933,1,1000
94938,1,1000
95012,1,1000
95020,1,1000
95020,1,1000
95089,1,1000
95090,1,1000
95122,1,1000
95138,1,1000
95219,1,1000
95231,1,1000
95270,1,1000
95303,1,1000
95315,1,1000
95412,1,1000
95413,1,1000
95437,1,1000
95480,1,1000
95564,1,1000
95574,1,1000
95594,1,1000
95631,1,1000
95695,1,1000
95718,1,1000
95745,1,1000
95780,1,1000
95862,1,1000
95866,1,1000
95892,1,1000
95953,1,1000
95969,1,1000
96011,1,1000
96013,1,1000
96026,1,1000
96029,1,1000
96029,1,1000
96054,1,1000
96226,1,1000
96231,1,1000
96233,1,1000
96235,1,1000
96268,1,1000
96281,1,1000
96287,1,1000
96287,1,1000
96308,1,1000
96318,1,1000
96319,1,1000
96332,1,1000
96349,1,1000
96351,1,1000
96353,1,1000
96353,1,1000
96354,1,1000
96381,1,1000
96429,1,1000
96463,1,1000
96519,1,1000
96540,1,1000
96543,1,1000
96567,1,1000
96578,1,1000
96579,1,1000
96581,1,1000
96581,1,1000
96587,1,1000
96589,1,1000
96606,1,1000
96641,1,1000
96660,1,1000
96662,1,1000
96667,1,1000
96694,1,1000
96701,1,1000
96718,1,1000
96749,1,1000
96750,1,1000
96770,1,1000
96772,1,1000
96785,1,1000
96803,1,1000
96820,1,1000
96833,1,1000
96859,1,1000
97012,1,1000
97037,1,1000
97109,1,1000
97135,1,1000
97170,1,1000
97189,1,1000
97189,1,1000
97189,1,1000
97196,1,1000
97196,1,1000
97214,1,1000
97236,1,1000
97260,1,1000
97266,1,1000
97321,1,1000
97361,1,1000
97378,1,1000
97384,1,1000
97407,1,1000
97411,1,1000
97453,1,1000
97466,1,1000
97468,1,1000
97469,1,1000
97477,1,1000
97530,1,1000
97546,1,1000
97556,1,1000
97573,1,1000
97599,1,1000
97619,1,1000
97631,1,1000
97673,1,1000
97679,1,1000
97697,1,1000
97730,1,1000
97751,1,1000
97777,1,1000
97791,1,1000
97834,1,1000
97847,1,1000
97866,1,1000
97884,1,1000
97891,1,1000
97915,1,1000
97925,1,1000
97945,1,1000
97959,1,1000
97985,1,1000
97989,1,1000
97991,1,1000
98000,1,1000
98030,1,1000
98060,1,1000
98063,1,1000
98076,1,1000
98122,1,1000
98132,1,1000
98150,1,1000
98152,1,1000
98154,1,1000
98188,1,1000
98188,1,1000
98255,1,1000
98277,1,1000
98322,1,1000
98337,1,1000
98361,1,1000
98371,1,1000
98392,1,1000
98401,1,1000
98435,1,1000
98438,1,1000
98493,1,1000
98498,1,1000
98506,1,1000
98522,1,1000
98561,1,1000
98567,1,1000
98600,1,1000
98626,1,1000
98629,1,1000
98677,1,1000
98690,1,1000
98740,1,1000
98744,1,1000
98797,1,1000
98801,1,1000
98811,1,1000
98827,1,1000
98834,1,1000
98840,1,1000
98867,1,1000
98875,1,1000
98888,1,1000
98922,1,1000
98937,1,1000
98940,1,1000
98996,1,1000
99018,1,1000
99127,1,1000
99185,1,1000
99216,1,1000
99231,1,1000
99233,1,1000
99244,1,1000
99252,1,1000
99257,1,1000
99302,1,1000
99335,1,1000
99344,1,1000
99390,1,1000
99394,1,1000
99398,1,1000
99406,1,1000
99411,1,1000
99496,1,1000
99511,1,1000
99513,1,1000
99548,1,1000
99550,1,1000
99560,1,1000
99605,1,1000
99614,1,1000
99659,1,1000
99678,1,1000
99684,1,1000
99687,1,1000
99703,1,1000
99729,1,1000
99775,1,1000
99786,1,1000
99851,1,1000
99851,1,1000
99870,1,1000
99871,1,1000
99883,1,1000
99899,1,1000
99915,1,1000
99936,1,1000
99954,1,1000
99977,1,1000
99987,1,1000
100010,1,1000
100049,1,1000
100072,1,1000
100118,1,1000
100229,1,1000
100261,1,1000
100262,1,1000
100281,1,1000
100292,1,1000
100316,1,1000
100338,1,1000
100362,1,1000
100386,1,1000
100402,1,1000
100421,1,1000
100466,1,1000
100467,1,1000
100486,1,1000
100492,1,1000
100523,1,1000
100536,1,1000
100574,1,1000
100578,1,1000
100613,1,1000
100673,1,1000
100687,1,1000
100693,1,1000
100773,1,1000
100783,1,1000
100820,1,1000
100833,1,1000
100864,1,1000
100872,1,1000
100876,1,1000
100933,1,1000
100988,1,1000
101033,1,1000
101034,1,1000
101142,1,1000
101158,1,1000
101171,1,1000
101187,1,1000
101201,1,1000
101233,1,1000
101249,1,1000
101273,1,1000
101294,1,1000
101329,1,1000
101341,1,1000
101344,1,1000
101373,1,1000
101390,1,1000
101415,1,1000
101466,1,1000
101502,1,1000
101556,1,1000
101556,1,1000
101556,1,1000
101562,1,1000
101566,1,1000
101631,1,1000
101642,1,1000
101658,1,1000
101661,1,1000
101671,1,1000
101713,1,1000
101717,1,1000
101739,1,1000
101787,1,1000
101815,1,1000
101817,1,1000
101824,1,1000
102009,1,1000
102013,1,1000
102025,1,1000
102028,1,1000
102045,1,1000
102105,1,1000
102134,1,1000
102151,1,1000
102165,1,1000
102204,1,1000
102240,1,1000
102252,1,1000
102277,1,1000
102289,1,1000
102336,1,1000
102339,1,1000
102365,1,1000
102369,1,1000
102377,1,1000
102418,1,1000
102430,1,1000
102447,1,1000
102466,1,1000
102478,1,1000
102574,1,1000
102621,1,1000
102639,1,1000
102691,1,1000
102704,1,1000
102778,1,1000
102804,1,1000
102842,1,1000
102858,1,1000
102858,1,1000
102871,1,1000
102874,1,1000
102877,1,1000
102898,1,1000
102907,1,1000
102965,1,1000
103013,1,1000
103016,1,1000
103018,1,1000
103019,1,1000
103034,1,1000
103100,1,1000
103106,1,1000
103107,1,1000
103113,1,1000
103114,1,1000
103123,1,1000
103174,1,1000
103185,1,1000
103193,1,1000
103196,1,1000
103275,1,1000
103334,1,1000
103346,1,1000
103358,1,1000
103377,1,1000
103386,1,1000
103394,1,1000
103405,1,1000
103414,1,1000
103437,1,1000
103484,1,1000
103516,1,1000
103528,1,1000
103551,1,1000
103613,1,1000
103615,1,1000
103638,1,1000
103650,1,1000
103665,1,1000
103709,1,1000
103723,1,1000
103724,1,1000
103742,1,1000
103755,1,1000
103818,1,1000
103831,1,1000
103993,1,1000
104005,1,1000
104011,1,1000
104031,1,1000
104043,1,1000
104088,1,1000
104094,1,1000
104121,1,1000
104173,1,1000
104188,1,1000
104198,1,1000
104199,1,1000
104224,1,1000
104233,1,1000
104239,1,1000
104253,1,1000
104257,1,1000
104264,1,1000
104302,1,1000
104353,1,1000
104407,1,1000
104417,1,1000
104447,1,1000
104449,1,1000
104461,1,1000
104477,1,1000
104500,1,1000
104529,1,1000
104557,1,1000
104560,1,1000
104564,1,1000
104586,1,1000
104612,1,1000
104636,1,1000
104643,1,1000
104680,1,1000
104695,1,1000
104705,1,1000
104764,1,1000
104767,1,1000
104782,1,1000
104818,1,1000
104838,1,1000
104876,1,1000
104898,1,1000
104899,1,1000
104924,1,1000
104943,1,1000
104947,1,1000
104948,1,1000
104949,1,1000
105009,1,1000
105050,1,1000
105059,1,1000
105061,1,1000
105065,1,1000
105068,1,1000
105102,1,1000
105108,1,1000
105116,1,1000
105130,1,1000
105131,1,1000
105133,1,1000
105173,1,1000
105173,1,1000
105196,1,1000
105237,1,1000
105247,1,1000
105252,1,1000
105287,1,1000
105298,1,1000
105355,1,1000
105404,1,1000
105430,1,1000
105470,1,1000
105495,1,1000
105545,1,1000
105548,1,1000
105554,1,1000
105555,1,1000
105595,1,1000
105601,1,1000
105636,1,1000
105646,1,1000
105675,1,1000
105692,1,1000
105719,1,1000
105736,1,1000
105768,1,1000
105821,1,1000
105829,1,1000
105869,1,1000
105874,1,1000
105896,1,1000
105903,1,1000
105907,1,1000
105920,1,1000
105971,1,1000
105986,1,1000
106012,1,1000
106052,1,1000
106063,1,1000
106065,1,1000
106095,1,1000
106111,1,1000
106181,1,1000
106205,1,1000
106212,1,1000
106255,1,1000
106281,1,1000
106299,1,1000
106370,1,1000
106391,1,1000
106404,1,1000
106423,1,1000
106429,1,1000
106440,1,1000
106448,1,1000
106545,1,1000
106555,1,1000
106602,1,1000
106632,1,1000
106659,1,1000
106679,1,1000
106710,1,1000
106732,1,1000
106766,1,1000
106797,1,1000
106856,1,1000
106859,1,1000
106863,1,1000
106872,1,1000
106918,1,1000
106941,1,1000
106943,1,1000
106959,1,1000
106970,1,1000
106989,1,1000
107007,1,1000
107008,1,1000
107013,1,1000
107037,1,1000
107038,1,1000
107047,1,1000
107057,1,1000
107058,1,1000
107080,1,1000
107111,1,1000
107143,1,1000
107166,1,1000
107223,1,1000
107247,1,1000
107260,1,1000
107273,1,1000
107301,1,1000
107339,1,1000
107339,1,1000
107371,1,1000
107424,1,1000
107444,1,1000
107472,1,1000
107483,1,1000
107490,1,1000
107490,1,1000
107533,1,1000
107545,1,1000
107558,1,1000
107561,1,1000
107651,1,1000
107674,1,1000
107680,1,1000
107693,1,1000
107698,1,1000
107717,1,1000
107741,1,1000
107751,1,1000
107761,1,1000
107770,1,1000
107790,1,1000
107794,1,1000
107817,1,1000
107820,1,1000
107848,1,1000
107866,1,1000
107890,1,1000
107914,1,1000
108061,1,1000
108070,1,1000
108100,1,1000
108113,1,1000
108155,1,1000
108172,1,1000
108175,1,1000
108190,1,1000
108233,1,1000
108266,1,1000
108289,1,1000
108305,1,1000
108320,1,1000
108323,1,1000
108332,1,1000
108348,1,1000
108361,1,1000
108377,1,1000
108389,1,1000
108413,1,1000
108413,1,1000
108417,1,1000
108417,1,1000
108454,1,1000
108512,1,1000
108518,1,1000
108534,1,1000
108537,1,1000
108554,1,1000
108593,1,1000
108673,1,1000
108686,1,1000
108708,1,1000
108715,1,1000
108769,1,1000
108770,1,1000
108785,1,1000
108795,1,1000
108841,1,1000
108864,1,1000
108894,1,1000
108944,1,1000
108976,1,1000
109003,1,1000
109005,1,1000
109021,1,1000
109030,1,1000
109038,1,1000
109039,1,1000
109078,1,1000
109086,1,1000
109104,1,1000
109143,1,1000
109174,1,1000
109189,1,1000
109190,1,1000
109305,1,1000
109319,1,1000
109321,1,1000
109342,1,1000
109346,1,1000
109356,1,1000
109383,1,1000
109406,1,1000
109409,1,1000
109411,1,1000
109477,1,1000
109520,1,1000
109534,1,1000
109560,1,1000
109617,1,1000
109706,1,1000
109720,1,1000
109761,1,1000
109773,1,1000
109786,1,1000
109802,1,1000
109803,1,1000
109809,1,1000
109809,1,1000
109812,1,1000
109846,1,1000
109857,1,1000
109870,1,1000
109931,1,1000
110008,1,1000
110008,1,1000
110032,1,1000
110036,1,1000
110047,1,1000
110066,1,1000
110073,1,1000
110094,1,1000
110099,1,1000
110108,1,1000
110112,1,1000
110130,1,1000
110190,1,1000
110222,1,1000
110281,1,1000
110294,1,1000
110357,1,1000
110367,1,1000
110370,1,1000
110380,1,1000
110430,1,1000
110438,1,1000
110451,1,1000
110458,1,1000
110484,1,1000
110489,1,1000
110497,1,1000
110517,1,1000
110521,1,1000
110524,1,1000
110541,1,1000
110553,1,1000
110644,1,1000
110693,1,1000
110825,1,1000
110828,1,1000
110845,1,1000
110860,1,1000
110874,1,1000
110874,1,1000
110880,1,1000
110880,1,1000
110902,1,1000
110917,1,1000
110955,1,1000
111041,1,1000
111043,1,1000
111045,1,1000
111062,1,1000
111093,1,1000
111094,1,1000
111114,1,1000
111135,1,1000
111168,1,1000
111168,1,1000
111200,1,1000
111225,1,1000
111286,1,1000
111328,1,1000
111341,1,1000
111352,1,1000
111358,1,1000
111363,1,1000
111380,1,1000
111407,1,1000
111460,1,1000
111479,1,1000
111483,1,1000
111550,1,1000
111581,1,1000
111597,1,1000
111607,1,1000
111631,1,1000
111635,1,1000
111643,1,1000
111669,1,1000
111674,1,1000
111681,1,1000
111728,1,1000
111763,1,1000
111785,1,1000
111793,1,1000
111813,1,1000
111817,1,1000
111829,1,1000
111838,1,1000
111857,1,1000
111912,1,1000
112006,1,1000
112023,1,1000
112029,1,1000
112037,1,1000
112053,1,1000
112109,1,1000
112143,1,1000
112162,1,1000
112168,1,1000
112168,1,1000
112261,1,1000
112266,1,1000
112272,1,1000
112295,1,1000
112317,1,1000
112350,1,1000
112413,1,1000
112460,1,1000
112511,1,1000
112545,1,1000
112571,1,1000
112595,1,1000
112616,1,1000
112617,1,1000
112628,1,1000
112631,1,1000
112673,1,1000
112700,1,1000
112701,1,1000
112711,1,1000
112722,1,1000
112724,1,1000
112728,1,1000
112752,1,1000
112770,1,1000
112852,1,1000
112879,1,1000
112881,1,1000
112950,1,1000
112958,1,1000
113111,1,1000
113133,1,1000
113177,1,1000
113183,1,1000
113198,1,1000
113246,1,1000
113256,1,1000
113258,1,1000
113262,1,1000
113332,1,1000
113340,1,1000
113372,1,1000
113429,1,1000
113436,1,1000
113498,1,1000
113523,1,1000
113593,1,1000
113624,1,1000
113649,1,1000
113669,1,1000
113702,1,1000
113712,1,1000
113717,1,1000
113737,1,1000
113747,1,1000
113752,1,1000
113770,1,1000
113773,1,1000
113780,1,1000
113786,1,1000
113811,1,1000
113897,1,1000
113904,1,1000
113966,1,1000
114012,1,1000
114024,1,1000
114027,1,1000
114091,1,1000
114130,1,1000
114136,1,1000
114151,1,1000
114168,1,1000
114173,1,1000
114195,1,1000
114201,1,1000
114324,1,1000
114333,1,1000
114338,1,1000
114351,1,1000
114416,1,1000
114431,1,1000
114478,1,1000
114487,1,1000
114516,1,1000
114533,1,1000
114540,1,1000
114541,1,1000
114557,1,1000
114562,1,1000
114663,1,1000
114667,1,1000
114691,1,1000
114693,1,1000
114713,1,1000
114755,1,1000
114783,1,1000
114801,1,1000
114814,1,1000
114835,1,1000
114862,1,1000
114870,1,1000
114914,1,1000
114942,1,1000
114943,1,1000
114992,1,1000
114998,1,1000
115006,1,1000
115017,1,1000
115023,1,1000
115024,1,1000
115045,1,1000
115142,1,1000
115153,1,1000
115201,1,1000
115208,1,1000
115226,1,1000
115259,1,1000
115275,1,1000
115285,1,1000
115315,1,1000
115320,1,1000
115321,1,1000
115321,1,1000
115326,1,1000
115335,1,1000
115340,1,1000
115348,1,1000
115365,1,1000
115399,1,1000
115424,1,1000
115427,1,1000
115465,1,1000
115470,1,1000
115480,1,1000
115498,1,1000
115506,1,1000
115553,1,1000
115567,1,1000
115606,1,1000
115637,1,1000
115676,1,1000
115680,1,1000
115708,1,1000
115718,1,1000
115787,1,1000
115789,1,1000
115792,1,1000
115798,1,1000
115802,1,1000
115807,1,1000
115830,1,1000
115848,1,1000
115905,1,1000
115911,1,1000
115950,1,1000
115951,1,1000
115965,1,1000
115978,1,1000
116016,1,1000
116017,1,1000
116026,1,1000
116032,1,1000
116036,1,1000
116052,1,1000
116071,1,1000
116072,1,1000
116118,1,1000
116218,1,1000
116224,1,1000
116239,1,1000
116243,1,1000
116271,1,1000
116281,1,1000
116322,1,1000
116327,1,1000
116344,1,1000
116355,1,1000
116357,1,1000
116366,1,1000
116366,1,1000
116387,1,1000
116416,1,1000
116475,1,1000
116480,1,1000
116484,1,1000
116493,1,1000
116508,1,1000
116518,1,1000
116537,1,1000
116648,1,1000
116648,1,1000
116650,1,1000
116651,1,1000
116677,1,1000
116680,1,1000
116734,1,1000
116757,1,1000
116781,1,1000
116844,1,1000
116862,1,1000
116865,1,1000
117075,1,1000
117093,1,1000
117093,1,1000
117129,1,1000
117130,1,1000
117172,1,1000
117246,1,1000
117271,1,1000
117336,1,1000
117353,1,1000
117353,1,1000
117376,1,1000
117377,1,1000
117382,1,1000
117411,1,1000
117420,1,1000
117426,1,1000
117440,1,1000
117454,1,1000
117503,1,1000
117525,1,1000
117541,1,1000
117548,1,1000
117550,1,1000
117566,1,1000
117619,1,1000
117622,1,1000
117639,1,1000
117648,1,1000
117703,1,1000
117735,1,1000
117736,1,1000
117840,1,1000
117864,1,1000
117869,1,1000
117875,1,1000
117882,1,1000
118003,1,1000
118024,1,1000
118059,1,1000
118062,1,1000
118065,1,1000
118069,1,1000
118090,1,1000
118096,1,1000
118112,1,1000
118133,1,1000
118134,1,1000
118193,1,1000
118199,1,1000
118206,1,1000
118210,1,1000
118218,1,1000
118226,1,1000
118227,1,1000
118266,1,1000
118284,1,1000
118285,1,1000
118287,1,1000
118294,1,1000
118304,1,1000
118388,1,1000
118424,1,1000
118466,1,1000
118481,1,1000
118499,1,1000
118521,1,1000
118579,1,1000
118599,1,1000
118634,1,1000
118654,1,1000
118685,1,1000
118731,1,1000
118733,1,1000
118767,1,1000
118780,1,1000
118784,1,1000
118793,1,1000
118839,1,1000
118847,1,1000
118905,1,1000
119026,1,1000
119098,1,1000
119150,1,1000
119190,1,1000
119194,1,1000
119216,1,1000
119247,1,1000
119296,1,1000
119297,1,1000
119309,1,1000
119319,1,1000
119393,1,1000
119437,1,1000
119450,1,1000
119450,1,1000
119541,1,1000
119550,1,1000
119557,1,1000
119566,1,1000
119620,1,1000
119731,1,1000
119775,1,1000
119780,1,1000
119782,1,1000
119793,1,1000
119803,1,1000
119848,1,1000
119886,1,1000
119886,1,1000
119909,1,1000
120028,1,1000
120083,1,1000
120095,1,1000
120106,1,1000
120108,1,1000
120122,1,1000
120168,1,1000
120236,1,1000
120241,1,1000
120247,1,1000
120363,1,1000
120377,1,1000
120394,1,1000
120422,1,1000
120427,1,1000
120438,1,1000
120439,1,1000
120448,1,1000
120460,1,1000
120494,1,1000
120537,1,1000
120571,1,1000
120597,1,1000
120719,1,1000
120726,1,1000
120741,1,1000
120764,1,1000
120769,1,1000
120783,1,1000
120784,1,1000
120799,1,1000
120804,1,1000
120826,1,1000
120831,1,1000
120932,1,1000
120943,1,1000
120948,1,1000
120982,1,1000
121004,1,1000
121010,1,1000
121051,1,1000
121130,1,1000
121156,1,1000
121194,1,1000
121201,1,1000
121218,1,1000
121265,1,1000
121270,1,1000
121275,1,1000
121317,1,1000
121326,1,1000
121331,1,1000
121351,1,1000
121363,1,1000
121410,1,1000
121436,1,1000
121438,1,1000
121444,1,1000
121448,1,1000
121455,1,1000
121492,1,1000
121503,1,1000
121506,1,1000
121511,1,1000
121519,1,1000
121536,1,1000
121586,1,1000
121624,1,1000
121664,1,1000
121675,1,1000
121698,1,1000
121702,1,1000
121750,1,1000
121761,1,1000
121776,1,1000
121822,1,1000
121823,1,1000
121834,1,1000
121865,1,1000
121881,1,1000
121897,1,1000
121899,1,1000
122023,1,1000
122033,1,1000
122043,1,1000
122072,1,1000
122082,1,1000
122086,1,1000
122106,1,1000
122130,1,1000
122133,1,1000
122172,1,1000
122191,1,1000
122220,1,1000
122246,1,1000
122278,1,1000
122366,1,1000
122382,1,1000
122420,1,1000
122423,1,1000
122423,1,1000
122432,1,1000
122465,1,1000
122479,1,1000
122483,1,1000
122485,1,1000
122487,1,1000
122490,1,1000
122494,1,1000
122513,1,1000
122574,1,1000
122581,1,1000
122596,1,1000
122599,1,1000
122614,1,1000
122616,1,1000
122620,1,1000
122624,1,1000
122627,1,1000
122628,1,1000
122670,1,1000
122743,1,1000
122748,1,1000
122766,1,1000
122781,1,1000
122808,1,1000
122814,1,1000
123010,1,1000
123141,1,1000
123158,1,1000
123176,1,1000
123178,1,1000
123182,1,1000
123218,1,1000
123231,1,1000
123234,1,1000
123248,1,1000
123251,1,1000
123308,1,1000
123323,1,1000
123362,1,1000
123413,1,1000
123421,1,1000
123421,1,1000
123436,1,1000
123451,1,1000
123459,1,1000
123481,1,1000
123496,1,1000
123514,1,1000
123578,1,1000
123678,1,1000
123684,1,1000
123719,1,1000
123843,1,1000
123873,1,1000
123896,1,1000
123896,1,1000
123916,1,1000
123918,1,1000
123934,1,1000
124013,1,1000
124028,1,1000
124029,1,1000
124111,1,1000
124125,1,1000
124146,1,1000
124147,1,1000
124161,1,1000
124306,1,1000
124321,1,1000
124338,1,1000
124349,1,1000
124357,1,1000
124382,1,1000
124388,1,1000
124426,1,1000
124437,1,1000
124455,1,1000
124462,1,1000
124475,1,1000
124489,1,1000
124550,1,1000
124550,1,1000
124561,1,1000
124568,1,1000
124571,1,1000
124599,1,1000
124642,1,1000
124665,1,1000
124671,1,1000
124675,1,1000
124687,1,1000
124698,1,1000
124731,1,1000
124732,1,1000
124742,1,1000
124815,1,1000
124835,1,1000
124918,1,1000
124960,1,1000
124969,1,1000
124973,1,1000
125002,1,1000
125028,1,1000
125061,1,1000
125124,1,1000
125297,1,1000
125307,1,1000
125376,1,1000
125401,1,1000
125412,1,1000
125422,1,1000
125429,1,1000
125433,1,1000
125438,1,1000
125440,1,1000
125447,1,1000
125475,1,1000
125553,1,1000
125560,1,1000
125561,1,1000
125585,1,1000
125661,1,1000
125665,1,1000
125723,1,1000
125761,1,1000
125794,1,1000
125796,1,1000
125849,1,1000
125851,1,1000
125875,1,1000
125920,1,1000
126011,1,1000
126022,1,1000
126035,1,1000
126044,1,1000
126047,1,1000
126056,1,1000
126065,1,1000
126076,1,1000
126076,1,1000
126118,1,1000
126135,1,1000
126136,1,1000
126147,1,1000
126152,1,1000
126200,1,1000
126206,1,1000
126263,1,1000
126275,1,1000
126308,1,1000
126316,1,1000
126324,1,1000
126358,1,1000
126443,1,1000
126523,1,1000
126535,1,1000
126573,1,1000
126653,1,1000
126662,1,1000
126803,1,1000
126887,1,1000
126905,1,1000
126923,1,1000
126951,1,1000
127026,1,1000
127042,1,1000
127064,1,1000
127079,1,1000
127091,1,1000
127095,1,1000
127138,1,1000
127176,1,1000
127199,1,1000
127217,1,1000
127225,1,1000
127236,1,1000
127243,1,1000
127270,1,1000
127279,1,1000
127301,1,1000
127317,1,1000
127334,1,1000
127371,1,1000
127377,1,1000
127397,1,1000
127478,1,1000
127494,1,1000
127500,1,1000
127502,1,1000
127510,1,1000
127522,1,1000
127636,1,1000
127658,1,1000
127791,1,1000
127807,1,1000
127846,1,1000
127879,1,1000
127894,1,1000
127919,1,1000
127929,1,1000
127939,1,1000
127954,1,1000
127979,1,1000
127981,1,1000
128008,1,1000
128014,1,1000
128032,1,1000
128054,1,1000
128087,1,1000
128093,1,1000
128126,1,1000
128190,1,1000
128215,1,1000
128216,1,1000
128243,1,1000
128304,1,1000
128310,1,1000
128347,1,1000
128388,1,1000
128411,1,1000
128423,1,1000
128440,1,1000
128483,1,1000
128562,1,1000
128568,1,1000
128582,1,1000
128595,1,1000
128654,1,1000
128657,1,1000
128682,1,1000
128684,1,1000
128696,1,1000
128811,1,1000
128820,1,1000
128862,1,1000
128866,1,1000
128875,1,1000
128881,1,1000
128890,1,1000
128944,1,1000
128958,1,1000
128970,1,1000
128985,1,1000
129002,1,1000
129029,1,1000
129036,1,1000
129048,1,1000
129107,1,1000
129114,1,1000
129176,1,1000
129220,1,1000
129242,1,1000
129244,1,1000
129249,1,1000
129295,1,1000
129318,1,1000
129327,1,1000
129343,1,1000
129380,1,1000
129381,1,1000
129390,1,1000
129406,1,1000
129437,1,1000
129452,1,1000
129476,1,1000
129479,1,1000
129497,1,1000
129516,1,1000
129542,1,1000
129557,1,1000
129610,1,1000
129656,1,1000
129662,1,1000
129670,1,1000
129672,1,1000
129692,1,1000
129698,1,1000
129707,1,1000
129751,1,1000
129803,1,1000
129820,1,1000
129823,1,1000
129825,1,1000
129834,1,1000
129850,1,1000
129894,1,1000
129927,1,1000
130003,1,1000
130027,1,1000
130035,1,1000
130056,1,1000
130107,1,1000
130131,1,1000
130140,1,1000
130165,1,1000
130191,1,1000
130198,1,1000
130203,1,1000
130239,1,1000
130252,1,1000
130276,1,1000
130279,1,1000
130356,1,1000
130425,1,1000
130425,1,1000
130437,1,1000
130443,1,1000
130444,1,1000
130510,1,1000
130525,1,1000
130560,1,1000
130567,1,1000
130581,1,1000
130617,1,1000
130634,1,1000
130656,1,1000
130673,1,1000
130677,1,1000
130684,1,1000
130770,1,1000
130804,1,1000
130809,1,1000
130833,1,1000
130867,1,1000
130888,1,1000
130924,1,1000
130933,1,1000
131022,1,1000
131057,1,1000
131066,1,1000
131076,1,1000
131090,1,1000
131094,1,1000
131097,1,1000
131151,1,1000
131162,1,1000
131196,1,1000
131206,1,1000
131214,1,1000
131225,1,1000
131226,1,1000
131228,1,1000
131257,1,1000
131310,1,1000
131367,1,1000
131382,1,1000
131400,1,1000
131401,1,1000
131414,1,1000
131432,1,1000
131452,1,1000
131455,1,1000
131504,1,1000
131512,1,1000
131512,1,1000
131564,1,1000
131577,1,1000
131608,1,1000
131614,1,1000
131622,1,1000
131625,1,1000
131633,1,1000
131651,1,1000
131690,1,1000
131692,1,1000
131724,1,1000
131767,1,1000
131815,1,1000
131839,1,1000
131856,1,1000
131894,1,1000
131936,1,1000
131958,1,1000
131998,1,1000
132099,1,1000
132128,1,1000
132128,1,1000
132130,1,1000
132132,1,1000
132157,1,1000
132164,1,1000
132185,1,1000
132217,1,1000
132230,1,1000
132247,1,1000
132261,1,1000
132284,1,1000
132289,1,1000
132297,1,1000
132304,1,1000
132331,1,1000
132363,1,1000
132370,1,1000
132382,1,1000
132396,1,1000
132452,1,1000
132464,1,1000
132470,1,1000
132490,1,1000
132495,1,1000
132502,1,1000
132516,1,1000
132517,1,1000
132558,1,1000
132567,1,1000
132580,1,1000
132588,1,1000
132625,1,1000
132653,1,1000
132664,1,1000
132685,1,1000
132718,1,1000
132736,1,1000
132746,1,1000
132776,1,1000
132778,1,1000
132789,1,1000
132803,1,1000
132854,1,1000
132881,1,1000
132900,1,1000
132924,1,1000
132930,1,1000
132931,1,1000
132943,1,1000
132945,1,1000
132950,1,1000
133034,1,1000
133039,1,1000
133047,1,1000
133056,1,1000
133064,1,1000
133069,1,1000
133077,1,1000
133132,1,1000
133143,1,1000
133155,1,1000
133166,1,1000
133171,1,1000
133171,1,1000
133226,1,1000
133244,1,1000
133297,1,1000
133306,1,1000
133308,1,1000
133312,1,1000
133322,1,1000
133348,1,1000
133436,1,1000
133458,1,1000
133459,1,1000
133484,1,1000
133538,1,1000
133563,1,1000
133621,1,1000
133648,1,1000
133658,1,1000
133694,1,1000
133706,1,1000
133708,1,1000
133733,1,1000
133737,1,1000
133748,1,1000
133749,1,1000
133770,1,1000
133785,1,1000
133829,1,1000
133852,1,1000
133863,1,1000
133867,1,1000
133912,1,1000
133915,1,1000
133933,1,1000
133940,1,1000
133952,1,1000
133957,1,1000
134038,1,1000
134039,1,1000
134062,1,1000
134062,1,1000
134083,1,1000
134090,1,1000
134094,1,1000
134107,1,1000
134122,1,1000
134148,1,1000
134175,1,1000
134193,1,1000
134209,1,1000
134228,1,1000
134228,1,1000
134231,1,1000
134240,1,1000
134245,1,1000
134249,1,1000
134345,1,1000
134345,1,1000
134368,1,1000
134390,1,1000
134471,1,1000
134534,1,1000
134556,1,1000
134558,1,1000
134560,1,1000
134560,1,1000
134575,1,1000
134578,1,1000
134609,1,1000
134621,1,1000
134660,1,1000
134663,1,1000
134697,1,1000
134720,1,1000
134732,1,1000
134755,1,1000
134797,1,1000
134866,1,1000
134893,1,1000
134904,1,1000
134918,1,1000
134918,1,1000
134922,1,1000
134932,1,1000
134953,1,1000
135001,1,1000
135013,1,1000
135019,1,1000
135059,1,1000
135067,1,1000
135106,1,1000
135122,1,1000
135122,1,1000
135126,1,1000
135133,1,1000
135139,1,1000
135188,1,1000
135196,1,1000
135213,1,1000
135233,1,1000
135263,1,1000
135274,1,1000
135284,1,1000
135322,1,1000
135343,1,1000
135354,1,1000
135367,1,1000
135384,1,1000
135400,1,1000
135401,1,1000
135419,1,1000
135435,1,1000
135447,1,1000
135506,1,1000
135527,1,1000
135536,1,1000
135545,1,1000
135573,1,1000
135598,1,1000
135598,1,1000
135631,1,1000
135695,1,1000
135711,1,1000
135714,1,1000
135735,1,1000
135752,1,1000
135754,1,1000
135816,1,1000
135817,1,1000
135838,1,1000
135892,1,1000
135893,1,1000
135913,1,1000
135925,1,1000
135948,1,1000
135950,1,1000
135950,1,1000
136006,1,1000
136015,1,1000
136051,1,1000
136053,1,1000
136075,1,1000
136104,1,1000
136109,1,1000
136115,1,1000
136191,1,1000
136215,1,1000
136247,1,1000
136250,1,1000
136308,1,1000
136323,1,1000
136343,1,1000
136353,1,1000
136365,1,1000
136369,1,1000
136373,1,1000
136416,1,1000
136432,1,1000
136454,1,1000
136461,1,1000
136498,1,1000
136548,1,1000
136556,1,1000
136577,1,1000
136606,1,1000
136645,1,1000
136714,1,1000
136733,1,1000
136750,1,1000
136788,1,1000
136833,1,1000
136877,1,1000
136889,1,1000
136894,1,1000
136908,1,1000
136911,1,1000
136941,1,1000
136955,1,1000
136958,1,1000
137008,1,1000
137037,1,1000
137091,1,1000
137100,1,1000
137102,1,1000
137147,1,1000
137166,1,1000
137170,1,1000
137187,1,1000
137203,1,1000
137246,1,1000
137251,1,1000
137262,1,1000
137263,1,1000
137273,1,1000
137309,1,1000
137336,1,1000
137382,1,1000
137404,1,1000
137412,1,1000
137413,1,1000
137457,1,1000
137469,1,1000
137477,1,1000
137490,1,1000
137491,1,1000
137495,1,1000
137513,1,1000
137526,1,1000
137603,1,1000
137630,1,1000
137633,1,1000
137709,1,1000
137720,1,1000
137768,1,1000
137786,1,1000
137788,1,1000
137796,1,1000
137796,1,1000
137801,1,1000
137807,1,1000
137808,1,1000
137832,1,1000
137872,1,1000
137886,1,1000
137899,1,1000
137906,1,1000
138036,1,1000
138048,1,1000
138074,1,1000
138076,1,1000
138082,1,1000
138112,1,1000
138122,1,1000
138126,1,1000
138163,1,1000
138227,1,1000
138229,1,1000
138242,1,1000
138253,1,1000
138261,1,1000
138277,1,1000
138282,1,1000
138352,1,1000
138364,1,1000
138370,1,1000
138400,1,1000
138402,1,1000
138419,1,1000
138420,1,1000
138448,1,1000
138453,1,1000
138470,1,1000
138471,1,1000
138478,1,1000
138525,1,1000
138565,1,1000
138580,1,1000
138601,1,1000
138654,1,1000
138677,1,1000
138681,1,1000
138726,1,1000
138751,1,1000
138770,1,1000
138804,1,1000
138806,1,1000
138830,1,1000
138839,1,1000
138885,1,1000
138900,1,1000
138921,1,1000
138950,1,1000
139010,1,1000
139042,1,1000
139089,1,1000
139120,1,1000
139125,1,1000
139132,1,1000
139200,1,1000
139208,1,1000
139212,1,1000
139216,1,1000
139259,1,1000
139262,1,1000
139269,1,1000
139292,1,1000
139327,1,1000
139380,1,1000
139395,1,1000
139404,1,1000
139418,1,1000
139446,1,1000
139464,1,1000
139471,1,1000
139502,1,1000
139507,1,1000
139517,1,1000
139530,1,1000
139532,1,1000
139554,1,1000
139555,1,1000
139560,1,1000
139565,1,1000
139569,1,1000
139572,1,1000
139573,1,1000
139649,1,1000
139693,1,1000
139724,1,1000
139729,1,1000
139734,1,1000
139763,1,1000
139765,1,1000
139804,1,1000
139807,1,1000
139844,1,1000
139859,1,1000
139888,1,1000
139895,1,1000
139910,1,1000
139937,1,1000
139948,1,1000
140055,1,1000
140074,1,1000
140078,1,1000
140148,1,1000
140156,1,1000
140160,1,1000
140172,1,1000
140186,1,1000
140186,1,1000
140204,1,1000
140237,1,1000
140248,1,1000
140278,1,1000
140291,1,1000
140313,1,1000
140385,1,1000
140387,1,1000
140398,1,1000
140411,1,1000
140417,1,1000
140433,1,1000
140473,1,1000
140480,1,1000
140515,1,1000
140532,1,1000
140534,1,1000
140542,1,1000
140546,1,1000
140598,1,1000
140613,1,1000
140615,1,1000
140623,1,1000
140652,1,1000
140688,1,1000
140705,1,1000
140745,1,1000
140776,1,1000
140823,1,1000
140849,1,1000
140849,1,1000
140858,1,1000
140923,1,1000
141044,1,1000
141048,1,1000
141069,1,1000
141080,1,1000
141101,1,1000
141102,1,1000
141162,1,1000
141166,1,1000
141181,1,1000
141209,1,1000
141219,1,1000
141232,1,1000
141248,1,1000
141309,1,1000
141335,1,1000
141373,1,1000
141395,1,1000
141405,1,1000
141406,1,1000
141408,1,1000
141416,1,1000
141419,1,1000
141444,1,1000
141457,1,1000
141459,1,1000
141498,1,1000
141507,1,1000
141528,1,1000
141559,1,1000
141581,1,1000
141596,1,1000
141603,1,1000
141624,1,1000
141690,1,1000
141759,1,1000
141798,1,1000
141800,1,1000
141804,1,1000
141827,1,1000
141829,1,1000
141869,1,1000
141879,1,1000
141921,1,1000
141924,1,1000
141926,1,1000
142037,1,1000
142064,1,1000
142087,1,1000
142121,1,1000
142154,1,1000
142154,1,1000
142171,1,1000
142182,1,1000
142188,1,1000
142195,1,1000
142204,1,1000
142243,1,1000
142263,1,1000
142289,1,1000
142312,1,1000
142423,1,1000
142425,1,1000
142460,1,1000
142484,1,1000
142511,1,1000
142517,1,1000
142575,1,1000
142602,1,1000
142616,1,1000
142620,1,1000
142627,1,1000
142630,1,1000
142642,1,1000
142663,1,1000
142680,1,1000
142699,1,1000
142737,1,1000
142778,1,1000
142846,1,1000
142846,1,1000
142866,1,1000
142880,1,1000
142896,1,1000
142928,1,1000
142935,1,1000
142943,1,1000
142951,1,1000
142954,1,1000
142955,1,1000
142955,1,1000
142969,1,1000
143019,1,1000
143084,1,1000
143100,1,1000
143123,1,1000
143130,1,1000
143139,1,1000
143144,1,1000
143149,1,1000
143172,1,1000
143188,1,1000
143195,1,1000
143221,1,1000
143267,1,1000
143301,1,1000
143308,1,1000
143315,1,1000
143316,1,1000
143318,1,1000
143394,1,1000
143397,1,1000
143418,1,1000
143430,1,1000
143434,1,1000
143439,1,1000
143447,1,1000
143471,1,1000
143484,1,1000
143545,1,1000
143587,1,1000
143690,1,1000
143705,1,1000
143725,1,1000
143740,1,1000
143788,1,1000
143818,1,1000
143822,1,1000
143826,1,1000
143854,1,1000
143862,1,1000
143872,1,1000
143901,1,1000
143930,1,1000
144030,1,1000
144062,1,1000
144068,1,1000
144069,1,1000
144076,1,1000
144102,1,1000
144102,1,1000
144109,1,1000
144123,1,1000
144136,1,1000
144178,1,1000
144205,1,1000
144274,1,1000
144314,1,1000
144318,1,1000
144363,1,1000
144424,1,1000
144427,1,1000
144460,1,1000
144460,1,1000
144486,1,1000
144505,1,1000
144551,1,1000
144563,1,1000
144603,1,1000
144663,1,1000
144701,1,1000
144754,1,1000
144770,1,1000
144806,1,1000
144816,1,1000
144831,1,1000
144844,1,1000
144860,1,1000
144862,1,1000
144873,1,1000
145002,1,1000
145046,1,1000
145080,1,1000
145092,1,1000
145111,1,1000
145119,1,1000
145136,1,1000
145139,1,1000
145149,1,1000
145150,1,1000
145170,1,1000
145186,1,1000
145195,1,1000
145216,1,1000
145287,1,1000
145302,1,1000
145378,1,1000
145380,1,1000
145404,1,1000
145429,1,1000
145461,1,1000
145564,1,1000
145590,1,1000
145594,1,1000
145689,1,1000
145710,1,1000
145724,1,1000
145731,1,1000
145787,1,1000
145791,1,1000
145792,1,1000
145811,1,1000
145839,1,1000
