35,1,1000
78,1,1000
79,1,1000
116,1,1000
223,1,1000
235,1,1000
236,1,1000
251,1,1000
270,1,1000
342,1,1000
366,1,1000
381,1,1000
386,1,1000
387,1,1000
418,1,1000
443,1,1000
508,1,1000
562,1,1000
591,1,1000
595,1,1000
640,1,1000
649,1,1000
688,1,1000
721,1,1000
743,1,1000
786,1,1000
814,1,1000
822,1,1000
928,1,1000
938,1,1000
1020,1,1000
1034,1,1000
1043,1,1000
1086,1,1000
1103,1,1000
1159,1,1000
1177,1,1000
1227,1,1000
1252,1,1000
1267,1,1000
1379,1,1000
1423,1,1000
1457,1,1000
1500,1,1000
1559,1,1000
1624,1,1000
1694,1,1000
1714,1,1000
1720,1,1000
1746,1,1000
1785,1,1000
1811,1,1000
1812,1,1000
1832,1,1000
1851,1,1000
1867,1,1000
1920,1,1000
1937,1,1000
2062,1,1000
2072,1,1000
2083,1,1000
2122,1,1000
2133,1,1000
2152,1,1000
2154,1,1000
2286,1,1000
2323,1,1000
2337,1,1000
2341,1,1000
2376,1,1000
2407,1,1000
2413,1,1000
2450,1,1000
2526,1,1000
2544,1,1000
2545,1,1000
2581,1,1000
2601,1,1000
2616,1,1000
2639,1,1000
2666,1,1000
2680,1,1000
2725,1,1000
2757,1,1000
2808,1,1000
2869,1,1000
2872,1,1000
2876,1,1000
2899,1,1000
2905,1,1000
2937,1,1000
2945,1,1000
2947,1,1000
2948,1,1000
2957,1,1000
2958,1,1000
2980,1,1000
3058,1,1000
3104,1,1000
3115,1,1000
3115,1,1000
3156,1,1000
3222,1,1000
3248,1,1000
3262,1,1000
3288,1,1000
3312,1,1000
3369,1,1000
3371,1,1000
3449,1,1000
3481,1,1000
3489,1,1000
3526,1,1000
3579,1,1000
3599,1,1000
3670,1,1000
3674,1,1000
3737,1,1000
3787,1,1000
3815,1,1000
3823,1,1000
3843,1,1000
3845,1,1000
3857,1,1000
3867,1,1000
3879,1,1000
3888,1,1000
3902,1,1000
3944,1,1000
4029,1,1000
4032,1,1000
4051,1,1000
4055,1,1000
4071,1,1000
4080,1,1000
4081,1,1000
4124,1,1000
4151,1,1000
4157,1,1000
4221,1,1000
4239,1,1000
4239,1,1000
4245,1,1000
4261,1,1000
4268,1,1000
4307,1,1000
4315,1,1000
4330,1,1000
4347,1,1000
4380,1,1000
4458,1,1000
4478,1,1000
4499,1,1000
4549,1,1000
4631,1,1000
4631,1,1000
4649,1,1000
4682,1,1000
4706,1,1000
4727,1,1000
4733,1,1000
4781,1,1000
4794,1,1000
4828,1,1000
4883,1,1000
4955,1,1000
5000,1,1000
5016,1,1000
5024,1,1000
5033,1,1000
5044,1,1000
5053,1,1000
5060,1,1000
5103,1,1000
5128,1,1000
5185,1,1000
5202,1,1000
5217,1,1000
5281,1,1000
5286,1,1000
5355,1,1000
5370,1,1000
5417,1,1000
5438,1,1000
5453,1,1000
5455,1,1000
5476,1,1000
5500,1,1000
5501,1,1000
5592,1,1000
5594,1,1000
5636,1,1000
5648,1,1000
5650,1,1000
5650,1,1000
5651,1,1000
5666,1,1000
5668,1,1000
5674,1,1000
5701,1,1000
5718,1,1000
5872,1,1000
5875,1,1000
5908,1,1000
5916,1,1000
5934,1,1000
5974,1,1000
5982,1,1000
6002,1,1000
6004,1,1000
6033,1,1000
6046,1,1000
6057,1,1000
6070,1,1000
6079,1,1000
6085,1,1000
6206,1,1000
6217,1,1000
6225,1,1000
6245,1,1000
6248,1,1000
6266,1,1000
6267,1,1000
6277,1,1000
6283,1,1000
6288,1,1000
6301,1,1000
6303,1,1000
6333,1,1000
6366,1,1000
6396,1,1000
6408,1,1000
6447,1,1000
6460,1,1000
6473,1,1000
6473,1,1000
6486,1,1000
6491,1,1000
6510,1,1000
6549,1,1000
6553,1,1000
6571,1,1000
6593,1,1000
6653,1,1000
6666,1,1000
6675,1,1000
6678,1,1000
6705,1,1000
6717,1,1000
6769,1,1000
6786,1,1000
6787,1,1000
6797,1,1000
6891,1,1000
7043,1,1000
7093,1,1000
7104,1,1000
7137,1,1000
7142,1,1000
7152,1,1000
7162,1,1000
7197,1,1000
7265,1,1000
7311,1,1000
7356,1,1000
7364,1,1000
7368,1,1000
7374,1,1000
7376,1,1000
7394,1,1000
7405,1,1000
7406,1,1000
7451,1,1000
7487,1,1000
7491,1,1000
7510,1,1000
7542,1,1000
7552,1,1000
7593,1,1000
7638,1,1000
7640,1,1000
7643,1,1000
7654,1,1000
7697,1,1000
7737,1,1000
7740,1,1000
7761,1,1000
7763,1,1000
7784,1,1000
7788,1,1000
7811,1,1000
7851,1,1000
7889,1,1000
7893,1,1000
7940,1,1000
7949,1,1000
8001,1,1000
8001,1,1000
8007,1,1000
8034,1,1000
8036,1,1000
8050,1,1000
8066,1,1000
8075,1,1000
8077,1,1000
8116,1,1000
8126,1,1000
8136,1,1000
8160,1,1000
8183,1,1000
8214,1,1000
8220,1,1000
8277,1,1000
8283,1,1000
8287,1,1000
8302,1,1000
8316,1,1000
8350,1,1000
8399,1,1000
8406,1,1000
8414,1,1000
8416,1,1000
8438,1,1000
8469,1,1000
8598,1,1000
8641,1,1000
8711,1,1000
8712,1,1000
8742,1,1000
8743,1,1000
8751,1,1000
8760,1,1000
8764,1,1000
8807,1,1000
8817,1,1000
8819,1,1000
8820,1,1000
8853,1,1000
8854,1,1000
8921,1,1000
9039,1,1000
9052,1,1000
9078,1,1000
9081,1,1000
9093,1,1000
9104,1,1000
9113,1,1000
9118,1,1000
9139,1,1000
9143,1,1000
9159,1,1000
9167,1,1000
9169,1,1000
9182,1,1000
9206,1,1000
9210,1,1000
9236,1,1000
9243,1,1000
9267,1,1000
9296,1,1000
9320,1,1000
9342,1,1000
9348,1,1000
9385,1,1000
9392,1,1000
9417,1,1000
9443,1,1000
9443,1,1000
9452,1,1000
9487,1,1000
9516,1,1000
9530,1,1000
9559,1,1000
9572,1,1000
9575,1,1000
9584,1,1000
9597,1,1000
9599,1,1000
9636,1,1000
9644,1,1000
9659,1,1000
9685,1,1000
9719,1,1000
9769,1,1000
9793,1,1000
9814,1,1000
9882,1,1000
9886,1,1000
10010,1,1000
10019,1,1000
10066,1,1000
10083,1,1000
10134,1,1000
10164,1,1000
10165,1,1000
10166,1,1000
10171,1,1000
10202,1,1000
10206,1,1000
10238,1,1000
10252,1,1000
10304,1,1000
10321,1,1000
10348,1,1000
10358,1,1000
10364,1,1000
10394,1,1000
10422,1,1000
10423,1,1000
10446,1,1000
10470,1,1000
10513,1,1000
10545,1,1000
10555,1,1000
10592,1,1000
10599,1,1000
10665,1,1000
10693,1,1000
10719,1,1000
10722,1,1000
10748,1,1000
10761,1,1000
10777,1,1000
10890,1,1000
10899,1,1000
10904,1,1000
10910,1,1000
10915,1,1000
11030,1,1000
11044,1,1000
11046,1,1000
11048,1,1000
11061,1,1000
11089,1,1000
11093,1,1000
11118,1,1000
11119,1,1000
11173,1,1000
11198,1,1000
11198,1,1000
11228,1,1000
11228,1,1000
11265,1,1000
11374,1,1000
11380,1,1000
11399,1,1000
11459,1,1000
11477,1,1000
11520,1,1000
11605,1,1000
11624,1,1000
11644,1,1000
11675,1,1000
11676,1,1000
11682,1,1000
11692,1,1000
11752,1,1000
11818,1,1000
11829,1,1000
11830,1,1000
11905,1,1000
11953,1,1000
11960,1,1000
11978,1,1000
12183,1,1000
12211,1,1000
12222,1,1000
12252,1,1000
12263,1,1000
12365,1,1000
12411,1,1000
12423,1,1000
12442,1,1000
12455,1,1000
12525,1,1000
12555,1,1000
12592,1,1000
12596,1,1000
12650,1,1000
12786,1,1000
12808,1,1000
12824,1,1000
12847,1,1000
12884,1,1000
12928,1,1000
12940,1,1000
12948,1,1000
12958,1,1000
12971,1,1000
12985,1,1000
13007,1,1000
13013,1,1000
13030,1,1000
13038,1,1000
13080,1,1000
13167,1,1000
13178,1,1000
13181,1,1000
13230,1,1000
13236,1,1000
13240,1,1000
13267,1,1000
13294,1,1000
13311,1,1000
13328,1,1000
13342,1,1000
13386,1,1000
13398,1,1000
13431,1,1000
13434,1,1000
13498,1,1000
13527,1,1000
13528,1,1000
13535,1,1000
13541,1,1000
13549,1,1000
13549,1,1000
13644,1,1000
13646,1,1000
13715,1,1000
13721,1,1000
13753,1,1000
13783,1,1000
13824,1,1000
13826,1,1000
13851,1,1000
13863,1,1000
13873,1,1000
13877,1,1000
14023,1,1000
14032,1,1000
14063,1,1000
14134,1,1000
14157,1,1000
14209,1,1000
14250,1,1000
14258,1,1000
14265,1,1000
14267,1,1000
14272,1,1000
14305,1,1000
14317,1,1000
14342,1,1000
14360,1,1000
14384,1,1000
14406,1,1000
14419,1,1000
14430,1,1000
14430,1,1000
14495,1,1000
14506,1,1000
14531,1,1000
14539,1,1000
14593,1,1000
14634,1,1000
14666,1,1000
14669,1,1000
14673,1,1000
14677,1,1000
14690,1,1000
14738,1,1000
14805,1,1000
14857,1,1000
14879,1,1000
14879,1,1000
14946,1,1000
15004,1,1000
15026,1,1000
15038,1,1000
15043,1,1000
15069,1,1000
15123,1,1000
15168,1,1000
15209,1,1000
15213,1,1000
15305,1,1000
15306,1,1000
15336,1,1000
15341,1,1000
15349,1,1000
15418,1,1000
15507,1,1000
15578,1,1000
15602,1,1000
15611,1,1000
15614,1,1000
15614,1,1000
15649,1,1000
15677,1,1000
15697,1,1000
15714,1,1000
15720,1,1000
15748,1,1000
15775,1,1000
15800,1,1000
15847,1,1000
16107,1,1000
16147,1,1000
16177,1,1000
16195,1,1000
16209,1,1000
16213,1,1000
16246,1,1000
16268,1,1000
16372,1,1000
16391,1,1000
16428,1,1000
16463,1,1000
16485,1,1000
16500,1,1000
16505,1,1000
16505,1,1000
16592,1,1000
16601,1,1000
16648,1,1000
16659,1,1000
16672,1,1000
16720,1,1000
16723,1,1000
16743,1,1000
16757,1,1000
16758,1,1000
16764,1,1000
16798,1,1000
16799,1,1000
16822,1,1000
16840,1,1000
16863,1,1000
16871,1,1000
16877,1,1000
16897,1,1000
16912,1,1000
16925,1,1000
16946,1,1000
16949,1,1000
16994,1,1000
17007,1,1000
17010,1,1000
17013,1,1000
17021,1,1000
17068,1,1000
17074,1,1000
17090,1,1000
17101,1,1000
17133,1,1000
17143,1,1000
17143,1,1000
17223,1,1000
17225,1,1000
17230,1,1000
17245,1,1000
17261,1,1000
17273,1,1000
17284,1,1000
17332,1,1000
17339,1,1000
17360,1,1000
17383,1,1000
17388,1,1000
17390,1,1000
17403,1,1000
17427,1,1000
17432,1,1000
17451,1,1000
17461,1,1000
17479,1,1000
17496,1,1000
17525,1,1000
17527,1,1000
17542,1,1000
17554,1,1000
17611,1,1000
17613,1,1000
17627,1,1000
17687,1,1000
17728,1,1000
17784,1,1000
17811,1,1000
17812,1,1000
18078,1,1000
18097,1,1000
18136,1,1000
18173,1,1000
18206,1,1000
18234,1,1000
18245,1,1000
18268,1,1000
18312,1,1000
18328,1,1000
18368,1,1000
18382,1,1000
18415,1,1000
18415,1,1000
18522,1,1000
18551,1,1000
18561,1,1000
18599,1,1000
18604,1,1000
18605,1,1000
18612,1,1000
18740,1,1000
18747,1,1000
18802,1,1000
18855,1,1000
18867,1,1000
19005,1,1000
19008,1,1000
19013,1,1000
19057,1,1000
19071,1,1000
19100,1,1000
19100,1,1000
19115,1,1000
19123,1,1000
19188,1,1000
19198,1,1000
19230,1,1000
19241,1,1000
19276,1,1000
19291,1,1000
19362,1,1000
19381,1,1000
19403,1,1000
19443,1,1000
19649,1,1000
19658,1,1000
19754,1,1000
19763,1,1000
19791,1,1000
19818,1,1000
19833,1,1000
19838,1,1000
19874,1,1000
19882,1,1000
19907,1,1000
19914,1,1000
20000,1,1000
20007,1,1000
20031,1,1000
20041,1,1000
20119,1,1000
20169,1,1000
20202,1,1000
20206,1,1000
20327,1,1000
20337,1,1000
20476,1,1000
20482,1,1000
20530,1,1000
20559,1,1000
20574,1,1000
20580,1,1000
20606,1,1000
20662,1,1000
20719,1,1000
20731,1,1000
20807,1,1000
20832,1,1000
20833,1,1000
20844,1,1000
20874,1,1000
20945,1,1000
21017,1,1000
21068,1,1000
21086,1,1000
21097,1,1000
21118,1,1000
21138,1,1000
21163,1,1000
21190,1,1000
21229,1,1000
21254,1,1000
21260,1,1000
21269,1,1000
21301,1,1000
21302,1,1000
21346,1,1000
21362,1,1000
21366,1,1000
21382,1,1000
21403,1,1000
21473,1,1000
21475,1,1000
21502,1,1000
21549,1,1000
21550,1,1000
21551,1,1000
21558,1,1000
21577,1,1000
21607,1,1000
21636,1,1000
21662,1,1000
21712,1,1000
21759,1,1000
21770,1,1000
21782,1,1000
21816,1,1000
21823,1,1000
21858,1,1000
21888,1,1000
21900,1,1000
21911,1,1000
21944,1,1000
22023,1,1000
22033,1,1000
22036,1,1000
22055,1,1000
22058,1,1000
22098,1,1000
22112,1,1000
22157,1,1000
22192,1,1000
22279,1,1000
22310,1,1000
22322,1,1000
22361,1,1000
22410,1,1000
22444,1,1000
22461,1,1000
22509,1,1000
22647,1,1000
22665,1,1000
22704,1,1000
22707,1,1000
22713,1,1000
22720,1,1000
22738,1,1000
22749,1,1000
22761,1,1000
22831,1,1000
22832,1,1000
22835,1,1000
22860,1,1000
22886,1,1000
22925,1,1000
22926,1,1000
23005,1,1000
23013,1,1000
23048,1,1000
23078,1,1000
23086,1,1000
23120,1,1000
23141,1,1000
23149,1,1000
23152,1,1000
23170,1,1000
23180,1,1000
23188,1,1000
23190,1,1000
23202,1,1000
23239,1,1000
23262,1,1000
23284,1,1000
23319,1,1000
23355,1,1000
23378,1,1000
23406,1,1000
23409,1,1000
23442,1,1000
23471,1,1000
23500,1,1000
23562,1,1000
23584,1,1000
23587,1,1000
23605,1,1000
23631,1,1000
23642,1,1000
23657,1,1000
23675,1,1000
23677,1,1000
23685,1,1000
23697,1,1000
23714,1,1000
23731,1,1000
23735,1,1000
23738,1,1000
23768,1,1000
23820,1,1000
23840,1,1000
23844,1,1000
23858,1,1000
23862,1,1000
23883,1,1000
24035,1,1000
24060,1,1000
24087,1,1000
24103,1,1000
24147,1,1000
24160,1,1000
24162,1,1000
24214,1,1000
24232,1,1000
24245,1,1000
24254,1,1000
24260,1,1000
24297,1,1000
24314,1,1000
24390,1,1000
24481,1,1000
24496,1,1000
24576,1,1000
24616,1,1000
24675,1,1000
24717,1,1000
24735,1,1000
24750,1,1000
24780,1,1000
24781,1,1000
24840,1,1000
24923,1,1000
24954,1,1000
24977,1,1000
24997,1,1000
25007,1,1000
25025,1,1000
25046,1,1000
25065,1,1000
25102,1,1000
25133,1,1000
25175,1,1000
25176,1,1000
25192,1,1000
25198,1,1000
25204,1,1000
25228,1,1000
25249,1,1000
25296,1,1000
25304,1,1000
25421,1,1000
25422,1,1000
25455,1,1000
25606,1,1000
25643,1,1000
25714,1,1000
25733,1,1000
25826,1,1000
25876,1,1000
25903,1,1000
25909,1,1000
26003,1,1000
26025,1,1000
26111,1,1000
26119,1,1000
26132,1,1000
26133,1,1000
26153,1,1000
26280,1,1000
26304,1,1000
26330,1,1000
26333,1,1000
26355,1,1000
26372,1,1000
26378,1,1000
26390,1,1000
26390,1,1000
26441,1,1000
26475,1,1000
26481,1,1000
26522,1,1000
26532,1,1000
26544,1,1000
26550,1,1000
26552,1,1000
26563,1,1000
26585,1,1000
26590,1,1000
26598,1,1000
26620,1,1000
26632,1,1000
26637,1,1000
26651,1,1000
26720,1,1000
26796,1,1000
26798,1,1000
26854,1,1000
26864,1,1000
26889,1,1000
26900,1,1000
27008,1,1000
27010,1,1000
27029,1,1000
27035,1,1000
27059,1,1000
27113,1,1000
27116,1,1000
27133,1,1000
27232,1,1000
27246,1,1000
27318,1,1000
27392,1,1000
27454,1,1000
27458,1,1000
27462,1,1000
27479,1,1000
27493,1,1000
27511,1,1000
27516,1,1000
27540,1,1000
27562,1,1000
27593,1,1000
27605,1,1000
27638,1,1000
27652,1,1000
27660,1,1000
27671,1,1000
27757,1,1000
27764,1,1000
27791,1,1000
27810,1,1000
27827,1,1000
27844,1,1000
27875,1,1000
27890,1,1000
27898,1,1000
27967,1,1000
28026,1,1000
28056,1,1000
28058,1,1000
28061,1,1000
28072,1,1000
28097,1,1000
28098,1,1000
28104,1,1000
28148,1,1000
28180,1,1000
28194,1,1000
28355,1,1000
28383,1,1000
28444,1,1000
28453,1,1000
28465,1,1000
28467,1,1000
28501,1,1000
28524,1,1000
28527,1,1000
28531,1,1000
28532,1,1000
28539,1,1000
28549,1,1000
28638,1,1000
28704,1,1000
28713,1,1000
28732,1,1000
28734,1,1000
28867,1,1000
28868,1,1000
28902,1,1000
28921,1,1000
28941,1,1000
29002,1,1000
29013,1,1000
29021,1,1000
29041,1,1000
29041,1,1000
29061,1,1000
29073,1,1000
29090,1,1000
29108,1,1000
29162,1,1000
29178,1,1000
29180,1,1000
29192,1,1000
29197,1,1000
29206,1,1000
29251,1,1000
29282,1,1000
29300,1,1000
29358,1,1000
29363,1,1000
29381,1,1000
29406,1,1000
29416,1,1000
29428,1,1000
29439,1,1000
29482,1,1000
29517,1,1000
29536,1,1000
29536,1,1000
29538,1,1000
29555,1,1000
29576,1,1000
29590,1,1000
29594,1,1000
29616,1,1000
29660,1,1000
29677,1,1000
29680,1,1000
29699,1,1000
29701,1,1000
29742,1,1000
29745,1,1000
29765,1,1000
29858,1,1000
29867,1,1000
29911,1,1000
29954,1,1000
29975,1,1000
30006,1,1000
30029,1,1000
30033,1,1000
30064,1,1000
30143,1,1000
30144,1,1000
30190,1,1000
30196,1,1000
30238,1,1000
30249,1,1000
30267,1,1000
30268,1,1000
30282,1,1000
30294,1,1000
30373,1,1000
30383,1,1000
30445,1,1000
30458,1,1000
30476,1,1000
30487,1,1000
30514,1,1000
30516,1,1000
30537,1,1000
30553,1,1000
30573,1,1000
30587,1,1000
30606,1,1000
30622,1,1000
30670,1,1000
30696,1,1000
30727,1,1000
30752,1,1000
30761,1,1000
30808,1,1000
30812,1,1000
30897,1,1000
30953,1,1000
31066,1,1000
31093,1,1000
31096,1,1000
31100,1,1000
31106,1,1000
31153,1,1000
31179,1,1000
31200,1,1000
31231,1,1000
31255,1,1000
31255,1,1000
31258,1,1000
31303,1,1000
31327,1,1000
31352,1,1000
31387,1,1000
31394,1,1000
31417,1,1000
31505,1,1000
31510,1,1000
31566,1,1000
31573,1,1000
31615,1,1000
31634,1,1000
31648,1,1000
31655,1,1000
31716,1,1000
31726,1,1000
31803,1,1000
31815,1,1000
31824,1,1000
31826,1,1000
31906,1,1000
32018,1,1000
32018,1,1000
32043,1,1000
32045,1,1000
32123,1,1000
32126,1,1000
32135,1,1000
32136,1,1000
32187,1,1000
32205,1,1000
32219,1,1000
32226,1,1000
32229,1,1000
32245,1,1000
32255,1,1000
32370,1,1000
32389,1,1000
32406,1,1000
32416,1,1000
32423,1,1000
32485,1,1000
32524,1,1000
32524,1,1000
32544,1,1000
32658,1,1000
32705,1,1000
32718,1,1000
32756,1,1000
32777,1,1000
32782,1,1000
32800,1,1000
32816,1,1000
32838,1,1000
32842,1,1000
32843,1,1000
32853,1,1000
32865,1,1000
33035,1,1000
33061,1,1000
33095,1,1000
33125,1,1000
33139,1,1000
33143,1,1000
33161,1,1000
33230,1,1000
33237,1,1000
33240,1,1000
33316,1,1000
33396,1,1000
33435,1,1000
33436,1,1000
33474,1,1000
33503,1,1000
33526,1,1000
33614,1,1000
33652,1,1000
33657,1,1000
33681,1,1000
33696,1,1000
33701,1,1000
33709,1,1000
33721,1,1000
33762,1,1000
33778,1,1000
33779,1,1000
33860,1,1000
33896,1,1000
33916,1,1000
34020,1,1000
34085,1,1000
34116,1,1000
34194,1,1000
34247,1,1000
34254,1,1000
34280,1,1000
34290,1,1000
34294,1,1000
34314,1,1000
34358,1,1000
34383,1,1000
34393,1,1000
34398,1,1000
34425,1,1000
34465,1,1000
34522,1,1000
34525,1,1000
34569,1,1000
34582,1,1000
34609,1,1000
34635,1,1000
34732,1,1000
34778,1,1000
34814,1,1000
34940,1,1000
35021,1,1000
35047,1,1000
35095,1,1000
35105,1,1000
35109,1,1000
35125,1,1000
35164,1,1000
35209,1,1000
35224,1,1000
35232,1,1000
35264,1,1000
35330,1,1000
35434,1,1000
35438,1,1000
35473,1,1000
35502,1,1000
35513,1,1000
35526,1,1000
35543,1,1000
35546,1,1000
35592,1,1000
35633,1,1000
35673,1,1000
35711,1,1000
35773,1,1000
35786,1,1000
35828,1,1000
35863,1,1000
35864,1,1000
35891,1,1000
35893,1,1000
35908,1,1000
35917,1,1000
36039,1,1000
36052,1,1000
36102,1,1000
36108,1,1000
36119,1,1000
36161,1,1000
36175,1,1000
36258,1,1000
36275,1,1000
36292,1,1000
36294,1,1000
36295,1,1000
36322,1,1000
36331,1,1000
36336,1,1000
36339,1,1000
36395,1,1000
36480,1,1000
36488,1,1000
36490,1,1000
36532,1,1000
36536,1,1000
36539,1,1000
36563,1,1000
36594,1,1000
36644,1,1000
36672,1,1000
36674,1,1000
36700,1,1000
36732,1,1000
36751,1,1000
36761,1,1000
36788,1,1000
36801,1,1000
36853,1,1000
36863,1,1000
36903,1,1000
36927,1,1000
37019,1,1000
37039,1,1000
37114,1,1000
37163,1,1000
37177,1,1000
37276,1,1000
37299,1,1000
37309,1,1000
37357,1,1000
37378,1,1000
37453,1,1000
37458,1,1000
37462,1,1000
37488,1,1000
37506,1,1000
37523,1,1000
37557,1,1000
37644,1,1000
37648,1,1000
37653,1,1000
37664,1,1000
37675,1,1000
37691,1,1000
37709,1,1000
37752,1,1000
37777,1,1000
37785,1,1000
37856,1,1000
37876,1,1000
37879,1,1000
37904,1,1000
37934,1,1000
37935,1,1000
37953,1,1000
38001,1,1000
38095,1,1000
38099,1,1000
38119,1,1000
38129,1,1000
38143,1,1000
38163,1,1000
38186,1,1000
38219,1,1000
38241,1,1000
38263,1,1000
38271,1,1000
38316,1,1000
38323,1,1000
38325,1,1000
38335,1,1000
38373,1,1000
38433,1,1000
38457,1,1000
38528,1,1000
38553,1,1000
38566,1,1000
38581,1,1000
38584,1,1000
38602,1,1000
38624,1,1000
38628,1,1000
38660,1,1000
38690,1,1000
38701,1,1000
38729,1,1000
38733,1,1000
38738,1,1000
38757,1,1000
38784,1,1000
38795,1,1000
38826,1,1000
38852,1,1000
38901,1,1000
39017,1,1000
39026,1,1000
39056,1,1000
39088,1,1000
39095,1,1000
39184,1,1000
39191,1,1000
39192,1,1000
39209,1,1000
39215,1,1000
39218,1,1000
39221,1,1000
39237,1,1000
39287,1,1000
39294,1,1000
39320,1,1000
39352,1,1000
39371,1,1000
39422,1,1000
39424,1,1000
39429,1,1000
39444,1,1000
39506,1,1000
39583,1,1000
39632,1,1000
39636,1,1000
39653,1,1000
39684,1,1000
39690,1,1000
39711,1,1000
39787,1,1000
39790,1,1000
39821,1,1000
39857,1,1000
39903,1,1000
39942,1,1000
39953,1,1000
40186,1,1000
40192,1,1000
40206,1,1000
40222,1,1000
40246,1,1000
40296,1,1000
40400,1,1000
40409,1,1000
40437,1,1000
40451,1,1000
40473,1,1000
40491,1,1000
40501,1,1000
40521,1,1000
40575,1,1000
40588,1,1000
40657,1,1000
40676,1,1000
40677,1,1000
40705,1,1000
40723,1,1000
40746,1,1000
40771,1,1000
40806,1,1000
40834,1,1000
40859,1,1000
40896,1,1000
40898,1,1000
40901,1,1000
40912,1,1000
40927,1,1000
41010,1,1000
41042,1,1000
41047,1,1000
41111,1,1000
41112,1,1000
41113,1,1000
41115,1,1000
41158,1,1000
41160,1,1000
41250,1,1000
41255,1,1000
41347,1,1000
41350,1,1000
41410,1,1000
41523,1,1000
41570,1,1000
41572,1,1000
41581,1,1000
41590,1,1000
41624,1,1000
41634,1,1000
41733,1,1000
41773,1,1000
41774,1,1000
41789,1,1000
41794,1,1000
41805,1,1000
41821,1,1000
41831,1,1000
41841,1,1000
41869,1,1000
41886,1,1000
41937,1,1000
41955,1,1000
42009,1,1000
42034,1,1000
42045,1,1000
42050,1,1000
42130,1,1000
42132,1,1000
42146,1,1000
42162,1,1000
42162,1,1000
42187,1,1000
42319,1,1000
42321,1,1000
42350,1,1000
42354,1,1000
42357,1,1000
42449,1,1000
42451,1,1000
42504,1,1000
42541,1,1000
42580,1,1000
42584,1,1000
42611,1,1000
42634,1,1000
42638,1,1000
42644,1,1000
42670,1,1000
42673,1,1000
42675,1,1000
42681,1,1000
42694,1,1000
42765,1,1000
42789,1,1000
42836,1,1000
42855,1,1000
42867,1,1000
42886,1,1000
42965,1,1000
42991,1,1000
43005,1,1000
43006,1,1000
43064,1,1000
43080,1,1000
43122,1,1000
43122,1,1000
43157,1,1000
43182,1,1000
43191,1,1000
43205,1,1000
43240,1,1000
43302,1,1000
43311,1,1000
43325,1,1000
43331,1,1000
43344,1,1000
43371,1,1000
43424,1,1000
43426,1,1000
43463,1,1000
43481,1,1000
43604,1,1000
43616,1,1000
43628,1,1000
43634,1,1000
43651,1,1000
43675,1,1000
43753,1,1000
43764,1,1000
43769,1,1000
43795,1,1000
43818,1,1000
43827,1,1000
43830,1,1000
43859,1,1000
43917,1,1000
43934,1,1000
43940,1,1000
44003,1,1000
44022,1,1000
44028,1,1000
44056,1,1000
44067,1,1000
44068,1,1000
44099,1,1000
44107,1,1000
44123,1,1000
44136,1,1000
44136,1,1000
44179,1,1000
44189,1,1000
44208,1,1000
44213,1,1000
44262,1,1000
44265,1,1000
44266,1,1000
44291,1,1000
44398,1,1000
44433,1,1000
44447,1,1000
44463,1,1000
44464,1,1000
44476,1,1000
44498,1,1000
44547,1,1000
44626,1,1000
44629,1,1000
44697,1,1000
44736,1,1000
44738,1,1000
44809,1,1000
44823,1,1000
44830,1,1000
44868,1,1000
45035,1,1000
45093,1,1000
45132,1,1000
45151,1,1000
45152,1,1000
45154,1,1000
45156,1,1000
45161,1,1000
45230,1,1000
45250,1,1000
45255,1,1000
45277,1,1000
45282,1,1000
45324,1,1000
45362,1,1000
45390,1,1000
45407,1,1000
45418,1,1000
45469,1,1000
45512,1,1000
45519,1,1000
45524,1,1000
45530,1,1000
45530,1,1000
45565,1,1000
45570,1,1000
45669,1,1000
45680,1,1000
45689,1,1000
45700,1,1000
45746,1,1000
45762,1,1000
45771,1,1000
45785,1,1000
45792,1,1000
45830,1,1000
45860,1,1000
45861,1,1000
45878,1,1000
45905,1,1000
45914,1,1000
45929,1,1000
45931,1,1000
46009,1,1000
46010,1,1000
46030,1,1000
46065,1,1000
46073,1,1000
46076,1,1000
46089,1,1000
46098,1,1000
46107,1,1000
46115,1,1000
46167,1,1000
46212,1,1000
46221,1,1000
46240,1,1000
46255,1,1000
46301,1,1000
46307,1,1000
46337,1,1000
46349,1,1000
46371,1,1000
46450,1,1000
46466,1,1000
46511,1,1000
46521,1,1000
46633,1,1000
46644,1,1000
46686,1,1000
46695,1,1000
46698,1,1000
46711,1,1000
46753,1,1000
46767,1,1000
46767,1,1000
46776,1,1000
46812,1,1000
46835,1,1000
46846,1,1000
46864,1,1000
46888,1,1000
46914,1,1000
46946,1,1000
46977,1,1000
46979,1,1000
47005,1,1000
47006,1,1000
47008,1,1000
47009,1,1000
47037,1,1000
47040,1,1000
47059,1,1000
47109,1,1000
47239,1,1000
47290,1,1000
47307,1,1000
47332,1,1000
47363,1,1000
47368,1,1000
47403,1,1000
47419,1,1000
47423,1,1000
47424,1,1000
47427,1,1000
47442,1,1000
47455,1,1000
47599,1,1000
47666,1,1000
47667,1,1000
47707,1,1000
47799,1,1000
47810,1,1000
47814,1,1000
47818,1,1000
47835,1,1000
47851,1,1000
48015,1,1000
48027,1,1000
48040,1,1000
48088,1,1000
48107,1,1000
48175,1,1000
48231,1,1000
48261,1,1000
48267,1,1000
48300,1,1000
48321,1,1000
48369,1,1000
48374,1,1000
48444,1,1000
48447,1,1000
48487,1,1000
48536,1,1000
48579,1,1000
48634,1,1000
48645,1,1000
48665,1,1000
48685,1,1000
48703,1,1000
48766,1,1000
48801,1,1000
48857,1,1000
48963,1,1000
49008,1,1000
49014,1,1000
49026,1,1000
49038,1,1000
49076,1,1000
49099,1,1000
49101,1,1000
49163,1,1000
49195,1,1000
49226,1,1000
49343,1,1000
49381,1,1000
49384,1,1000
49402,1,1000
49407,1,1000
49414,1,1000
49435,1,1000
49441,1,1000
49452,1,1000
49507,1,1000
49536,1,1000
49542,1,1000
49555,1,1000
49574,1,1000
49584,1,1000
49648,1,1000
49659,1,1000
49679,1,1000
49735,1,1000
49768,1,1000
49799,1,1000
49817,1,1000
49832,1,1000
49892,1,1000
49895,1,1000
49906,1,1000
49940,1,1000
50003,1,1000
50019,1,1000
50035,1,1000
50055,1,1000
50082,1,1000
50114,1,1000
50118,1,1000
50175,1,1000
50198,1,1000
50204,1,1000
50210,1,1000
50239,1,1000
50290,1,1000
50314,1,1000
50339,1,1000
50340,1,1000
50341,1,1000
50366,1,1000
50385,1,1000
50389,1,1000
50395,1,1000
50422,1,1000
50465,1,1000
50482,1,1000
50511,1,1000
50541,1,1000
50543,1,1000
50586,1,1000
50611,1,1000
50642,1,1000
50669,1,1000
50707,1,1000
50707,1,1000
50762,1,1000
50785,1,1000
50853,1,1000
51011,1,1000
51036,1,1000
51048,1,1000
51070,1,1000
51075,1,1000
51084,1,1000
51160,1,1000
51187,1,1000
51200,1,1000
51205,1,1000
51251,1,1000
51285,1,1000
51298,1,1000
51308,1,1000
51308,1,1000
51332,1,1000
51333,1,1000
51358,1,1000
51370,1,1000
51392,1,1000
51425,1,1000
51425,1,1000
51432,1,1000
51461,1,1000
51470,1,1000
51510,1,1000
51576,1,1000
51578,1,1000
51657,1,1000
51660,1,1000
51664,1,1000
51711,1,1000
51720,1,1000
51795,1,1000
51797,1,1000
51802,1,1000
51827,1,1000
52010,1,1000
52024,1,1000
52034,1,1000
52066,1,1000
52069,1,1000
52171,1,1000
52190,1,1000
52190,1,1000
52212,1,1000
52244,1,1000
52350,1,1000
52387,1,1000
52401,1,1000
52504,1,1000
52542,1,1000
52554,1,1000
52585,1,1000
52602,1,1000
52603,1,1000
52617,1,1000
52617,1,1000
52642,1,1000
52651,1,1000
52670,1,1000
52686,1,1000
52709,1,1000
52716,1,1000
52760,1,1000
52762,1,1000
52778,1,1000
52828,1,1000
52835,1,1000
52839,1,1000
52883,1,1000
52913,1,1000
52924,1,1000
52950,1,1000
52958,1,1000
53014,1,1000
53088,1,1000
53100,1,1000
53170,1,1000
53234,1,1000
53242,1,1000
53253,1,1000
53257,1,1000
53287,1,1000
53317,1,1000
53321,1,1000
53323,1,1000
53326,1,1000
53339,1,1000
53339,1,1000
53385,1,1000
53386,1,1000
53388,1,1000
53394,1,1000
53436,1,1000
53438,1,1000
53509,1,1000
53519,1,1000
53544,1,1000
53546,1,1000
53574,1,1000
53620,1,1000
53622,1,1000
53626,1,1000
53631,1,1000
53690,1,1000
53708,1,1000
53711,1,1000
53723,1,1000
53740,1,1000
53751,1,1000
53800,1,1000
53815,1,1000
53831,1,1000
53834,1,1000
53864,1,1000
53903,1,1000
53909,1,1000
53923,1,1000
53925,1,1000
53948,1,1000
54011,1,1000
54066,1,1000
54076,1,1000
54116,1,1000
54124,1,1000
54129,1,1000
54175,1,1000
54222,1,1000
54243,1,1000
54287,1,1000
54309,1,1000
54331,1,1000
54352,1,1000
54357,1,1000
54433,1,1000
54461,1,1000
54467,1,1000
54596,1,1000
54647,1,1000
54719,1,1000
54719,1,1000
54837,1,1000
54859,1,1000
54867,1,1000
54877,1,1000
54879,1,1000
54936,1,1000
54981,1,1000
55010,1,1000
55024,1,1000
55028,1,1000
55033,1,1000
55047,1,1000
55109,1,1000
55114,1,1000
55169,1,1000
55222,1,1000
55233,1,1000
55241,1,1000
55279,1,1000
55286,1,1000
55392,1,1000
55395,1,1000
55430,1,1000
55431,1,1000
55533,1,1000
55583,1,1000
55649,1,1000
55680,1,1000
55683,1,1000
55728,1,1000
55796,1,1000
55825,1,1000
55921,1,1000
55934,1,1000
56022,1,1000
56091,1,1000
56092,1,1000
56144,1,1000
56182,1,1000
56188,1,1000
56194,1,1000
56214,1,1000
56222,1,1000
56229,1,1000
56236,1,1000
56238,1,1000
56262,1,1000
56275,1,1000
56289,1,1000
56299,1,1000
56303,1,1000
56344,1,1000
56359,1,1000
56378,1,1000
56391,1,1000
56418,1,1000
56538,1,1000
56579,1,1000
56636,1,1000
56640,1,1000
56646,1,1000
56667,1,1000
56669,1,1000
56671,1,1000
56682,1,1000
56690,1,1000
56708,1,1000
56737,1,1000
56785,1,1000
56811,1,1000
56839,1,1000
56909,1,1000
56919,1,1000
56931,1,1000
57008,1,1000
57009,1,1000
57018,1,1000
57049,1,1000
57055,1,1000
57087,1,1000
57096,1,1000
57113,1,1000
57168,1,1000
57198,1,1000
57253,1,1000
57272,1,1000
57363,1,1000
57368,1,1000
57375,1,1000
57425,1,1000
57439,1,1000
57491,1,1000
57492,1,1000
57496,1,1000
57509,1,1000
57516,1,1000
57553,1,1000
57555,1,1000
57574,1,1000
57601,1,1000
57606,1,1000
57686,1,1000
57695,1,1000
57715,1,1000
57723,1,1000
57737,1,1000
57766,1,1000
57782,1,1000
57827,1,1000
57834,1,1000
57907,1,1000
57938,1,1000
57947,1,1000
58016,1,1000
58060,1,1000
58061,1,1000
58062,1,1000
58107,1,1000
58135,1,1000
58154,1,1000
58160,1,1000
58237,1,1000
58246,1,1000
58279,1,1000
58371,1,1000
58383,1,1000
58385,1,1000
58439,1,1000
58445,1,1000
58495,1,1000
58499,1,1000
58566,1,1000
58587,1,1000
58622,1,1000
58682,1,1000
58708,1,1000
58768,1,1000
58770,1,1000
58784,1,1000
58809,1,1000
58844,1,1000
58844,1,1000
59010,1,1000
59011,1,1000
59020,1,1000
59023,1,1000
59070,1,1000
59092,1,1000
59109,1,1000
59110,1,1000
59122,1,1000
59145,1,1000
59154,1,1000
59157,1,1000
59167,1,1000
59178,1,1000
59214,1,1000
59243,1,1000
59243,1,1000
59247,1,1000
59253,1,1000
59289,1,1000
59289,1,1000
59347,1,1000
59393,1,1000
59416,1,1000
59416,1,1000
59514,1,1000
59541,1,1000
59583,1,1000
59594,1,1000
59616,1,1000
59637,1,1000
59704,1,1000
59778,1,1000
59790,1,1000
59859,1,1000
59868,1,1000
59876,1,1000
59924,1,1000
59934,1,1000
59947,1,1000
60010,1,1000
60022,1,1000
60096,1,1000
60118,1,1000
60127,1,1000
60128,1,1000
60176,1,1000
60205,1,1000
60298,1,1000
60314,1,1000
60317,1,1000
60334,1,1000
60380,1,1000
60403,1,1000
60458,1,1000
60532,1,1000
60541,1,1000
60623,1,1000
60624,1,1000
60661,1,1000
60683,1,1000
60719,1,1000
60725,1,1000
60727,1,1000
60742,1,1000
60755,1,1000
60771,1,1000
60772,1,1000
60775,1,1000
60797,1,1000
60800,1,1000
60802,1,1000
60813,1,1000
60829,1,1000
60853,1,1000
60881,1,1000
60882,1,1000
60896,1,1000
61016,1,1000
61086,1,1000
61089,1,1000
61109,1,1000
61125,1,1000
61127,1,1000
61185,1,1000
61186,1,1000
61204,1,1000
61274,1,1000
61275,1,1000
61295,1,1000
61419,1,1000
61420,1,1000
61429,1,1000
61457,1,1000
61479,1,1000
61481,1,1000
61497,1,1000
61511,1,1000
61515,1,1000
61520,1,1000
61521,1,1000
61540,1,1000
61559,1,1000
61577,1,1000
61605,1,1000
61631,1,1000
61684,1,1000
61688,1,1000
61735,1,1000
61832,1,1000
61855,1,1000
61921,1,1000
61922,1,1000
61964,1,1000
62003,1,1000
62057,1,1000
62084,1,1000
62085,1,1000
62089,1,1000
62346,1,1000
62376,1,1000
62381,1,1000
62417,1,1000
62433,1,1000
62449,1,1000
62450,1,1000
62478,1,1000
62488,1,1000
62492,1,1000
62500,1,1000
62554,1,1000
62561,1,1000
62565,1,1000
62592,1,1000
62651,1,1000
62695,1,1000
62707,1,1000
62723,1,1000
62734,1,1000
62752,1,1000
62793,1,1000
62814,1,1000
62821,1,1000
62842,1,1000
62888,1,1000
62928,1,1000
62940,1,1000
62964,1,1000
63008,1,1000
63068,1,1000
63090,1,1000
63136,1,1000
63183,1,1000
63187,1,1000
63252,1,1000
63264,1,1000
63279,1,1000
63307,1,1000
63312,1,1000
63339,1,1000
63387,1,1000
63411,1,1000
63454,1,1000
63559,1,1000
63567,1,1000
63567,1,1000
63595,1,1000
63597,1,1000
63607,1,1000
63650,1,1000
63670,1,1000
63693,1,1000
63726,1,1000
63745,1,1000
63765,1,1000
63824,1,1000
63868,1,1000
63876,1,1000
64018,1,1000
64026,1,1000
64031,1,1000
64048,1,1000
64073,1,1000
64073,1,1000
64091,1,1000
64184,1,1000
64252,1,1000
64299,1,1000
64324,1,1000
64368,1,1000
64403,1,1000
64448,1,1000
64453,1,1000
64506,1,1000
64530,1,1000
64548,1,1000
64644,1,1000
64656,1,1000
64656,1,1000
64689,1,1000
64716,1,1000
64723,1,1000
64773,1,1000
64791,1,1000
64832,1,1000
64837,1,1000
64840,1,1000
64843,1,1000
64950,1,1000
64971,1,1000
65017,1,1000
65032,1,1000
65126,1,1000
65143,1,1000
65168,1,1000
65246,1,1000
65300,1,1000
65338,1,1000
65344,1,1000
65363,1,1000
65378,1,1000
65381,1,1000
65462,1,1000
65503,1,1000
65503,1,1000
65519,1,1000
65535,1,1000
65539,1,1000
65587,1,1000
65611,1,1000
65629,1,1000
65661,1,1000
65669,1,1000
65697,1,1000
65718,1,1000
65751,1,1000
65780,1,1000
65781,1,1000
65855,1,1000
65857,1,1000
65869,1,1000
65892,1,1000
65898,1,1000
66092,1,1000
66104,1,1000
66167,1,1000
66224,1,1000
66236,1,1000
66264,1,1000
66271,1,1000
66460,1,1000
66475,1,1000
66592,1,1000
66607,1,1000
66690,1,1000
66690,1,1000
66717,1,1000
66733,1,1000
66826,1,1000
66855,1,1000
66886,1,1000
66916,1,1000
66917,1,1000
66925,1,1000
66972,1,1000
67015,1,1000
67065,1,1000
67097,1,1000
67099,1,1000
67110,1,1000
67117,1,1000
67138,1,1000
67225,1,1000
67299,1,1000
67306,1,1000
67338,1,1000
67338,1,1000
67347,1,1000
67352,1,1000
67382,1,1000
67403,1,1000
67419,1,1000
67422,1,1000
67469,1,1000
67521,1,1000
67537,1,1000
67553,1,1000
67572,1,1000
67577,1,1000
67638,1,1000
67639,1,1000
67670,1,1000
67735,1,1000
67766,1,1000
67789,1,1000
67797,1,1000
67899,1,1000
67910,1,1000
68025,1,1000
68026,1,1000
68065,1,1000
68069,1,1000
68071,1,1000
68154,1,1000
68191,1,1000
68201,1,1000
68281,1,1000
68319,1,1000
68324,1,1000
68357,1,1000
68423,1,1000
68449,1,1000
68464,1,1000
68489,1,1000
68553,1,1000
68566,1,1000
68596,1,1000
68596,1,1000
68600,1,1000
68615,1,1000
68618,1,1000
68631,1,1000
68634,1,1000
68648,1,1000
68708,1,1000
68712,1,1000
68729,1,1000
68747,1,1000
68756,1,1000
68764,1,1000
68797,1,1000
68797,1,1000
68807,1,1000
68842,1,1000
68854,1,1000
68856,1,1000
68859,1,1000
68900,1,1000
68912,1,1000
68914,1,1000
69004,1,1000
69011,1,1000
69039,1,1000
69072,1,1000
69080,1,1000
69107,1,1000
69132,1,1000
69152,1,1000
69178,1,1000
69229,1,1000
69251,1,1000
69270,1,1000
69303,1,1000
69334,1,1000
69373,1,1000
69390,1,1000
69390,1,1000
69397,1,1000
69409,1,1000
69414,1,1000
69429,1,1000
69453,1,1000
69548,1,1000
69552,1,1000
69573,1,1000
69603,1,1000
69643,1,1000
69664,1,1000
69668,1,1000
69678,1,1000
69695,1,1000
69730,1,1000
69734,1,1000
69751,1,1000
69767,1,1000
69773,1,1000
69782,1,1000
69831,1,1000
69865,1,1000
69874,1,1000
69904,1,1000
69908,1,1000
69944,1,1000
69968,1,1000
69991,1,1000
70100,1,1000
70121,1,1000
70160,1,1000
70171,1,1000
70202,1,1000
70229,1,1000
70422,1,1000
70431,1,1000
70443,1,1000
70443,1,1000
70547,1,1000
70636,1,1000
70643,1,1000
70774,1,1000
70776,1,1000
70778,1,1000
70811,1,1000
70862,1,1000
70864,1,1000
70899,1,1000
70939,1,1000
70952,1,1000
71028,1,1000
71060,1,1000
71075,1,1000
71089,1,1000
71152,1,1000
71157,1,1000
71223,1,1000
71227,1,1000
71382,1,1000
71396,1,1000
71413,1,1000
71471,1,1000
71475,1,1000
71482,1,1000
71497,1,1000
71506,1,1000
71548,1,1000
71575,1,1000
71653,1,1000
71662,1,1000
71745,1,1000
71750,1,1000
71761,1,1000
71767,1,1000
71784,1,1000
71790,1,1000
71797,1,1000
71861,1,1000
71881,1,1000
71881,1,1000
71920,1,1000
71984,1,1000
72040,1,1000
72046,1,1000
72050,1,1000
72091,1,1000
72107,1,1000
72171,1,1000
72316,1,1000
72337,1,1000
72351,1,1000
72360,1,1000
72384,1,1000
72405,1,1000
72418,1,1000
72437,1,1000
72451,1,1000
72465,1,1000
72490,1,1000
72491,1,1000
72493,1,1000
72560,1,1000
72591,1,1000
72612,1,1000
72612,1,1000
72658,1,1000
72680,1,1000
72683,1,1000
72685,1,1000
72733,1,1000
72743,1,1000
72748,1,1000
72749,1,1000
72831,1,1000
72842,1,1000
72887,1,1000
72904,1,1000
72921,1,1000
72928,1,1000
73014,1,1000
73022,1,1000
73038,1,1000
73060,1,1000
73072,1,1000
73116,1,1000
73119,1,1000
73145,1,1000
73161,1,1000
73163,1,1000
73166,1,1000
73198,1,1000
73203,1,1000
73231,1,1000
73261,1,1000
73349,1,1000
73404,1,1000
73428,1,1000
73442,1,1000
73458,1,1000
73483,1,1000
73493,1,1000
73536,1,1000
73641,1,1000
73672,1,1000
73736,1,1000
73741,1,1000
73770,1,1000
73825,1,1000
73833,1,1000
73876,1,1000
73905,1,1000
73950,1,1000
74018,1,1000
74055,1,1000
74068,1,1000
74113,1,1000
74117,1,1000
74186,1,1000
74187,1,1000
74214,1,1000
74257,1,1000
74267,1,1000
74278,1,1000
74279,1,1000
74337,1,1000
74404,1,1000
74421,1,1000
74447,1,1000
74465,1,1000
74473,1,1000
74518,1,1000
74590,1,1000
74599,1,1000
74647,1,1000
74692,1,1000
74710,1,1000
74711,1,1000
74729,1,1000
74768,1,1000
74798,1,1000
74878,1,1000
74880,1,1000
74893,1,1000
74916,1,1000
74985,1,1000
75018,1,1000
75074,1,1000
75096,1,1000
75119,1,1000
75177,1,1000
75217,1,1000
75219,1,1000
75240,1,1000
75274,1,1000
75294,1,1000
75296,1,1000
75327,1,1000
75328,1,1000
75381,1,1000
75400,1,1000
75406,1,1000
75411,1,1000
75464,1,1000
75505,1,1000
75530,1,1000
75601,1,1000
75617,1,1000
75651,1,1000
75729,1,1000
75788,1,1000
75795,1,1000
75795,1,1000
75800,1,1000
75835,1,1000
75860,1,1000
75878,1,1000
75889,1,1000
75894,1,1000
75903,1,1000
76033,1,1000
76036,1,1000
76041,1,1000
76060,1,1000
76093,1,1000
76096,1,1000
76211,1,1000
76226,1,1000
76245,1,1000
76258,1,1000
76273,1,1000
76385,1,1000
76417,1,1000
76428,1,1000
76453,1,1000
76458,1,1000
76490,1,1000
76503,1,1000
76507,1,1000
76522,1,1000
76529,1,1000
76592,1,1000
76596,1,1000
76606,1,1000
76672,1,1000
76681,1,1000
76689,1,1000
76706,1,1000
76717,1,1000
76731,1,1000
76747,1,1000
76803,1,1000
76807,1,1000
76821,1,1000
76863,1,1000
76880,1,1000
76881,1,1000
76882,1,1000
76891,1,1000
76894,1,1000
76906,1,1000
77005,1,1000
77114,1,1000
77163,1,1000
77180,1,1000
77188,1,1000
77222,1,1000
77222,1,1000
77244,1,1000
77264,1,1000
77327,1,1000
77331,1,1000
77355,1,1000
77361,1,1000
77363,1,1000
77384,1,1000
77435,1,1000
77440,1,1000
77460,1,1000
77467,1,1000
77477,1,1000
77481,1,1000
77494,1,1000
77621,1,1000
77685,1,1000
77686,1,1000
77691,1,1000
77691,1,1000
77720,1,1000
77722,1,1000
77765,1,1000
77777,1,1000
77777,1,1000
77783,1,1000
77811,1,1000
77876,1,1000
77898,1,1000
78034,1,1000
78079,1,1000
78083,1,1000
78112,1,1000
78163,1,1000
78187,1,1000
78231,1,1000
78255,1,1000
78354,1,1000
78371,1,1000
78382,1,1000
78482,1,1000
78542,1,1000
78554,1,1000
78626,1,1000
78637,1,1000
78658,1,1000
78688,1,1000
78724,1,1000
78730,1,1000
78761,1,1000
78814,1,1000
78891,1,1000
78909,1,1000
78912,1,1000
78915,1,1000
78953,1,1000
79002,1,1000
79007,1,1000
79008,1,1000
79082,1,1000
79116,1,1000
79136,1,1000
79178,1,1000
79186,1,1000
79196,1,1000
79226,1,1000
79227,1,1000
79253,1,1000
79265,1,1000
79280,1,1000
79331,1,1000
79366,1,1000
79392,1,1000
79393,1,1000
79401,1,1000
79410,1,1000
79416,1,1000
79489,1,1000
79489,1,1000
79507,1,1000
79539,1,1000
79592,1,1000
79635,1,1000
79656,1,1000
79694,1,1000
79735,1,1000
79750,1,1000
79756,1,1000
79757,1,1000
79772,1,1000
79778,1,1000
79783,1,1000
79801,1,1000
79832,1,1000
79883,1,1000
79963,1,1000
79972,1,1000
79983,1,1000
79985,1,1000
79988,1,1000
79991,1,1000
80009,1,1000
80013,1,1000
80020,1,1000
80033,1,1000
80034,1,1000
80042,1,1000
80095,1,1000
80118,1,1000
80199,1,1000
80340,1,1000
80375,1,1000
80378,1,1000
80378,1,1000
80432,1,1000
80445,1,1000
80461,1,1000
80496,1,1000
80547,1,1000
80590,1,1000
80602,1,1000
80614,1,1000
80622,1,1000
80646,1,1000
80652,1,1000
80691,1,1000
80703,1,1000
80703,1,1000
80705,1,1000
80738,1,1000
80811,1,1000
80875,1,1000
80875,1,1000
80930,1,1000
80945,1,1000
81000,1,1000
81008,1,1000
81051,1,1000
81058,1,1000
81058,1,1000
81094,1,1000
81101,1,1000
81104,1,1000
81158,1,1000
81276,1,1000
81335,1,1000
81447,1,1000
81631,1,1000
81650,1,1000
81675,1,1000
81689,1,1000
81699,1,1000
81728,1,1000
81730,1,1000
81732,1,1000
81765,1,1000
81868,1,1000
82053,1,1000
82057,1,1000
82078,1,1000
82149,1,1000
82150,1,1000
82186,1,1000
82218,1,1000
82223,1,1000
82251,1,1000
82320,1,1000
82415,1,1000
82426,1,1000
82449,1,1000
82468,1,1000
82470,1,1000
82484,1,1000
82486,1,1000
82496,1,1000
82516,1,1000
82518,1,1000
82530,1,1000
82558,1,1000
82562,1,1000
82568,1,1000
82581,1,1000
82584,1,1000
82585,1,1000
82600,1,1000
82615,1,1000
82629,1,1000
82711,1,1000
82726,1,1000
82737,1,1000
82738,1,1000
82763,1,1000
82763,1,1000
82789,1,1000
82835,1,1000
82844,1,1000
82894,1,1000
82899,1,1000
82905,1,1000
82910,1,1000
83029,1,1000
83165,1,1000
83195,1,1000
83199,1,1000
83224,1,1000
83233,1,1000
83254,1,1000
83265,1,1000
83375,1,1000
83377,1,1000
83403,1,1000
83445,1,1000
83474,1,1000
83511,1,1000
83523,1,1000
83526,1,1000
83537,1,1000
83538,1,1000
83551,1,1000
83563,1,1000
83574,1,1000
83599,1,1000
83651,1,1000
83652,1,1000
83654,1,1000
83664,1,1000
83666,1,1000
83680,1,1000
83699,1,1000
83712,1,1000
83738,1,1000
83741,1,1000
83741,1,1000
83807,1,1000
83833,1,1000
83841,1,1000
83923,1,1000
83925,1,1000
83928,1,1000
83934,1,1000
84020,1,1000
84098,1,1000
84110,1,1000
84142,1,1000
84182,1,1000
84184,1,1000
84200,1,1000
84220,1,1000
84250,1,1000
84261,1,1000
84298,1,1000
84312,1,1000
84336,1,1000
84341,1,1000
84376,1,1000
84404,1,1000
84440,1,1000
84462,1,1000
84486,1,1000
84496,1,1000
84529,1,1000
84544,1,1000
84550,1,1000
84552,1,1000
84553,1,1000
84601,1,1000
84610,1,1000
84623,1,1000
84624,1,1000
84626,1,1000
84646,1,1000
84663,1,1000
84697,1,1000
84750,1,1000
84759,1,1000
84797,1,1000
84809,1,1000
84833,1,1000
84856,1,1000
84870,1,1000
84926,1,1000
84992,1,1000
85001,1,1000
85004,1,1000
85004,1,1000
85005,1,1000
85010,1,1000
85054,1,1000
85082,1,1000
85088,1,1000
85107,1,1000
85145,1,1000
85166,1,1000
85203,1,1000
85219,1,1000
85220,1,1000
85223,1,1000
85238,1,1000
85288,1,1000
85294,1,1000
85399,1,1000
85440,1,1000
85443,1,1000
85461,1,1000
85473,1,1000
85474,1,1000
85528,1,1000
85541,1,1000
85547,1,1000
85614,1,1000
85639,1,1000
85649,1,1000
85671,1,1000
85725,1,1000
85737,1,1000
85745,1,1000
85773,1,1000
85904,1,1000
85921,1,1000
86002,1,1000
86027,1,1000
86028,1,1000
86069,1,1000
86076,1,1000
86078,1,1000
86085,1,1000
86090,1,1000
86103,1,1000
86158,1,1000
86178,1,1000
86222,1,1000
86227,1,1000
86246,1,1000
86270,1,1000
86316,1,1000
86417,1,1000
86430,1,1000
86459,1,1000
86485,1,1000
86488,1,1000
86661,1,1000
86666,1,1000
86673,1,1000
86677,1,1000
86680,1,1000
86698,1,1000
86700,1,1000
86732,1,1000
86745,1,1000
86753,1,1000
86797,1,1000
86805,1,1000
86850,1,1000
86874,1,1000
86887,1,1000
86908,1,1000
86908,1,1000
86912,1,1000
87013,1,1000
87031,1,1000
87037,1,1000
87077,1,1000
87169,1,1000
87178,1,1000
87204,1,1000
87277,1,1000
87290,1,1000
87295,1,1000
87298,1,1000
87303,1,1000
87325,1,1000
87374,1,1000
87393,1,1000
87446,1,1000
87495,1,1000
87507,1,1000
87508,1,1000
87509,1,1000
87540,1,1000
87584,1,1000
87589,1,1000
87595,1,1000
87600,1,1000
87608,1,1000
87640,1,1000
87643,1,1000
87729,1,1000
87750,1,1000
87782,1,1000
87817,1,1000
87831,1,1000
87856,1,1000
87861,1,1000
87904,1,1000
87916,1,1000
87923,1,1000
87946,1,1000
87958,1,1000
87971,1,1000
87988,1,1000
88013,1,1000
88017,1,1000
88024,1,1000
88053,1,1000
88054,1,1000
88064,1,1000
88067,1,1000
88107,1,1000
88127,1,1000
88140,1,1000
88181,1,1000
88217,1,1000
88222,1,1000
88223,1,1000
88251,1,1000
88260,1,1000
88269,1,1000
88286,1,1000
88287,1,1000
88315,1,1000
88326,1,1000
88355,1,1000
88370,1,1000
88451,1,1000
88469,1,1000
88483,1,1000
88491,1,1000
88572,1,1000
88618,1,1000
88666,1,1000
88667,1,1000
88756,1,1000
88816,1,1000
88822,1,1000
88862,1,1000
88871,1,1000
88889,1,1000
88951,1,1000
88985,1,1000
89006,1,1000
89145,1,1000
89150,1,1000
89157,1,1000
89159,1,1000
89195,1,1000
89216,1,1000
89254,1,1000
89264,1,1000
89356,1,1000
89361,1,1000
89363,1,1000
89418,1,1000
89429,1,1000
89460,1,1000
89552,1,1000
89563,1,1000
89609,1,1000
89612,1,1000
89624,1,1000
89644,1,1000
89731,1,1000
89738,1,1000
89788,1,1000
89793,1,1000
89804,1,1000
89847,1,1000
89866,1,1000
89919,1,1000
89923,1,1000
89925,1,1000
90031,1,1000
90144,1,1000
90144,1,1000
90183,1,1000
90264,1,1000
90271,1,1000
90308,1,1000
90340,1,1000
90360,1,1000
90364,1,1000
90367,1,1000
90442,1,1000
90480,1,1000
90489,1,1000
90493,1,1000
90494,1,1000
90529,1,1000
90544,1,1000
90561,1,1000
90599,1,1000
90623,1,1000
90637,1,1000
90653,1,1000
90655,1,1000
90656,1,1000
90751,1,1000
90753,1,1000
90825,1,1000
90888,1,1000
90897,1,1000
90899,1,1000
90930,1,1000
90933,1,1000
91048,1,1000
91105,1,1000
91145,1,1000
91146,1,1000
91159,1,1000
91201,1,1000
91224,1,1000
91260,1,1000
91262,1,1000
91274,1,1000
91351,1,1000
91430,1,1000
91438,1,1000
91469,1,1000
91482,1,1000
91494,1,1000
91587,1,1000
91591,1,1000
91655,1,1000
91657,1,1000
91657,1,1000
91664,1,1000
91665,1,1000
91810,1,1000
91825,1,1000
91828,1,1000
91887,1,1000
91907,1,1000
91918,1,1000
91920,1,1000
91955,1,1000
92001,1,1000
92021,1,1000
92071,1,1000
92108,1,1000
92117,1,1000
92235,1,1000
92351,1,1000
92351,1,1000
92358,1,1000
92403,1,1000
92417,1,1000
92473,1,1000
92531,1,1000
92545,1,1000
92557,1,1000
92578,1,1000
92618,1,1000
92624,1,1000
92640,1,1000
92656,1,1000
92662,1,1000
92709,1,1000
92738,1,1000
92746,1,1000
92748,1,1000
92765,1,1000
92805,1,1000
92842,1,1000
92865,1,1000
92928,1,1000
92960,1,1000
92971,1,1000
93030,1,1000
93049,1,1000
93077,1,1000
93154,1,1000
93158,1,1000
93177,1,1000
93212,1,1000
93221,1,1000
93237,1,1000
93340,1,1000
93405,1,1000
93414,1,1000
93452,1,1000
93464,1,1000
93492,1,1000
93503,1,1000
93527,1,1000
93550,1,1000
93553,1,1000
93554,1,1000
93567,1,1000
93585,1,1000
93588,1,1000
93617,1,1000
93657,1,1000
93679,1,1000
93750,1,1000
93753,1,1000
93785,1,1000
93799,1,1000
93817,1,1000
93819,1,1000
93829,1,1000
93851,1,1000
93882,1,1000
93906,1,1000
93933,1,1000
93941,1,1000
94023,1,1000
94050,1,1000
94077,1,1000
94101,1,1000
94116,1,1000
94242,1,1000
94267,1,1000
94313,1,1000
94323,1,1000
94330,1,1000
94350,1,1000
94361,1,1000
94362,1,1000
94378,1,1000
94382,1,1000
94393,1,1000
94406,1,1000
94408,1,1000
94423,1,1000
94479,1,1000
94511,1,1000
94519,1,1000
94546,1,1000
94605,1,1000
94616,1,1000
94627,1,1000
94653,1,1000
94676,1,1000
94706,1,1000
94761,1,1000
94766,1,1000
94795,1,1000
94803,1,1000
94826,1,1000
94839,1,1000
94887,1,1000
95134,1,1000
95149,1,1000
95157,1,1000
95243,1,1000
95255,1,1000
95286,1,1000
95289,1,1000
95308,1,1000
95325,1,1000
95380,1,1000
95431,1,1000
95438,1,1000
95444,1,1000
95463,1,1000
95493,1,1000
95497,1,1000
95543,1,1000
95680,1,1000
95718,1,1000
95725,1,1000
95749,1,1000
95783,1,1000
95798,1,1000
95830,1,1000
95841,1,1000
95851,1,1000
95872,1,1000
95882,1,1000
95910,1,1000
95945,1,1000
95966,1,1000
95970,1,1000
95970,1,1000
95999,1,1000
96000,1,1000
96000,1,1000
96006,1,1000
96007,1,1000
96023,1,1000
96032,1,1000
96048,1,1000
96080,1,1000
96107,1,1000
96114,1,1000
96121,1,1000
96163,1,1000
96186,1,1000
96211,1,1000
96242,1,1000
96259,1,1000
96290,1,1000
96304,1,1000
96340,1,1000
96357,1,1000
96385,1,1000
96395,1,1000
96531,1,1000
96558,1,1000
96571,1,1000
96590,1,1000
96597,1,1000
96616,1,1000
96634,1,1000
96661,1,1000
96668,1,1000
96690,1,1000
96725,1,1000
96775,1,1000
96861,1,1000
97008,1,1000
97044,1,1000
97096,1,1000
97119,1,1000
97126,1,1000
97199,1,1000
97205,1,1000
97226,1,1000
97233,1,1000
97234,1,1000
97262,1,1000
97335,1,1000
97402,1,1000
97412,1,1000
97457,1,1000
97490,1,1000
97513,1,1000
97560,1,1000
97573,1,1000
97573,1,1000
97585,1,1000
97605,1,1000
97607,1,1000
97616,1,1000
97673,1,1000
97675,1,1000
97695,1,1000
97708,1,1000
97737,1,1000
97777,1,1000
97782,1,1000
97840,1,1000
97847,1,1000
97873,1,1000
97877,1,1000
97881,1,1000
97910,1,1000
97922,1,1000
97948,1,1000
97952,1,1000
97964,1,1000
97971,1,1000
98011,1,1000
98037,1,1000
98052,1,1000
98067,1,1000
98092,1,1000
98096,1,1000
98129,1,1000
98152,1,1000
98163,1,1000
98164,1,1000
98208,1,1000
98210,1,1000
98213,1,1000
98221,1,1000
98234,1,1000
98258,1,1000
98288,1,1000
98395,1,1000
98396,1,1000
98430,1,1000
98475,1,1000
98489,1,1000
98491,1,1000
98511,1,1000
98521,1,1000
98625,1,1000
98638,1,1000
98676,1,1000
98686,1,1000
98736,1,1000
98736,1,1000
98755,1,1000
98776,1,1000
98793,1,1000
98805,1,1000
98841,1,1000
98883,1,1000
98905,1,1000
98967,1,1000
98971,1,1000
99030,1,1000
99041,1,1000
99063,1,1000
99087,1,1000
99093,1,1000
99103,1,1000
99114,1,1000
99152,1,1000
99178,1,1000
99233,1,1000
99247,1,1000
99253,1,1000
99262,1,1000
99296,1,1000
99357,1,1000
99432,1,1000
99439,1,1000
99459,1,1000
99491,1,1000
99494,1,1000
99522,1,1000
99570,1,1000
99607,1,1000
99607,1,1000
99619,1,1000
99627,1,1000
99630,1,1000
99674,1,1000
99687,1,1000
99755,1,1000
99782,1,1000
99854,1,1000
99873,1,1000
99889,1,1000
99914,1,1000
99931,1,1000
99993,1,1000
99994,1,1000
100022,1,1000
100041,1,1000
100100,1,1000
100233,1,1000
100265,1,1000
100281,1,1000
100290,1,1000
100389,1,1000
100402,1,1000
100424,1,1000
100428,1,1000
100453,1,1000
100460,1,1000
100487,1,1000
100522,1,1000
100551,1,1000
100561,1,1000
100582,1,1000
100585,1,1000
100589,1,1000
100589,1,1000
100591,1,1000
100619,1,1000
100684,1,1000
100685,1,1000
100715,1,1000
100741,1,1000
100769,1,1000
100772,1,1000
100818,1,1000
100831,1,1000
100833,1,1000
100928,1,1000
100957,1,1000
100959,1,1000
100969,1,1000
101018,1,1000
101038,1,1000
101092,1,1000
101111,1,1000
101218,1,1000
101231,1,1000
101235,1,1000
101278,1,1000
101307,1,1000
101332,1,1000
101346,1,1000
101380,1,1000
101381,1,1000
101386,1,1000
101391,1,1000
101394,1,1000
101400,1,1000
101414,1,1000
101424,1,1000
101449,1,1000
101490,1,1000
101502,1,1000
101526,1,1000
101545,1,1000
101769,1,1000
101793,1,1000
101824,1,1000
101824,1,1000
101829,1,1000
101850,1,1000
101895,1,1000
101946,1,1000
102014,1,1000
102018,1,1000
102028,1,1000
102056,1,1000
102103,1,1000
102112,1,1000
102120,1,1000
102165,1,1000
102220,1,1000
102223,1,1000
102261,1,1000
102321,1,1000
102334,1,1000
102337,1,1000
102398,1,1000
102419,1,1000
102434,1,1000
102441,1,1000
102464,1,1000
102499,1,1000
102505,1,1000
102525,1,1000
102594,1,1000
102603,1,1000
102678,1,1000
102746,1,1000
102794,1,1000
102806,1,1000
102863,1,1000
102892,1,1000
102893,1,1000
102903,1,1000
102903,1,1000
102912,1,1000
102942,1,1000
103013,1,1000
103017,1,1000
103026,1,1000
103052,1,1000
103144,1,1000
103156,1,1000
103200,1,1000
103201,1,1000
103221,1,1000
103264,1,1000
103287,1,1000
103295,1,1000
103302,1,1000
103334,1,1000
103388,1,1000
103428,1,1000
103449,1,1000
103538,1,1000
103557,1,1000
103560,1,1000
103561,1,1000
103735,1,1000
103810,1,1000
103839,1,1000
103921,1,1000
103950,1,1000
103995,1,1000
104009,1,1000
104018,1,1000
104019,1,1000
104033,1,1000
104056,1,1000
104079,1,1000
104116,1,1000
104126,1,1000
104178,1,1000
104196,1,1000
104227,1,1000
104251,1,1000
104259,1,1000
104297,1,1000
104307,1,1000
104392,1,1000
104402,1,1000
104426,1,1000
104440,1,1000
104550,1,1000
104634,1,1000
104671,1,1000
104680,1,1000
104708,1,1000
104790,1,1000
104791,1,1000
104792,1,1000
104814,1,1000
104833,1,1000
104864,1,1000
104869,1,1000
104897,1,1000
104903,1,1000
104913,1,1000
104917,1,1000
104937,1,1000
104939,1,1000
104954,1,1000
105085,1,1000
105112,1,1000
105125,1,1000
105130,1,1000
105139,1,1000
105173,1,1000
105205,1,1000
105209,1,1000
105237,1,1000
105267,1,1000
105270,1,1000
105271,1,1000
105281,1,1000
105285,1,1000
105309,1,1000
105322,1,1000
105323,1,1000
105402,1,1000
105417,1,1000
105426,1,1000
105458,1,1000
105501,1,1000
105505,1,1000
105510,1,1000
105532,1,1000
105533,1,1000
105578,1,1000
105584,1,1000
105610,1,1000
105625,1,1000
105635,1,1000
105647,1,1000
105648,1,1000
105730,1,1000
105798,1,1000
105811,1,1000
105853,1,1000
105863,1,1000
106015,1,1000
106022,1,1000
106042,1,1000
106069,1,1000
106075,1,1000
106090,1,1000
106095,1,1000
106147,1,1000
106166,1,1000
106171,1,1000
106172,1,1000
106177,1,1000
106192,1,1000
106280,1,1000
106311,1,1000
106325,1,1000
106327,1,1000
106339,1,1000
106343,1,1000
106361,1,1000
106403,1,1000
106417,1,1000
106470,1,1000
106492,1,1000
106511,1,1000
106545,1,1000
106552,1,1000
106615,1,1000
106645,1,1000
106656,1,1000
106675,1,1000
106675,1,1000
106707,1,1000
106725,1,1000
106728,1,1000
106745,1,1000
106750,1,1000
106792,1,1000
106807,1,1000
106912,1,1000
106932,1,1000
107016,1,1000
107024,1,1000
107114,1,1000
107115,1,1000
107133,1,1000
107151,1,1000
107155,1,1000
107230,1,1000
107234,1,1000
107274,1,1000
107310,1,1000
107335,1,1000
107352,1,1000
107472,1,1000
107474,1,1000
107478,1,1000
107514,1,1000
107514,1,1000
107526,1,1000
107565,1,1000
107570,1,1000
107617,1,1000
107680,1,1000
107681,1,1000
107705,1,1000
107722,1,1000
107789,1,1000
107818,1,1000
107849,1,1000
107883,1,1000
107890,1,1000
107903,1,1000
107909,1,1000
107936,1,1000
108011,1,1000
108076,1,1000
108102,1,1000
108149,1,1000
108166,1,1000
108168,1,1000
108176,1,1000
108258,1,1000
108319,1,1000
108336,1,1000
108336,1,1000
108340,1,1000
108361,1,1000
108373,1,1000
108376,1,1000
108376,1,1000
108396,1,1000
108413,1,1000
108471,1,1000
108523,1,1000
108573,1,1000
108588,1,1000
108630,1,1000
108712,1,1000
108716,1,1000
108747,1,1000
108766,1,1000
108875,1,1000
108951,1,1000
108963,1,1000
109000,1,1000
109006,1,1000
109015,1,1000
109017,1,1000
109018,1,1000
109049,1,1000
109074,1,1000
109114,1,1000
109136,1,1000
109144,1,1000
109145,1,1000
109153,1,1000
109182,1,1000
109185,1,1000
109206,1,1000
109224,1,1000
109285,1,1000
109307,1,1000
109328,1,1000
109342,1,1000
109366,1,1000
109421,1,1000
109426,1,1000
109433,1,1000
109459,1,1000
109470,1,1000
109516,1,1000
109532,1,1000
109544,1,1000
109553,1,1000
109559,1,1000
109588,1,1000
109596,1,1000
109603,1,1000
109634,1,1000
109635,1,1000
109652,1,1000
109663,1,1000
109675,1,1000
109692,1,1000
109709,1,1000
109723,1,1000
109730,1,1000
109733,1,1000
109749,1,1000
109757,1,1000
109773,1,1000
109775,1,1000
109788,1,1000
109816,1,1000
109833,1,1000
109870,1,1000
109880,1,1000
109910,1,1000
110078,1,1000
110110,1,1000
110163,1,1000
110184,1,1000
110218,1,1000
110234,1,1000
110238,1,1000
110248,1,1000
110263,1,1000
110287,1,1000
110321,1,1000
110329,1,1000
110333,1,1000
110357,1,1000
110365,1,1000
110379,1,1000
110382,1,1000
110437,1,1000
110457,1,1000
110462,1,1000
110820,1,1000
110836,1,1000
110848,1,1000
110854,1,1000
110889,1,1000
110910,1,1000
110915,1,1000
110925,1,1000
110927,1,1000
110934,1,1000
110962,1,1000
111029,1,1000
111060,1,1000
111069,1,1000
111113,1,1000
111124,1,1000
111127,1,1000
111145,1,1000
111165,1,1000
111251,1,1000
111253,1,1000
111253,1,1000
111270,1,1000
111303,1,1000
111307,1,1000
111317,1,1000
111328,1,1000
111421,1,1000
111430,1,1000
111515,1,1000
111549,1,1000
111560,1,1000
111577,1,1000
111590,1,1000
111667,1,1000
111673,1,1000
111714,1,1000
111730,1,1000
111774,1,1000
111776,1,1000
111779,1,1000
111780,1,1000
111782,1,1000
111787,1,1000
111789,1,1000
111888,1,1000
111903,1,1000
111912,1,1000
111915,1,1000
111916,1,1000
111922,1,1000
111952,1,1000
111977,1,1000
112094,1,1000
112123,1,1000
112154,1,1000
112172,1,1000
112182,1,1000
112188,1,1000
112196,1,1000
112198,1,1000
112280,1,1000
112302,1,1000
112310,1,1000
112319,1,1000
112324,1,1000
112327,1,1000
112341,1,1000
112388,1,1000
112417,1,1000
112427,1,1000
112478,1,1000
112515,1,1000
112581,1,1000
112590,1,1000
112640,1,1000
112694,1,1000
112734,1,1000
112792,1,1000
112871,1,1000
112875,1,1000
112877,1,1000
112882,1,1000
112956,1,1000
112965,1,1000
113009,1,1000
113016,1,1000
113032,1,1000
113043,1,1000
113072,1,1000
113135,1,1000
113146,1,1000
113157,1,1000
113206,1,1000
113246,1,1000
113252,1,1000
113286,1,1000
113298,1,1000
113477,1,1000
113478,1,1000
113482,1,1000
113488,1,1000
113515,1,1000
113573,1,1000
113589,1,1000
113630,1,1000
113653,1,1000
113775,1,1000
113813,1,1000
113861,1,1000
113890,1,1000
113894,1,1000
113894,1,1000
113896,1,1000
113957,1,1000
114032,1,1000
114042,1,1000
114054,1,1000
114065,1,1000
114077,1,1000
114116,1,1000
114189,1,1000
114212,1,1000
114213,1,1000
114275,1,1000
114284,1,1000
114288,1,1000
114422,1,1000
114424,1,1000
114435,1,1000
114472,1,1000
114478,1,1000
114505,1,1000
114533,1,1000
114630,1,1000
114678,1,1000
114688,1,1000
114710,1,1000
114768,1,1000
114775,1,1000
114811,1,1000
114845,1,1000
114869,1,1000
114945,1,1000
115002,1,1000
115024,1,1000
115037,1,1000
115041,1,1000
115081,1,1000
115088,1,1000
115153,1,1000
115155,1,1000
115207,1,1000
115209,1,1000
115219,1,1000
115224,1,1000
115340,1,1000
115392,1,1000
115413,1,1000
115414,1,1000
115415,1,1000
115433,1,1000
115453,1,1000
115507,1,1000
115561,1,1000
115575,1,1000
115585,1,1000
115622,1,1000
115623,1,1000
115653,1,1000
115669,1,1000
115722,1,1000
115738,1,1000
115853,1,1000
115899,1,1000
115928,1,1000
115932,1,1000
116018,1,1000
116029,1,1000
116042,1,1000
116043,1,1000
116043,1,1000
116098,1,1000
116146,1,1000
116235,1,1000
116255,1,1000
116257,1,1000
116309,1,1000
116317,1,1000
116334,1,1000
116352,1,1000
116379,1,1000
116427,1,1000
116429,1,1000
116439,1,1000
116462,1,1000
116464,1,1000
116466,1,1000
116485,1,1000
116570,1,1000
116625,1,1000
116654,1,1000
116658,1,1000
116672,1,1000
116681,1,1000
116687,1,1000
116722,1,1000
116727,1,1000
116733,1,1000
116741,1,1000
116804,1,1000
116828,1,1000
116839,1,1000
117015,1,1000
117052,1,1000
117071,1,1000
117077,1,1000
117085,1,1000
117094,1,1000
117100,1,1000
117105,1,1000
117105,1,1000
117144,1,1000
117146,1,1000
117227,1,1000
117285,1,1000
117292,1,1000
117331,1,1000
117365,1,1000
117372,1,1000
117412,1,1000
117473,1,1000
117500,1,1000
117526,1,1000
117531,1,1000
117539,1,1000
117569,1,1000
117573,1,1000
117656,1,1000
117675,1,1000
117705,1,1000
117742,1,1000
117747,1,1000
117786,1,1000
117802,1,1000
117874,1,1000
118004,1,1000
118040,1,1000
118103,1,1000
118154,1,1000
118181,1,1000
118193,1,1000
118203,1,1000
118298,1,1000
118298,1,1000
118314,1,1000
118316,1,1000
118319,1,1000
118321,1,1000
118349,1,1000
118483,1,1000
118492,1,1000
118544,1,1000
118554,1,1000
118558,1,1000
118574,1,1000
118605,1,1000
118614,1,1000
118653,1,1000
118658,1,1000
118704,1,1000
118739,1,1000
118741,1,1000
118751,1,1000
118773,1,1000
118773,1,1000
118889,1,1000
118937,1,1000
118967,1,1000
119025,1,1000
119027,1,1000
119032,1,1000
119155,1,1000
119186,1,1000
119186,1,1000
119235,1,1000
119247,1,1000
119248,1,1000
119283,1,1000
119333,1,1000
119370,1,1000
119379,1,1000
119393,1,1000
119445,1,1000
119549,1,1000
119583,1,1000
119585,1,1000
119600,1,1000
119601,1,1000
119602,1,1000
119614,1,1000
119672,1,1000
119688,1,1000
119706,1,1000
119773,1,1000
119782,1,1000
119837,1,1000
119844,1,1000
119866,1,1000
119882,1,1000
119909,1,1000
119949,1,1000
120023,1,1000
120047,1,1000
120049,1,1000
120057,1,1000
120086,1,1000
120097,1,1000
120101,1,1000
120106,1,1000
120139,1,1000
120140,1,1000
120146,1,1000
120161,1,1000
120168,1,1000
120175,1,1000
120178,1,1000
120199,1,1000
120208,1,1000
120312,1,1000
120326,1,1000
120347,1,1000
120356,1,1000
120371,1,1000
120388,1,1000
120393,1,1000
120437,1,1000
120459,1,1000
120478,1,1000
120481,1,1000
120487,1,1000
120490,1,1000
120529,1,1000
120561,1,1000
120573,1,1000
120587,1,1000
120592,1,1000
120601,1,1000
120609,1,1000
120623,1,1000
120634,1,1000
120637,1,1000
120684,1,1000
120732,1,1000
120765,1,1000
120786,1,1000
120803,1,1000
120848,1,1000
120859,1,1000
120864,1,1000
120867,1,1000
120868,1,1000
120885,1,1000
120935,1,1000
120941,1,1000
120966,1,1000
121007,1,1000
121048,1,1000
121054,1,1000
121067,1,1000
121123,1,1000
121145,1,1000
121156,1,1000
121198,1,1000
121207,1,1000
121214,1,1000
121231,1,1000
121332,1,1000
121343,1,1000
121358,1,1000
121368,1,1000
121400,1,1000
121413,1,1000
121420,1,1000
121541,1,1000
121565,1,1000
121577,1,1000
121631,1,1000
121634,1,1000
121674,1,1000
121716,1,1000
121724,1,1000
121784,1,1000
121805,1,1000
121920,1,1000
121939,1,1000
122097,1,1000
122106,1,1000
122210,1,1000
122219,1,1000
122223,1,1000
122269,1,1000
122274,1,1000
122299,1,1000
122318,1,1000
122357,1,1000
122372,1,1000
122382,1,1000
122424,1,1000
122458,1,1000
122460,1,1000
122485,1,1000
122485,1,1000
122527,1,1000
122535,1,1000
122594,1,1000
122599,1,1000
122655,1,1000
122670,1,1000
122677,1,1000
122704,1,1000
122705,1,1000
122732,1,1000
122741,1,1000
122786,1,1000
122809,1,1000
123004,1,1000
123018,1,1000
123033,1,1000
123046,1,1000
123058,1,1000
123134,1,1000
123137,1,1000
123158,1,1000
123178,1,1000
123204,1,1000
123213,1,1000
123235,1,1000
123238,1,1000
123303,1,1000
123310,1,1000
123323,1,1000
123327,1,1000
123339,1,1000
123355,1,1000
123358,1,1000
123366,1,1000
123382,1,1000
123386,1,1000
123391,1,1000
123424,1,1000
123470,1,1000
123493,1,1000
123497,1,1000
123514,1,1000
123542,1,1000
123553,1,1000
123577,1,1000
123578,1,1000
123606,1,1000
123624,1,1000
123627,1,1000
123650,1,1000
123674,1,1000
123677,1,1000
123750,1,1000
123752,1,1000
123857,1,1000
123888,1,1000
123931,1,1000
123955,1,1000
124003,1,1000
124087,1,1000
124096,1,1000
124099,1,1000
124117,1,1000
124145,1,1000
124167,1,1000
124194,1,1000
124199,1,1000
124212,1,1000
124217,1,1000
124219,1,1000
124303,1,1000
124372,1,1000
124379,1,1000
124454,1,1000
124465,1,1000
124478,1,1000
124489,1,1000
124521,1,1000
124567,1,1000
124632,1,1000
124655,1,1000
124665,1,1000
124689,1,1000
124721,1,1000
124732,1,1000
124745,1,1000
124750,1,1000
124768,1,1000
124775,1,1000
124787,1,1000
124896,1,1000
124950,1,1000
124954,1,1000
124968,1,1000
124969,1,1000
124976,1,1000
125013,1,1000
125040,1,1000
125049,1,1000
125068,1,1000
125069,1,1000
125149,1,1000
125179,1,1000
125209,1,1000
125230,1,1000
125277,1,1000
125339,1,1000
125382,1,1000
125389,1,1000
125406,1,1000
125431,1,1000
125432,1,1000
125469,1,1000
125474,1,1000
125493,1,1000
125497,1,1000
125501,1,1000
125553,1,1000
125584,1,1000
125594,1,1000
125617,1,1000
125629,1,1000
125629,1,1000
125631,1,1000
125653,1,1000
125746,1,1000
125776,1,1000
125778,1,1000
125854,1,1000
125899,1,1000
125949,1,1000
125950,1,1000
125964,1,1000
126012,1,1000
126012,1,1000
126046,1,1000
126147,1,1000
126161,1,1000
126270,1,1000
126278,1,1000
126304,1,1000
126329,1,1000
126370,1,1000
126386,1,1000
126387,1,1000
126390,1,1000
126393,1,1000
126421,1,1000
126448,1,1000
126472,1,1000
126507,1,1000
126528,1,1000
126555,1,1000
126579,1,1000
126723,1,1000
126728,1,1000
126769,1,1000
126770,1,1000
126786,1,1000
126806,1,1000
126823,1,1000
126870,1,1000
126884,1,1000
126913,1,1000
127018,1,1000
127068,1,1000
127237,1,1000
127244,1,1000
127303,1,1000
127304,1,1000
127307,1,1000
127400,1,1000
127406,1,1000
127413,1,1000
127426,1,1000
127453,1,1000
127469,1,1000
127509,1,1000
127563,1,1000
127593,1,1000
127656,1,1000
127704,1,1000
127738,1,1000
127739,1,1000
127758,1,1000
127791,1,1000
127797,1,1000
127830,1,1000
127837,1,1000
127842,1,1000
127883,1,1000
127895,1,1000
127916,1,1000
127941,1,1000
128005,1,1000
128043,1,1000
128099,1,1000
128101,1,1000
128103,1,1000
128128,1,1000
128141,1,1000
128164,1,1000
128247,1,1000
128259,1,1000
128266,1,1000
128295,1,1000
128317,1,1000
128340,1,1000
128364,1,1000
128408,1,1000
128427,1,1000
128437,1,1000
128484,1,1000
128562,1,1000
128582,1,1000
128587,1,1000
128626,1,1000
128650,1,1000
128665,1,1000
128739,1,1000
128748,1,1000
128791,1,1000
128801,1,1000
128833,1,1000
128837,1,1000
128842,1,1000
128842,1,1000
128873,1,1000
128880,1,1000
128926,1,1000
128944,1,1000
128951,1,1000
128974,1,1000
128985,1,1000
128986,1,1000
128997,1,1000
129047,1,1000
129083,1,1000
129093,1,1000
129118,1,1000
129136,1,1000
129141,1,1000
129143,1,1000
129150,1,1000
129156,1,1000
129236,1,1000
129258,1,1000
129271,1,1000
129281,1,1000
129283,1,1000
129285,1,1000
129335,1,1000
129416,1,1000
129471,1,1000
129502,1,1000
129529,1,1000
129538,1,1000
129553,1,1000
129580,1,1000
129586,1,1000
129602,1,1000
129602,1,1000
129632,1,1000
129658,1,1000
129664,1,1000
129669,1,1000
129673,1,1000
129698,1,1000
129706,1,1000
129789,1,1000
129831,1,1000
129925,1,1000
129933,1,1000
129945,1,1000
129949,1,1000
129959,1,1000
130014,1,1000
130019,1,1000
130032,1,1000
130085,1,1000
130199,1,1000
130201,1,1000
130219,1,1000
130265,1,1000
130314,1,1000
130324,1,1000
130378,1,1000
130393,1,1000
130393,1,1000
130410,1,1000
130420,1,1000
130425,1,1000
130451,1,1000
130487,1,1000
130543,1,1000
130616,1,1000
130639,1,1000
130750,1,1000
130770,1,1000
130782,1,1000
130784,1,1000
130830,1,1000
130853,1,1000
130861,1,1000
130872,1,1000
130874,1,1000
130914,1,1000
130915,1,1000
130928,1,1000
131086,1,1000
131116,1,1000
131164,1,1000
131194,1,1000
131302,1,1000
131303,1,1000
131305,1,1000
131331,1,1000
131346,1,1000
131356,1,1000
131417,1,1000
131432,1,1000
131452,1,1000
131495,1,1000
131511,1,1000
131553,1,1000
131558,1,1000
131562,1,1000
131564,1,1000
131577,1,1000
131578,1,1000
131618,1,1000
131634,1,1000
131657,1,1000
131674,1,1000
131692,1,1000
131705,1,1000
131714,1,1000
131733,1,1000
131745,1,1000
131770,1,1000
131799,1,1000
131810,1,1000
131816,1,1000
131849,1,1000
131891,1,1000
131930,1,1000
131935,1,1000
131950,1,1000
131956,1,1000
131960,1,1000
132030,1,1000
132095,1,1000
132178,1,1000
132184,1,1000
132231,1,1000
132232,1,1000
132232,1,1000
132233,1,1000
132237,1,1000
132312,1,1000
132355,1,1000
132382,1,1000
132415,1,1000
132441,1,1000
132531,1,1000
132531,1,1000
132568,1,1000
132580,1,1000
132584,1,1000
132631,1,1000
132769,1,1000
132781,1,1000
132785,1,1000
132792,1,1000
132796,1,1000
132828,1,1000
132854,1,1000
132875,1,1000
132885,1,1000
132914,1,1000
132920,1,1000
133031,1,1000
133034,1,1000
133036,1,1000
133046,1,1000
133071,1,1000
133145,1,1000
133198,1,1000
133221,1,1000
133229,1,1000
133241,1,1000
133323,1,1000
133461,1,1000
133500,1,1000
133535,1,1000
133593,1,1000
133715,1,1000
133856,1,1000
133867,1,1000
133936,1,1000
133961,1,1000
133979,1,1000
133997,1,1000
133997,1,1000
133999,1,1000
134018,1,1000
134054,1,1000
134073,1,1000
134088,1,1000
134147,1,1000
134150,1,1000
134176,1,1000
134187,1,1000
134258,1,1000
134271,1,1000
134289,1,1000
134300,1,1000
134358,1,1000
134362,1,1000
134377,1,1000
134428,1,1000
134450,1,1000
134450,1,1000
134458,1,1000
134459,1,1000
134533,1,1000
134551,1,1000
134564,1,1000
134598,1,1000
134601,1,1000
134624,1,1000
134627,1,1000
134660,1,1000
134768,1,1000
134826,1,1000
134847,1,1000
134859,1,1000
134861,1,1000
134866,1,1000
134905,1,1000
134933,1,1000
134962,1,1000
135015,1,1000
135026,1,1000
135059,1,1000
135063,1,1000
135074,1,1000
135144,1,1000
135220,1,1000
135235,1,1000
135235,1,1000
135247,1,1000
135260,1,1000
135292,1,1000
135303,1,1000
135371,1,1000
135483,1,1000
135654,1,1000
135676,1,1000
135717,1,1000
135742,1,1000
135812,1,1000
135821,1,1000
135828,1,1000
135839,1,1000
135848,1,1000
135870,1,1000
135888,1,1000
135893,1,1000
135973,1,1000
136066,1,1000
136092,1,1000
136101,1,1000
136124,1,1000
136147,1,1000
136203,1,1000
136204,1,1000
136214,1,1000
136221,1,1000
136227,1,1000
136242,1,1000
136257,1,1000
136262,1,1000
136269,1,1000
136315,1,1000
136332,1,1000
136378,1,1000
136378,1,1000
136418,1,1000
136491,1,1000
136508,1,1000
136546,1,1000
136561,1,1000
136568,1,1000
136576,1,1000
136597,1,1000
136669,1,1000
136683,1,1000
136731,1,1000
136754,1,1000
136769,1,1000
136791,1,1000
136800,1,1000
136909,1,1000
136963,1,1000
137049,1,1000
137051,1,1000
137078,1,1000
137109,1,1000
137110,1,1000
137130,1,1000
137189,1,1000
137221,1,1000
137273,1,1000
137273,1,1000
137300,1,1000
137321,1,1000
137329,1,1000
137365,1,1000
137370,1,1000
137403,1,1000
137459,1,1000
137464,1,1000
137477,1,1000
137494,1,1000
137517,1,1000
137591,1,1000
137596,1,1000
137614,1,1000
137629,1,1000
137676,1,1000
137683,1,1000
137734,1,1000
137750,1,1000
137796,1,1000
137825,1,1000
137874,1,1000
137875,1,1000
137881,1,1000
138046,1,1000
138074,1,1000
138083,1,1000
138089,1,1000
138097,1,1000
138132,1,1000
138197,1,1000
138211,1,1000
138214,1,1000
138230,1,1000
138329,1,1000
138342,1,1000
138355,1,1000
138358,1,1000
138375,1,1000
138380,1,1000
138410,1,1000
138413,1,1000
138423,1,1000
138440,1,1000
138446,1,1000
138448,1,1000
138451,1,1000
138461,1,1000
138499,1,1000
138526,1,1000
138579,1,1000
138629,1,1000
138631,1,1000
138668,1,1000
138756,1,1000
138822,1,1000
138855,1,1000
138870,1,1000
138873,1,1000
138920,1,1000
138925,1,1000
139011,1,1000
139013,1,1000
139064,1,1000
139096,1,1000
139109,1,1000
139172,1,1000
139172,1,1000
139179,1,1000
139182,1,1000
139189,1,1000
139247,1,1000
139253,1,1000
139264,1,1000
139267,1,1000
139292,1,1000
139293,1,1000
139331,1,1000
139368,1,1000
139373,1,1000
139377,1,1000
139378,1,1000
139396,1,1000
139437,1,1000
139463,1,1000
139465,1,1000
139503,1,1000
139511,1,1000
139531,1,1000
139567,1,1000
139587,1,1000
139588,1,1000
139597,1,1000
139632,1,1000
139662,1,1000
139671,1,1000
139673,1,1000
139683,1,1000
139742,1,1000
139768,1,1000
139881,1,1000
139938,1,1000
139961,1,1000
140044,1,1000
140123,1,1000
140170,1,1000
140176,1,1000
140189,1,1000
140205,1,1000
140230,1,1000
140261,1,1000
140301,1,1000
140355,1,1000
140415,1,1000
140435,1,1000
140444,1,1000
140446,1,1000
140494,1,1000
140617,1,1000
140648,1,1000
140659,1,1000
140685,1,1000
140690,1,1000
140709,1,1000
140730,1,1000
140732,1,1000
140735,1,1000
140750,1,1000
140769,1,1000
140833,1,1000
140853,1,1000
140862,1,1000
140900,1,1000
140932,1,1000
140951,1,1000
141023,1,1000
141028,1,1000
141030,1,1000
141031,1,1000
141036,1,1000
141046,1,1000
141064,1,1000
141074,1,1000
141140,1,1000
141164,1,1000
141175,1,1000
141205,1,1000
141218,1,1000
141232,1,1000
141288,1,1000
141332,1,1000
141374,1,1000
141374,1,1000
141434,1,1000
141470,1,1000
141473,1,1000
141529,1,1000
141573,1,1000
141603,1,1000
141608,1,1000
141631,1,1000
141644,1,1000
141657,1,1000
141765,1,1000
141768,1,1000
141805,1,1000
141814,1,1000
141855,1,1000
141883,1,1000
141895,1,1000
141922,1,1000
141929,1,1000
141939,1,1000
141946,1,1000
141953,1,1000
142068,1,1000
142077,1,1000
142081,1,1000
142134,1,1000
142146,1,1000
142154,1,1000
142174,1,1000
142206,1,1000
142208,1,1000
142221,1,1000
142265,1,1000
142320,1,1000
142442,1,1000
142458,1,1000
142496,1,1000
142514,1,1000
142528,1,1000
142550,1,1000
142562,1,1000
142605,1,1000
142624,1,1000
142652,1,1000
142669,1,1000
142675,1,1000
142696,1,1000
142726,1,1000
142778,1,1000
142787,1,1000
142813,1,1000
142861,1,1000
142896,1,1000
142935,1,1000
142945,1,1000
143092,1,1000
143131,1,1000
143152,1,1000
143225,1,1000
143235,1,1000
143236,1,1000
143246,1,1000
143299,1,1000
143322,1,1000
143338,1,1000
143369,1,1000
143370,1,1000
143381,1,1000
143401,1,1000
143409,1,1000
143420,1,1000
143473,1,1000
143573,1,1000
143584,1,1000
143692,1,1000
143695,1,1000
143714,1,1000
143733,1,1000
143737,1,1000
143821,1,1000
143839,1,1000
143845,1,1000
143847,1,1000
143870,1,1000
144022,1,1000
144024,1,1000
144035,1,1000
144036,1,1000
144038,1,1000
144160,1,1000
144183,1,1000
144205,1,1000
144254,1,1000
144259,1,1000
144261,1,1000
144268,1,1000
144280,1,1000
144334,1,1000
144355,1,1000
144362,1,1000
144389,1,1000
144398,1,1000
144479,1,1000
144487,1,1000
144535,1,1000
144545,1,1000
144566,1,1000
144585,1,1000
144588,1,1000
144601,1,1000
144711,1,1000
144735,1,1000
144744,1,1000
144746,1,1000
144850,1,1000
144855,1,1000
144861,1,1000
144873,1,1000
145011,1,1000
145026,1,1000
145028,1,1000
145038,1,1000
145053,1,1000
145078,1,1000
145155,1,1000
145186,1,1000
145188,1,1000
145235,1,1000
145260,1,1000
145307,1,1000
145320,1,1000
145365,1,1000
145371,1,1000
145392,1,1000
145410,1,1000
145414,1,1000
145455,1,1000
145480,1,1000
145486,1,1000
145502,1,1000
145533,1,1000
145552,1,1000
145560,1,1000
145570,1,1000
145603,1,1000
145650,1,1000
145735,1,1000
145739,1,1000
145764,1,1000
145778,1,1000
145798,1,1000
145821,1,1000
