45,1,1000
53,1,1000
69,1,1000
85,1,1000
103,1,1000
134,1,1000
137,1,1000
148,1,1000
158,1,1000
181,1,1000
184,1,1000
240,1,1000
286,1,1000
304,1,1000
307,1,1000
348,1,1000
440,1,1000
471,1,1000
513,1,1000
548,1,1000
561,1,1000
564,1,1000
565,1,1000
581,1,1000
626,1,1000
698,1,1000
731,1,1000
734,1,1000
842,1,1000
864,1,1000
944,1,1000
975,1,1000
998,1,1000
1006,1,1000
1018,1,1000
1024,1,1000
1028,1,1000
1051,1,1000
1072,1,1000
1081,1,1000
1084,1,1000
1089,1,1000
1101,1,1000
1210,1,1000
1229,1,1000
1251,1,1000
1282,1,1000
1286,1,1000
1288,1,1000
1290,1,1000
1296,1,1000
1412,1,1000
1442,1,1000
1482,1,1000
1483,1,1000
1484,1,1000
1538,1,1000
1540,1,1000
1579,1,1000
1620,1,1000
1627,1,1000
1674,1,1000
1702,1,1000
1757,1,1000
1837,1,1000
1853,1,1000
1857,1,1000
1914,1,1000
2002,1,1000
2004,1,1000
2032,1,1000
2056,1,1000
2146,1,1000
2146,1,1000
2159,1,1000
2181,1,1000
2185,1,1000
2203,1,1000
2320,1,1000
2328,1,1000
2360,1,1000
2361,1,1000
2369,1,1000
2495,1,1000
2520,1,1000
2545,1,1000
2573,1,1000
2594,1,1000
2692,1,1000
2693,1,1000
2721,1,1000
2765,1,1000
2775,1,1000
2778,1,1000
2795,1,1000
2845,1,1000
2882,1,1000
2897,1,1000
2959,1,1000
2966,1,1000
3024,1,1000
3037,1,1000
3051,1,1000
3077,1,1000
3097,1,1000
3167,1,1000
3210,1,1000
3300,1,1000
3324,1,1000
3326,1,1000
3331,1,1000
3372,1,1000
3402,1,1000
3414,1,1000
3416,1,1000
3446,1,1000
3488,1,1000
3519,1,1000
3583,1,1000
3662,1,1000
3669,1,1000
3687,1,1000
3730,1,1000
3758,1,1000
3761,1,1000
3777,1,1000
3785,1,1000
3821,1,1000
3832,1,1000
3837,1,1000
3838,1,1000
3853,1,1000
3884,1,1000
3895,1,1000
3908,1,1000
3922,1,1000
3925,1,1000
4011,1,1000
4148,1,1000
4191,1,1000
4208,1,1000
4218,1,1000
4220,1,1000
4228,1,1000
4295,1,1000
4296,1,1000
4328,1,1000
4339,1,1000
4378,1,1000
4422,1,1000
4465,1,1000
4468,1,1000
4498,1,1000
4544,1,1000
4569,1,1000
4576,1,1000
4580,1,1000
4582,1,1000
4613,1,1000
4638,1,1000
4640,1,1000
4647,1,1000
4668,1,1000
4733,1,1000
4836,1,1000
4851,1,1000
4856,1,1000
4861,1,1000
4873,1,1000
4892,1,1000
4924,1,1000
4928,1,1000
5019,1,1000
5026,1,1000
5067,1,1000
5100,1,1000
5110,1,1000
5141,1,1000
5161,1,1000
5178,1,1000
5195,1,1000
5241,1,1000
5261,1,1000
5283,1,1000
5297,1,1000
5310,1,1000
5441,1,1000
5442,1,1000
5464,1,1000
5474,1,1000
5511,1,1000
5558,1,1000
5591,1,1000
5618,1,1000
5710,1,1000
5724,1,1000
5724,1,1000
5726,1,1000
5744,1,1000
5771,1,1000
5810,1,1000
5854,1,1000
5933,1,1000
5937,1,1000
6007,1,1000
6046,1,1000
6064,1,1000
6074,1,1000
6083,1,1000
6097,1,1000
6107,1,1000
6125,1,1000
6145,1,1000
6194,1,1000
6210,1,1000
6221,1,1000
6258,1,1000
6269,1,1000
6309,1,1000
6385,1,1000
6396,1,1000
6418,1,1000
6422,1,1000
6438,1,1000
6479,1,1000
6517,1,1000
6543,1,1000
6564,1,1000
6586,1,1000
6600,1,1000
6605,1,1000
6607,1,1000
6656,1,1000
6665,1,1000
6667,1,1000
6689,1,1000
6748,1,1000
6752,1,1000
6755,1,1000
6894,1,1000
7046,1,1000
7053,1,1000
7170,1,1000
7292,1,1000
7339,1,1000
7347,1,1000
7347,1,1000
7369,1,1000
7383,1,1000
7394,1,1000
7406,1,1000
7441,1,1000
7463,1,1000
7655,1,1000
7682,1,1000
7683,1,1000
7688,1,1000
7707,1,1000
7772,1,1000
7843,1,1000
7990,1,1000
8011,1,1000
8013,1,1000
8037,1,1000
8052,1,1000
8171,1,1000
8182,1,1000
8188,1,1000
8251,1,1000
8262,1,1000
8292,1,1000
8294,1,1000
8295,1,1000
8334,1,1000
8369,1,1000
8386,1,1000
8402,1,1000
8406,1,1000
8448,1,1000
8522,1,1000
8566,1,1000
8587,1,1000
8676,1,1000
8716,1,1000
8725,1,1000
8752,1,1000
8847,1,1000
8866,1,1000
8872,1,1000
8875,1,1000
8898,1,1000
8902,1,1000
8913,1,1000
8939,1,1000
8940,1,1000
9021,1,1000
9034,1,1000
9036,1,1000
9041,1,1000
9109,1,1000
9122,1,1000
9138,1,1000
9139,1,1000
9147,1,1000
9150,1,1000
9154,1,1000
9183,1,1000
9202,1,1000
9214,1,1000
9238,1,1000
9255,1,1000
9255,1,1000
9291,1,1000
9294,1,1000
9328,1,1000
9340,1,1000
9360,1,1000
9408,1,1000
9420,1,1000
9484,1,1000
9496,1,1000
9501,1,1000
9536,1,1000
9561,1,1000
9575,1,1000
9584,1,1000
9586,1,1000
9605,1,1000
9660,1,1000
9663,1,1000
9665,1,1000
9711,1,1000
9718,1,1000
9721,1,1000
9727,1,1000
9779,1,1000
9798,1,1000
9813,1,1000
9814,1,1000
10003,1,1000
10028,1,1000
10047,1,1000
10056,1,1000
10071,1,1000
10075,1,1000
10084,1,1000
10131,1,1000
10131,1,1000
10281,1,1000
10424,1,1000
10440,1,1000
10482,1,1000
10485,1,1000
10535,1,1000
10554,1,1000
10591,1,1000
10597,1,1000
10638,1,1000
10642,1,1000
10645,1,1000
10703,1,1000
10708,1,1000
10745,1,1000
10748,1,1000
10750,1,1000
10754,1,1000
10845,1,1000
10857,1,1000
10883,1,1000
10892,1,1000
10899,1,1000
10940,1,1000
11024,1,1000
11031,1,1000
11045,1,1000
11050,1,1000
11075,1,1000
11104,1,1000
11104,1,1000
11203,1,1000
11203,1,1000
11221,1,1000
11306,1,1000
11344,1,1000
11445,1,1000
11470,1,1000
11601,1,1000
11638,1,1000
11673,1,1000
11675,1,1000
11690,1,1000
11727,1,1000
11727,1,1000
11727,1,1000
11730,1,1000
11741,1,1000
11753,1,1000
11776,1,1000
11830,1,1000
11833,1,1000
11899,1,1000
11909,1,1000
11930,1,1000
11954,1,1000
12009,1,1000
12010,1,1000
12026,1,1000
12092,1,1000
12110,1,1000
12163,1,1000
12187,1,1000
12190,1,1000
12195,1,1000
12250,1,1000
12269,1,1000
12319,1,1000
12348,1,1000
12355,1,1000
12370,1,1000
12391,1,1000
12394,1,1000
12442,1,1000
12459,1,1000
12463,1,1000
12528,1,1000
12537,1,1000
12566,1,1000
12592,1,1000
12618,1,1000
12667,1,1000
12675,1,1000
12697,1,1000
12698,1,1000
12734,1,1000
12753,1,1000
12768,1,1000
12786,1,1000
12799,1,1000
12808,1,1000
12818,1,1000
12832,1,1000
12843,1,1000
12884,1,1000
12897,1,1000
12985,1,1000
12987,1,1000
13026,1,1000
13040,1,1000
13048,1,1000
13078,1,1000
13138,1,1000
13189,1,1000
13207,1,1000
13218,1,1000
13239,1,1000
13252,1,1000
13277,1,1000
13301,1,1000
13341,1,1000
13419,1,1000
13431,1,1000
13456,1,1000
13463,1,1000
13502,1,1000
13510,1,1000
13515,1,1000
13547,1,1000
13578,1,1000
13643,1,1000
13745,1,1000
13747,1,1000
13783,1,1000
13833,1,1000
13833,1,1000
13885,1,1000
13891,1,1000
14043,1,1000
14090,1,1000
14140,1,1000
14153,1,1000
14158,1,1000
14169,1,1000
14210,1,1000
14213,1,1000
14232,1,1000
14330,1,1000
14347,1,1000
14375,1,1000
14444,1,1000
14566,1,1000
14602,1,1000
14603,1,1000
14608,1,1000
14694,1,1000
14737,1,1000
14737,1,1000
14754,1,1000
14825,1,1000
15016,1,1000
15057,1,1000
15096,1,1000
15130,1,1000
15146,1,1000
15148,1,1000
15168,1,1000
15170,1,1000
15273,1,1000
15277,1,1000
15325,1,1000
15336,1,1000
15352,1,1000
15406,1,1000
15439,1,1000
15462,1,1000
15464,1,1000
15478,1,1000
15481,1,1000
15492,1,1000
15529,1,1000
15606,1,1000
15642,1,1000
15642,1,1000
15671,1,1000
15732,1,1000
15743,1,1000
15777,1,1000
15813,1,1000
15861,1,1000
15883,1,1000
15888,1,1000
16022,1,1000
16048,1,1000
16102,1,1000
16103,1,1000
16127,1,1000
16129,1,1000
16164,1,1000
16188,1,1000
16202,1,1000
16257,1,1000
16267,1,1000
16287,1,1000
16321,1,1000
16346,1,1000
16368,1,1000
16419,1,1000
16425,1,1000
16441,1,1000
16479,1,1000
16519,1,1000
16594,1,1000
16638,1,1000
16650,1,1000
16673,1,1000
16690,1,1000
16691,1,1000
16756,1,1000
16827,1,1000
16842,1,1000
16850,1,1000
16949,1,1000
17241,1,1000
17293,1,1000
17295,1,1000
17302,1,1000
17376,1,1000
17398,1,1000
17406,1,1000
17425,1,1000
17478,1,1000
17568,1,1000
17604,1,1000
17650,1,1000
17701,1,1000
17713,1,1000
17742,1,1000
17762,1,1000
17766,1,1000
17771,1,1000
17780,1,1000
17793,1,1000
17793,1,1000
17849,1,1000
17857,1,1000
17945,1,1000
18028,1,1000
18032,1,1000
18041,1,1000
18053,1,1000
18132,1,1000
18154,1,1000
18206,1,1000
18235,1,1000
18283,1,1000
18287,1,1000
18358,1,1000
18379,1,1000
18392,1,1000
18403,1,1000
18443,1,1000
18478,1,1000
18560,1,1000
18608,1,1000
18647,1,1000
18699,1,1000
18745,1,1000
18747,1,1000
18779,1,1000
18788,1,1000
18809,1,1000
18883,1,1000
18918,1,1000
18925,1,1000
18931,1,1000
18935,1,1000
18952,1,1000
19084,1,1000
19157,1,1000
19164,1,1000
19176,1,1000
19182,1,1000
19186,1,1000
19197,1,1000
19295,1,1000
19304,1,1000
19324,1,1000
19350,1,1000
19405,1,1000
19409,1,1000
19479,1,1000
19486,1,1000
19616,1,1000
19646,1,1000
19662,1,1000
19750,1,1000
19767,1,1000
19815,1,1000
19850,1,1000
19855,1,1000
19924,1,1000
19961,1,1000
19967,1,1000
19969,1,1000
20001,1,1000
20011,1,1000
20038,1,1000
20063,1,1000
20079,1,1000
20106,1,1000
20251,1,1000
20254,1,1000
20268,1,1000
20275,1,1000
20287,1,1000
20296,1,1000
20300,1,1000
20300,1,1000
20338,1,1000
20378,1,1000
20388,1,1000
20449,1,1000
20500,1,1000
20500,1,1000
20512,1,1000
20538,1,1000
20538,1,1000
20540,1,1000
20584,1,1000
20587,1,1000
20594,1,1000
20653,1,1000
20665,1,1000
20674,1,1000
20693,1,1000
20699,1,1000
20727,1,1000
20731,1,1000
20955,1,1000
21126,1,1000
21133,1,1000
21135,1,1000
21147,1,1000
21178,1,1000
21206,1,1000
21251,1,1000
21256,1,1000
21258,1,1000
21321,1,1000
21379,1,1000
21410,1,1000
21410,1,1000
21470,1,1000
21489,1,1000
21522,1,1000
21586,1,1000
21604,1,1000
21649,1,1000
21725,1,1000
21746,1,1000
21897,1,1000
21917,1,1000
21930,1,1000
22011,1,1000
22011,1,1000
22056,1,1000
22152,1,1000
22156,1,1000
22178,1,1000
22200,1,1000
22226,1,1000
22296,1,1000
22313,1,1000
22317,1,1000
22324,1,1000
22328,1,1000
22387,1,1000
22414,1,1000
22423,1,1000
22437,1,1000
22455,1,1000
22483,1,1000
22485,1,1000
22495,1,1000
22501,1,1000
22504,1,1000
22541,1,1000
22575,1,1000
22586,1,1000
22594,1,1000
22595,1,1000
22614,1,1000
22615,1,1000
22677,1,1000
22698,1,1000
22709,1,1000
22723,1,1000
22732,1,1000
22798,1,1000
22872,1,1000
22876,1,1000
22880,1,1000
22908,1,1000
22947,1,1000
23009,1,1000
23068,1,1000
23095,1,1000
23117,1,1000
23192,1,1000
23193,1,1000
23197,1,1000
23221,1,1000
23239,1,1000
23280,1,1000
23288,1,1000
23296,1,1000
23377,1,1000
23401,1,1000
23483,1,1000
23491,1,1000
23511,1,1000
23585,1,1000
23667,1,1000
23723,1,1000
23737,1,1000
23738,1,1000
23818,1,1000
23885,1,1000
24015,1,1000
24037,1,1000
24044,1,1000
24109,1,1000
24126,1,1000
24140,1,1000
24144,1,1000
24178,1,1000
24308,1,1000
24308,1,1000
24330,1,1000
24406,1,1000
24424,1,1000
24428,1,1000
24439,1,1000
24447,1,1000
24452,1,1000
24511,1,1000
24635,1,1000
24673,1,1000
24709,1,1000
24717,1,1000
24718,1,1000
24761,1,1000
24768,1,1000
24780,1,1000
24793,1,1000
24793,1,1000
24856,1,1000
24873,1,1000
24906,1,1000
24914,1,1000
24975,1,1000
25030,1,1000
25111,1,1000
25114,1,1000
25119,1,1000
25130,1,1000
25170,1,1000
25199,1,1000
25290,1,1000
25315,1,1000
25366,1,1000
25406,1,1000
25511,1,1000
25570,1,1000
25635,1,1000
25716,1,1000
25736,1,1000
25741,1,1000
25764,1,1000
25768,1,1000
25796,1,1000
25837,1,1000
25868,1,1000
25908,1,1000
25966,1,1000
26043,1,1000
26045,1,1000
26052,1,1000
26063,1,1000
26115,1,1000
26132,1,1000
26154,1,1000
26177,1,1000
26202,1,1000
26219,1,1000
26229,1,1000
26255,1,1000
26267,1,1000
26312,1,1000
26313,1,1000
26335,1,1000
26354,1,1000
26373,1,1000
26423,1,1000
26436,1,1000
26533,1,1000
26545,1,1000
26605,1,1000
26610,1,1000
26631,1,1000
26680,1,1000
26714,1,1000
26742,1,1000
26751,1,1000
26775,1,1000
26903,1,1000
26904,1,1000
27037,1,1000
27122,1,1000
27212,1,1000
27231,1,1000
27264,1,1000
27274,1,1000
27305,1,1000
27309,1,1000
27316,1,1000
27340,1,1000
27376,1,1000
27387,1,1000
27411,1,1000
27436,1,1000
27476,1,1000
27495,1,1000
27511,1,1000
27512,1,1000
27531,1,1000
27548,1,1000
27568,1,1000
27570,1,1000
27579,1,1000
27579,1,1000
27672,1,1000
27674,1,1000
27689,1,1000
27696,1,1000
27708,1,1000
27895,1,1000
27901,1,1000
27914,1,1000
28002,1,1000
28007,1,1000
28018,1,1000
28023,1,1000
28025,1,1000
28029,1,1000
28042,1,1000
28050,1,1000
28058,1,1000
28069,1,1000
28077,1,1000
28097,1,1000
28146,1,1000
28152,1,1000
28152,1,1000
28159,1,1000
28163,1,1000
28165,1,1000
28186,1,1000
28189,1,1000
28280,1,1000
28360,1,1000
28400,1,1000
28413,1,1000
28427,1,1000
28456,1,1000
28484,1,1000
28513,1,1000
28534,1,1000
28581,1,1000
28614,1,1000
28624,1,1000
28655,1,1000
28693,1,1000
28739,1,1000
28741,1,1000
28768,1,1000
28776,1,1000
28792,1,1000
28801,1,1000
28876,1,1000
28882,1,1000
28933,1,1000
28934,1,1000
29005,1,1000
29056,1,1000
29072,1,1000
29079,1,1000
29110,1,1000
29149,1,1000
29184,1,1000
29203,1,1000
29225,1,1000
29302,1,1000
29400,1,1000
29450,1,1000
29455,1,1000
29492,1,1000
29510,1,1000
29522,1,1000
29554,1,1000
29617,1,1000
29657,1,1000
29678,1,1000
29685,1,1000
29690,1,1000
29695,1,1000
29704,1,1000
29722,1,1000
29743,1,1000
29795,1,1000
29798,1,1000
29809,1,1000
29854,1,1000
29880,1,1000
29882,1,1000
29923,1,1000
29946,1,1000
29970,1,1000
29990,1,1000
30006,1,1000
30009,1,1000
30010,1,1000
30017,1,1000
30022,1,1000
30036,1,1000
30082,1,1000
30201,1,1000
30202,1,1000
30214,1,1000
30262,1,1000
30332,1,1000
30383,1,1000
30409,1,1000
30439,1,1000
30496,1,1000
30541,1,1000
30547,1,1000
30614,1,1000
30625,1,1000
30647,1,1000
30659,1,1000
30681,1,1000
30708,1,1000
30710,1,1000
30748,1,1000
30785,1,1000
30823,1,1000
30828,1,1000
30932,1,1000
30949,1,1000
31059,1,1000
31064,1,1000
31124,1,1000
31141,1,1000
31195,1,1000
31202,1,1000
31217,1,1000
31248,1,1000
31264,1,1000
31359,1,1000
31370,1,1000
31402,1,1000
31405,1,1000
31441,1,1000
31445,1,1000
31467,1,1000
31556,1,1000
31614,1,1000
31659,1,1000
31664,1,1000
31676,1,1000
31728,1,1000
31749,1,1000
31790,1,1000
31856,1,1000
31877,1,1000
31883,1,1000
31912,1,1000
31919,1,1000
31942,1,1000
31957,1,1000
31959,1,1000
31973,1,1000
32033,1,1000
32053,1,1000
32066,1,1000
32148,1,1000
32152,1,1000
32244,1,1000
32298,1,1000
32317,1,1000
32334,1,1000
32360,1,1000
32392,1,1000
32393,1,1000
32425,1,1000
32429,1,1000
32443,1,1000
32447,1,1000
32521,1,1000
32529,1,1000
32563,1,1000
32585,1,1000
32602,1,1000
32607,1,1000
32612,1,1000
32634,1,1000
32683,1,1000
32705,1,1000
32709,1,1000
32725,1,1000
32747,1,1000
32755,1,1000
32762,1,1000
32781,1,1000
32817,1,1000
32829,1,1000
32872,1,1000
32876,1,1000
32881,1,1000
32894,1,1000
32914,1,1000
32948,1,1000
33033,1,1000
33041,1,1000
33095,1,1000
33128,1,1000
33165,1,1000
33188,1,1000
33256,1,1000
33300,1,1000
33305,1,1000
33376,1,1000
33379,1,1000
33416,1,1000
33506,1,1000
33507,1,1000
33514,1,1000
33598,1,1000
33603,1,1000
33606,1,1000
33609,1,1000
33752,1,1000
33760,1,1000
33773,1,1000
33786,1,1000
33805,1,1000
33827,1,1000
33860,1,1000
33864,1,1000
33887,1,1000
33902,1,1000
33924,1,1000
33955,1,1000
33969,1,1000
34004,1,1000
34007,1,1000
34036,1,1000
34085,1,1000
34140,1,1000
34169,1,1000
34177,1,1000
34198,1,1000
34200,1,1000
34203,1,1000
34215,1,1000
34217,1,1000
34305,1,1000
34315,1,1000
34351,1,1000
34376,1,1000
34378,1,1000
34424,1,1000
34521,1,1000
34532,1,1000
34551,1,1000
34651,1,1000
34688,1,1000
34704,1,1000
34724,1,1000
34821,1,1000
34873,1,1000
34913,1,1000
35017,1,1000
35029,1,1000
35046,1,1000
35062,1,1000
35065,1,1000
35067,1,1000
35073,1,1000
35080,1,1000
35102,1,1000
35164,1,1000
35238,1,1000
35266,1,1000
35283,1,1000
35304,1,1000
35318,1,1000
35350,1,1000
35385,1,1000
35526,1,1000
35572,1,1000
35581,1,1000
35620,1,1000
35642,1,1000
35663,1,1000
35672,1,1000
35672,1,1000
35714,1,1000
35715,1,1000
35869,1,1000
36072,1,1000
36101,1,1000
36111,1,1000
36177,1,1000
36270,1,1000
36288,1,1000
36303,1,1000
36303,1,1000
36357,1,1000
36458,1,1000
36458,1,1000
36517,1,1000
36568,1,1000
36571,1,1000
36599,1,1000
36706,1,1000
36731,1,1000
36777,1,1000
36800,1,1000
36812,1,1000
36855,1,1000
36882,1,1000
36882,1,1000
36905,1,1000
37021,1,1000
37029,1,1000
37042,1,1000
37044,1,1000
37249,1,1000
37273,1,1000
37314,1,1000
37332,1,1000
37355,1,1000
37420,1,1000
37421,1,1000
37437,1,1000
37452,1,1000
37496,1,1000
37499,1,1000
37636,1,1000
37658,1,1000
37666,1,1000
37702,1,1000
37736,1,1000
37765,1,1000
37797,1,1000
37833,1,1000
37845,1,1000
37852,1,1000
37875,1,1000
37895,1,1000
37914,1,1000
37923,1,1000
37935,1,1000
38010,1,1000
38027,1,1000
38043,1,1000
38066,1,1000
38100,1,1000
38140,1,1000
38143,1,1000
38156,1,1000
38255,1,1000
38264,1,1000
38274,1,1000
38290,1,1000
38308,1,1000
38355,1,1000
38412,1,1000
38418,1,1000
38427,1,1000
38445,1,1000
38460,1,1000
38464,1,1000
38513,1,1000
38525,1,1000
38550,1,1000
38564,1,1000
38608,1,1000
38620,1,1000
38623,1,1000
38632,1,1000
38654,1,1000
38668,1,1000
38674,1,1000
38732,1,1000
38733,1,1000
38735,1,1000
38765,1,1000
38780,1,1000
38786,1,1000
38789,1,1000
38790,1,1000
38796,1,1000
38836,1,1000
38866,1,1000
38872,1,1000
38896,1,1000
38896,1,1000
39014,1,1000
39034,1,1000
39118,1,1000
39174,1,1000
39201,1,1000
39287,1,1000
39308,1,1000
39417,1,1000
39444,1,1000
39491,1,1000
39511,1,1000
39568,1,1000
39604,1,1000
39635,1,1000
39642,1,1000
39686,1,1000
39708,1,1000
39717,1,1000
39737,1,1000
39774,1,1000
39776,1,1000
39826,1,1000
39830,1,1000
39845,1,1000
39905,1,1000
39961,1,1000
40013,1,1000
40045,1,1000
40051,1,1000
40083,1,1000
40122,1,1000
40160,1,1000
40187,1,1000
40189,1,1000
40238,1,1000
40241,1,1000
40242,1,1000
40259,1,1000
40293,1,1000
40303,1,1000
40319,1,1000
40358,1,1000
40372,1,1000
40380,1,1000
40398,1,1000
40439,1,1000
40497,1,1000
40580,1,1000
40646,1,1000
40663,1,1000
40692,1,1000
40701,1,1000
40735,1,1000
40754,1,1000
40788,1,1000
40810,1,1000
40864,1,1000
40867,1,1000
40920,1,1000
40971,1,1000
41037,1,1000
41127,1,1000
41171,1,1000
41185,1,1000
41306,1,1000
41348,1,1000
41358,1,1000
41502,1,1000
41510,1,1000
41518,1,1000
41531,1,1000
41584,1,1000
41589,1,1000
41593,1,1000
41614,1,1000
41634,1,1000
41653,1,1000
41668,1,1000
41760,1,1000
41817,1,1000
41832,1,1000
41864,1,1000
41933,1,1000
42018,1,1000
42041,1,1000
42057,1,1000
42115,1,1000
42223,1,1000
42299,1,1000
42343,1,1000
42372,1,1000
42406,1,1000
42413,1,1000
42529,1,1000
42548,1,1000
42612,1,1000
42687,1,1000
42714,1,1000
42737,1,1000
42766,1,1000
42776,1,1000
42783,1,1000
42799,1,1000
42856,1,1000
42863,1,1000
42963,1,1000
43005,1,1000
43096,1,1000
43122,1,1000
43155,1,1000
43221,1,1000
43234,1,1000
43239,1,1000
43295,1,1000
43306,1,1000
43381,1,1000
43400,1,1000
43426,1,1000
43437,1,1000
43444,1,1000
43472,1,1000
43522,1,1000
43557,1,1000
43565,1,1000
43617,1,1000
43662,1,1000
43678,1,1000
43720,1,1000
43722,1,1000
43781,1,1000
43796,1,1000
43801,1,1000
43809,1,1000
43852,1,1000
43859,1,1000
43882,1,1000
44014,1,1000
44030,1,1000
44045,1,1000
44049,1,1000
44068,1,1000
44096,1,1000
44105,1,1000
44119,1,1000
44157,1,1000
44175,1,1000
44216,1,1000
44250,1,1000
44267,1,1000
44286,1,1000
44366,1,1000
44366,1,1000
44366,1,1000
44381,1,1000
44387,1,1000
44393,1,1000
44393,1,1000
44489,1,1000
44492,1,1000
44626,1,1000
44627,1,1000
44647,1,1000
44685,1,1000
44695,1,1000
44712,1,1000
44731,1,1000
44762,1,1000
44785,1,1000
44790,1,1000
44797,1,1000
44819,1,1000
44860,1,1000
44885,1,1000
44890,1,1000
44904,1,1000
45003,1,1000
45011,1,1000
45047,1,1000
45061,1,1000
45096,1,1000
45107,1,1000
45143,1,1000
45147,1,1000
45151,1,1000
45178,1,1000
45183,1,1000
45240,1,1000
45243,1,1000
45268,1,1000
45303,1,1000
45317,1,1000
45337,1,1000
45352,1,1000
45387,1,1000
45390,1,1000
45438,1,1000
45452,1,1000
45487,1,1000
45501,1,1000
45536,1,1000
45594,1,1000
45610,1,1000
45648,1,1000
45662,1,1000
45693,1,1000
45759,1,1000
45833,1,1000
45938,1,1000
45942,1,1000
46010,1,1000
46097,1,1000
46112,1,1000
46117,1,1000
46119,1,1000
46148,1,1000
46211,1,1000
46262,1,1000
46275,1,1000
46283,1,1000
46298,1,1000
46321,1,1000
46332,1,1000
46356,1,1000
46357,1,1000
46362,1,1000
46450,1,1000
46456,1,1000
46496,1,1000
46515,1,1000
46543,1,1000
46559,1,1000
46570,1,1000
46616,1,1000
46626,1,1000
46631,1,1000
46747,1,1000
46777,1,1000
46826,1,1000
46827,1,1000
46827,1,1000
46963,1,1000
46982,1,1000
47005,1,1000
47014,1,1000
47077,1,1000
47102,1,1000
47184,1,1000
47187,1,1000
47207,1,1000
47249,1,1000
47284,1,1000
47316,1,1000
47383,1,1000
47384,1,1000
47442,1,1000
47509,1,1000
47513,1,1000
47528,1,1000
47550,1,1000
47587,1,1000
47596,1,1000
47655,1,1000
47729,1,1000
47805,1,1000
47851,1,1000
47876,1,1000
47893,1,1000
48032,1,1000
48041,1,1000
48064,1,1000
48076,1,1000
48095,1,1000
48135,1,1000
48138,1,1000
48164,1,1000
48200,1,1000
48203,1,1000
48301,1,1000
48368,1,1000
48393,1,1000
48394,1,1000
48403,1,1000
48426,1,1000
48459,1,1000
48577,1,1000
48598,1,1000
48599,1,1000
48655,1,1000
48659,1,1000
48677,1,1000
48685,1,1000
48688,1,1000
48744,1,1000
48770,1,1000
48862,1,1000
48882,1,1000
48895,1,1000
48916,1,1000
48937,1,1000
48964,1,1000
48967,1,1000
49034,1,1000
49050,1,1000
49079,1,1000
49099,1,1000
49174,1,1000
49188,1,1000
49191,1,1000
49215,1,1000
49280,1,1000
49288,1,1000
49292,1,1000
49337,1,1000
49382,1,1000
49456,1,1000
49461,1,1000
49482,1,1000
49498,1,1000
49544,1,1000
49556,1,1000
49572,1,1000
49576,1,1000
49581,1,1000
49597,1,1000
49620,1,1000
49623,1,1000
49662,1,1000
49681,1,1000
49820,1,1000
49826,1,1000
49918,1,1000
50058,1,1000
50074,1,1000
50099,1,1000
50108,1,1000
50196,1,1000
50214,1,1000
50247,1,1000
50268,1,1000
50287,1,1000
50302,1,1000
50306,1,1000
50308,1,1000
50328,1,1000
50336,1,1000
50372,1,1000
50417,1,1000
50430,1,1000
50432,1,1000
50448,1,1000
50453,1,1000
50459,1,1000
50468,1,1000
50471,1,1000
50542,1,1000
50543,1,1000
50566,1,1000
50573,1,1000
50580,1,1000
50605,1,1000
50609,1,1000
50618,1,1000
50749,1,1000
50771,1,1000
50774,1,1000
50857,1,1000
50868,1,1000
50877,1,1000
50933,1,1000
51002,1,1000
51017,1,1000
51070,1,1000
51070,1,1000
51115,1,1000
51147,1,1000
51149,1,1000
51160,1,1000
51193,1,1000
51217,1,1000
51225,1,1000
51278,1,1000
51294,1,1000
51302,1,1000
51316,1,1000
51322,1,1000
51325,1,1000
51398,1,1000
51411,1,1000
51417,1,1000
51452,1,1000
51488,1,1000
51492,1,1000
51645,1,1000
51672,1,1000
51672,1,1000
51737,1,1000
51809,1,1000
51812,1,1000
51812,1,1000
51865,1,1000
52021,1,1000
52060,1,1000
52117,1,1000
52151,1,1000
52152,1,1000
52202,1,1000
52230,1,1000
52369,1,1000
52375,1,1000
52463,1,1000
52512,1,1000
52514,1,1000
52543,1,1000
52547,1,1000
52547,1,1000
52591,1,1000
52591,1,1000
52625,1,1000
52648,1,1000
52730,1,1000
52734,1,1000
52769,1,1000
52865,1,1000
52866,1,1000
52883,1,1000
52932,1,1000
52950,1,1000
53007,1,1000
53031,1,1000
53047,1,1000
53088,1,1000
53089,1,1000
53116,1,1000
53138,1,1000
53163,1,1000
53244,1,1000
53245,1,1000
53310,1,1000
53354,1,1000
53411,1,1000
53438,1,1000
53469,1,1000
53499,1,1000
53503,1,1000
53527,1,1000
53530,1,1000
53537,1,1000
53544,1,1000
53565,1,1000
53578,1,1000
53679,1,1000
53736,1,1000
53749,1,1000
53826,1,1000
53849,1,1000
53872,1,1000
53876,1,1000
53887,1,1000
53893,1,1000
53916,1,1000
54024,1,1000
54148,1,1000
54149,1,1000
54189,1,1000
54207,1,1000
54229,1,1000
54254,1,1000
54382,1,1000
54395,1,1000
54408,1,1000
54478,1,1000
54515,1,1000
54572,1,1000
54588,1,1000
54597,1,1000
54653,1,1000
54658,1,1000
54735,1,1000
54782,1,1000
54826,1,1000
54835,1,1000
54838,1,1000
54896,1,1000
55031,1,1000
55040,1,1000
55048,1,1000
55051,1,1000
55052,1,1000
55067,1,1000
55125,1,1000
55196,1,1000
55286,1,1000
55293,1,1000
55339,1,1000
55424,1,1000
55430,1,1000
55485,1,1000
55497,1,1000
55539,1,1000
55545,1,1000
55563,1,1000
55574,1,1000
55599,1,1000
55625,1,1000
55660,1,1000
55673,1,1000
55691,1,1000
55724,1,1000
55784,1,1000
55796,1,1000
55800,1,1000
55835,1,1000
55841,1,1000
55900,1,1000
55913,1,1000
55923,1,1000
55930,1,1000
56013,1,1000
56019,1,1000
56075,1,1000
56083,1,1000
56086,1,1000
56169,1,1000
56180,1,1000
56196,1,1000
56223,1,1000
56336,1,1000
56341,1,1000
56367,1,1000
56385,1,1000
56430,1,1000
56459,1,1000
56498,1,1000
56519,1,1000
56525,1,1000
56563,1,1000
56618,1,1000
56649,1,1000
56656,1,1000
56665,1,1000
56680,1,1000
56748,1,1000
56752,1,1000
56754,1,1000
56758,1,1000
56778,1,1000
56827,1,1000
56839,1,1000
56910,1,1000
56934,1,1000
56944,1,1000
57008,1,1000
57022,1,1000
57038,1,1000
57166,1,1000
57190,1,1000
57208,1,1000
57227,1,1000
57236,1,1000
57241,1,1000
57258,1,1000
57260,1,1000
57263,1,1000
57304,1,1000
57315,1,1000
57330,1,1000
57389,1,1000
57422,1,1000
57437,1,1000
57439,1,1000
57473,1,1000
57479,1,1000
57485,1,1000
57493,1,1000
57550,1,1000
57552,1,1000
57641,1,1000
57646,1,1000
57694,1,1000
57802,1,1000
57809,1,1000
57873,1,1000
58054,1,1000
58095,1,1000
58097,1,1000
58133,1,1000
58137,1,1000
58255,1,1000
58258,1,1000
58277,1,1000
58346,1,1000
58401,1,1000
58418,1,1000
58421,1,1000
58503,1,1000
58605,1,1000
58609,1,1000
58617,1,1000
58716,1,1000
58738,1,1000
58780,1,1000
58808,1,1000
58817,1,1000
58827,1,1000
58843,1,1000
58910,1,1000
58946,1,1000
59006,1,1000
59020,1,1000
59050,1,1000
59108,1,1000
59145,1,1000
59187,1,1000
59192,1,1000
59234,1,1000
59241,1,1000
59253,1,1000
59296,1,1000
59307,1,1000
59436,1,1000
59622,1,1000
59627,1,1000
59638,1,1000
59666,1,1000
59692,1,1000
59700,1,1000
59729,1,1000
59752,1,1000
59808,1,1000
59847,1,1000
59912,1,1000
60045,1,1000
60052,1,1000
60136,1,1000
60158,1,1000
60186,1,1000
60294,1,1000
60295,1,1000
60323,1,1000
60336,1,1000
60516,1,1000
60541,1,1000
60585,1,1000
60628,1,1000
60640,1,1000
60656,1,1000
60656,1,1000
60669,1,1000
60756,1,1000
60805,1,1000
60860,1,1000
60876,1,1000
60935,1,1000
60946,1,1000
61017,1,1000
61078,1,1000
61091,1,1000
61115,1,1000
61167,1,1000
61197,1,1000
61243,1,1000
61244,1,1000
61317,1,1000
61380,1,1000
61389,1,1000
61428,1,1000
61443,1,1000
61483,1,1000
61518,1,1000
61575,1,1000
61678,1,1000
61707,1,1000
61719,1,1000
61731,1,1000
61821,1,1000
61854,1,1000
61856,1,1000
61864,1,1000
61885,1,1000
61896,1,1000
61924,1,1000
61940,1,1000
61942,1,1000
62001,1,1000
62001,1,1000
62030,1,1000
62156,1,1000
62167,1,1000
62282,1,1000
62318,1,1000
62325,1,1000
62335,1,1000
62376,1,1000
62378,1,1000
62394,1,1000
62428,1,1000
62437,1,1000
62499,1,1000
62578,1,1000
62578,1,1000
62604,1,1000
62653,1,1000
62674,1,1000
62683,1,1000
62691,1,1000
62699,1,1000
62757,1,1000
62780,1,1000
62781,1,1000
62786,1,1000
62815,1,1000
62834,1,1000
62855,1,1000
62941,1,1000
62976,1,1000
63004,1,1000
63014,1,1000
63092,1,1000
63164,1,1000
63254,1,1000
63258,1,1000
63264,1,1000
63302,1,1000
63316,1,1000
63418,1,1000
63481,1,1000
63521,1,1000
63579,1,1000
63675,1,1000
63692,1,1000
63718,1,1000
63724,1,1000
63739,1,1000
63740,1,1000
63746,1,1000
63772,1,1000
63810,1,1000
63893,1,1000
63919,1,1000
64001,1,1000
64007,1,1000
64027,1,1000
64083,1,1000
64112,1,1000
64141,1,1000
64147,1,1000
64163,1,1000
64220,1,1000
64238,1,1000
64309,1,1000
64415,1,1000
64464,1,1000
64478,1,1000
64522,1,1000
64544,1,1000
64623,1,1000
64647,1,1000
64648,1,1000
64658,1,1000
64726,1,1000
64738,1,1000
64779,1,1000
64796,1,1000
64834,1,1000
64914,1,1000
64946,1,1000
65001,1,1000
65016,1,1000
65024,1,1000
65043,1,1000
65065,1,1000
65071,1,1000
65097,1,1000
65097,1,1000
65190,1,1000
65257,1,1000
65282,1,1000
65292,1,1000
65378,1,1000
65439,1,1000
65450,1,1000
65483,1,1000
65496,1,1000
65514,1,1000
65551,1,1000
65553,1,1000
65569,1,1000
65596,1,1000
65629,1,1000
65679,1,1000
65696,1,1000
65745,1,1000
65767,1,1000
65839,1,1000
65874,1,1000
65930,1,1000
66005,1,1000
66036,1,1000
66043,1,1000
66052,1,1000
66082,1,1000
66216,1,1000
66256,1,1000
66312,1,1000
66376,1,1000
66382,1,1000
66391,1,1000
66516,1,1000
66526,1,1000
66538,1,1000
66602,1,1000
66610,1,1000
66631,1,1000
66662,1,1000
66686,1,1000
66689,1,1000
66700,1,1000
66712,1,1000
66719,1,1000
66725,1,1000
66753,1,1000
66787,1,1000
66821,1,1000
66823,1,1000
66830,1,1000
66859,1,1000
66862,1,1000
66879,1,1000
66955,1,1000
67042,1,1000
67128,1,1000
67137,1,1000
67176,1,1000
67178,1,1000
67224,1,1000
67233,1,1000
67293,1,1000
67335,1,1000
67384,1,1000
67392,1,1000
67404,1,1000
67406,1,1000
67407,1,1000
67412,1,1000
67429,1,1000
67429,1,1000
67445,1,1000
67463,1,1000
67486,1,1000
67503,1,1000
67586,1,1000
67595,1,1000
67610,1,1000
67644,1,1000
67756,1,1000
67796,1,1000
67799,1,1000
67805,1,1000
67844,1,1000
67858,1,1000
67876,1,1000
68019,1,1000
68052,1,1000
68073,1,1000
68080,1,1000
68117,1,1000
68264,1,1000
68311,1,1000
68321,1,1000
68338,1,1000
68351,1,1000
68371,1,1000
68419,1,1000
68457,1,1000
68465,1,1000
68589,1,1000
68636,1,1000
68717,1,1000
68800,1,1000
68811,1,1000
68817,1,1000
68821,1,1000
68850,1,1000
68856,1,1000
68858,1,1000
68911,1,1000
68922,1,1000
69052,1,1000
69172,1,1000
69178,1,1000
69200,1,1000
69211,1,1000
69211,1,1000
69218,1,1000
69229,1,1000
69232,1,1000
69274,1,1000
69312,1,1000
69337,1,1000
69358,1,1000
69408,1,1000
69542,1,1000
69590,1,1000
69595,1,1000
69601,1,1000
69668,1,1000
69726,1,1000
69728,1,1000
69729,1,1000
69745,1,1000
69804,1,1000
69812,1,1000
69924,1,1000
69952,1,1000
69959,1,1000
69964,1,1000
69968,1,1000
70017,1,1000
70038,1,1000
70056,1,1000
70136,1,1000
70155,1,1000
70195,1,1000
70203,1,1000
70204,1,1000
70222,1,1000
70309,1,1000
70316,1,1000
70362,1,1000
70373,1,1000
70392,1,1000
70416,1,1000
70446,1,1000
70459,1,1000
70484,1,1000
70512,1,1000
70614,1,1000
70667,1,1000
70682,1,1000
70724,1,1000
70732,1,1000
70745,1,1000
70763,1,1000
70816,1,1000
70825,1,1000
70862,1,1000
70901,1,1000
70909,1,1000
71094,1,1000
71096,1,1000
71111,1,1000
71143,1,1000
71239,1,1000
71325,1,1000
71334,1,1000
71418,1,1000
71423,1,1000
71499,1,1000
71507,1,1000
71538,1,1000
71589,1,1000
71593,1,1000
71627,1,1000
71651,1,1000
71668,1,1000
71680,1,1000
71687,1,1000
71692,1,1000
71853,1,1000
71867,1,1000
71871,1,1000
71877,1,1000
71879,1,1000
71915,1,1000
72021,1,1000
72084,1,1000
72139,1,1000
72139,1,1000
72177,1,1000
72202,1,1000
72207,1,1000
72210,1,1000
72217,1,1000
72293,1,1000
72391,1,1000
72394,1,1000
72431,1,1000
72443,1,1000
72453,1,1000
72460,1,1000
72473,1,1000
72484,1,1000
72499,1,1000
72551,1,1000
72564,1,1000
72615,1,1000
72615,1,1000
72622,1,1000
72647,1,1000
72650,1,1000
72730,1,1000
72741,1,1000
72786,1,1000
72798,1,1000
72798,1,1000
72815,1,1000
72829,1,1000
72879,1,1000
72901,1,1000
72918,1,1000
72925,1,1000
73055,1,1000
73163,1,1000
73180,1,1000
73193,1,1000
73225,1,1000
73226,1,1000
73251,1,1000
73273,1,1000
73301,1,1000
73318,1,1000
73383,1,1000
73387,1,1000
73412,1,1000
73417,1,1000
73473,1,1000
73555,1,1000
73600,1,1000
73617,1,1000
73683,1,1000
73738,1,1000
73808,1,1000
73819,1,1000
73880,1,1000
73908,1,1000
73947,1,1000
73964,1,1000
74013,1,1000
74068,1,1000
74156,1,1000
74162,1,1000
74265,1,1000
74283,1,1000
74310,1,1000
74317,1,1000
74317,1,1000
74434,1,1000
74547,1,1000
74592,1,1000
74642,1,1000
74755,1,1000
74798,1,1000
74860,1,1000
74908,1,1000
74960,1,1000
74988,1,1000
75022,1,1000
75049,1,1000
75191,1,1000
75193,1,1000
75197,1,1000
75278,1,1000
75289,1,1000
75301,1,1000
75315,1,1000
75327,1,1000
75446,1,1000
75523,1,1000
75583,1,1000
75605,1,1000
75612,1,1000
75638,1,1000
75660,1,1000
75661,1,1000
75701,1,1000
75744,1,1000
75756,1,1000
75763,1,1000
75777,1,1000
75789,1,1000
75803,1,1000
75831,1,1000
75855,1,1000
75869,1,1000
76002,1,1000
76025,1,1000
76033,1,1000
76098,1,1000
76101,1,1000
76130,1,1000
76170,1,1000
76188,1,1000
76212,1,1000
76249,1,1000
76303,1,1000
76417,1,1000
76470,1,1000
76483,1,1000
76488,1,1000
76520,1,1000
76546,1,1000
76561,1,1000
76592,1,1000
76622,1,1000
76626,1,1000
76632,1,1000
76649,1,1000
76652,1,1000
76662,1,1000
76693,1,1000
76790,1,1000
76874,1,1000
76927,1,1000
77025,1,1000
77088,1,1000
77106,1,1000
77112,1,1000
77132,1,1000
77145,1,1000
77199,1,1000
77203,1,1000
77217,1,1000
77241,1,1000
77265,1,1000
77275,1,1000
77279,1,1000
77282,1,1000
77353,1,1000
77451,1,1000
77457,1,1000
77478,1,1000
77488,1,1000
77498,1,1000
77510,1,1000
77523,1,1000
77526,1,1000
77542,1,1000
77544,1,1000
77548,1,1000
77556,1,1000
77586,1,1000
77595,1,1000
77671,1,1000
77676,1,1000
77720,1,1000
77739,1,1000
77746,1,1000
77820,1,1000
77835,1,1000
77917,1,1000
77919,1,1000
77928,1,1000
77929,1,1000
77935,1,1000
78004,1,1000
78008,1,1000
78012,1,1000
78053,1,1000
78091,1,1000
78113,1,1000
78212,1,1000
78221,1,1000
78232,1,1000
78274,1,1000
78306,1,1000
78343,1,1000
78387,1,1000
78404,1,1000
78408,1,1000
78511,1,1000
78544,1,1000
78574,1,1000
78636,1,1000
78707,1,1000
78730,1,1000
78752,1,1000
78770,1,1000
78822,1,1000
78832,1,1000
78855,1,1000
78916,1,1000
78927,1,1000
78928,1,1000
79108,1,1000
79121,1,1000
79127,1,1000
79129,1,1000
79214,1,1000
79218,1,1000
79264,1,1000
79361,1,1000
79408,1,1000
79412,1,1000
79432,1,1000
79481,1,1000
79498,1,1000
79507,1,1000
79508,1,1000
79546,1,1000
79550,1,1000
79569,1,1000
79661,1,1000
79715,1,1000
79852,1,1000
79893,1,1000
79912,1,1000
79931,1,1000
79933,1,1000
79982,1,1000
79990,1,1000
80014,1,1000
80017,1,1000
80037,1,1000
80092,1,1000
80097,1,1000
80100,1,1000
80141,1,1000
80192,1,1000
80210,1,1000
80228,1,1000
80245,1,1000
80251,1,1000
80265,1,1000
80293,1,1000
80293,1,1000
80397,1,1000
80401,1,1000
80425,1,1000
80434,1,1000
80475,1,1000
80540,1,1000
80603,1,1000
80629,1,1000
80686,1,1000
80696,1,1000
80699,1,1000
80708,1,1000
80714,1,1000
80746,1,1000
80770,1,1000
80785,1,1000
80787,1,1000
80903,1,1000
80928,1,1000
80953,1,1000
81071,1,1000
81105,1,1000
81126,1,1000
81137,1,1000
81158,1,1000
81177,1,1000
81180,1,1000
81190,1,1000
81201,1,1000
81235,1,1000
81241,1,1000
81243,1,1000
81272,1,1000
81281,1,1000
81330,1,1000
81390,1,1000
81402,1,1000
81416,1,1000
81459,1,1000
81591,1,1000
81596,1,1000
81628,1,1000
81636,1,1000
81657,1,1000
81689,1,1000
81689,1,1000
81690,1,1000
81705,1,1000
81725,1,1000
81755,1,1000
81781,1,1000
81795,1,1000
81826,1,1000
81826,1,1000
82005,1,1000
82017,1,1000
82038,1,1000
82066,1,1000
82078,1,1000
82145,1,1000
82242,1,1000
82278,1,1000
82298,1,1000
82336,1,1000
82346,1,1000
82379,1,1000
82387,1,1000
82490,1,1000
82491,1,1000
82518,1,1000
82576,1,1000
82581,1,1000
82583,1,1000
82608,1,1000
82636,1,1000
82650,1,1000
82690,1,1000
82705,1,1000
82751,1,1000
82757,1,1000
82804,1,1000
82809,1,1000
82834,1,1000
82857,1,1000
82858,1,1000
82901,1,1000
82904,1,1000
83023,1,1000
83041,1,1000
83074,1,1000
83085,1,1000
83103,1,1000
83150,1,1000
83168,1,1000
83176,1,1000
83191,1,1000
83202,1,1000
83221,1,1000
83237,1,1000
83253,1,1000
83267,1,1000
83269,1,1000
83291,1,1000
83312,1,1000
83336,1,1000
83358,1,1000
83366,1,1000
83368,1,1000
83383,1,1000
83386,1,1000
83437,1,1000
83473,1,1000
83500,1,1000
83504,1,1000
83545,1,1000
83618,1,1000
83626,1,1000
83656,1,1000
83680,1,1000
83792,1,1000
83861,1,1000
83880,1,1000
83896,1,1000
83929,1,1000
83932,1,1000
84002,1,1000
84031,1,1000
84036,1,1000
84094,1,1000
84101,1,1000
84138,1,1000
84159,1,1000
84203,1,1000
84284,1,1000
84305,1,1000
84306,1,1000
84331,1,1000
84386,1,1000
84478,1,1000
84500,1,1000
84521,1,1000
84590,1,1000
84616,1,1000
84644,1,1000
84685,1,1000
84709,1,1000
84732,1,1000
84739,1,1000
84807,1,1000
84896,1,1000
84905,1,1000
84939,1,1000
84940,1,1000
84976,1,1000
85007,1,1000
85032,1,1000
85035,1,1000
85041,1,1000
85046,1,1000
85070,1,1000
85085,1,1000
85131,1,1000
85155,1,1000
85169,1,1000
85219,1,1000
85239,1,1000
85248,1,1000
85251,1,1000
85252,1,1000
85299,1,1000
85361,1,1000
85377,1,1000
85412,1,1000
85420,1,1000
85434,1,1000
85479,1,1000
85487,1,1000
85489,1,1000
85547,1,1000
85553,1,1000
85558,1,1000
85566,1,1000
85612,1,1000
85614,1,1000
85618,1,1000
85633,1,1000
85641,1,1000
85696,1,1000
85708,1,1000
85734,1,1000
85750,1,1000
85755,1,1000
85782,1,1000
85834,1,1000
85884,1,1000
85931,1,1000
86016,1,1000
86037,1,1000
86062,1,1000
86064,1,1000
86087,1,1000
86096,1,1000
86101,1,1000
86112,1,1000
86121,1,1000
86132,1,1000
86158,1,1000
86178,1,1000
86207,1,1000
86281,1,1000
86301,1,1000
86323,1,1000
86345,1,1000
86383,1,1000
86387,1,1000
86409,1,1000
86448,1,1000
86452,1,1000
86460,1,1000
86466,1,1000
86469,1,1000
86518,1,1000
86532,1,1000
86540,1,1000
86546,1,1000
86579,1,1000
86600,1,1000
86612,1,1000
86622,1,1000
86637,1,1000
86656,1,1000
86665,1,1000
86667,1,1000
86667,1,1000
86741,1,1000
86784,1,1000
86798,1,1000
86823,1,1000
86831,1,1000
86900,1,1000
87104,1,1000
87117,1,1000
87120,1,1000
87180,1,1000
87233,1,1000
87269,1,1000
87324,1,1000
87348,1,1000
87383,1,1000
87413,1,1000
87441,1,1000
87477,1,1000
87505,1,1000
87508,1,1000
87511,1,1000
87583,1,1000
87594,1,1000
87601,1,1000
87613,1,1000
87736,1,1000
87761,1,1000
87779,1,1000
87798,1,1000
87805,1,1000
87844,1,1000
87851,1,1000
87855,1,1000
87859,1,1000
87974,1,1000
88005,1,1000
88014,1,1000
88030,1,1000
88056,1,1000
88110,1,1000
88130,1,1000
88196,1,1000
88228,1,1000
88252,1,1000
88348,1,1000
88374,1,1000
88385,1,1000
88395,1,1000
88403,1,1000
88462,1,1000
88507,1,1000
88525,1,1000
88526,1,1000
88532,1,1000
88588,1,1000
88598,1,1000
88665,1,1000
88721,1,1000
88743,1,1000
88747,1,1000
88847,1,1000
88855,1,1000
88878,1,1000
88902,1,1000
88906,1,1000
89016,1,1000
89038,1,1000
89179,1,1000
89181,1,1000
89185,1,1000
89226,1,1000
89250,1,1000
89297,1,1000
89311,1,1000
89353,1,1000
89360,1,1000
89376,1,1000
89386,1,1000
89404,1,1000
89409,1,1000
89443,1,1000
89468,1,1000
89513,1,1000
89524,1,1000
89678,1,1000
89722,1,1000
89759,1,1000
89760,1,1000
89766,1,1000
89813,1,1000
89836,1,1000
89847,1,1000
89868,1,1000
89927,1,1000
89936,1,1000
89946,1,1000
90033,1,1000
90202,1,1000
90249,1,1000
90262,1,1000
90284,1,1000
90319,1,1000
90357,1,1000
90423,1,1000
90428,1,1000
90483,1,1000
90490,1,1000
90525,1,1000
90537,1,1000
90619,1,1000
90677,1,1000
90693,1,1000
90745,1,1000
90761,1,1000
90772,1,1000
90807,1,1000
90867,1,1000
90944,1,1000
91000,1,1000
91006,1,1000
91010,1,1000
91040,1,1000
91128,1,1000
91157,1,1000
91204,1,1000
91349,1,1000
91351,1,1000
91358,1,1000
91396,1,1000
91502,1,1000
91505,1,1000
91528,1,1000
91554,1,1000
91563,1,1000
91600,1,1000
91633,1,1000
91639,1,1000
91656,1,1000
91663,1,1000
91698,1,1000
91754,1,1000
91794,1,1000
91851,1,1000
91881,1,1000
91909,1,1000
91931,1,1000
92009,1,1000
92060,1,1000
92226,1,1000
92245,1,1000
92285,1,1000
92288,1,1000
92295,1,1000
92297,1,1000
92324,1,1000
92349,1,1000
92380,1,1000
92394,1,1000
92426,1,1000
92465,1,1000
92466,1,1000
92505,1,1000
92513,1,1000
92564,1,1000
92626,1,1000
92758,1,1000
92781,1,1000
92786,1,1000
92808,1,1000
92861,1,1000
92887,1,1000
92939,1,1000
92960,1,1000
93022,1,1000
93027,1,1000
93101,1,1000
93159,1,1000
93168,1,1000
93191,1,1000
93254,1,1000
93293,1,1000
93308,1,1000
93321,1,1000
93361,1,1000
93377,1,1000
93422,1,1000
93436,1,1000
93526,1,1000
93534,1,1000
93897,1,1000
93908,1,1000
93924,1,1000
94007,1,1000
94022,1,1000
94064,1,1000
94078,1,1000
94084,1,1000
94097,1,1000
94104,1,1000
94130,1,1000
94141,1,1000
94174,1,1000
94182,1,1000
94319,1,1000
94321,1,1000
94334,1,1000
94339,1,1000
94353,1,1000
94357,1,1000
94393,1,1000
94396,1,1000
94428,1,1000
94443,1,1000
94503,1,1000
94552,1,1000
94585,1,1000
94596,1,1000
94681,1,1000
94725,1,1000
94767,1,1000
94801,1,1000
94807,1,1000
94837,1,1000
94880,1,1000
94892,1,1000
94912,1,1000
95065,1,1000
95112,1,1000
95117,1,1000
95138,1,1000
95172,1,1000
95175,1,1000
95177,1,1000
95288,1,1000
95336,1,1000
95351,1,1000
95366,1,1000
95413,1,1000
95416,1,1000
95495,1,1000
95543,1,1000
95777,1,1000
95799,1,1000
95818,1,1000
95845,1,1000
95857,1,1000
95932,1,1000
95970,1,1000
95970,1,1000
96000,1,1000
96015,1,1000
96021,1,1000
96054,1,1000
96096,1,1000
96110,1,1000
96115,1,1000
96118,1,1000
96129,1,1000
96135,1,1000
96151,1,1000
96151,1,1000
96158,1,1000
96185,1,1000
96191,1,1000
96226,1,1000
96237,1,1000
96256,1,1000
96260,1,1000
96267,1,1000
96277,1,1000
96290,1,1000
96310,1,1000
96367,1,1000
96431,1,1000
96453,1,1000
96517,1,1000
96523,1,1000
96550,1,1000
96569,1,1000
96586,1,1000
96592,1,1000
96628,1,1000
96637,1,1000
96681,1,1000
96685,1,1000
96761,1,1000
96762,1,1000
96770,1,1000
96805,1,1000
96834,1,1000
97008,1,1000
97009,1,1000
97015,1,1000
97024,1,1000
97046,1,1000
97074,1,1000
97175,1,1000
97223,1,1000
97275,1,1000
97300,1,1000
97309,1,1000
97324,1,1000
97341,1,1000
97357,1,1000
97360,1,1000
97382,1,1000
97410,1,1000
97429,1,1000
97459,1,1000
97479,1,1000
97519,1,1000
97548,1,1000
97553,1,1000
97640,1,1000
97648,1,1000
97664,1,1000
97756,1,1000
97808,1,1000
97838,1,1000
97892,1,1000
97938,1,1000
97968,1,1000
97971,1,1000
97976,1,1000
98040,1,1000
98110,1,1000
98116,1,1000
98236,1,1000
98311,1,1000
98350,1,1000
98381,1,1000
98398,1,1000
98430,1,1000
98536,1,1000
98593,1,1000
98594,1,1000
98622,1,1000
98661,1,1000
98662,1,1000
98751,1,1000
98818,1,1000
98890,1,1000
98906,1,1000
98922,1,1000
98939,1,1000
98949,1,1000
98979,1,1000
99005,1,1000
99041,1,1000
99130,1,1000
99178,1,1000
99256,1,1000
99333,1,1000
99374,1,1000
99380,1,1000
99424,1,1000
99492,1,1000
99526,1,1000
99545,1,1000
99622,1,1000
99737,1,1000
99771,1,1000
99883,1,1000
99901,1,1000
99920,1,1000
99957,1,1000
100001,1,1000
100012,1,1000
100015,1,1000
100027,1,1000
100120,1,1000
100120,1,1000
100148,1,1000
100212,1,1000
100224,1,1000
100242,1,1000
100325,1,1000
100338,1,1000
100348,1,1000
100378,1,1000
100422,1,1000
100447,1,1000
100462,1,1000
100553,1,1000
100632,1,1000
100651,1,1000
100753,1,1000
100800,1,1000
100833,1,1000
100906,1,1000
100907,1,1000
100928,1,1000
100941,1,1000
100988,1,1000
100998,1,1000
101017,1,1000
101042,1,1000
101095,1,1000
101097,1,1000
101121,1,1000
101123,1,1000
101140,1,1000
101140,1,1000
101171,1,1000
101196,1,1000
101210,1,1000
101231,1,1000
101247,1,1000
101250,1,1000
101259,1,1000
101283,1,1000
101435,1,1000
101436,1,1000
101440,1,1000
101529,1,1000
101590,1,1000
101665,1,1000
101723,1,1000
101728,1,1000
101743,1,1000
101826,1,1000
101857,1,1000
101870,1,1000
102025,1,1000
102027,1,1000
102066,1,1000
102101,1,1000
102111,1,1000
102225,1,1000
102247,1,1000
102253,1,1000
102281,1,1000
102284,1,1000
102306,1,1000
102309,1,1000
102322,1,1000
102343,1,1000
102419,1,1000
102485,1,1000
102503,1,1000
102521,1,1000
102522,1,1000
102538,1,1000
102542,1,1000
102578,1,1000
102606,1,1000
102612,1,1000
102624,1,1000
102624,1,1000
102689,1,1000
102723,1,1000
102754,1,1000
102764,1,1000
102764,1,1000
102769,1,1000
102775,1,1000
102817,1,1000
102823,1,1000
102837,1,1000
102840,1,1000
102884,1,1000
103055,1,1000
103075,1,1000
103116,1,1000
103122,1,1000
103175,1,1000
103182,1,1000
103183,1,1000
103225,1,1000
103312,1,1000
103332,1,1000
103341,1,1000
103377,1,1000
103444,1,1000
103470,1,1000
103509,1,1000
103572,1,1000
103595,1,1000
103625,1,1000
103650,1,1000
103664,1,1000
103676,1,1000
103683,1,1000
103720,1,1000
103783,1,1000
103799,1,1000
103818,1,1000
103818,1,1000
103885,1,1000
103957,1,1000
104090,1,1000
104091,1,1000
104236,1,1000
104305,1,1000
104336,1,1000
104366,1,1000
104384,1,1000
104456,1,1000
104466,1,1000
104471,1,1000
104487,1,1000
104488,1,1000
104501,1,1000
104544,1,1000
104567,1,1000
104580,1,1000
104604,1,1000
104628,1,1000
104688,1,1000
104715,1,1000
104739,1,1000
104793,1,1000
104799,1,1000
104811,1,1000
104854,1,1000
104855,1,1000
104886,1,1000
104899,1,1000
104935,1,1000
104941,1,1000
105054,1,1000
105096,1,1000
105115,1,1000
105116,1,1000
105170,1,1000
105194,1,1000
105208,1,1000
105209,1,1000
105242,1,1000
105307,1,1000
105383,1,1000
105396,1,1000
105445,1,1000
105474,1,1000
105514,1,1000
105516,1,1000
105524,1,1000
105590,1,1000
105631,1,1000
105684,1,1000
105723,1,1000
105761,1,1000
105780,1,1000
105782,1,1000
105793,1,1000
105830,1,1000
105835,1,1000
105837,1,1000
105895,1,1000
105905,1,1000
105907,1,1000
105948,1,1000
106035,1,1000
106079,1,1000
106180,1,1000
106204,1,1000
106222,1,1000
106223,1,1000
106281,1,1000
106285,1,1000
106324,1,1000
106324,1,1000
106388,1,1000
106403,1,1000
106432,1,1000
106435,1,1000
106446,1,1000
106447,1,1000
106474,1,1000
106513,1,1000
106517,1,1000
106582,1,1000
106586,1,1000
106664,1,1000
106681,1,1000
106709,1,1000
106726,1,1000
106727,1,1000
106746,1,1000
106845,1,1000
106868,1,1000
106883,1,1000
106892,1,1000
106895,1,1000
106939,1,1000
106940,1,1000
106971,1,1000
106990,1,1000
107014,1,1000
107033,1,1000
107047,1,1000
107062,1,1000
107150,1,1000
107157,1,1000
107162,1,1000
107222,1,1000
107233,1,1000
107264,1,1000
107288,1,1000
107298,1,1000
107335,1,1000
107388,1,1000
107419,1,1000
107420,1,1000
107511,1,1000
107686,1,1000
107738,1,1000
107749,1,1000
107752,1,1000
107789,1,1000
107800,1,1000
107805,1,1000
107836,1,1000
107846,1,1000
107905,1,1000
107907,1,1000
107929,1,1000
108016,1,1000
108044,1,1000
108055,1,1000
108098,1,1000
108126,1,1000
108128,1,1000
108194,1,1000
108196,1,1000
108219,1,1000
108244,1,1000
108309,1,1000
108336,1,1000
108488,1,1000
108560,1,1000
108570,1,1000
108600,1,1000
108618,1,1000
108625,1,1000
108648,1,1000
108746,1,1000
108821,1,1000
108913,1,1000
108933,1,1000
108937,1,1000
108982,1,1000
109005,1,1000
109021,1,1000
109025,1,1000
109043,1,1000
109044,1,1000
109089,1,1000
109091,1,1000
109105,1,1000
109179,1,1000
109188,1,1000
109205,1,1000
109299,1,1000
109315,1,1000
109391,1,1000
109406,1,1000
109454,1,1000
109541,1,1000
109611,1,1000
109674,1,1000
109687,1,1000
109693,1,1000
109706,1,1000
109722,1,1000
109735,1,1000
109761,1,1000
109771,1,1000
109792,1,1000
109836,1,1000
109852,1,1000
109865,1,1000
109879,1,1000
109900,1,1000
109913,1,1000
109918,1,1000
109940,1,1000
110003,1,1000
110049,1,1000
110073,1,1000
110092,1,1000
110140,1,1000
110163,1,1000
110202,1,1000
110208,1,1000
110208,1,1000
110222,1,1000
110273,1,1000
110274,1,1000
110306,1,1000
110320,1,1000
110377,1,1000
110396,1,1000
110426,1,1000
110467,1,1000
110500,1,1000
110504,1,1000
110504,1,1000
110523,1,1000
110533,1,1000
110574,1,1000
110610,1,1000
110688,1,1000
110775,1,1000
110897,1,1000
110908,1,1000
110925,1,1000
110949,1,1000
110973,1,1000
110981,1,1000
111002,1,1000
111054,1,1000
111078,1,1000
111087,1,1000
111124,1,1000
111153,1,1000
111191,1,1000
111236,1,1000
111244,1,1000
111250,1,1000
111250,1,1000
111253,1,1000
111307,1,1000
111359,1,1000
111367,1,1000
111409,1,1000
111469,1,1000
111470,1,1000
111489,1,1000
111520,1,1000
111541,1,1000
111658,1,1000
111697,1,1000
111797,1,1000
111888,1,1000
111971,1,1000
111981,1,1000
111999,1,1000
112005,1,1000
112023,1,1000
112031,1,1000
112078,1,1000
112114,1,1000
112150,1,1000
112164,1,1000
112204,1,1000
112216,1,1000
112252,1,1000
112267,1,1000
112293,1,1000
112331,1,1000
112335,1,1000
112344,1,1000
112429,1,1000
112447,1,1000
112471,1,1000
112504,1,1000
112550,1,1000
112553,1,1000
112576,1,1000
112593,1,1000
112593,1,1000
112613,1,1000
112626,1,1000
112690,1,1000
112693,1,1000
112698,1,1000
112780,1,1000
112825,1,1000
112827,1,1000
112838,1,1000
112886,1,1000
112940,1,1000
113005,1,1000
113016,1,1000
113049,1,1000
113050,1,1000
113125,1,1000
113178,1,1000
113214,1,1000
113219,1,1000
113340,1,1000
113349,1,1000
113444,1,1000
113511,1,1000
113551,1,1000
113562,1,1000
113775,1,1000
113828,1,1000
113839,1,1000
113844,1,1000
113893,1,1000
113906,1,1000
113981,1,1000
114034,1,1000
114042,1,1000
114061,1,1000
114062,1,1000
114063,1,1000
114150,1,1000
114178,1,1000
114185,1,1000
114191,1,1000
114206,1,1000
114234,1,1000
114250,1,1000
114278,1,1000
114391,1,1000
114395,1,1000
114397,1,1000
114427,1,1000
114478,1,1000
114576,1,1000
114604,1,1000
114672,1,1000
114685,1,1000
114687,1,1000
114696,1,1000
114727,1,1000
114760,1,1000
114783,1,1000
114821,1,1000
114898,1,1000
114907,1,1000
114956,1,1000
114968,1,1000
115045,1,1000
115082,1,1000
115092,1,1000
115093,1,1000
115127,1,1000
115128,1,1000
115181,1,1000
115195,1,1000
115200,1,1000
115205,1,1000
115213,1,1000
115222,1,1000
115246,1,1000
115279,1,1000
115298,1,1000
115317,1,1000
115325,1,1000
115355,1,1000
115379,1,1000
115409,1,1000
115456,1,1000
115543,1,1000
115547,1,1000
115564,1,1000
115587,1,1000
115667,1,1000
115687,1,1000
115705,1,1000
115736,1,1000
115759,1,1000
115767,1,1000
115771,1,1000
115813,1,1000
115821,1,1000
115874,1,1000
115876,1,1000
115925,1,1000
115931,1,1000
115962,1,1000
115969,1,1000
116014,1,1000
116029,1,1000
116039,1,1000
116114,1,1000
116134,1,1000
116138,1,1000
116193,1,1000
116197,1,1000
116223,1,1000
116233,1,1000
116267,1,1000
116357,1,1000
116426,1,1000
116515,1,1000
116577,1,1000
116621,1,1000
116622,1,1000
116678,1,1000
116700,1,1000
116728,1,1000
116732,1,1000
116739,1,1000
116741,1,1000
116779,1,1000
116792,1,1000
116809,1,1000
116811,1,1000
116855,1,1000
117008,1,1000
117047,1,1000
117198,1,1000
117203,1,1000
117264,1,1000
117388,1,1000
117449,1,1000
117461,1,1000
117504,1,1000
117512,1,1000
117574,1,1000
117586,1,1000
117606,1,1000
117631,1,1000
117646,1,1000
117702,1,1000
117707,1,1000
117786,1,1000
117841,1,1000
117841,1,1000
117844,1,1000
117844,1,1000
117878,1,1000
117887,1,1000
118021,1,1000
118053,1,1000
118078,1,1000
118107,1,1000
118110,1,1000
118116,1,1000
118130,1,1000
118147,1,1000
118232,1,1000
118255,1,1000
118328,1,1000
118329,1,1000
118329,1,1000
118385,1,1000
118389,1,1000
118394,1,1000
118403,1,1000
118499,1,1000
118581,1,1000
118602,1,1000
118652,1,1000
118668,1,1000
118705,1,1000
118757,1,1000
118763,1,1000
118767,1,1000
118853,1,1000
118877,1,1000
118884,1,1000
118916,1,1000
119194,1,1000
119195,1,1000
119279,1,1000
119341,1,1000
119356,1,1000
119358,1,1000
119381,1,1000
119427,1,1000
119431,1,1000
119480,1,1000
119508,1,1000
119534,1,1000
119557,1,1000
119566,1,1000
119621,1,1000
119652,1,1000
119680,1,1000
119704,1,1000
119714,1,1000
119726,1,1000
119738,1,1000
119745,1,1000
119754,1,1000
119783,1,1000
119791,1,1000
119819,1,1000
119827,1,1000
119850,1,1000
119859,1,1000
119928,1,1000
119935,1,1000
120016,1,1000
120021,1,1000
120055,1,1000
120057,1,1000
120076,1,1000
120083,1,1000
120088,1,1000
120090,1,1000
120101,1,1000
120134,1,1000
120162,1,1000
120233,1,1000
120245,1,1000
120249,1,1000
120341,1,1000
120367,1,1000
120382,1,1000
120478,1,1000
120577,1,1000
120589,1,1000
120592,1,1000
120634,1,1000
120646,1,1000
120757,1,1000
120790,1,1000
120880,1,1000
120900,1,1000
120916,1,1000
120931,1,1000
120939,1,1000
120992,1,1000
121000,1,1000
121005,1,1000
121119,1,1000
121132,1,1000
121173,1,1000
121175,1,1000
121182,1,1000
121193,1,1000
121231,1,1000
121275,1,1000
121277,1,1000
121302,1,1000
121319,1,1000
121367,1,1000
121418,1,1000
121516,1,1000
121520,1,1000
121555,1,1000
121560,1,1000
121570,1,1000
121583,1,1000
121604,1,1000
121606,1,1000
121644,1,1000
121667,1,1000
121679,1,1000
121693,1,1000
121713,1,1000
121725,1,1000
121750,1,1000
121784,1,1000
121795,1,1000
121801,1,1000
121817,1,1000
121818,1,1000
121819,1,1000
121831,1,1000
121837,1,1000
121860,1,1000
121861,1,1000
121910,1,1000
121940,1,1000
122012,1,1000
122077,1,1000
122108,1,1000
122119,1,1000
122186,1,1000
122188,1,1000
122253,1,1000
122312,1,1000
122332,1,1000
122367,1,1000
122368,1,1000
122436,1,1000
122466,1,1000
122467,1,1000
122488,1,1000
122531,1,1000
122540,1,1000
122556,1,1000
122592,1,1000
122592,1,1000
122635,1,1000
122640,1,1000
122649,1,1000
122662,1,1000
122713,1,1000
122730,1,1000
122820,1,1000
122836,1,1000
122886,1,1000
123010,1,1000
123068,1,1000
123069,1,1000
123070,1,1000
123085,1,1000
123159,1,1000
123188,1,1000
123193,1,1000
123195,1,1000
123268,1,1000
123305,1,1000
123366,1,1000
123372,1,1000
123417,1,1000
123434,1,1000
123435,1,1000
123440,1,1000
123455,1,1000
123481,1,1000
123518,1,1000
123538,1,1000
123614,1,1000
123654,1,1000
123739,1,1000
123753,1,1000
123757,1,1000
123865,1,1000
123883,1,1000
123902,1,1000
123940,1,1000
123946,1,1000
124037,1,1000
124111,1,1000
124125,1,1000
124136,1,1000
124142,1,1000
124160,1,1000
124160,1,1000
124272,1,1000
124296,1,1000
124309,1,1000
124328,1,1000
124328,1,1000
124337,1,1000
124438,1,1000
124471,1,1000
124484,1,1000
124529,1,1000
124546,1,1000
124569,1,1000
124583,1,1000
124612,1,1000
124679,1,1000
124712,1,1000
124771,1,1000
124801,1,1000
124827,1,1000
124840,1,1000
124847,1,1000
124850,1,1000
124875,1,1000
124976,1,1000
125006,1,1000
125141,1,1000
125151,1,1000
125180,1,1000
125183,1,1000
125222,1,1000
125314,1,1000
125379,1,1000
125412,1,1000
125509,1,1000
125519,1,1000
125560,1,1000
125595,1,1000
125682,1,1000
125722,1,1000
125763,1,1000
125778,1,1000
125804,1,1000
125804,1,1000
125860,1,1000
125891,1,1000
125899,1,1000
125912,1,1000
125927,1,1000
125943,1,1000
126007,1,1000
126016,1,1000
126029,1,1000
126058,1,1000
126131,1,1000
126181,1,1000
126220,1,1000
126320,1,1000
126502,1,1000
126526,1,1000
126602,1,1000
126661,1,1000
126683,1,1000
126690,1,1000
126703,1,1000
126744,1,1000
126768,1,1000
126773,1,1000
126832,1,1000
126833,1,1000
126850,1,1000
126855,1,1000
126876,1,1000
126991,1,1000
127005,1,1000
127019,1,1000
127021,1,1000
127023,1,1000
127026,1,1000
127051,1,1000
127053,1,1000
127083,1,1000
127121,1,1000
127139,1,1000
127203,1,1000
127209,1,1000
127214,1,1000
127265,1,1000
127283,1,1000
127306,1,1000
127322,1,1000
127356,1,1000
127476,1,1000
127481,1,1000
127527,1,1000
127575,1,1000
127590,1,1000
127612,1,1000
127633,1,1000
127679,1,1000
127686,1,1000
127704,1,1000
127714,1,1000
127737,1,1000
127773,1,1000
127783,1,1000
127834,1,1000
127857,1,1000
127871,1,1000
127970,1,1000
127988,1,1000
128042,1,1000
128047,1,1000
128072,1,1000
128113,1,1000
128196,1,1000
128235,1,1000
128270,1,1000
128298,1,1000
128325,1,1000
128396,1,1000
128396,1,1000
128448,1,1000
128496,1,1000
128505,1,1000
128546,1,1000
128608,1,1000
128623,1,1000
128629,1,1000
128632,1,1000
128679,1,1000
128693,1,1000
128700,1,1000
128732,1,1000
128761,1,1000
128761,1,1000
128767,1,1000
128769,1,1000
128777,1,1000
128826,1,1000
128890,1,1000
128892,1,1000
128954,1,1000
128996,1,1000
128998,1,1000
129023,1,1000
129036,1,1000
129091,1,1000
129145,1,1000
129155,1,1000
129203,1,1000
129256,1,1000
129258,1,1000
129352,1,1000
129504,1,1000
129536,1,1000
129624,1,1000
129651,1,1000
129681,1,1000
129716,1,1000
129750,1,1000
129790,1,1000
129841,1,1000
129860,1,1000
129877,1,1000
129914,1,1000
129920,1,1000
129926,1,1000
129941,1,1000
129941,1,1000
129952,1,1000
129953,1,1000
130045,1,1000
130083,1,1000
130083,1,1000
130112,1,1000
130150,1,1000
130162,1,1000
130207,1,1000
130331,1,1000
130336,1,1000
130403,1,1000
130404,1,1000
130408,1,1000
130423,1,1000
130425,1,1000
130520,1,1000
130532,1,1000
130568,1,1000
130607,1,1000
130611,1,1000
130742,1,1000
130769,1,1000
130771,1,1000
130782,1,1000
130787,1,1000
130848,1,1000
130967,1,1000
131004,1,1000
131006,1,1000
131049,1,1000
131073,1,1000
131118,1,1000
131122,1,1000
131126,1,1000
131133,1,1000
131161,1,1000
131164,1,1000
131185,1,1000
131199,1,1000
131226,1,1000
131240,1,1000
131358,1,1000
131421,1,1000
131446,1,1000
131462,1,1000
131495,1,1000
131504,1,1000
131519,1,1000
131521,1,1000
131657,1,1000
131712,1,1000
131718,1,1000
131739,1,1000
131749,1,1000
131765,1,1000
131797,1,1000
131844,1,1000
131851,1,1000
131853,1,1000
131858,1,1000
131962,1,1000
131963,1,1000
131978,1,1000
132042,1,1000
132048,1,1000
132077,1,1000
132140,1,1000
132162,1,1000
132165,1,1000
132184,1,1000
132195,1,1000
132226,1,1000
132228,1,1000
132240,1,1000
132252,1,1000
132285,1,1000
132285,1,1000
132300,1,1000
132311,1,1000
132328,1,1000
132341,1,1000
132344,1,1000
132421,1,1000
132424,1,1000
132428,1,1000
132496,1,1000
132560,1,1000
132711,1,1000
132773,1,1000
132790,1,1000
132832,1,1000
132865,1,1000
132883,1,1000
132892,1,1000
133008,1,1000
133080,1,1000
133088,1,1000
133189,1,1000
133246,1,1000
133346,1,1000
133362,1,1000
133379,1,1000
133432,1,1000
133432,1,1000
133469,1,1000
133487,1,1000
133501,1,1000
133618,1,1000
133618,1,1000
133625,1,1000
133640,1,1000
133707,1,1000
133782,1,1000
133816,1,1000
133828,1,1000
133834,1,1000
133864,1,1000
133947,1,1000
133999,1,1000
134129,1,1000
134142,1,1000
134176,1,1000
134307,1,1000
134326,1,1000
134335,1,1000
134335,1,1000
134354,1,1000
134364,1,1000
134421,1,1000
134422,1,1000
134442,1,1000
134576,1,1000
134603,1,1000
134629,1,1000
134652,1,1000
134769,1,1000
134786,1,1000
134803,1,1000
134879,1,1000
134890,1,1000
134900,1,1000
134918,1,1000
134931,1,1000
134944,1,1000
134956,1,1000
134959,1,1000
135011,1,1000
135050,1,1000
135105,1,1000
135151,1,1000
135157,1,1000
135169,1,1000
135263,1,1000
135294,1,1000
135295,1,1000
135332,1,1000
135343,1,1000
135394,1,1000
135397,1,1000
135398,1,1000
135416,1,1000
135495,1,1000
135525,1,1000
135541,1,1000
135545,1,1000
135586,1,1000
135587,1,1000
135590,1,1000
135604,1,1000
135648,1,1000
135716,1,1000
135746,1,1000
135864,1,1000
135886,1,1000
135915,1,1000
135937,1,1000
135955,1,1000
136002,1,1000
136024,1,1000
136028,1,1000
136117,1,1000
136164,1,1000
136208,1,1000
136226,1,1000
136261,1,1000
136288,1,1000
136311,1,1000
136352,1,1000
136357,1,1000
136409,1,1000
136447,1,1000
136455,1,1000
136477,1,1000
136515,1,1000
136516,1,1000
136523,1,1000
136523,1,1000
136552,1,1000
136557,1,1000
136576,1,1000
136618,1,1000
136672,1,1000
136713,1,1000
136751,1,1000
136857,1,1000
136880,1,1000
136909,1,1000
136919,1,1000
136928,1,1000
136929,1,1000
136937,1,1000
136940,1,1000
137033,1,1000
137041,1,1000
137052,1,1000
137055,1,1000
137126,1,1000
137137,1,1000
137171,1,1000
137174,1,1000
137175,1,1000
137212,1,1000
137255,1,1000
137285,1,1000
137320,1,1000
137329,1,1000
137331,1,1000
137382,1,1000
137459,1,1000
137528,1,1000
137581,1,1000
137608,1,1000
137621,1,1000
137641,1,1000
137671,1,1000
137692,1,1000
137702,1,1000
137725,1,1000
137804,1,1000
137829,1,1000
137833,1,1000
137874,1,1000
138126,1,1000
138169,1,1000
138216,1,1000
138232,1,1000
138248,1,1000
138263,1,1000
138302,1,1000
138385,1,1000
138426,1,1000
138441,1,1000
138466,1,1000
138494,1,1000
138496,1,1000
138520,1,1000
138594,1,1000
138626,1,1000
138694,1,1000
138697,1,1000
138701,1,1000
138744,1,1000
138792,1,1000
138794,1,1000
138795,1,1000
138853,1,1000
138880,1,1000
138888,1,1000
138888,1,1000
138892,1,1000
138932,1,1000
139020,1,1000
139064,1,1000
139115,1,1000
139121,1,1000
139154,1,1000
139179,1,1000
139183,1,1000
139205,1,1000
139231,1,1000
139242,1,1000
139262,1,1000
139274,1,1000
139281,1,1000
139299,1,1000
139418,1,1000
139432,1,1000
139457,1,1000
139464,1,1000
139476,1,1000
139582,1,1000
139639,1,1000
139693,1,1000
139743,1,1000
139781,1,1000
139840,1,1000
139874,1,1000
139887,1,1000
139911,1,1000
139926,1,1000
139927,1,1000
139939,1,1000
139946,1,1000
139959,1,1000
140013,1,1000
140044,1,1000
140097,1,1000
140109,1,1000
140157,1,1000
140165,1,1000
140242,1,1000
140251,1,1000
140258,1,1000
140295,1,1000
140323,1,1000
140328,1,1000
140334,1,1000
140352,1,1000
140368,1,1000
140399,1,1000
140433,1,1000
140442,1,1000
140443,1,1000
140448,1,1000
140460,1,1000
140476,1,1000
140500,1,1000
140544,1,1000
140549,1,1000
140567,1,1000
140625,1,1000
140653,1,1000
140693,1,1000
140733,1,1000
140738,1,1000
140796,1,1000
140825,1,1000
140864,1,1000
140876,1,1000
140884,1,1000
140903,1,1000
140907,1,1000
140932,1,1000
141095,1,1000
141096,1,1000
141115,1,1000
141121,1,1000
141186,1,1000
141202,1,1000
141225,1,1000
141230,1,1000
141240,1,1000
141243,1,1000
141278,1,1000
141289,1,1000
141316,1,1000
141379,1,1000
141399,1,1000
141552,1,1000
141568,1,1000
141604,1,1000
141644,1,1000
141701,1,1000
141717,1,1000
141748,1,1000
141757,1,1000
141802,1,1000
141828,1,1000
141863,1,1000
141882,1,1000
141901,1,1000
141921,1,1000
142030,1,1000
142080,1,1000
142092,1,1000
142120,1,1000
142225,1,1000
142266,1,1000
142277,1,1000
142286,1,1000
142295,1,1000
142308,1,1000
142351,1,1000
142402,1,1000
142412,1,1000
142522,1,1000
142523,1,1000
142543,1,1000
142550,1,1000
142595,1,1000
142606,1,1000
142638,1,1000
142709,1,1000
142712,1,1000
142713,1,1000
142723,1,1000
142765,1,1000
142794,1,1000
142803,1,1000
142809,1,1000
142839,1,1000
142847,1,1000
142874,1,1000
142920,1,1000
143014,1,1000
143030,1,1000
143049,1,1000
143053,1,1000
143081,1,1000
143090,1,1000
143124,1,1000
143140,1,1000
143180,1,1000
143263,1,1000
143291,1,1000
143403,1,1000
143406,1,1000
143423,1,1000
143430,1,1000
143431,1,1000
143465,1,1000
143509,1,1000
143527,1,1000
143534,1,1000
143540,1,1000
143559,1,1000
143562,1,1000
143694,1,1000
143732,1,1000
143750,1,1000
143813,1,1000
143937,1,1000
144026,1,1000
144030,1,1000
144049,1,1000
144060,1,1000
144071,1,1000
144099,1,1000
144116,1,1000
144120,1,1000
144260,1,1000
144260,1,1000
144272,1,1000
144283,1,1000
144305,1,1000
144355,1,1000
144375,1,1000
144376,1,1000
144380,1,1000
144424,1,1000
144445,1,1000
144450,1,1000
144452,1,1000
144490,1,1000
144507,1,1000
144517,1,1000
144520,1,1000
144531,1,1000
144539,1,1000
144546,1,1000
144567,1,1000
144589,1,1000
144732,1,1000
144749,1,1000
144787,1,1000
144808,1,1000
144821,1,1000
144823,1,1000
144836,1,1000
144887,1,1000
145002,1,1000
145191,1,1000
145247,1,1000
145250,1,1000
145280,1,1000
145322,1,1000
145331,1,1000
145377,1,1000
145403,1,1000
145431,1,1000
145452,1,1000
145525,1,1000
145567,1,1000
145604,1,1000
145604,1,1000
145681,1,1000
145715,1,1000
145720,1,1000
145723,1,1000
145813,1,1000
145834,1,1000
