25,1,1000
57,1,1000
61,1,1000
61,1,1000
65,1,1000
97,1,1000
126,1,1000
153,1,1000
240,1,1000
277,1,1000
305,1,1000
366,1,1000
394,1,1000
411,1,1000
523,1,1000
568,1,1000
569,1,1000
569,1,1000
626,1,1000
655,1,1000
671,1,1000
691,1,1000
747,1,1000
777,1,1000
801,1,1000
819,1,1000
831,1,1000
871,1,1000
893,1,1000
961,1,1000
968,1,1000
1007,1,1000
1031,1,1000
1055,1,1000
1123,1,1000
1149,1,1000
1160,1,1000
1165,1,1000
1167,1,1000
1196,1,1000
1196,1,1000
1211,1,1000
1226,1,1000
1316,1,1000
1357,1,1000
1360,1,1000
1463,1,1000
1474,1,1000
1489,1,1000
1493,1,1000
1513,1,1000
1516,1,1000
1562,1,1000
1597,1,1000
1649,1,1000
1689,1,1000
1795,1,1000
1806,1,1000
1808,1,1000
1945,1,1000
1945,1,1000
2045,1,1000
2078,1,1000
2087,1,1000
2089,1,1000
2252,1,1000
2265,1,1000
2393,1,1000
2393,1,1000
2452,1,1000
2520,1,1000
2535,1,1000
2555,1,1000
2558,1,1000
2607,1,1000
2613,1,1000
2647,1,1000
2860,1,1000
2922,1,1000
2954,1,1000
3100,1,1000
3188,1,1000
3203,1,1000
3214,1,1000
3215,1,1000
3227,1,1000
3231,1,1000
3257,1,1000
3320,1,1000
3370,1,1000
3372,1,1000
3380,1,1000
3393,1,1000
3412,1,1000
3422,1,1000
3435,1,1000
3443,1,1000
3492,1,1000
3526,1,1000
3545,1,1000
3557,1,1000
3559,1,1000
3573,1,1000
3638,1,1000
3657,1,1000
3734,1,1000
3737,1,1000
3746,1,1000
3763,1,1000
3799,1,1000
3827,1,1000
3839,1,1000
3853,1,1000
3884,1,1000
3908,1,1000
4044,1,1000
4097,1,1000
4124,1,1000
4143,1,1000
4175,1,1000
4188,1,1000
4289,1,1000
4295,1,1000
4307,1,1000
4367,1,1000
4424,1,1000
4434,1,1000
4442,1,1000
4447,1,1000
4479,1,1000
4511,1,1000
4512,1,1000
4595,1,1000
4626,1,1000
4636,1,1000
4710,1,1000
4729,1,1000
4749,1,1000
4875,1,1000
4931,1,1000
4938,1,1000
5043,1,1000
5063,1,1000
5076,1,1000
5077,1,1000
5087,1,1000
5215,1,1000
5252,1,1000
5254,1,1000
5317,1,1000
5337,1,1000
5348,1,1000
5349,1,1000
5451,1,1000
5467,1,1000
5556,1,1000
5563,1,1000
5645,1,1000
5668,1,1000
5671,1,1000
5672,1,1000
5682,1,1000
5694,1,1000
5701,1,1000
5715,1,1000
5720,1,1000
5777,1,1000
5816,1,1000
5816,1,1000
5872,1,1000
5877,1,1000
5878,1,1000
5887,1,1000
5896,1,1000
5903,1,1000
5905,1,1000
5936,1,1000
5941,1,1000
5967,1,1000
5988,1,1000
6009,1,1000
6019,1,1000
6020,1,1000
6093,1,1000
6136,1,1000
6151,1,1000
6189,1,1000
6262,1,1000
6283,1,1000
6392,1,1000
6409,1,1000
6419,1,1000
6455,1,1000
6500,1,1000
6503,1,1000
6523,1,1000
6603,1,1000
6611,1,1000
6646,1,1000
6688,1,1000
6696,1,1000
6807,1,1000
6841,1,1000
6889,1,1000
7005,1,1000
7011,1,1000
7020,1,1000
7052,1,1000
7074,1,1000
7085,1,1000
7136,1,1000
7145,1,1000
7147,1,1000
7275,1,1000
7332,1,1000
7538,1,1000
7623,1,1000
7690,1,1000
7692,1,1000
7795,1,1000
7859,1,1000
7928,1,1000
7984,1,1000
8054,1,1000
8082,1,1000
8143,1,1000
8169,1,1000
8193,1,1000
8237,1,1000
8255,1,1000
8288,1,1000
8292,1,1000
8298,1,1000
8315,1,1000
8356,1,1000
8402,1,1000
8403,1,1000
8403,1,1000
8470,1,1000
8495,1,1000
8539,1,1000
8776,1,1000
8799,1,1000
8814,1,1000
8846,1,1000
8862,1,1000
8924,1,1000
9025,1,1000
9139,1,1000
9165,1,1000
9175,1,1000
9232,1,1000
9256,1,1000
9289,1,1000
9290,1,1000
9330,1,1000
9338,1,1000
9500,1,1000
9525,1,1000
9558,1,1000
9575,1,1000
9592,1,1000
9595,1,1000
9595,1,1000
9605,1,1000
9660,1,1000
9676,1,1000
9785,1,1000
9819,1,1000
9832,1,1000
9862,1,1000
9885,1,1000
10007,1,1000
10039,1,1000
10087,1,1000
10116,1,1000
10127,1,1000
10142,1,1000
10166,1,1000
10187,1,1000
10212,1,1000
10312,1,1000
10349,1,1000
10397,1,1000
10403,1,1000
10405,1,1000
10440,1,1000
10464,1,1000
10464,1,1000
10480,1,1000
10484,1,1000
10489,1,1000
10577,1,1000
10600,1,1000
10613,1,1000
10629,1,1000
10635,1,1000
10715,1,1000
10728,1,1000
10783,1,1000
10819,1,1000
10839,1,1000
10839,1,1000
10924,1,1000
11159,1,1000
11171,1,1000
11180,1,1000
11217,1,1000
11226,1,1000
11283,1,1000
11284,1,1000
11310,1,1000
11352,1,1000
11516,1,1000
11529,1,1000
11536,1,1000
11587,1,1000
11612,1,1000
11719,1,1000
11749,1,1000
11866,1,1000
11866,1,1000
11917,1,1000
12113,1,1000
12162,1,1000
12166,1,1000
12184,1,1000
12205,1,1000
12208,1,1000
12276,1,1000
12308,1,1000
12344,1,1000
12351,1,1000
12354,1,1000
12452,1,1000
12468,1,1000
12477,1,1000
12482,1,1000
12494,1,1000
12513,1,1000
12548,1,1000
12568,1,1000
12582,1,1000
12644,1,1000
12675,1,1000
12712,1,1000
12716,1,1000
12746,1,1000
12758,1,1000
12831,1,1000
12835,1,1000
12875,1,1000
12881,1,1000
12922,1,1000
12926,1,1000
12929,1,1000
12964,1,1000
12971,1,1000
12984,1,1000
13014,1,1000
13016,1,1000
13030,1,1000
13085,1,1000
13133,1,1000
13342,1,1000
13351,1,1000
13406,1,1000
13415,1,1000
13444,1,1000
13445,1,1000
13471,1,1000
13560,1,1000
13563,1,1000
13579,1,1000
13624,1,1000
13843,1,1000
13880,1,1000
13913,1,1000
14032,1,1000
14049,1,1000
14055,1,1000
14124,1,1000
14166,1,1000
14248,1,1000
14267,1,1000
14295,1,1000
14380,1,1000
14492,1,1000
14511,1,1000
14527,1,1000
14632,1,1000
14635,1,1000
14686,1,1000
14745,1,1000
14749,1,1000
14828,1,1000
14853,1,1000
14868,1,1000
14906,1,1000
14910,1,1000
14939,1,1000
15045,1,1000
15048,1,1000
15054,1,1000
15066,1,1000
15100,1,1000
15100,1,1000
15154,1,1000
15156,1,1000
15179,1,1000
15209,1,1000
15214,1,1000
15250,1,1000
15284,1,1000
15311,1,1000
15311,1,1000
15327,1,1000
15375,1,1000
15446,1,1000
15459,1,1000
15485,1,1000
15506,1,1000
15534,1,1000
15625,1,1000
15625,1,1000
15646,1,1000
15720,1,1000
15742,1,1000
15747,1,1000
15785,1,1000
15791,1,1000
15805,1,1000
15887,1,1000
15897,1,1000
16041,1,1000
16120,1,1000
16133,1,1000
16173,1,1000
16176,1,1000
16178,1,1000
16271,1,1000
16285,1,1000
16327,1,1000
16396,1,1000
16415,1,1000
16542,1,1000
16583,1,1000
16629,1,1000
16633,1,1000
16674,1,1000
16680,1,1000
16692,1,1000
16698,1,1000
16712,1,1000
16763,1,1000
16793,1,1000
16855,1,1000
16869,1,1000
16885,1,1000
16969,1,1000
16993,1,1000
16995,1,1000
17016,1,1000
17022,1,1000
17028,1,1000
17056,1,1000
17066,1,1000
17142,1,1000
17224,1,1000
17250,1,1000
17282,1,1000
17373,1,1000
17398,1,1000
17485,1,1000
17502,1,1000
17506,1,1000
17553,1,1000
17561,1,1000
17594,1,1000
17600,1,1000
17606,1,1000
17624,1,1000
17635,1,1000
17646,1,1000
17658,1,1000
17691,1,1000
17702,1,1000
17705,1,1000
17717,1,1000
17758,1,1000
17793,1,1000
18043,1,1000
18082,1,1000
18088,1,1000
18118,1,1000
18119,1,1000
18228,1,1000
18251,1,1000
18268,1,1000
18293,1,1000
18306,1,1000
18347,1,1000
18397,1,1000
18398,1,1000
18415,1,1000
18531,1,1000
18572,1,1000
18644,1,1000
18697,1,1000
18704,1,1000
18729,1,1000
18733,1,1000
18759,1,1000
18769,1,1000
18799,1,1000
18802,1,1000
18832,1,1000
18832,1,1000
18858,1,1000
19061,1,1000
19091,1,1000
19113,1,1000
19124,1,1000
19135,1,1000
19138,1,1000
19142,1,1000
19145,1,1000
19148,1,1000
19187,1,1000
19201,1,1000
19219,1,1000
19263,1,1000
19317,1,1000
19319,1,1000
19329,1,1000
19330,1,1000
19340,1,1000
19355,1,1000
19486,1,1000
19553,1,1000
19601,1,1000
19628,1,1000
19633,1,1000
19704,1,1000
19717,1,1000
19725,1,1000
19731,1,1000
19746,1,1000
19767,1,1000
19828,1,1000
19838,1,1000
19884,1,1000
19906,1,1000
20050,1,1000
20086,1,1000
20131,1,1000
20146,1,1000
20164,1,1000
20188,1,1000
20194,1,1000
20287,1,1000
20301,1,1000
20389,1,1000
20407,1,1000
20611,1,1000
20681,1,1000
20688,1,1000
20763,1,1000
20789,1,1000
20864,1,1000
20868,1,1000
20907,1,1000
21001,1,1000
21042,1,1000
21063,1,1000
21113,1,1000
21138,1,1000
21153,1,1000
21155,1,1000
21245,1,1000
21288,1,1000
21308,1,1000
21337,1,1000
21355,1,1000
21378,1,1000
21388,1,1000
21405,1,1000
21441,1,1000
21449,1,1000
21470,1,1000
21545,1,1000
21546,1,1000
21555,1,1000
21555,1,1000
21557,1,1000
21559,1,1000
21565,1,1000
21588,1,1000
21645,1,1000
21649,1,1000
21651,1,1000
21686,1,1000
21700,1,1000
21836,1,1000
21919,1,1000
22029,1,1000
22046,1,1000
22074,1,1000
22122,1,1000
22174,1,1000
22231,1,1000
22275,1,1000
22367,1,1000
22396,1,1000
22449,1,1000
22452,1,1000
22556,1,1000
22611,1,1000
22611,1,1000
22621,1,1000
22624,1,1000
22643,1,1000
22659,1,1000
22721,1,1000
22749,1,1000
22835,1,1000
22935,1,1000
23042,1,1000
23066,1,1000
23147,1,1000
23171,1,1000
23192,1,1000
23203,1,1000
23387,1,1000
23409,1,1000
23415,1,1000
23430,1,1000
23447,1,1000
23452,1,1000
23477,1,1000
23497,1,1000
23538,1,1000
23571,1,1000
23605,1,1000
23625,1,1000
23693,1,1000
23767,1,1000
23794,1,1000
23834,1,1000
23839,1,1000
23893,1,1000
24012,1,1000
24030,1,1000
24036,1,1000
24131,1,1000
24144,1,1000
24166,1,1000
24202,1,1000
24352,1,1000
24383,1,1000
24385,1,1000
24446,1,1000
24542,1,1000
24584,1,1000
24621,1,1000
24792,1,1000
24859,1,1000
24918,1,1000
24920,1,1000
24938,1,1000
24946,1,1000
24965,1,1000
24991,1,1000
24995,1,1000
24995,1,1000
25035,1,1000
25036,1,1000
25046,1,1000
25050,1,1000
25090,1,1000
25094,1,1000
25094,1,1000
25112,1,1000
25113,1,1000
25114,1,1000
25145,1,1000
25171,1,1000
25426,1,1000
25481,1,1000
25483,1,1000
25585,1,1000
25607,1,1000
25612,1,1000
25622,1,1000
25706,1,1000
25707,1,1000
25726,1,1000
25756,1,1000
25762,1,1000
25808,1,1000
25810,1,1000
25825,1,1000
25857,1,1000
25899,1,1000
25913,1,1000
25936,1,1000
25952,1,1000
26014,1,1000
26023,1,1000
26027,1,1000
26059,1,1000
26061,1,1000
26072,1,1000
26081,1,1000
26126,1,1000
26155,1,1000
26180,1,1000
26207,1,1000
26212,1,1000
26228,1,1000
26243,1,1000
26243,1,1000
26338,1,1000
26382,1,1000
26382,1,1000
26471,1,1000
26483,1,1000
26601,1,1000
26630,1,1000
26632,1,1000
26685,1,1000
26719,1,1000
26723,1,1000
26738,1,1000
26795,1,1000
26840,1,1000
26845,1,1000
26880,1,1000
27036,1,1000
27046,1,1000
27071,1,1000
27130,1,1000
27221,1,1000
27243,1,1000
27248,1,1000
27259,1,1000
27261,1,1000
27307,1,1000
27326,1,1000
27331,1,1000
27351,1,1000
27374,1,1000
27408,1,1000
27431,1,1000
27437,1,1000
27455,1,1000
27460,1,1000
27653,1,1000
27728,1,1000
27729,1,1000
27729,1,1000
27775,1,1000
27783,1,1000
27789,1,1000
27807,1,1000
27831,1,1000
27849,1,1000
28020,1,1000
28027,1,1000
28058,1,1000
28091,1,1000
28110,1,1000
28123,1,1000
28143,1,1000
28270,1,1000
28291,1,1000
28311,1,1000
28361,1,1000
28378,1,1000
28405,1,1000
28423,1,1000
28440,1,1000
28461,1,1000
28505,1,1000
28514,1,1000
28522,1,1000
28543,1,1000
28552,1,1000
28585,1,1000
28592,1,1000
28691,1,1000
28694,1,1000
28716,1,1000
28750,1,1000
28764,1,1000
28764,1,1000
28826,1,1000
28841,1,1000
29019,1,1000
29127,1,1000
29180,1,1000
29187,1,1000
29241,1,1000
29246,1,1000
29284,1,1000
29285,1,1000
29385,1,1000
29405,1,1000
29421,1,1000
29423,1,1000
29426,1,1000
29485,1,1000
29496,1,1000
29673,1,1000
29715,1,1000
29720,1,1000
29753,1,1000
29783,1,1000
29802,1,1000
29870,1,1000
29903,1,1000
29927,1,1000
29971,1,1000
29986,1,1000
30089,1,1000
30132,1,1000
30223,1,1000
30302,1,1000
30327,1,1000
30406,1,1000
30416,1,1000
30434,1,1000
30542,1,1000
30546,1,1000
30558,1,1000
30573,1,1000
30584,1,1000
30650,1,1000
30709,1,1000
30731,1,1000
30781,1,1000
30821,1,1000
30825,1,1000
30847,1,1000
30852,1,1000
30877,1,1000
30910,1,1000
31063,1,1000
31066,1,1000
31089,1,1000
31102,1,1000
31111,1,1000
31202,1,1000
31210,1,1000
31219,1,1000
31222,1,1000
31229,1,1000
31240,1,1000
31257,1,1000
31258,1,1000
31271,1,1000
31287,1,1000
31306,1,1000
31307,1,1000
31318,1,1000
31333,1,1000
31374,1,1000
31385,1,1000
31402,1,1000
31457,1,1000
31560,1,1000
31674,1,1000
31675,1,1000
31695,1,1000
31704,1,1000
31725,1,1000
31732,1,1000
31795,1,1000
31830,1,1000
31841,1,1000
31903,1,1000
31921,1,1000
31961,1,1000
32028,1,1000
32054,1,1000
32061,1,1000
32082,1,1000
32126,1,1000
32150,1,1000
32158,1,1000
32258,1,1000
32291,1,1000
32341,1,1000
32371,1,1000
32384,1,1000
32394,1,1000
32440,1,1000
32442,1,1000
32444,1,1000
32529,1,1000
32588,1,1000
32606,1,1000
32622,1,1000
32691,1,1000
32763,1,1000
32790,1,1000
32813,1,1000
32836,1,1000
32871,1,1000
32896,1,1000
32935,1,1000
33016,1,1000
33054,1,1000
33086,1,1000
33111,1,1000
33151,1,1000
33174,1,1000
33178,1,1000
33196,1,1000
33227,1,1000
33290,1,1000
33303,1,1000
33303,1,1000
33333,1,1000
33350,1,1000
33358,1,1000
33409,1,1000
33455,1,1000
33473,1,1000
33477,1,1000
33507,1,1000
33508,1,1000
33579,1,1000
33588,1,1000
33678,1,1000
33721,1,1000
33763,1,1000
33799,1,1000
33840,1,1000
33853,1,1000
33914,1,1000
33938,1,1000
33963,1,1000
33977,1,1000
34025,1,1000
34028,1,1000
34087,1,1000
34099,1,1000
34188,1,1000
34215,1,1000
34403,1,1000
34499,1,1000
34563,1,1000
34567,1,1000
34579,1,1000
34612,1,1000
34692,1,1000
34716,1,1000
34798,1,1000
34826,1,1000
34840,1,1000
34940,1,1000
35088,1,1000
35094,1,1000
35140,1,1000
35166,1,1000
35166,1,1000
35216,1,1000
35218,1,1000
35307,1,1000
35399,1,1000
35425,1,1000
35441,1,1000
35489,1,1000
35490,1,1000
35499,1,1000
35574,1,1000
35597,1,1000
35636,1,1000
35654,1,1000
35689,1,1000
35689,1,1000
35725,1,1000
35765,1,1000
35844,1,1000
35845,1,1000
35877,1,1000
36006,1,1000
36026,1,1000
36135,1,1000
36180,1,1000
36192,1,1000
36319,1,1000
36363,1,1000
36388,1,1000
36444,1,1000
36458,1,1000
36512,1,1000
36527,1,1000
36539,1,1000
36585,1,1000
36606,1,1000
36641,1,1000
36696,1,1000
36704,1,1000
36720,1,1000
36803,1,1000
36808,1,1000
37005,1,1000
37074,1,1000
37082,1,1000
37093,1,1000
37103,1,1000
37115,1,1000
37131,1,1000
37148,1,1000
37181,1,1000
37211,1,1000
37234,1,1000
37239,1,1000
37254,1,1000
37285,1,1000
37304,1,1000
37330,1,1000
37376,1,1000
37387,1,1000
37389,1,1000
37500,1,1000
37508,1,1000
37572,1,1000
37595,1,1000
37606,1,1000
37647,1,1000
37652,1,1000
37664,1,1000
37688,1,1000
37710,1,1000
37710,1,1000
37778,1,1000
37846,1,1000
38020,1,1000
38024,1,1000
38036,1,1000
38079,1,1000
38094,1,1000
38120,1,1000
38136,1,1000
38165,1,1000
38168,1,1000
38181,1,1000
38188,1,1000
38193,1,1000
38200,1,1000
38205,1,1000
38249,1,1000
38261,1,1000
38276,1,1000
38408,1,1000
38417,1,1000
38471,1,1000
38485,1,1000
38536,1,1000
38565,1,1000
38580,1,1000
38618,1,1000
38648,1,1000
38672,1,1000
38673,1,1000
38743,1,1000
38787,1,1000
38836,1,1000
38884,1,1000
39029,1,1000
39055,1,1000
39097,1,1000
39097,1,1000
39180,1,1000
39183,1,1000
39197,1,1000
39286,1,1000
39309,1,1000
39310,1,1000
39340,1,1000
39349,1,1000
39376,1,1000
39381,1,1000
39495,1,1000
39584,1,1000
39585,1,1000
39595,1,1000
39704,1,1000
39708,1,1000
39733,1,1000
39844,1,1000
39866,1,1000
39875,1,1000
39876,1,1000
39931,1,1000
40056,1,1000
40065,1,1000
40073,1,1000
40078,1,1000
40133,1,1000
40161,1,1000
40175,1,1000
40242,1,1000
40270,1,1000
40363,1,1000
40372,1,1000
40389,1,1000
40419,1,1000
40483,1,1000
40484,1,1000
40619,1,1000
40678,1,1000
40706,1,1000
40737,1,1000
40750,1,1000
40757,1,1000
40766,1,1000
40774,1,1000
40782,1,1000
40786,1,1000
40857,1,1000
40860,1,1000
40906,1,1000
40909,1,1000
40965,1,1000
41042,1,1000
41047,1,1000
41048,1,1000
41193,1,1000
41199,1,1000
41297,1,1000
41335,1,1000
41357,1,1000
41390,1,1000
41405,1,1000
41431,1,1000
41470,1,1000
41525,1,1000
41535,1,1000
41559,1,1000
41592,1,1000
41713,1,1000
41777,1,1000
41844,1,1000
41850,1,1000
41852,1,1000
41909,1,1000
41920,1,1000
42066,1,1000
42154,1,1000
42164,1,1000
42166,1,1000
42168,1,1000
42172,1,1000
42223,1,1000
42247,1,1000
42526,1,1000
42583,1,1000
42589,1,1000
42596,1,1000
42677,1,1000
42697,1,1000
42699,1,1000
42724,1,1000
42735,1,1000
42769,1,1000
42822,1,1000
42862,1,1000
42892,1,1000
42924,1,1000
42925,1,1000
42928,1,1000
42993,1,1000
42996,1,1000
43014,1,1000
43094,1,1000
43106,1,1000
43110,1,1000
43160,1,1000
43176,1,1000
43219,1,1000
43220,1,1000
43266,1,1000
43268,1,1000
43298,1,1000
43444,1,1000
43465,1,1000
43495,1,1000
43578,1,1000
43610,1,1000
43638,1,1000
43645,1,1000
43661,1,1000
43711,1,1000
43763,1,1000
43807,1,1000
43838,1,1000
43900,1,1000
44062,1,1000
44077,1,1000
44140,1,1000
44146,1,1000
44168,1,1000
44173,1,1000
44228,1,1000
44229,1,1000
44247,1,1000
44250,1,1000
44287,1,1000
44318,1,1000
44357,1,1000
44361,1,1000
44384,1,1000
44406,1,1000
44447,1,1000
44454,1,1000
44693,1,1000
44697,1,1000
44725,1,1000
44760,1,1000
44780,1,1000
45002,1,1000
45147,1,1000
45160,1,1000
45193,1,1000
45241,1,1000
45305,1,1000
45362,1,1000
45389,1,1000
45438,1,1000
45501,1,1000
45504,1,1000
45569,1,1000
45605,1,1000
45623,1,1000
45629,1,1000
45675,1,1000
45757,1,1000
45843,1,1000
45905,1,1000
45915,1,1000
46011,1,1000
46034,1,1000
46055,1,1000
46073,1,1000
46086,1,1000
46106,1,1000
46119,1,1000
46143,1,1000
46146,1,1000
46154,1,1000
46185,1,1000
46195,1,1000
46212,1,1000
46219,1,1000
46226,1,1000
46366,1,1000
46467,1,1000
46486,1,1000
46505,1,1000
46525,1,1000
46547,1,1000
46583,1,1000
46603,1,1000
46645,1,1000
46658,1,1000
46670,1,1000
46703,1,1000
46824,1,1000
46840,1,1000
46952,1,1000
46985,1,1000
47017,1,1000
47047,1,1000
47070,1,1000
47104,1,1000
47152,1,1000
47179,1,1000
47220,1,1000
47265,1,1000
47313,1,1000
47323,1,1000
47348,1,1000
47350,1,1000
47368,1,1000
47382,1,1000
47437,1,1000
47440,1,1000
47462,1,1000
47482,1,1000
47492,1,1000
47493,1,1000
47582,1,1000
47610,1,1000
47641,1,1000
47654,1,1000
47654,1,1000
47670,1,1000
47673,1,1000
47679,1,1000
47706,1,1000
47725,1,1000
47794,1,1000
47831,1,1000
47833,1,1000
47851,1,1000
48010,1,1000
48012,1,1000
48064,1,1000
48096,1,1000
48126,1,1000
48242,1,1000
48257,1,1000
48362,1,1000
48425,1,1000
48488,1,1000
48507,1,1000
48565,1,1000
48578,1,1000
48651,1,1000
48652,1,1000
48655,1,1000
48729,1,1000
48735,1,1000
48735,1,1000
48759,1,1000
48790,1,1000
48821,1,1000
48848,1,1000
48850,1,1000
48904,1,1000
48938,1,1000
48974,1,1000
48974,1,1000
49001,1,1000
49005,1,1000
49018,1,1000
49053,1,1000
49080,1,1000
49140,1,1000
49156,1,1000
49177,1,1000
49266,1,1000
49317,1,1000
49367,1,1000
49401,1,1000
49475,1,1000
49559,1,1000
49575,1,1000
49577,1,1000
49707,1,1000
49822,1,1000
49847,1,1000
49895,1,1000
50025,1,1000
50034,1,1000
50038,1,1000
50072,1,1000
50102,1,1000
50125,1,1000
50132,1,1000
50184,1,1000
50195,1,1000
50214,1,1000
50230,1,1000
50239,1,1000
50349,1,1000
50367,1,1000
50434,1,1000
50434,1,1000
50438,1,1000
50453,1,1000
50469,1,1000
50487,1,1000
50513,1,1000
50523,1,1000
50554,1,1000
50564,1,1000
50587,1,1000
50597,1,1000
50614,1,1000
50679,1,1000
50722,1,1000
50851,1,1000
50891,1,1000
50893,1,1000
50895,1,1000
50914,1,1000
50933,1,1000
51040,1,1000
51041,1,1000
51076,1,1000
51081,1,1000
51123,1,1000
51140,1,1000
51148,1,1000
51178,1,1000
51252,1,1000
51328,1,1000
51372,1,1000
51438,1,1000
51544,1,1000
51552,1,1000
51579,1,1000
51619,1,1000
51623,1,1000
51647,1,1000
51727,1,1000
51754,1,1000
51771,1,1000
51829,1,1000
51881,1,1000
52000,1,1000
52048,1,1000
52074,1,1000
52078,1,1000
52116,1,1000
52172,1,1000
52196,1,1000
52199,1,1000
52202,1,1000
52287,1,1000
52312,1,1000
52411,1,1000
52429,1,1000
52445,1,1000
52458,1,1000
52485,1,1000
52547,1,1000
52619,1,1000
52680,1,1000
52734,1,1000
52756,1,1000
52905,1,1000
52908,1,1000
52913,1,1000
52944,1,1000
52958,1,1000
53074,1,1000
53144,1,1000
53163,1,1000
53180,1,1000
53207,1,1000
53217,1,1000
53324,1,1000
53356,1,1000
53372,1,1000
53373,1,1000
53379,1,1000
53478,1,1000
53502,1,1000
53529,1,1000
53574,1,1000
53575,1,1000
53656,1,1000
53679,1,1000
53686,1,1000
53776,1,1000
53797,1,1000
53916,1,1000
53927,1,1000
54042,1,1000
54089,1,1000
54188,1,1000
54244,1,1000
54264,1,1000
54282,1,1000
54316,1,1000
54318,1,1000
54331,1,1000
54355,1,1000
54537,1,1000
54577,1,1000
54591,1,1000
54685,1,1000
54757,1,1000
54759,1,1000
54790,1,1000
54798,1,1000
54820,1,1000
54856,1,1000
54896,1,1000
54934,1,1000
54986,1,1000
55054,1,1000
55055,1,1000
55106,1,1000
55106,1,1000
55107,1,1000
55144,1,1000
55264,1,1000
55290,1,1000
55301,1,1000
55309,1,1000
55328,1,1000
55479,1,1000
55515,1,1000
55559,1,1000
55560,1,1000
55581,1,1000
55588,1,1000
55606,1,1000
55631,1,1000
55661,1,1000
55680,1,1000
55696,1,1000
55724,1,1000
55760,1,1000
55767,1,1000
55834,1,1000
56008,1,1000
56025,1,1000
56025,1,1000
56036,1,1000
56040,1,1000
56108,1,1000
56148,1,1000
56186,1,1000
56292,1,1000
56300,1,1000
56333,1,1000
56362,1,1000
56410,1,1000
56444,1,1000
56483,1,1000
56502,1,1000
56531,1,1000
56557,1,1000
56654,1,1000
56659,1,1000
56784,1,1000
56793,1,1000
56807,1,1000
56889,1,1000
56921,1,1000
56952,1,1000
57026,1,1000
57102,1,1000
57115,1,1000
57128,1,1000
57183,1,1000
57231,1,1000
57244,1,1000
57320,1,1000
57342,1,1000
57394,1,1000
57410,1,1000
57492,1,1000
57524,1,1000
57571,1,1000
57609,1,1000
57683,1,1000
57717,1,1000
57740,1,1000
57743,1,1000
57751,1,1000
57755,1,1000
57773,1,1000
57879,1,1000
57931,1,1000
57950,1,1000
57985,1,1000
58015,1,1000
58041,1,1000
58106,1,1000
58175,1,1000
58184,1,1000
58237,1,1000
58242,1,1000
58297,1,1000
58321,1,1000
58344,1,1000
58400,1,1000
58496,1,1000
58502,1,1000
58679,1,1000
58720,1,1000
58860,1,1000
58871,1,1000
58908,1,1000
58929,1,1000
58961,1,1000
58962,1,1000
58966,1,1000
58969,1,1000
58984,1,1000
59038,1,1000
59038,1,1000
59047,1,1000
59104,1,1000
59141,1,1000
59195,1,1000
59227,1,1000
59228,1,1000
59230,1,1000
59256,1,1000
59278,1,1000
59459,1,1000
59518,1,1000
59546,1,1000
59548,1,1000
59555,1,1000
59562,1,1000
59611,1,1000
59631,1,1000
59750,1,1000
59844,1,1000
59849,1,1000
59875,1,1000
59940,1,1000
60003,1,1000
60030,1,1000
60088,1,1000
60126,1,1000
60188,1,1000
60190,1,1000
60224,1,1000
60301,1,1000
60336,1,1000
60340,1,1000
60366,1,1000
60410,1,1000
60429,1,1000
60442,1,1000
60446,1,1000
60488,1,1000
60501,1,1000
60539,1,1000
60567,1,1000
60645,1,1000
60678,1,1000
60693,1,1000
60768,1,1000
60769,1,1000
60849,1,1000
60877,1,1000
60896,1,1000
60906,1,1000
61036,1,1000
61057,1,1000
61060,1,1000
61070,1,1000
61095,1,1000
61099,1,1000
61104,1,1000
61124,1,1000
61134,1,1000
61156,1,1000
61203,1,1000
61205,1,1000
61356,1,1000
61367,1,1000
61384,1,1000
61393,1,1000
61396,1,1000
61421,1,1000
61430,1,1000
61499,1,1000
61511,1,1000
61514,1,1000
61544,1,1000
61548,1,1000
61639,1,1000
61668,1,1000
61695,1,1000
61713,1,1000
61725,1,1000
61735,1,1000
61840,1,1000
61875,1,1000
62022,1,1000
62029,1,1000
62036,1,1000
62050,1,1000
62059,1,1000
62072,1,1000
62081,1,1000
62200,1,1000
62373,1,1000
62486,1,1000
62498,1,1000
62514,1,1000
62519,1,1000
62527,1,1000
62643,1,1000
62649,1,1000
62655,1,1000
62690,1,1000
62733,1,1000
62741,1,1000
62746,1,1000
62870,1,1000
62886,1,1000
62895,1,1000
62903,1,1000
62914,1,1000
62959,1,1000
62964,1,1000
63069,1,1000
63113,1,1000
63129,1,1000
63152,1,1000
63218,1,1000
63259,1,1000
63266,1,1000
63294,1,1000
63306,1,1000
63430,1,1000
63436,1,1000
63498,1,1000
63510,1,1000
63540,1,1000
63566,1,1000
63617,1,1000
63624,1,1000
63687,1,1000
63690,1,1000
63702,1,1000
63702,1,1000
63711,1,1000
63719,1,1000
63746,1,1000
63748,1,1000
63785,1,1000
63938,1,1000
63938,1,1000
63948,1,1000
64108,1,1000
64208,1,1000
64248,1,1000
64324,1,1000
64341,1,1000
64347,1,1000
64399,1,1000
64453,1,1000
64453,1,1000
64538,1,1000
64560,1,1000
64643,1,1000
64690,1,1000
64714,1,1000
64715,1,1000
64752,1,1000
64770,1,1000
64882,1,1000
64904,1,1000
65072,1,1000
65074,1,1000
65151,1,1000
65181,1,1000
65229,1,1000
65249,1,1000
65268,1,1000
65546,1,1000
65553,1,1000
65693,1,1000
65712,1,1000
65718,1,1000
65762,1,1000
65763,1,1000
65780,1,1000
65904,1,1000
65930,1,1000
65934,1,1000
65943,1,1000
66047,1,1000
66062,1,1000
66079,1,1000
66095,1,1000
66192,1,1000
66234,1,1000
66252,1,1000
66259,1,1000
66277,1,1000
66383,1,1000
66472,1,1000
66503,1,1000
66550,1,1000
66552,1,1000
66587,1,1000
66604,1,1000
66613,1,1000
66657,1,1000
66691,1,1000
66693,1,1000
66695,1,1000
66747,1,1000
66755,1,1000
66844,1,1000
66886,1,1000
66902,1,1000
66912,1,1000
66979,1,1000
67005,1,1000
67044,1,1000
67087,1,1000
67124,1,1000
67263,1,1000
67337,1,1000
67429,1,1000
67461,1,1000
67630,1,1000
67807,1,1000
67848,1,1000
67866,1,1000
68058,1,1000
68107,1,1000
68197,1,1000
68256,1,1000
68281,1,1000
68288,1,1000
68315,1,1000
68377,1,1000
68418,1,1000
68448,1,1000
68455,1,1000
68456,1,1000
68476,1,1000
68515,1,1000
68594,1,1000
68596,1,1000
68612,1,1000
68646,1,1000
68650,1,1000
68668,1,1000
68672,1,1000
68679,1,1000
68682,1,1000
68690,1,1000
68711,1,1000
68721,1,1000
68737,1,1000
68774,1,1000
68778,1,1000
68815,1,1000
68829,1,1000
68846,1,1000
68888,1,1000
68907,1,1000
68913,1,1000
68920,1,1000
68929,1,1000
69009,1,1000
69010,1,1000
69013,1,1000
69048,1,1000
69061,1,1000
69072,1,1000
69084,1,1000
69092,1,1000
69097,1,1000
69116,1,1000
69134,1,1000
69174,1,1000
69189,1,1000
69254,1,1000
69288,1,1000
69364,1,1000
69402,1,1000
69433,1,1000
69463,1,1000
69479,1,1000
69484,1,1000
69542,1,1000
69601,1,1000
69634,1,1000
69693,1,1000
69724,1,1000
69889,1,1000
69896,1,1000
69916,1,1000
69943,1,1000
69963,1,1000
70007,1,1000
70015,1,1000
70028,1,1000
70112,1,1000
70144,1,1000
70163,1,1000
70260,1,1000
70263,1,1000
70264,1,1000
70327,1,1000
70478,1,1000
70482,1,1000
70535,1,1000
70566,1,1000
70573,1,1000
70615,1,1000
70621,1,1000
70641,1,1000
70645,1,1000
70670,1,1000
70687,1,1000
70688,1,1000
70697,1,1000
70702,1,1000
70710,1,1000
70757,1,1000
70841,1,1000
70842,1,1000
70876,1,1000
70921,1,1000
70951,1,1000
70977,1,1000
71040,1,1000
71051,1,1000
71072,1,1000
71078,1,1000
71108,1,1000
71153,1,1000
71153,1,1000
71208,1,1000
71208,1,1000
71245,1,1000
71260,1,1000
71307,1,1000
71333,1,1000
71380,1,1000
71397,1,1000
71434,1,1000
71454,1,1000
71485,1,1000
71528,1,1000
71635,1,1000
71687,1,1000
71735,1,1000
71748,1,1000
71753,1,1000
71755,1,1000
71805,1,1000
71848,1,1000
71958,1,1000
71971,1,1000
71983,1,1000
72034,1,1000
72043,1,1000
72167,1,1000
72190,1,1000
72202,1,1000
72212,1,1000
72226,1,1000
72248,1,1000
72248,1,1000
72280,1,1000
72303,1,1000
72305,1,1000
72332,1,1000
72339,1,1000
72361,1,1000
72399,1,1000
72479,1,1000
72542,1,1000
72544,1,1000
72544,1,1000
72581,1,1000
72590,1,1000
72593,1,1000
72605,1,1000
72621,1,1000
72653,1,1000
72690,1,1000
72773,1,1000
72818,1,1000
72860,1,1000
72866,1,1000
73027,1,1000
73086,1,1000
73091,1,1000
73148,1,1000
73194,1,1000
73214,1,1000
73304,1,1000
73348,1,1000
73387,1,1000
73484,1,1000
73528,1,1000
73534,1,1000
73556,1,1000
73621,1,1000
73624,1,1000
73678,1,1000
73679,1,1000
73715,1,1000
73720,1,1000
73725,1,1000
73728,1,1000
73729,1,1000
73762,1,1000
73762,1,1000
73783,1,1000
73786,1,1000
73831,1,1000
73854,1,1000
73925,1,1000
74009,1,1000
74242,1,1000
74262,1,1000
74331,1,1000
74334,1,1000
74387,1,1000
74388,1,1000
74420,1,1000
74508,1,1000
74596,1,1000
74618,1,1000
74654,1,1000
74657,1,1000
74713,1,1000
74846,1,1000
74871,1,1000
74912,1,1000
74915,1,1000
74975,1,1000
75017,1,1000
75030,1,1000
75096,1,1000
75128,1,1000
75179,1,1000
75187,1,1000
75287,1,1000
75323,1,1000
75345,1,1000
75358,1,1000
75387,1,1000
75394,1,1000
75499,1,1000
75515,1,1000
75569,1,1000
75614,1,1000
75636,1,1000
75760,1,1000
75826,1,1000
75828,1,1000
75839,1,1000
75847,1,1000
75879,1,1000
75896,1,1000
75918,1,1000
76003,1,1000
76013,1,1000
76022,1,1000
76050,1,1000
76069,1,1000
76110,1,1000
76157,1,1000
76184,1,1000
76220,1,1000
76236,1,1000
76277,1,1000
76360,1,1000
76459,1,1000
76545,1,1000
76572,1,1000
76581,1,1000
76606,1,1000
76652,1,1000
76747,1,1000
76867,1,1000
76873,1,1000
76891,1,1000
76915,1,1000
76928,1,1000
77017,1,1000
77063,1,1000
77079,1,1000
77092,1,1000
77099,1,1000
77146,1,1000
77152,1,1000
77163,1,1000
77235,1,1000
77270,1,1000
77276,1,1000
77288,1,1000
77336,1,1000
77341,1,1000
77440,1,1000
77533,1,1000
77538,1,1000
77555,1,1000
77581,1,1000
77721,1,1000
77724,1,1000
77741,1,1000
77825,1,1000
77835,1,1000
77919,1,1000
77942,1,1000
78001,1,1000
78035,1,1000
78053,1,1000
78081,1,1000
78130,1,1000
78221,1,1000
78279,1,1000
78290,1,1000
78366,1,1000
78431,1,1000
78446,1,1000
78479,1,1000
78494,1,1000
78504,1,1000
78507,1,1000
78520,1,1000
78521,1,1000
78607,1,1000
78613,1,1000
78708,1,1000
78710,1,1000
78729,1,1000
78767,1,1000
78794,1,1000
78795,1,1000
78810,1,1000
78841,1,1000
78880,1,1000
78893,1,1000
79084,1,1000
79098,1,1000
79109,1,1000
79152,1,1000
79179,1,1000
79209,1,1000
79261,1,1000
79309,1,1000
79343,1,1000
79382,1,1000
79492,1,1000
79558,1,1000
79564,1,1000
79570,1,1000
79574,1,1000
79597,1,1000
79647,1,1000
79651,1,1000
79755,1,1000
79926,1,1000
79928,1,1000
80013,1,1000
80020,1,1000
80025,1,1000
80048,1,1000
80075,1,1000
80115,1,1000
80124,1,1000
80151,1,1000
80163,1,1000
80200,1,1000
80233,1,1000
80255,1,1000
80285,1,1000
80339,1,1000
80340,1,1000
80488,1,1000
80530,1,1000
80551,1,1000
80596,1,1000
80738,1,1000
80836,1,1000
80857,1,1000
80920,1,1000
80921,1,1000
80932,1,1000
80938,1,1000
80948,1,1000
81033,1,1000
81041,1,1000
81047,1,1000
81095,1,1000
81153,1,1000
81165,1,1000
81182,1,1000
81218,1,1000
81313,1,1000
81356,1,1000
81419,1,1000
81465,1,1000
81486,1,1000
81502,1,1000
81530,1,1000
81570,1,1000
81702,1,1000
81736,1,1000
81774,1,1000
81788,1,1000
81799,1,1000
81802,1,1000
81847,1,1000
81867,1,1000
81873,1,1000
81883,1,1000
81899,1,1000
82095,1,1000
82149,1,1000
82181,1,1000
82207,1,1000
82254,1,1000
82308,1,1000
82334,1,1000
82376,1,1000
82392,1,1000
82406,1,1000
82462,1,1000
82528,1,1000
82531,1,1000
82541,1,1000
82541,1,1000
82542,1,1000
82574,1,1000
82575,1,1000
82576,1,1000
82612,1,1000
82643,1,1000
82644,1,1000
82676,1,1000
82761,1,1000
82784,1,1000
82816,1,1000
82827,1,1000
83040,1,1000
83059,1,1000
83066,1,1000
83085,1,1000
83129,1,1000
83154,1,1000
83179,1,1000
83215,1,1000
83216,1,1000
83241,1,1000
83267,1,1000
83319,1,1000
83338,1,1000
83364,1,1000
83441,1,1000
83538,1,1000
83543,1,1000
83576,1,1000
83672,1,1000
83700,1,1000
83714,1,1000
83724,1,1000
83816,1,1000
83823,1,1000
83828,1,1000
83852,1,1000
83916,1,1000
83930,1,1000
84100,1,1000
84120,1,1000
84137,1,1000
84155,1,1000
84175,1,1000
84238,1,1000
84260,1,1000
84344,1,1000
84353,1,1000
84384,1,1000
84520,1,1000
84530,1,1000
84535,1,1000
84555,1,1000
84591,1,1000
84722,1,1000
84844,1,1000
84847,1,1000
84893,1,1000
84924,1,1000
84982,1,1000
85005,1,1000
85008,1,1000
85047,1,1000
85050,1,1000
85091,1,1000
85102,1,1000
85105,1,1000
85111,1,1000
85197,1,1000
85232,1,1000
85258,1,1000
85282,1,1000
85296,1,1000
85403,1,1000
85447,1,1000
85452,1,1000
85456,1,1000
85462,1,1000
85479,1,1000
85520,1,1000
85537,1,1000
85577,1,1000
85578,1,1000
85579,1,1000
85623,1,1000
85633,1,1000
85639,1,1000
85641,1,1000
85692,1,1000
85694,1,1000
85771,1,1000
85802,1,1000
85824,1,1000
86015,1,1000
86035,1,1000
86157,1,1000
86261,1,1000
86273,1,1000
86295,1,1000
86380,1,1000
86542,1,1000
86560,1,1000
86576,1,1000
86587,1,1000
86609,1,1000
86676,1,1000
86688,1,1000
86751,1,1000
86767,1,1000
86800,1,1000
86804,1,1000
86893,1,1000
87066,1,1000
87074,1,1000
87113,1,1000
87149,1,1000
87167,1,1000
87176,1,1000
87184,1,1000
87198,1,1000
87203,1,1000
87306,1,1000
87319,1,1000
87327,1,1000
87398,1,1000
87434,1,1000
87441,1,1000
87500,1,1000
87501,1,1000
87584,1,1000
87632,1,1000
87642,1,1000
87650,1,1000
87776,1,1000
87806,1,1000
87845,1,1000
87946,1,1000
88037,1,1000
88055,1,1000
88083,1,1000
88098,1,1000
88117,1,1000
88140,1,1000
88157,1,1000
88205,1,1000
88228,1,1000
88232,1,1000
88265,1,1000
88272,1,1000
88274,1,1000
88297,1,1000
88382,1,1000
88382,1,1000
88384,1,1000
88531,1,1000
88535,1,1000
88541,1,1000
88627,1,1000
88628,1,1000
88795,1,1000
88814,1,1000
88856,1,1000
88924,1,1000
88931,1,1000
88984,1,1000
89029,1,1000
89062,1,1000
89116,1,1000
89161,1,1000
89164,1,1000
89182,1,1000
89210,1,1000
89246,1,1000
89310,1,1000
89345,1,1000
89376,1,1000
89386,1,1000
89402,1,1000
89432,1,1000
89484,1,1000
89489,1,1000
89562,1,1000
89628,1,1000
89640,1,1000
89676,1,1000
89684,1,1000
89687,1,1000
89747,1,1000
89778,1,1000
89782,1,1000
89806,1,1000
89841,1,1000
89851,1,1000
89913,1,1000
89923,1,1000
90043,1,1000
90059,1,1000
90060,1,1000
90156,1,1000
90158,1,1000
90208,1,1000
90222,1,1000
90243,1,1000
90289,1,1000
90291,1,1000
90321,1,1000
90368,1,1000
90379,1,1000
90398,1,1000
90409,1,1000
90434,1,1000
90440,1,1000
90471,1,1000
90489,1,1000
90508,1,1000
90511,1,1000
90517,1,1000
90525,1,1000
90603,1,1000
90644,1,1000
90671,1,1000
90720,1,1000
90745,1,1000
90769,1,1000
90796,1,1000
90901,1,1000
90905,1,1000
90947,1,1000
91014,1,1000
91062,1,1000
91073,1,1000
91114,1,1000
91122,1,1000
91125,1,1000
91130,1,1000
91131,1,1000
91137,1,1000
91200,1,1000
91204,1,1000
91300,1,1000
91307,1,1000
91338,1,1000
91390,1,1000
91413,1,1000
91433,1,1000
91559,1,1000
91572,1,1000
91610,1,1000
91619,1,1000
91680,1,1000
91720,1,1000
91765,1,1000
91825,1,1000
91841,1,1000
91842,1,1000
91859,1,1000
91861,1,1000
92033,1,1000
92088,1,1000
92225,1,1000
92246,1,1000
92250,1,1000
92277,1,1000
92396,1,1000
92465,1,1000
92465,1,1000
92493,1,1000
92529,1,1000
92566,1,1000
92622,1,1000
92632,1,1000
92714,1,1000
92761,1,1000
92788,1,1000
92803,1,1000
92810,1,1000
92830,1,1000
92856,1,1000
92860,1,1000
92861,1,1000
92960,1,1000
93039,1,1000
93046,1,1000
93154,1,1000
93228,1,1000
93277,1,1000
93302,1,1000
93369,1,1000
93474,1,1000
93509,1,1000
93576,1,1000
93663,1,1000
93673,1,1000
93673,1,1000
93710,1,1000
93715,1,1000
93725,1,1000
93771,1,1000
93933,1,1000
94163,1,1000
94180,1,1000
94189,1,1000
94195,1,1000
94276,1,1000
94312,1,1000
94314,1,1000
94323,1,1000
94326,1,1000
94335,1,1000
94381,1,1000
94466,1,1000
94535,1,1000
94714,1,1000
94727,1,1000
94732,1,1000
94819,1,1000
94821,1,1000
94839,1,1000
94848,1,1000
94856,1,1000
94864,1,1000
94915,1,1000
94930,1,1000
94938,1,1000
95007,1,1000
95107,1,1000
95117,1,1000
95125,1,1000
95206,1,1000
95233,1,1000
95303,1,1000
95358,1,1000
95374,1,1000
95468,1,1000
95566,1,1000
95594,1,1000
95607,1,1000
95614,1,1000
95651,1,1000
95663,1,1000
95683,1,1000
95684,1,1000
95704,1,1000
95708,1,1000
95743,1,1000
95789,1,1000
95872,1,1000
95907,1,1000
95939,1,1000
95946,1,1000
95946,1,1000
96001,1,1000
96010,1,1000
96012,1,1000
96016,1,1000
96029,1,1000
96050,1,1000
96051,1,1000
96149,1,1000
96185,1,1000
96300,1,1000
96450,1,1000
96469,1,1000
96509,1,1000
96579,1,1000
96633,1,1000
96634,1,1000
96649,1,1000
96665,1,1000
96679,1,1000
96699,1,1000
96801,1,1000
96811,1,1000
97055,1,1000
97083,1,1000
97098,1,1000
97167,1,1000
97176,1,1000
97180,1,1000
97189,1,1000
97198,1,1000
97312,1,1000
97322,1,1000
97378,1,1000
97379,1,1000
97474,1,1000
97493,1,1000
97517,1,1000
97558,1,1000
97564,1,1000
97583,1,1000
97645,1,1000
97737,1,1000
97790,1,1000
97796,1,1000
97801,1,1000
97858,1,1000
97940,1,1000
97950,1,1000
97978,1,1000
98000,1,1000
98020,1,1000
98020,1,1000
98084,1,1000
98095,1,1000
98096,1,1000
98175,1,1000
98227,1,1000
98248,1,1000
98305,1,1000
98337,1,1000
98353,1,1000
98427,1,1000
98493,1,1000
98506,1,1000
98506,1,1000
98551,1,1000
98620,1,1000
98648,1,1000
98793,1,1000
98819,1,1000
98831,1,1000
98846,1,1000
98851,1,1000
98887,1,1000
98951,1,1000
98956,1,1000
99044,1,1000
99079,1,1000
99092,1,1000
99273,1,1000
99280,1,1000
99292,1,1000
99304,1,1000
99347,1,1000
99368,1,1000
99368,1,1000
99398,1,1000
99430,1,1000
99449,1,1000
99456,1,1000
99469,1,1000
99484,1,1000
99657,1,1000
99685,1,1000
99697,1,1000
99849,1,1000
99890,1,1000
99891,1,1000
99945,1,1000
100008,1,1000
100013,1,1000
100089,1,1000
100138,1,1000
100144,1,1000
100148,1,1000
100157,1,1000
100167,1,1000
100214,1,1000
100231,1,1000
100235,1,1000
100250,1,1000
100431,1,1000
100512,1,1000
100514,1,1000
100588,1,1000
100632,1,1000
100642,1,1000
100746,1,1000
100760,1,1000
100815,1,1000
100834,1,1000
100928,1,1000
100933,1,1000
100934,1,1000
100949,1,1000
101137,1,1000
101225,1,1000
101249,1,1000
101300,1,1000
101325,1,1000
101344,1,1000
101365,1,1000
101452,1,1000
101534,1,1000
101616,1,1000
101652,1,1000
101659,1,1000
101773,1,1000
101921,1,1000
101924,1,1000
101930,1,1000
101940,1,1000
102016,1,1000
102161,1,1000
102191,1,1000
102226,1,1000
102296,1,1000
102340,1,1000
102381,1,1000
102433,1,1000
102452,1,1000
102467,1,1000
102506,1,1000
102511,1,1000
102523,1,1000
102533,1,1000
102620,1,1000
102636,1,1000
102646,1,1000
102648,1,1000
102713,1,1000
102726,1,1000
102754,1,1000
102761,1,1000
102838,1,1000
102867,1,1000
102924,1,1000
103080,1,1000
103096,1,1000
103099,1,1000
103265,1,1000
103300,1,1000
103364,1,1000
103370,1,1000
103425,1,1000
103434,1,1000
103450,1,1000
103537,1,1000
103549,1,1000
103564,1,1000
103569,1,1000
103630,1,1000
103689,1,1000
103732,1,1000
103792,1,1000
103805,1,1000
103842,1,1000
103843,1,1000
103844,1,1000
103853,1,1000
103918,1,1000
103921,1,1000
103930,1,1000
103944,1,1000
104000,1,1000
104003,1,1000
104007,1,1000
104097,1,1000
104156,1,1000
104173,1,1000
104342,1,1000
104384,1,1000
104388,1,1000
104447,1,1000
104482,1,1000
104565,1,1000
104636,1,1000
104663,1,1000
104708,1,1000
104759,1,1000
104761,1,1000
104778,1,1000
104791,1,1000
104818,1,1000
104864,1,1000
104925,1,1000
105020,1,1000
105021,1,1000
105032,1,1000
105069,1,1000
105077,1,1000
105078,1,1000
105131,1,1000
105144,1,1000
105157,1,1000
105254,1,1000
105277,1,1000
105295,1,1000
105317,1,1000
105427,1,1000
105497,1,1000
105580,1,1000
105672,1,1000
105733,1,1000
105755,1,1000
105853,1,1000
105922,1,1000
105922,1,1000
106030,1,1000
106120,1,1000
106148,1,1000
106182,1,1000
106289,1,1000
106302,1,1000
106324,1,1000
106348,1,1000
106364,1,1000
106366,1,1000
106404,1,1000
106425,1,1000
106434,1,1000
106459,1,1000
106514,1,1000
106515,1,1000
106518,1,1000
106538,1,1000
106541,1,1000
106596,1,1000
106612,1,1000
106620,1,1000
106649,1,1000
106672,1,1000
106692,1,1000
106694,1,1000
106729,1,1000
106735,1,1000
106750,1,1000
106759,1,1000
106786,1,1000
106842,1,1000
106892,1,1000
106927,1,1000
106934,1,1000
106989,1,1000
107026,1,1000
107074,1,1000
107084,1,1000
107140,1,1000
107172,1,1000
107194,1,1000
107206,1,1000
107210,1,1000
107240,1,1000
107268,1,1000
107270,1,1000
107339,1,1000
107349,1,1000
107520,1,1000
107563,1,1000
107628,1,1000
107683,1,1000
107702,1,1000
107717,1,1000
107751,1,1000
107769,1,1000
107776,1,1000
107790,1,1000
107812,1,1000
107828,1,1000
107869,1,1000
107901,1,1000
107913,1,1000
107920,1,1000
108004,1,1000
108098,1,1000
108207,1,1000
108219,1,1000
108264,1,1000
108294,1,1000
108351,1,1000
108353,1,1000
108400,1,1000
108403,1,1000
108425,1,1000
108490,1,1000
108730,1,1000
108745,1,1000
108802,1,1000
108823,1,1000
108873,1,1000
108883,1,1000
108942,1,1000
108943,1,1000
108968,1,1000
108985,1,1000
109025,1,1000
109030,1,1000
109036,1,1000
109078,1,1000
109081,1,1000
109101,1,1000
109136,1,1000
109245,1,1000
109261,1,1000
109262,1,1000
109281,1,1000
109375,1,1000
109402,1,1000
109406,1,1000
109406,1,1000
109531,1,1000
109600,1,1000
109753,1,1000
109762,1,1000
109791,1,1000
109812,1,1000
109922,1,1000
110067,1,1000
110075,1,1000
110121,1,1000
110184,1,1000
110278,1,1000
110290,1,1000
110328,1,1000
110363,1,1000
110371,1,1000
110377,1,1000
110420,1,1000
110443,1,1000
110471,1,1000
110479,1,1000
110553,1,1000
110557,1,1000
110565,1,1000
110651,1,1000
110693,1,1000
110751,1,1000
110816,1,1000
110856,1,1000
110867,1,1000
110897,1,1000
110899,1,1000
110907,1,1000
111015,1,1000
111063,1,1000
111274,1,1000
111323,1,1000
111328,1,1000
111436,1,1000
111442,1,1000
111489,1,1000
111529,1,1000
111566,1,1000
111580,1,1000
111657,1,1000
111662,1,1000
111666,1,1000
111692,1,1000
111766,1,1000
111781,1,1000
111854,1,1000
111930,1,1000
112001,1,1000
112032,1,1000
112044,1,1000
112068,1,1000
112124,1,1000
112139,1,1000
112163,1,1000
112204,1,1000
112211,1,1000
112221,1,1000
112243,1,1000
112284,1,1000
112402,1,1000
112426,1,1000
112437,1,1000
112447,1,1000
112451,1,1000
112470,1,1000
112511,1,1000
112528,1,1000
112566,1,1000
112576,1,1000
112601,1,1000
112639,1,1000
112739,1,1000
112742,1,1000
112750,1,1000
112789,1,1000
112790,1,1000
112803,1,1000
112808,1,1000
112831,1,1000
112868,1,1000
112870,1,1000
112905,1,1000
112910,1,1000
112925,1,1000
112942,1,1000
113019,1,1000
113137,1,1000
113155,1,1000
113155,1,1000
113183,1,1000
113227,1,1000
113244,1,1000
113253,1,1000
113257,1,1000
113261,1,1000
113267,1,1000
113299,1,1000
113338,1,1000
113345,1,1000
113376,1,1000
113455,1,1000
113504,1,1000
113506,1,1000
113566,1,1000
113750,1,1000
113774,1,1000
113778,1,1000
113781,1,1000
113796,1,1000
113869,1,1000
113893,1,1000
113949,1,1000
113986,1,1000
114015,1,1000
114025,1,1000
114027,1,1000
114165,1,1000
114195,1,1000
114200,1,1000
114214,1,1000
114237,1,1000
114301,1,1000
114312,1,1000
114346,1,1000
114400,1,1000
114406,1,1000
114444,1,1000
114563,1,1000
114566,1,1000
114584,1,1000
114624,1,1000
114663,1,1000
114800,1,1000
114824,1,1000
114851,1,1000
114853,1,1000
114905,1,1000
114958,1,1000
114966,1,1000
114985,1,1000
114997,1,1000
115025,1,1000
115039,1,1000
115199,1,1000
115207,1,1000
115269,1,1000
115282,1,1000
115283,1,1000
115300,1,1000
115443,1,1000
115458,1,1000
115548,1,1000
115618,1,1000
115778,1,1000
115858,1,1000
115916,1,1000
116068,1,1000
116094,1,1000
116096,1,1000
116146,1,1000
116181,1,1000
116206,1,1000
116207,1,1000
116232,1,1000
116253,1,1000
116261,1,1000
116264,1,1000
116324,1,1000
116352,1,1000
116421,1,1000
116489,1,1000
116504,1,1000
116525,1,1000
116587,1,1000
116613,1,1000
116650,1,1000
116658,1,1000
116662,1,1000
116665,1,1000
116713,1,1000
116721,1,1000
116738,1,1000
116798,1,1000
117054,1,1000
117068,1,1000
117112,1,1000
117146,1,1000
117163,1,1000
117183,1,1000
117200,1,1000
117222,1,1000
117223,1,1000
117268,1,1000
117297,1,1000
117326,1,1000
117368,1,1000
117372,1,1000
117383,1,1000
117504,1,1000
117528,1,1000
117530,1,1000
117683,1,1000
117755,1,1000
117796,1,1000
117799,1,1000
117837,1,1000
117844,1,1000
117883,1,1000
118023,1,1000
118025,1,1000
118029,1,1000
118039,1,1000
118039,1,1000
118129,1,1000
118230,1,1000
118237,1,1000
118263,1,1000
118285,1,1000
118299,1,1000
118324,1,1000
118386,1,1000
118388,1,1000
118452,1,1000
118453,1,1000
118462,1,1000
118493,1,1000
118501,1,1000
118553,1,1000
118584,1,1000
118632,1,1000
118635,1,1000
118702,1,1000
118712,1,1000
118848,1,1000
118864,1,1000
118908,1,1000
118974,1,1000
119042,1,1000
119055,1,1000
119116,1,1000
119204,1,1000
119208,1,1000
119313,1,1000
119338,1,1000
119392,1,1000
119439,1,1000
119518,1,1000
119624,1,1000
119652,1,1000
119671,1,1000
119713,1,1000
119778,1,1000
119810,1,1000
119931,1,1000
119950,1,1000
119959,1,1000
120057,1,1000
120061,1,1000
120068,1,1000
120137,1,1000
120225,1,1000
120238,1,1000
120285,1,1000
120285,1,1000
120294,1,1000
120302,1,1000
120303,1,1000
120338,1,1000
120341,1,1000
120369,1,1000
120380,1,1000
120439,1,1000
120461,1,1000
120477,1,1000
120515,1,1000
120518,1,1000
120648,1,1000
120756,1,1000
120800,1,1000
121001,1,1000
121004,1,1000
121034,1,1000
121171,1,1000
121205,1,1000
121225,1,1000
121265,1,1000
121287,1,1000
121309,1,1000
121392,1,1000
121406,1,1000
121425,1,1000
121446,1,1000
121501,1,1000
121549,1,1000
121555,1,1000
121564,1,1000
121597,1,1000
121598,1,1000
121623,1,1000
121651,1,1000
121670,1,1000
121675,1,1000
121689,1,1000
121693,1,1000
121699,1,1000
121705,1,1000
121708,1,1000
121720,1,1000
121756,1,1000
121794,1,1000
121824,1,1000
121868,1,1000
121903,1,1000
122104,1,1000
122138,1,1000
122148,1,1000
122153,1,1000
122261,1,1000
122286,1,1000
122300,1,1000
122346,1,1000
122367,1,1000
122370,1,1000
122406,1,1000
122452,1,1000
122488,1,1000
122509,1,1000
122537,1,1000
122593,1,1000
122596,1,1000
122647,1,1000
122660,1,1000
122682,1,1000
122835,1,1000
122843,1,1000
122852,1,1000
122875,1,1000
123052,1,1000
123062,1,1000
123093,1,1000
123138,1,1000
123190,1,1000
123219,1,1000
123287,1,1000
123318,1,1000
123328,1,1000
123347,1,1000
123370,1,1000
123407,1,1000
123421,1,1000
123476,1,1000
123486,1,1000
123548,1,1000
123553,1,1000
123578,1,1000
123606,1,1000
123635,1,1000
123667,1,1000
123676,1,1000
123723,1,1000
123755,1,1000
123769,1,1000
123856,1,1000
123932,1,1000
124044,1,1000
124100,1,1000
124114,1,1000
124120,1,1000
124151,1,1000
124230,1,1000
124241,1,1000
124260,1,1000
124338,1,1000
124365,1,1000
124526,1,1000
124538,1,1000
124554,1,1000
124576,1,1000
124598,1,1000
124611,1,1000
124633,1,1000
124635,1,1000
124638,1,1000
124672,1,1000
124785,1,1000
124870,1,1000
124897,1,1000
124913,1,1000
124954,1,1000
125018,1,1000
125071,1,1000
125091,1,1000
125108,1,1000
125145,1,1000
125154,1,1000
125182,1,1000
125221,1,1000
125225,1,1000
125255,1,1000
125259,1,1000
125275,1,1000
125286,1,1000
125289,1,1000
125290,1,1000
125302,1,1000
125335,1,1000
125430,1,1000
125439,1,1000
125576,1,1000
125579,1,1000
125587,1,1000
125602,1,1000
125603,1,1000
125622,1,1000
125662,1,1000
125690,1,1000
125763,1,1000
125814,1,1000
125849,1,1000
125874,1,1000
125882,1,1000
125898,1,1000
126002,1,1000
126005,1,1000
126099,1,1000
126104,1,1000
126106,1,1000
126164,1,1000
126207,1,1000
126278,1,1000
126308,1,1000
126339,1,1000
126381,1,1000
126382,1,1000
126409,1,1000
126464,1,1000
126480,1,1000
126697,1,1000
126751,1,1000
126795,1,1000
126816,1,1000
126836,1,1000
126898,1,1000
126972,1,1000
127008,1,1000
127030,1,1000
127044,1,1000
127056,1,1000
127081,1,1000
127101,1,1000
127149,1,1000
127176,1,1000
127182,1,1000
127218,1,1000
127304,1,1000
127312,1,1000
127391,1,1000
127431,1,1000
127476,1,1000
127557,1,1000
127572,1,1000
127593,1,1000
127605,1,1000
127610,1,1000
127738,1,1000
127847,1,1000
127906,1,1000
127991,1,1000
128100,1,1000
128122,1,1000
128240,1,1000
128282,1,1000
128370,1,1000
128375,1,1000
128395,1,1000
128421,1,1000
128503,1,1000
128513,1,1000
128563,1,1000
128576,1,1000
128645,1,1000
128714,1,1000
128758,1,1000
128797,1,1000
128826,1,1000
128878,1,1000
128880,1,1000
129030,1,1000
129101,1,1000
129127,1,1000
129241,1,1000
129271,1,1000
129310,1,1000
129350,1,1000
129377,1,1000
129441,1,1000
129515,1,1000
129516,1,1000
129650,1,1000
129690,1,1000
129692,1,1000
129699,1,1000
129739,1,1000
129793,1,1000
129814,1,1000
129820,1,1000
129846,1,1000
129848,1,1000
129880,1,1000
129888,1,1000
129922,1,1000
130040,1,1000
130070,1,1000
130105,1,1000
130122,1,1000
130294,1,1000
130307,1,1000
130356,1,1000
130373,1,1000
130448,1,1000
130478,1,1000
130486,1,1000
130501,1,1000
130673,1,1000
130761,1,1000
130807,1,1000
130918,1,1000
131001,1,1000
131019,1,1000
131031,1,1000
131245,1,1000
131312,1,1000
131320,1,1000
131357,1,1000
131357,1,1000
131393,1,1000
131410,1,1000
131430,1,1000
131430,1,1000
131437,1,1000
131515,1,1000
131556,1,1000
131564,1,1000
131622,1,1000
131630,1,1000
131688,1,1000
131709,1,1000
131747,1,1000
131811,1,1000
131885,1,1000
131918,1,1000
131962,1,1000
132042,1,1000
132093,1,1000
132097,1,1000
132114,1,1000
132144,1,1000
132228,1,1000
132252,1,1000
132273,1,1000
132273,1,1000
132371,1,1000
132374,1,1000
132420,1,1000
132478,1,1000
132483,1,1000
132506,1,1000
132534,1,1000
132553,1,1000
132555,1,1000
132581,1,1000
132588,1,1000
132618,1,1000
132674,1,1000
132685,1,1000
132769,1,1000
132770,1,1000
132771,1,1000
132822,1,1000
132852,1,1000
132863,1,1000
132886,1,1000
132892,1,1000
133061,1,1000
133066,1,1000
133132,1,1000
133201,1,1000
133256,1,1000
133284,1,1000
133296,1,1000
133376,1,1000
133392,1,1000
133432,1,1000
133433,1,1000
133454,1,1000
133462,1,1000
133467,1,1000
133472,1,1000
133479,1,1000
133497,1,1000
133641,1,1000
133688,1,1000
133748,1,1000
133749,1,1000
133758,1,1000
133772,1,1000
133831,1,1000
133844,1,1000
133887,1,1000
133907,1,1000
133979,1,1000
134075,1,1000
134086,1,1000
134135,1,1000
134144,1,1000
134211,1,1000
134298,1,1000
134323,1,1000
134327,1,1000
134358,1,1000
134426,1,1000
134440,1,1000
134498,1,1000
134551,1,1000
134578,1,1000
134639,1,1000
134719,1,1000
134763,1,1000
134782,1,1000
134801,1,1000
134802,1,1000
134832,1,1000
134833,1,1000
135059,1,1000
135122,1,1000
135160,1,1000
135173,1,1000
135187,1,1000
135195,1,1000
135266,1,1000
135292,1,1000
135319,1,1000
135341,1,1000
135463,1,1000
135470,1,1000
135507,1,1000
135535,1,1000
135592,1,1000
135742,1,1000
135945,1,1000
135960,1,1000
136039,1,1000
136168,1,1000
136213,1,1000
136233,1,1000
136239,1,1000
136247,1,1000
136267,1,1000
136335,1,1000
136443,1,1000
136553,1,1000
136596,1,1000
136680,1,1000
136788,1,1000
136820,1,1000
136859,1,1000
136864,1,1000
136889,1,1000
136911,1,1000
136936,1,1000
136936,1,1000
137044,1,1000
137058,1,1000
137078,1,1000
137140,1,1000
137148,1,1000
137157,1,1000
137162,1,1000
137177,1,1000
137184,1,1000
137289,1,1000
137328,1,1000
137409,1,1000
137430,1,1000
137441,1,1000
137448,1,1000
137471,1,1000
137481,1,1000
137497,1,1000
137698,1,1000
137912,1,1000
138094,1,1000
138135,1,1000
138144,1,1000
138175,1,1000
138310,1,1000
138313,1,1000
138421,1,1000
138426,1,1000
138441,1,1000
138463,1,1000
138544,1,1000
138561,1,1000
138576,1,1000
138618,1,1000
138717,1,1000
138724,1,1000
138808,1,1000
138837,1,1000
138940,1,1000
139044,1,1000
139098,1,1000
139158,1,1000
139162,1,1000
139166,1,1000
139227,1,1000
139262,1,1000
139292,1,1000
139309,1,1000
139312,1,1000
139359,1,1000
139368,1,1000
139374,1,1000
139388,1,1000
139403,1,1000
139441,1,1000
139501,1,1000
139524,1,1000
139565,1,1000
139622,1,1000
139701,1,1000
139771,1,1000
139824,1,1000
139885,1,1000
139919,1,1000
139919,1,1000
139936,1,1000
139941,1,1000
140010,1,1000
140087,1,1000
140111,1,1000
140275,1,1000
140307,1,1000
140322,1,1000
140424,1,1000
140469,1,1000
140475,1,1000
140558,1,1000
140611,1,1000
140646,1,1000
140657,1,1000
140690,1,1000
140709,1,1000
140801,1,1000
140850,1,1000
140852,1,1000
140867,1,1000
140903,1,1000
140928,1,1000
140943,1,1000
141096,1,1000
141320,1,1000
141327,1,1000
141396,1,1000
141439,1,1000
141445,1,1000
141453,1,1000
141459,1,1000
141466,1,1000
141489,1,1000
141509,1,1000
141583,1,1000
141642,1,1000
141691,1,1000
141699,1,1000
141717,1,1000
141760,1,1000
141760,1,1000
141946,1,1000
142008,1,1000
142029,1,1000
142086,1,1000
142191,1,1000
142248,1,1000
142265,1,1000
142324,1,1000
142344,1,1000
142352,1,1000
142442,1,1000
142533,1,1000
142607,1,1000
142610,1,1000
142667,1,1000
142754,1,1000
142775,1,1000
142822,1,1000
142871,1,1000
142907,1,1000
142973,1,1000
143075,1,1000
143088,1,1000
143137,1,1000
143187,1,1000
143218,1,1000
143220,1,1000
143230,1,1000
143267,1,1000
143417,1,1000
143421,1,1000
143496,1,1000
143528,1,1000
143558,1,1000
143564,1,1000
143704,1,1000
143727,1,1000
143784,1,1000
143787,1,1000
143800,1,1000
143804,1,1000
143914,1,1000
143919,1,1000
144063,1,1000
144100,1,1000
144148,1,1000
144192,1,1000
144193,1,1000
144197,1,1000
144218,1,1000
144222,1,1000
144246,1,1000
144268,1,1000
144282,1,1000
144289,1,1000
144359,1,1000
144387,1,1000
144397,1,1000
144412,1,1000
144522,1,1000
144605,1,1000
144656,1,1000
144667,1,1000
144672,1,1000
144707,1,1000
144742,1,1000
144752,1,1000
144766,1,1000
144837,1,1000
144863,1,1000
145049,1,1000
145067,1,1000
145095,1,1000
145129,1,1000
145156,1,1000
145156,1,1000
145212,1,1000
145304,1,1000
145400,1,1000
145435,1,1000
145498,1,1000
145502,1,1000
145564,1,1000
145633,1,1000
145655,1,1000
145680,1,1000
145761,1,1000
145814,1,1000
145821,1,1000
145826,1,1000
145833,1,1000
145838,1,1000
