1,1,1000
31,1,1000
46,1,1000
161,1,1000
237,1,1000
296,1,1000
357,1,1000
366,1,1000
450,1,1000
459,1,1000
464,1,1000
486,1,1000
488,1,1000
570,1,1000
676,1,1000
711,1,1000
722,1,1000
755,1,1000
802,1,1000
867,1,1000
872,1,1000
916,1,1000
922,1,1000
925,1,1000
928,1,1000
946,1,1000
1015,1,1000
1034,1,1000
1079,1,1000
1139,1,1000
1151,1,1000
1177,1,1000
1185,1,1000
1231,1,1000
1235,1,1000
1272,1,1000
1302,1,1000
1337,1,1000
1344,1,1000
1347,1,1000
1350,1,1000
1353,1,1000
1431,1,1000
1490,1,1000
1566,1,1000
1582,1,1000
1646,1,1000
1647,1,1000
1649,1,1000
1663,1,1000
1663,1,1000
1718,1,1000
1755,1,1000
1755,1,1000
1874,1,1000
1894,1,1000
1908,1,1000
1913,1,1000
2008,1,1000
2013,1,1000
2226,1,1000
2255,1,1000
2257,1,1000
2265,1,1000
2313,1,1000
2345,1,1000
2399,1,1000
2585,1,1000
2634,1,1000
2636,1,1000
2795,1,1000
2862,1,1000
2869,1,1000
2910,1,1000
3042,1,1000
3057,1,1000
3070,1,1000
3184,1,1000
3250,1,1000
3270,1,1000
3295,1,1000
3304,1,1000
3320,1,1000
3345,1,1000
3392,1,1000
3601,1,1000
3618,1,1000
3633,1,1000
3633,1,1000
3646,1,1000
3728,1,1000
3740,1,1000
3752,1,1000
3812,1,1000
3837,1,1000
3909,1,1000
4042,1,1000
4059,1,1000
4072,1,1000
4122,1,1000
4129,1,1000
4137,1,1000
4142,1,1000
4150,1,1000
4180,1,1000
4228,1,1000
4285,1,1000
4378,1,1000
4419,1,1000
4425,1,1000
4432,1,1000
4523,1,1000
4531,1,1000
4544,1,1000
4580,1,1000
4590,1,1000
4600,1,1000
4603,1,1000
4690,1,1000
4709,1,1000
4726,1,1000
4824,1,1000
4838,1,1000
4907,1,1000
4920,1,1000
4922,1,1000
5044,1,1000
5047,1,1000
5055,1,1000
5109,1,1000
5112,1,1000
5244,1,1000
5276,1,1000
5517,1,1000
5518,1,1000
5544,1,1000
5580,1,1000
5582,1,1000
5619,1,1000
5630,1,1000
5668,1,1000
5671,1,1000
5783,1,1000
5798,1,1000
5802,1,1000
5819,1,1000
5860,1,1000
5895,1,1000
5930,1,1000
5955,1,1000
6049,1,1000
6051,1,1000
6109,1,1000
6114,1,1000
6129,1,1000
6167,1,1000
6180,1,1000
6195,1,1000
6246,1,1000
6288,1,1000
6374,1,1000
6449,1,1000
6470,1,1000
6479,1,1000
6524,1,1000
6538,1,1000
6583,1,1000
6658,1,1000
6669,1,1000
6675,1,1000
6736,1,1000
6754,1,1000
6810,1,1000
6820,1,1000
6907,1,1000
7153,1,1000
7303,1,1000
7315,1,1000
7324,1,1000
7368,1,1000
7396,1,1000
7469,1,1000
7471,1,1000
7525,1,1000
7531,1,1000
7569,1,1000
7730,1,1000
7766,1,1000
7774,1,1000
7997,1,1000
8055,1,1000
8070,1,1000
8077,1,1000
8092,1,1000
8102,1,1000
8283,1,1000
8302,1,1000
8315,1,1000
8442,1,1000
8448,1,1000
8501,1,1000
8518,1,1000
8523,1,1000
8580,1,1000
8612,1,1000
8614,1,1000
8637,1,1000
8679,1,1000
8765,1,1000
8819,1,1000
8829,1,1000
8939,1,1000
8947,1,1000
9023,1,1000
9060,1,1000
9102,1,1000
9185,1,1000
9292,1,1000
9318,1,1000
9320,1,1000
9341,1,1000
9347,1,1000
9357,1,1000
9394,1,1000
9402,1,1000
9418,1,1000
9438,1,1000
9525,1,1000
9624,1,1000
9626,1,1000
9628,1,1000
9662,1,1000
9665,1,1000
9794,1,1000
10038,1,1000
10090,1,1000
10103,1,1000
10173,1,1000
10225,1,1000
10225,1,1000
10284,1,1000
10398,1,1000
10408,1,1000
10464,1,1000
10493,1,1000
10510,1,1000
10609,1,1000
10630,1,1000
10634,1,1000
10634,1,1000
10642,1,1000
10693,1,1000
10745,1,1000
10765,1,1000
10798,1,1000
10801,1,1000
10813,1,1000
10854,1,1000
10909,1,1000
10918,1,1000
11042,1,1000
11069,1,1000
11071,1,1000
11095,1,1000
11152,1,1000
11180,1,1000
11234,1,1000
11245,1,1000
11248,1,1000
11248,1,1000
11300,1,1000
11376,1,1000
11427,1,1000
11482,1,1000
11536,1,1000
11564,1,1000
11568,1,1000
11655,1,1000
11673,1,1000
11706,1,1000
11746,1,1000
11748,1,1000
11787,1,1000
11850,1,1000
11855,1,1000
11880,1,1000
11964,1,1000
11964,1,1000
12129,1,1000
12227,1,1000
12269,1,1000
12376,1,1000
12392,1,1000
12449,1,1000
12473,1,1000
12482,1,1000
12513,1,1000
12647,1,1000
12716,1,1000
12742,1,1000
12808,1,1000
12812,1,1000
12884,1,1000
12884,1,1000
12896,1,1000
13015,1,1000
13018,1,1000
13018,1,1000
13126,1,1000
13136,1,1000
13161,1,1000
13218,1,1000
13249,1,1000
13275,1,1000
13308,1,1000
13374,1,1000
13420,1,1000
13537,1,1000
13692,1,1000
13732,1,1000
13783,1,1000
13801,1,1000
13811,1,1000
13818,1,1000
13821,1,1000
13833,1,1000
13846,1,1000
13893,1,1000
13918,1,1000
14001,1,1000
14011,1,1000
14043,1,1000
14065,1,1000
14252,1,1000
14293,1,1000
14336,1,1000
14345,1,1000
14348,1,1000
14486,1,1000
14523,1,1000
14569,1,1000
14607,1,1000
14616,1,1000
14714,1,1000
14837,1,1000
14844,1,1000
14861,1,1000
14936,1,1000
15008,1,1000
15126,1,1000
15168,1,1000
15266,1,1000
15266,1,1000
15280,1,1000
15318,1,1000
15357,1,1000
15393,1,1000
15475,1,1000
15496,1,1000
15500,1,1000
15513,1,1000
15546,1,1000
15576,1,1000
15685,1,1000
15788,1,1000
15836,1,1000
15847,1,1000
15865,1,1000
16040,1,1000
16144,1,1000
16208,1,1000
16307,1,1000
16316,1,1000
16317,1,1000
16332,1,1000
16346,1,1000
16349,1,1000
16355,1,1000
16536,1,1000
16547,1,1000
16597,1,1000
16600,1,1000
16648,1,1000
16652,1,1000
16732,1,1000
16756,1,1000
16833,1,1000
17003,1,1000
17010,1,1000
17018,1,1000
17064,1,1000
17074,1,1000
17157,1,1000
17175,1,1000
17191,1,1000
17214,1,1000
17232,1,1000
17245,1,1000
17284,1,1000
17285,1,1000
17510,1,1000
17531,1,1000
17560,1,1000
17604,1,1000
17679,1,1000
17686,1,1000
17773,1,1000
17800,1,1000
17891,1,1000
18029,1,1000
18081,1,1000
18086,1,1000
18111,1,1000
18177,1,1000
18187,1,1000
18216,1,1000
18260,1,1000
18344,1,1000
18476,1,1000
18505,1,1000
18538,1,1000
18617,1,1000
18643,1,1000
18644,1,1000
18702,1,1000
18775,1,1000
18789,1,1000
18796,1,1000
18833,1,1000
18855,1,1000
18909,1,1000
18914,1,1000
18928,1,1000
18929,1,1000
19008,1,1000
19037,1,1000
19059,1,1000
19084,1,1000
19095,1,1000
19107,1,1000
19168,1,1000
19187,1,1000
19188,1,1000
19216,1,1000
19241,1,1000
19312,1,1000
19378,1,1000
19395,1,1000
19410,1,1000
19458,1,1000
19527,1,1000
19652,1,1000
19658,1,1000
19684,1,1000
19748,1,1000
19819,1,1000
19822,1,1000
19896,1,1000
19906,1,1000
19910,1,1000
19911,1,1000
20067,1,1000
20110,1,1000
20147,1,1000
20148,1,1000
20182,1,1000
20228,1,1000
20242,1,1000
20268,1,1000
20333,1,1000
20355,1,1000
20380,1,1000
20384,1,1000
20421,1,1000
20436,1,1000
20474,1,1000
20502,1,1000
20529,1,1000
20584,1,1000
20647,1,1000
20678,1,1000
20699,1,1000
20710,1,1000
20750,1,1000
20752,1,1000
20796,1,1000
20825,1,1000
20890,1,1000
20952,1,1000
21001,1,1000
21139,1,1000
21175,1,1000
21196,1,1000
21214,1,1000
21235,1,1000
21292,1,1000
21312,1,1000
21335,1,1000
21378,1,1000
21408,1,1000
21468,1,1000
21474,1,1000
21524,1,1000
21562,1,1000
21634,1,1000
21647,1,1000
21736,1,1000
21785,1,1000
21850,1,1000
21928,1,1000
22042,1,1000
22045,1,1000
22104,1,1000
22106,1,1000
22115,1,1000
22115,1,1000
22174,1,1000
22174,1,1000
22238,1,1000
22276,1,1000
22369,1,1000
22382,1,1000
22398,1,1000
22416,1,1000
22424,1,1000
22458,1,1000
22532,1,1000
22564,1,1000
22797,1,1000
22826,1,1000
22850,1,1000
22879,1,1000
22892,1,1000
22923,1,1000
23005,1,1000
23076,1,1000
23121,1,1000
23188,1,1000
23206,1,1000
23262,1,1000
23292,1,1000
23339,1,1000
23461,1,1000
23471,1,1000
23488,1,1000
23645,1,1000
23714,1,1000
23724,1,1000
23738,1,1000
23794,1,1000
23816,1,1000
23839,1,1000
23902,1,1000
24056,1,1000
24057,1,1000
24115,1,1000
24182,1,1000
24229,1,1000
24237,1,1000
24254,1,1000
24254,1,1000
24254,1,1000
24301,1,1000
24319,1,1000
24325,1,1000
24386,1,1000
24448,1,1000
24653,1,1000
24675,1,1000
24773,1,1000
24778,1,1000
24855,1,1000
24890,1,1000
24891,1,1000
24940,1,1000
24953,1,1000
24961,1,1000
24970,1,1000
24981,1,1000
25010,1,1000
25131,1,1000
25175,1,1000
25253,1,1000
25327,1,1000
25357,1,1000
25380,1,1000
25392,1,1000
25400,1,1000
25411,1,1000
25421,1,1000
25473,1,1000
25538,1,1000
25540,1,1000
25617,1,1000
25661,1,1000
25681,1,1000
25691,1,1000
25735,1,1000
25755,1,1000
25804,1,1000
25805,1,1000
25851,1,1000
25858,1,1000
25901,1,1000
25965,1,1000
26021,1,1000
26123,1,1000
26190,1,1000
26228,1,1000
26241,1,1000
26324,1,1000
26343,1,1000
26355,1,1000
26363,1,1000
26422,1,1000
26430,1,1000
26481,1,1000
26504,1,1000
26514,1,1000
26545,1,1000
26584,1,1000
26635,1,1000
26642,1,1000
26647,1,1000
26652,1,1000
26712,1,1000
26818,1,1000
26826,1,1000
26832,1,1000
26857,1,1000
26875,1,1000
26895,1,1000
26896,1,1000
27004,1,1000
27046,1,1000
27080,1,1000
27104,1,1000
27136,1,1000
27246,1,1000
27262,1,1000
27394,1,1000
27527,1,1000
27550,1,1000
27587,1,1000
27606,1,1000
27624,1,1000
27679,1,1000
27693,1,1000
27697,1,1000
27709,1,1000
27718,1,1000
27720,1,1000
27865,1,1000
27871,1,1000
27908,1,1000
28016,1,1000
28046,1,1000
28078,1,1000
28086,1,1000
28132,1,1000
28183,1,1000
28195,1,1000
28205,1,1000
28230,1,1000
28232,1,1000
28298,1,1000
28310,1,1000
28311,1,1000
28357,1,1000
28392,1,1000
28437,1,1000
28447,1,1000
28541,1,1000
28604,1,1000
28643,1,1000
28651,1,1000
28781,1,1000
28800,1,1000
28830,1,1000
28849,1,1000
28850,1,1000
28901,1,1000
28913,1,1000
29094,1,1000
29146,1,1000
29179,1,1000
29202,1,1000
29233,1,1000
29246,1,1000
29294,1,1000
29328,1,1000
29329,1,1000
29361,1,1000
29420,1,1000
29433,1,1000
29460,1,1000
29490,1,1000
29502,1,1000
29579,1,1000
29666,1,1000
29696,1,1000
29735,1,1000
29768,1,1000
29881,1,1000
29934,1,1000
29934,1,1000
30010,1,1000
30015,1,1000
30025,1,1000
30035,1,1000
30240,1,1000
30269,1,1000
30298,1,1000
30327,1,1000
30396,1,1000
30409,1,1000
30419,1,1000
30430,1,1000
30437,1,1000
30509,1,1000
30523,1,1000
30544,1,1000
30552,1,1000
30601,1,1000
30644,1,1000
30648,1,1000
30672,1,1000
30690,1,1000
30835,1,1000
30858,1,1000
31000,1,1000
31009,1,1000
31017,1,1000
31097,1,1000
31176,1,1000
31272,1,1000
31279,1,1000
31290,1,1000
31352,1,1000
31465,1,1000
31484,1,1000
31541,1,1000
31580,1,1000
31635,1,1000
31689,1,1000
31712,1,1000
31784,1,1000
31785,1,1000
31794,1,1000
31808,1,1000
31843,1,1000
31888,1,1000
32032,1,1000
32080,1,1000
32141,1,1000
32149,1,1000
32170,1,1000
32229,1,1000
32229,1,1000
32298,1,1000
32318,1,1000
32338,1,1000
32353,1,1000
32364,1,1000
32397,1,1000
32400,1,1000
32402,1,1000
32431,1,1000
32486,1,1000
32528,1,1000
32587,1,1000
32660,1,1000
32678,1,1000
32701,1,1000
32737,1,1000
32818,1,1000
32837,1,1000
32845,1,1000
32881,1,1000
32915,1,1000
32934,1,1000
33002,1,1000
33010,1,1000
33061,1,1000
33093,1,1000
33134,1,1000
33143,1,1000
33168,1,1000
33192,1,1000
33248,1,1000
33300,1,1000
33322,1,1000
33344,1,1000
33354,1,1000
33356,1,1000
33361,1,1000
33401,1,1000
33550,1,1000
33718,1,1000
33718,1,1000
33762,1,1000
33796,1,1000
33830,1,1000
33925,1,1000
34008,1,1000
34059,1,1000
34098,1,1000
34238,1,1000
34251,1,1000
34285,1,1000
34306,1,1000
34362,1,1000
34377,1,1000
34384,1,1000
34429,1,1000
34476,1,1000
34490,1,1000
34501,1,1000
34508,1,1000
34516,1,1000
34545,1,1000
34611,1,1000
34684,1,1000
34750,1,1000
34758,1,1000
34758,1,1000
34840,1,1000
34850,1,1000
34851,1,1000
34856,1,1000
34869,1,1000
35035,1,1000
35054,1,1000
35213,1,1000
35219,1,1000
35291,1,1000
35419,1,1000
35470,1,1000
35516,1,1000
35567,1,1000
35633,1,1000
35694,1,1000
35701,1,1000
35706,1,1000
35750,1,1000
35848,1,1000
35853,1,1000
35880,1,1000
35880,1,1000
35911,1,1000
36005,1,1000
36135,1,1000
36155,1,1000
36159,1,1000
36174,1,1000
36182,1,1000
36189,1,1000
36214,1,1000
36282,1,1000
36315,1,1000
36366,1,1000
36388,1,1000
36408,1,1000
36450,1,1000
36509,1,1000
36541,1,1000
36548,1,1000
36561,1,1000
36573,1,1000
36622,1,1000
36633,1,1000
36643,1,1000
36687,1,1000
36697,1,1000
36727,1,1000
36772,1,1000
36813,1,1000
36835,1,1000
36879,1,1000
36927,1,1000
37089,1,1000
37176,1,1000
37181,1,1000
37193,1,1000
37215,1,1000
37244,1,1000
37330,1,1000
37372,1,1000
37377,1,1000
37406,1,1000
37414,1,1000
37436,1,1000
37485,1,1000
37513,1,1000
37595,1,1000
37595,1,1000
37645,1,1000
37709,1,1000
37739,1,1000
37810,1,1000
37873,1,1000
38001,1,1000
38009,1,1000
38054,1,1000
38099,1,1000
38128,1,1000
38195,1,1000
38211,1,1000
38249,1,1000
38250,1,1000
38303,1,1000
38502,1,1000
38520,1,1000
38533,1,1000
38629,1,1000
38688,1,1000
38769,1,1000
38807,1,1000
38858,1,1000
39041,1,1000
39054,1,1000
39064,1,1000
39079,1,1000
39081,1,1000
39120,1,1000
39124,1,1000
39157,1,1000
39176,1,1000
39195,1,1000
39251,1,1000
39289,1,1000
39313,1,1000
39323,1,1000
39352,1,1000
39355,1,1000
39377,1,1000
39381,1,1000
39475,1,1000
39476,1,1000
39519,1,1000
39564,1,1000
39566,1,1000
39568,1,1000
39578,1,1000
39610,1,1000
39615,1,1000
39621,1,1000
39668,1,1000
39766,1,1000
39784,1,1000
39789,1,1000
39812,1,1000
39822,1,1000
39870,1,1000
39916,1,1000
40019,1,1000
40045,1,1000
40063,1,1000
40148,1,1000
40188,1,1000
40197,1,1000
40199,1,1000
40247,1,1000
40323,1,1000
40351,1,1000
40397,1,1000
40398,1,1000
40417,1,1000
40574,1,1000
40597,1,1000
40747,1,1000
40769,1,1000
40807,1,1000
40811,1,1000
40854,1,1000
40886,1,1000
40890,1,1000
40899,1,1000
40902,1,1000
40903,1,1000
40946,1,1000
40949,1,1000
41017,1,1000
41033,1,1000
41048,1,1000
41055,1,1000
41120,1,1000
41133,1,1000
41169,1,1000
41185,1,1000
41219,1,1000
41279,1,1000
41333,1,1000
41375,1,1000
41418,1,1000
41464,1,1000
41499,1,1000
41677,1,1000
41712,1,1000
41773,1,1000
41847,1,1000
41883,1,1000
41932,1,1000
41955,1,1000
42012,1,1000
42229,1,1000
42305,1,1000
42310,1,1000
42324,1,1000
42324,1,1000
42327,1,1000
42328,1,1000
42544,1,1000
42547,1,1000
42564,1,1000
42682,1,1000
42702,1,1000
42706,1,1000
42720,1,1000
42789,1,1000
42810,1,1000
42820,1,1000
42894,1,1000
42945,1,1000
43036,1,1000
43039,1,1000
43056,1,1000
43085,1,1000
43104,1,1000
43130,1,1000
43183,1,1000
43223,1,1000
43242,1,1000
43316,1,1000
43353,1,1000
43434,1,1000
43471,1,1000
43476,1,1000
43484,1,1000
43519,1,1000
43539,1,1000
43585,1,1000
43657,1,1000
43714,1,1000
43731,1,1000
43755,1,1000
43797,1,1000
43868,1,1000
43890,1,1000
43921,1,1000
44007,1,1000
44093,1,1000
44163,1,1000
44165,1,1000
44173,1,1000
44196,1,1000
44278,1,1000
44296,1,1000
44325,1,1000
44356,1,1000
44384,1,1000
44471,1,1000
44484,1,1000
44510,1,1000
44514,1,1000
44522,1,1000
44584,1,1000
44711,1,1000
44744,1,1000
44805,1,1000
44806,1,1000
44812,1,1000
44893,1,1000
45039,1,1000
45039,1,1000
45043,1,1000
45053,1,1000
45075,1,1000
45231,1,1000
45513,1,1000
45551,1,1000
45613,1,1000
45651,1,1000
45670,1,1000
45672,1,1000
45675,1,1000
45680,1,1000
45686,1,1000
45695,1,1000
45726,1,1000
45726,1,1000
45759,1,1000
45824,1,1000
45891,1,1000
45907,1,1000
46202,1,1000
46248,1,1000
46280,1,1000
46350,1,1000
46372,1,1000
46399,1,1000
46405,1,1000
46417,1,1000
46476,1,1000
46611,1,1000
46734,1,1000
46748,1,1000
46838,1,1000
46893,1,1000
47024,1,1000
47107,1,1000
47166,1,1000
47169,1,1000
47175,1,1000
47240,1,1000
47259,1,1000
47308,1,1000
47390,1,1000
47539,1,1000
47618,1,1000
47619,1,1000
47687,1,1000
47709,1,1000
47727,1,1000
47734,1,1000
47769,1,1000
47805,1,1000
47821,1,1000
47825,1,1000
47831,1,1000
47890,1,1000
48006,1,1000
48039,1,1000
48109,1,1000
48169,1,1000
48201,1,1000
48214,1,1000
48222,1,1000
48232,1,1000
48323,1,1000
48397,1,1000
48417,1,1000
48435,1,1000
48460,1,1000
48563,1,1000
48613,1,1000
48621,1,1000
48659,1,1000
48850,1,1000
48898,1,1000
48948,1,1000
48980,1,1000
49003,1,1000
49074,1,1000
49183,1,1000
49210,1,1000
49220,1,1000
49233,1,1000
49269,1,1000
49291,1,1000
49361,1,1000
49376,1,1000
49414,1,1000
49416,1,1000
49445,1,1000
49482,1,1000
49490,1,1000
49525,1,1000
49568,1,1000
49647,1,1000
49667,1,1000
49667,1,1000
49730,1,1000
49735,1,1000
49749,1,1000
49838,1,1000
49893,1,1000
49932,1,1000
49935,1,1000
50020,1,1000
50053,1,1000
50054,1,1000
50059,1,1000
50085,1,1000
50091,1,1000
50136,1,1000
50193,1,1000
50322,1,1000
50395,1,1000
50463,1,1000
50494,1,1000
50690,1,1000
50736,1,1000
50740,1,1000
50743,1,1000
50778,1,1000
50791,1,1000
50843,1,1000
50856,1,1000
50870,1,1000
50878,1,1000
50904,1,1000
50914,1,1000
51049,1,1000
51083,1,1000
51087,1,1000
51124,1,1000
51137,1,1000
51158,1,1000
51199,1,1000
51206,1,1000
51225,1,1000
51230,1,1000
51326,1,1000
51328,1,1000
51328,1,1000
51330,1,1000
51361,1,1000
51364,1,1000
51368,1,1000
51398,1,1000
51410,1,1000
51454,1,1000
51456,1,1000
51463,1,1000
51481,1,1000
51494,1,1000
51561,1,1000
51666,1,1000
51695,1,1000
51721,1,1000
51728,1,1000
51755,1,1000
51810,1,1000
51817,1,1000
51831,1,1000
51850,1,1000
52027,1,1000
52099,1,1000
52199,1,1000
52246,1,1000
52252,1,1000
52272,1,1000
52286,1,1000
52292,1,1000
52309,1,1000
52336,1,1000
52378,1,1000
52382,1,1000
52391,1,1000
52392,1,1000
52430,1,1000
52456,1,1000
52499,1,1000
52508,1,1000
52562,1,1000
52565,1,1000
52601,1,1000
52620,1,1000
52673,1,1000
52677,1,1000
52686,1,1000
52689,1,1000
52768,1,1000
52777,1,1000
52965,1,1000
53002,1,1000
53002,1,1000
53073,1,1000
53113,1,1000
53115,1,1000
53141,1,1000
53158,1,1000
53190,1,1000
53216,1,1000
53287,1,1000
53306,1,1000
53365,1,1000
53495,1,1000
53629,1,1000
53641,1,1000
53647,1,1000
53664,1,1000
53711,1,1000
53734,1,1000
53830,1,1000
53841,1,1000
53911,1,1000
53939,1,1000
54013,1,1000
54014,1,1000
54067,1,1000
54079,1,1000
54289,1,1000
54331,1,1000
54398,1,1000
54415,1,1000
54478,1,1000
54505,1,1000
54520,1,1000
54550,1,1000
54597,1,1000
54601,1,1000
54603,1,1000
54637,1,1000
54666,1,1000
54676,1,1000
54746,1,1000
54749,1,1000
54775,1,1000
54789,1,1000
54867,1,1000
54904,1,1000
55053,1,1000
55055,1,1000
55057,1,1000
55076,1,1000
55107,1,1000
55107,1,1000
55194,1,1000
55253,1,1000
55254,1,1000
55335,1,1000
55353,1,1000
55355,1,1000
55370,1,1000
55450,1,1000
55469,1,1000
55506,1,1000
55578,1,1000
55709,1,1000
55767,1,1000
55791,1,1000
55798,1,1000
55882,1,1000
55903,1,1000
55930,1,1000
55952,1,1000
56000,1,1000
56010,1,1000
56049,1,1000
56239,1,1000
56326,1,1000
56365,1,1000
56390,1,1000
56442,1,1000
56446,1,1000
56473,1,1000
56503,1,1000
56556,1,1000
56566,1,1000
56574,1,1000
56587,1,1000
56601,1,1000
56604,1,1000
56702,1,1000
56717,1,1000
56725,1,1000
56812,1,1000
56813,1,1000
56891,1,1000
56920,1,1000
56954,1,1000
57004,1,1000
57025,1,1000
57100,1,1000
57118,1,1000
57128,1,1000
57221,1,1000
57244,1,1000
57352,1,1000
57384,1,1000
57430,1,1000
57591,1,1000
57644,1,1000
57747,1,1000
57751,1,1000
57792,1,1000
57900,1,1000
58112,1,1000
58174,1,1000
58180,1,1000
58199,1,1000
58255,1,1000
58300,1,1000
58331,1,1000
58360,1,1000
58388,1,1000
58427,1,1000
58427,1,1000
58477,1,1000
58531,1,1000
58544,1,1000
58617,1,1000
58702,1,1000
58712,1,1000
58719,1,1000
58722,1,1000
58748,1,1000
58815,1,1000
58844,1,1000
58847,1,1000
58910,1,1000
58950,1,1000
58962,1,1000
58981,1,1000
59001,1,1000
59045,1,1000
59117,1,1000
59151,1,1000
59167,1,1000
59185,1,1000
59214,1,1000
59307,1,1000
59340,1,1000
59543,1,1000
59719,1,1000
59792,1,1000
59841,1,1000
59931,1,1000
60083,1,1000
60091,1,1000
60091,1,1000
60102,1,1000
60254,1,1000
60310,1,1000
60371,1,1000
60439,1,1000
60563,1,1000
60598,1,1000
60628,1,1000
60655,1,1000
60659,1,1000
60777,1,1000
60792,1,1000
60828,1,1000
60844,1,1000
60876,1,1000
60951,1,1000
61059,1,1000
61088,1,1000
61168,1,1000
61177,1,1000
61217,1,1000
61226,1,1000
61259,1,1000
61274,1,1000
61347,1,1000
61377,1,1000
61413,1,1000
61424,1,1000
61458,1,1000
61479,1,1000
61513,1,1000
61582,1,1000
61583,1,1000
61590,1,1000
61622,1,1000
61644,1,1000
61672,1,1000
61747,1,1000
61758,1,1000
61773,1,1000
61774,1,1000
61784,1,1000
61793,1,1000
61821,1,1000
61829,1,1000
61856,1,1000
61891,1,1000
62035,1,1000
62071,1,1000
62109,1,1000
62111,1,1000
62244,1,1000
62263,1,1000
62282,1,1000
62299,1,1000
62312,1,1000
62331,1,1000
62353,1,1000
62361,1,1000
62419,1,1000
62528,1,1000
62599,1,1000
62634,1,1000
62656,1,1000
62745,1,1000
62769,1,1000
62774,1,1000
62975,1,1000
63142,1,1000
63150,1,1000
63182,1,1000
63221,1,1000
63272,1,1000
63297,1,1000
63297,1,1000
63345,1,1000
63357,1,1000
63454,1,1000
63495,1,1000
63590,1,1000
63631,1,1000
63714,1,1000
63735,1,1000
63743,1,1000
63785,1,1000
63809,1,1000
63819,1,1000
63838,1,1000
63888,1,1000
63905,1,1000
63912,1,1000
63923,1,1000
63933,1,1000
63935,1,1000
63953,1,1000
64013,1,1000
64030,1,1000
64063,1,1000
64085,1,1000
64090,1,1000
64094,1,1000
64112,1,1000
64183,1,1000
64193,1,1000
64206,1,1000
64277,1,1000
64333,1,1000
64369,1,1000
64419,1,1000
64420,1,1000
64453,1,1000
64529,1,1000
64560,1,1000
64560,1,1000
64577,1,1000
64601,1,1000
64646,1,1000
64659,1,1000
64731,1,1000
64808,1,1000
64855,1,1000
64876,1,1000
64902,1,1000
65116,1,1000
65349,1,1000
65388,1,1000
65422,1,1000
65452,1,1000
65539,1,1000
65549,1,1000
65567,1,1000
65619,1,1000
65689,1,1000
65732,1,1000
65740,1,1000
65753,1,1000
66051,1,1000
66053,1,1000
66059,1,1000
66089,1,1000
66131,1,1000
66279,1,1000
66303,1,1000
66420,1,1000
66440,1,1000
66495,1,1000
66510,1,1000
66557,1,1000
66587,1,1000
66595,1,1000
66721,1,1000
66762,1,1000
66832,1,1000
66891,1,1000
66981,1,1000
67003,1,1000
67011,1,1000
67079,1,1000
67121,1,1000
67136,1,1000
67141,1,1000
67285,1,1000
67411,1,1000
67414,1,1000
67501,1,1000
67572,1,1000
67617,1,1000
67705,1,1000
67765,1,1000
67785,1,1000
67794,1,1000
67799,1,1000
67833,1,1000
67850,1,1000
68042,1,1000
68044,1,1000
68054,1,1000
68216,1,1000
68289,1,1000
68291,1,1000
68292,1,1000
68324,1,1000
68358,1,1000
68389,1,1000
68394,1,1000
68487,1,1000
68500,1,1000
68504,1,1000
68525,1,1000
68525,1,1000
68630,1,1000
68645,1,1000
68647,1,1000
68715,1,1000
68748,1,1000
68757,1,1000
68796,1,1000
68836,1,1000
68842,1,1000
68869,1,1000
69065,1,1000
69072,1,1000
69099,1,1000
69131,1,1000
69153,1,1000
69208,1,1000
69221,1,1000
69257,1,1000
69499,1,1000
69510,1,1000
69523,1,1000
69533,1,1000
69534,1,1000
69553,1,1000
69604,1,1000
69611,1,1000
69645,1,1000
69693,1,1000
69712,1,1000
69764,1,1000
69772,1,1000
69844,1,1000
69874,1,1000
69913,1,1000
69938,1,1000
69993,1,1000
70018,1,1000
70029,1,1000
70056,1,1000
70082,1,1000
70139,1,1000
70255,1,1000
70308,1,1000
70311,1,1000
70320,1,1000
70328,1,1000
70422,1,1000
70445,1,1000
70455,1,1000
70479,1,1000
70515,1,1000
70603,1,1000
70614,1,1000
70623,1,1000
70631,1,1000
70631,1,1000
70641,1,1000
70717,1,1000
70727,1,1000
70784,1,1000
70785,1,1000
70844,1,1000
70863,1,1000
70866,1,1000
70897,1,1000
70913,1,1000
70922,1,1000
71080,1,1000
71082,1,1000
71108,1,1000
71140,1,1000
71146,1,1000
71171,1,1000
71183,1,1000
71262,1,1000
71290,1,1000
71297,1,1000
71312,1,1000
71378,1,1000
71415,1,1000
71441,1,1000
71470,1,1000
71491,1,1000
71557,1,1000
71626,1,1000
71686,1,1000
71697,1,1000
71737,1,1000
71784,1,1000
71804,1,1000
71836,1,1000
71994,1,1000
72030,1,1000
72040,1,1000
72044,1,1000
72048,1,1000
72137,1,1000
72166,1,1000
72225,1,1000
72277,1,1000
72302,1,1000
72337,1,1000
72410,1,1000
72412,1,1000
72503,1,1000
72626,1,1000
72791,1,1000
72803,1,1000
72850,1,1000
72877,1,1000
72918,1,1000
73013,1,1000
73038,1,1000
73161,1,1000
73207,1,1000
73222,1,1000
73223,1,1000
73236,1,1000
73323,1,1000
73354,1,1000
73479,1,1000
73514,1,1000
73580,1,1000
73655,1,1000
73673,1,1000
73708,1,1000
73771,1,1000
73771,1,1000
73786,1,1000
73787,1,1000
73818,1,1000
73895,1,1000
74039,1,1000
74099,1,1000
74115,1,1000
74135,1,1000
74155,1,1000
74175,1,1000
74281,1,1000
74329,1,1000
74337,1,1000
74346,1,1000
74381,1,1000
74409,1,1000
74413,1,1000
74445,1,1000
74509,1,1000
74517,1,1000
74538,1,1000
74539,1,1000
74548,1,1000
74560,1,1000
74583,1,1000
74618,1,1000
74622,1,1000
74629,1,1000
74654,1,1000
74833,1,1000
74973,1,1000
74979,1,1000
75109,1,1000
75130,1,1000
75147,1,1000
75190,1,1000
75271,1,1000
75306,1,1000
75327,1,1000
75351,1,1000
75376,1,1000
75388,1,1000
75416,1,1000
75519,1,1000
75527,1,1000
75551,1,1000
75598,1,1000
75624,1,1000
75671,1,1000
75750,1,1000
75789,1,1000
75867,1,1000
75870,1,1000
75911,1,1000
76017,1,1000
76026,1,1000
76058,1,1000
76085,1,1000
76086,1,1000
76092,1,1000
76126,1,1000
76275,1,1000
76288,1,1000
76328,1,1000
76389,1,1000
76408,1,1000
76431,1,1000
76440,1,1000
76463,1,1000
76480,1,1000
76530,1,1000
76536,1,1000
76601,1,1000
76628,1,1000
76636,1,1000
76658,1,1000
76671,1,1000
76686,1,1000
76780,1,1000
76784,1,1000
76829,1,1000
76829,1,1000
76882,1,1000
76903,1,1000
76918,1,1000
77004,1,1000
77091,1,1000
77094,1,1000
77116,1,1000
77140,1,1000
77193,1,1000
77273,1,1000
77316,1,1000
77465,1,1000
77495,1,1000
77577,1,1000
77766,1,1000
77774,1,1000
77796,1,1000
77817,1,1000
77823,1,1000
77876,1,1000
77889,1,1000
77905,1,1000
78036,1,1000
78040,1,1000
78062,1,1000
78093,1,1000
78191,1,1000
78208,1,1000
78260,1,1000
78360,1,1000
78404,1,1000
78432,1,1000
78475,1,1000
78505,1,1000
78537,1,1000
78551,1,1000
78561,1,1000
78565,1,1000
78624,1,1000
78661,1,1000
78663,1,1000
78820,1,1000
78876,1,1000
78903,1,1000
78914,1,1000
78948,1,1000
78963,1,1000
79029,1,1000
79112,1,1000
79176,1,1000
79192,1,1000
79228,1,1000
79257,1,1000
79332,1,1000
79415,1,1000
79468,1,1000
79473,1,1000
79474,1,1000
79486,1,1000
79544,1,1000
79677,1,1000
79698,1,1000
79727,1,1000
79789,1,1000
79893,1,1000
79924,1,1000
79929,1,1000
80013,1,1000
80065,1,1000
80094,1,1000
80108,1,1000
80186,1,1000
80301,1,1000
80303,1,1000
80319,1,1000
80366,1,1000
80419,1,1000
80460,1,1000
80475,1,1000
80583,1,1000
80619,1,1000
80627,1,1000
80705,1,1000
80718,1,1000
80733,1,1000
80767,1,1000
80768,1,1000
80796,1,1000
80833,1,1000
80872,1,1000
80912,1,1000
80942,1,1000
80964,1,1000
81014,1,1000
81020,1,1000
81039,1,1000
81069,1,1000
81130,1,1000
81163,1,1000
81171,1,1000
81195,1,1000
81196,1,1000
81199,1,1000
81234,1,1000
81290,1,1000
81291,1,1000
81300,1,1000
81365,1,1000
81450,1,1000
81530,1,1000
81584,1,1000
81763,1,1000
81768,1,1000
81873,1,1000
81937,1,1000
82001,1,1000
82050,1,1000
82120,1,1000
82219,1,1000
82255,1,1000
82329,1,1000
82354,1,1000
82432,1,1000
82452,1,1000
82480,1,1000
82493,1,1000
82543,1,1000
82573,1,1000
82628,1,1000
82631,1,1000
82662,1,1000
82719,1,1000
82733,1,1000
82754,1,1000
82767,1,1000
82814,1,1000
82823,1,1000
82837,1,1000
82900,1,1000
83184,1,1000
83195,1,1000
83196,1,1000
83196,1,1000
83216,1,1000
83271,1,1000
83341,1,1000
83347,1,1000
83377,1,1000
83437,1,1000
83473,1,1000
83490,1,1000
83504,1,1000
83516,1,1000
83523,1,1000
83536,1,1000
83539,1,1000
83597,1,1000
83656,1,1000
83685,1,1000
83783,1,1000
83786,1,1000
83867,1,1000
83894,1,1000
83929,1,1000
84042,1,1000
84088,1,1000
84119,1,1000
84178,1,1000
84267,1,1000
84300,1,1000
84304,1,1000
84306,1,1000
84333,1,1000
84356,1,1000
84363,1,1000
84393,1,1000
84448,1,1000
84454,1,1000
84530,1,1000
84549,1,1000
84558,1,1000
84559,1,1000
84617,1,1000
84620,1,1000
84666,1,1000
84814,1,1000
84858,1,1000
85053,1,1000
85075,1,1000
85125,1,1000
85138,1,1000
85145,1,1000
85146,1,1000
85173,1,1000
85208,1,1000
85209,1,1000
85235,1,1000
85249,1,1000
85273,1,1000
85359,1,1000
85374,1,1000
85524,1,1000
85551,1,1000
85614,1,1000
85616,1,1000
85629,1,1000
85694,1,1000
85696,1,1000
85756,1,1000
85806,1,1000
85925,1,1000
86001,1,1000
86017,1,1000
86054,1,1000
86073,1,1000
86113,1,1000
86122,1,1000
86194,1,1000
86226,1,1000
86291,1,1000
86316,1,1000
86344,1,1000
86358,1,1000
86532,1,1000
86550,1,1000
86592,1,1000
86593,1,1000
86597,1,1000
86602,1,1000
86673,1,1000
86700,1,1000
86832,1,1000
87031,1,1000
87032,1,1000
87040,1,1000
87081,1,1000
87089,1,1000
87159,1,1000
87189,1,1000
87235,1,1000
87273,1,1000
87337,1,1000
87386,1,1000
87517,1,1000
87580,1,1000
87660,1,1000
87696,1,1000
87747,1,1000
87762,1,1000
87774,1,1000
87777,1,1000
87780,1,1000
87837,1,1000
87847,1,1000
87899,1,1000
87905,1,1000
87913,1,1000
87921,1,1000
87931,1,1000
87938,1,1000
87980,1,1000
88084,1,1000
88195,1,1000
88266,1,1000
88356,1,1000
88444,1,1000
88540,1,1000
88652,1,1000
88663,1,1000
88684,1,1000
88696,1,1000
88697,1,1000
88758,1,1000
88765,1,1000
88804,1,1000
88821,1,1000
88838,1,1000
88884,1,1000
88974,1,1000
89087,1,1000
89155,1,1000
89181,1,1000
89291,1,1000
89308,1,1000
89318,1,1000
89455,1,1000
89473,1,1000
89595,1,1000
89631,1,1000
89692,1,1000
89720,1,1000
89750,1,1000
89868,1,1000
90052,1,1000
90104,1,1000
90113,1,1000
90213,1,1000
90235,1,1000
90273,1,1000
90278,1,1000
90317,1,1000
90330,1,1000
90366,1,1000
90381,1,1000
90385,1,1000
90476,1,1000
90510,1,1000
90526,1,1000
90547,1,1000
90551,1,1000
90578,1,1000
90617,1,1000
90706,1,1000
90724,1,1000
90725,1,1000
90879,1,1000
90922,1,1000
91046,1,1000
91075,1,1000
91136,1,1000
91158,1,1000
91204,1,1000
91206,1,1000
91213,1,1000
91256,1,1000
91282,1,1000
91288,1,1000
91331,1,1000
91362,1,1000
91394,1,1000
91421,1,1000
91424,1,1000
91548,1,1000
91585,1,1000
91609,1,1000
91618,1,1000
91690,1,1000
91732,1,1000
91753,1,1000
91881,1,1000
91907,1,1000
91931,1,1000
92002,1,1000
92040,1,1000
92050,1,1000
92108,1,1000
92136,1,1000
92159,1,1000
92288,1,1000
92301,1,1000
92319,1,1000
92340,1,1000
92357,1,1000
92402,1,1000
92427,1,1000
92435,1,1000
92599,1,1000
92604,1,1000
92605,1,1000
92616,1,1000
92650,1,1000
92722,1,1000
92731,1,1000
92765,1,1000
92777,1,1000
92780,1,1000
92784,1,1000
92886,1,1000
92924,1,1000
93117,1,1000
93207,1,1000
93443,1,1000
93483,1,1000
93499,1,1000
93646,1,1000
93717,1,1000
93748,1,1000
93805,1,1000
93848,1,1000
93869,1,1000
94036,1,1000
94137,1,1000
94150,1,1000
94282,1,1000
94363,1,1000
94382,1,1000
94398,1,1000
94408,1,1000
94417,1,1000
94468,1,1000
94472,1,1000
94534,1,1000
94641,1,1000
94685,1,1000
94726,1,1000
94855,1,1000
94859,1,1000
94928,1,1000
95010,1,1000
95029,1,1000
95117,1,1000
95217,1,1000
95265,1,1000
95268,1,1000
95334,1,1000
95390,1,1000
95462,1,1000
95468,1,1000
95482,1,1000
95483,1,1000
95486,1,1000
95500,1,1000
95619,1,1000
95659,1,1000
95704,1,1000
95705,1,1000
95781,1,1000
95918,1,1000
95986,1,1000
96001,1,1000
96002,1,1000
96005,1,1000
96013,1,1000
96091,1,1000
96119,1,1000
96151,1,1000
96187,1,1000
96235,1,1000
96254,1,1000
96373,1,1000
96406,1,1000
96423,1,1000
96489,1,1000
96536,1,1000
96591,1,1000
96598,1,1000
96692,1,1000
96706,1,1000
96759,1,1000
96788,1,1000
96848,1,1000
96849,1,1000
96854,1,1000
97011,1,1000
97020,1,1000
97043,1,1000
97073,1,1000
97188,1,1000
97224,1,1000
97276,1,1000
97288,1,1000
97343,1,1000
97362,1,1000
97419,1,1000
97483,1,1000
97583,1,1000
97599,1,1000
97650,1,1000
97672,1,1000
97684,1,1000
97741,1,1000
97762,1,1000
97795,1,1000
97860,1,1000
97900,1,1000
97912,1,1000
97924,1,1000
97934,1,1000
97982,1,1000
97983,1,1000
97986,1,1000
98006,1,1000
98020,1,1000
98061,1,1000
98063,1,1000
98095,1,1000
98130,1,1000
98148,1,1000
98156,1,1000
98234,1,1000
98298,1,1000
98309,1,1000
98319,1,1000
98360,1,1000
98398,1,1000
98601,1,1000
98622,1,1000
98684,1,1000
98690,1,1000
98696,1,1000
98720,1,1000
98725,1,1000
98736,1,1000
98771,1,1000
98788,1,1000
98816,1,1000
98863,1,1000
98905,1,1000
98964,1,1000
99151,1,1000
99180,1,1000
99189,1,1000
99216,1,1000
99225,1,1000
99247,1,1000
99281,1,1000
99464,1,1000
99523,1,1000
99524,1,1000
99536,1,1000
99547,1,1000
99670,1,1000
99685,1,1000
99727,1,1000
99761,1,1000
99773,1,1000
99777,1,1000
99792,1,1000
99826,1,1000
99852,1,1000
99859,1,1000
99895,1,1000
99903,1,1000
99970,1,1000
100001,1,1000
100058,1,1000
100120,1,1000
100169,1,1000
100193,1,1000
100207,1,1000
100235,1,1000
100300,1,1000
100324,1,1000
100334,1,1000
100337,1,1000
100350,1,1000
100404,1,1000
100516,1,1000
100566,1,1000
100584,1,1000
100637,1,1000
100725,1,1000
100752,1,1000
100836,1,1000
100856,1,1000
100881,1,1000
100939,1,1000
100955,1,1000
100969,1,1000
100975,1,1000
101022,1,1000
101057,1,1000
101062,1,1000
101065,1,1000
101190,1,1000
101214,1,1000
101359,1,1000
101366,1,1000
101382,1,1000
101627,1,1000
101648,1,1000
101684,1,1000
101805,1,1000
101843,1,1000
101895,1,1000
101916,1,1000
102012,1,1000
102058,1,1000
102064,1,1000
102145,1,1000
102150,1,1000
102157,1,1000
102224,1,1000
102270,1,1000
102382,1,1000
102384,1,1000
102426,1,1000
102532,1,1000
102695,1,1000
102705,1,1000
102723,1,1000
102804,1,1000
102848,1,1000
102927,1,1000
102930,1,1000
102934,1,1000
102972,1,1000
103046,1,1000
103058,1,1000
103082,1,1000
103100,1,1000
103147,1,1000
103148,1,1000
103167,1,1000
103186,1,1000
103263,1,1000
103386,1,1000
103392,1,1000
103472,1,1000
103481,1,1000
103489,1,1000
103685,1,1000
103717,1,1000
103742,1,1000
103777,1,1000
103799,1,1000
103818,1,1000
103835,1,1000
103849,1,1000
103872,1,1000
103875,1,1000
103946,1,1000
103977,1,1000
104021,1,1000
104022,1,1000
104031,1,1000
104128,1,1000
104193,1,1000
104246,1,1000
104265,1,1000
104265,1,1000
104443,1,1000
104445,1,1000
104502,1,1000
104527,1,1000
104527,1,1000
104530,1,1000
104536,1,1000
104576,1,1000
104614,1,1000
104662,1,1000
104672,1,1000
104678,1,1000
104694,1,1000
104695,1,1000
104744,1,1000
104862,1,1000
104891,1,1000
104914,1,1000
105048,1,1000
105157,1,1000
105222,1,1000
105254,1,1000
105308,1,1000
105325,1,1000
105336,1,1000
105368,1,1000
105479,1,1000
105510,1,1000
105516,1,1000
105645,1,1000
105671,1,1000
105690,1,1000
105726,1,1000
105850,1,1000
105896,1,1000
105934,1,1000
105937,1,1000
105941,1,1000
106035,1,1000
106082,1,1000
106155,1,1000
106184,1,1000
106206,1,1000
106246,1,1000
106300,1,1000
106306,1,1000
106336,1,1000
106383,1,1000
106395,1,1000
106413,1,1000
106419,1,1000
106436,1,1000
106493,1,1000
106524,1,1000
106528,1,1000
106583,1,1000
106607,1,1000
106608,1,1000
106610,1,1000
106667,1,1000
106668,1,1000
106674,1,1000
106714,1,1000
106749,1,1000
106783,1,1000
106882,1,1000
106909,1,1000
107017,1,1000
107042,1,1000
107047,1,1000
107073,1,1000
107125,1,1000
107129,1,1000
107143,1,1000
107210,1,1000
107231,1,1000
107254,1,1000
107272,1,1000
107277,1,1000
107304,1,1000
107315,1,1000
107316,1,1000
107342,1,1000
107364,1,1000
107369,1,1000
107383,1,1000
107416,1,1000
107442,1,1000
107489,1,1000
107491,1,1000
107577,1,1000
107590,1,1000
107629,1,1000
107643,1,1000
107648,1,1000
107662,1,1000
107727,1,1000
107871,1,1000
107895,1,1000
107925,1,1000
107937,1,1000
108016,1,1000
108086,1,1000
108131,1,1000
108140,1,1000
108151,1,1000
108225,1,1000
108275,1,1000
108277,1,1000
108287,1,1000
108323,1,1000
108446,1,1000
108447,1,1000
108461,1,1000
108503,1,1000
108604,1,1000
108610,1,1000
108611,1,1000
108677,1,1000
108688,1,1000
108717,1,1000
108729,1,1000
108781,1,1000
108786,1,1000
108807,1,1000
108836,1,1000
108861,1,1000
108991,1,1000
109053,1,1000
109061,1,1000
109066,1,1000
109066,1,1000
109082,1,1000
109101,1,1000
109170,1,1000
109238,1,1000
109281,1,1000
109281,1,1000
109307,1,1000
109365,1,1000
109383,1,1000
109389,1,1000
109418,1,1000
109469,1,1000
109497,1,1000
109504,1,1000
109504,1,1000
109563,1,1000
109660,1,1000
109729,1,1000
109733,1,1000
109840,1,1000
109869,1,1000
109904,1,1000
109906,1,1000
110058,1,1000
110090,1,1000
110104,1,1000
110110,1,1000
110141,1,1000
110145,1,1000
110190,1,1000
110228,1,1000
110240,1,1000
110241,1,1000
110308,1,1000
110316,1,1000
110349,1,1000
110396,1,1000
110407,1,1000
110433,1,1000
110467,1,1000
110477,1,1000
110505,1,1000
110541,1,1000
110566,1,1000
110566,1,1000
110576,1,1000
110600,1,1000
110639,1,1000
110642,1,1000
110653,1,1000
110729,1,1000
110757,1,1000
110829,1,1000
110904,1,1000
110910,1,1000
110910,1,1000
110912,1,1000
110937,1,1000
111056,1,1000
111178,1,1000
111203,1,1000
111217,1,1000
111294,1,1000
111295,1,1000
111435,1,1000
111484,1,1000
111545,1,1000
111568,1,1000
111575,1,1000
111671,1,1000
111770,1,1000
111808,1,1000
111820,1,1000
111863,1,1000
111912,1,1000
111981,1,1000
112073,1,1000
112073,1,1000
112113,1,1000
112160,1,1000
112194,1,1000
112202,1,1000
112231,1,1000
112255,1,1000
112276,1,1000
112325,1,1000
112334,1,1000
112335,1,1000
112387,1,1000
112428,1,1000
112437,1,1000
112438,1,1000
112552,1,1000
112585,1,1000
112655,1,1000
112660,1,1000
112663,1,1000
112707,1,1000
112727,1,1000
112746,1,1000
112779,1,1000
112783,1,1000
112914,1,1000
112924,1,1000
112965,1,1000
113077,1,1000
113137,1,1000
113151,1,1000
113157,1,1000
113159,1,1000
113256,1,1000
113349,1,1000
113368,1,1000
113445,1,1000
113568,1,1000
113594,1,1000
113610,1,1000
113614,1,1000
113722,1,1000
113771,1,1000
113849,1,1000
113860,1,1000
113861,1,1000
113880,1,1000
113956,1,1000
114044,1,1000
114069,1,1000
114102,1,1000
114115,1,1000
114133,1,1000
114134,1,1000
114167,1,1000
114173,1,1000
114189,1,1000
114241,1,1000
114333,1,1000
114370,1,1000
114376,1,1000
114435,1,1000
114441,1,1000
114476,1,1000
114482,1,1000
114486,1,1000
114538,1,1000
114569,1,1000
114656,1,1000
114736,1,1000
114767,1,1000
114775,1,1000
114829,1,1000
114877,1,1000
114892,1,1000
115003,1,1000
115057,1,1000
115141,1,1000
115178,1,1000
115278,1,1000
115310,1,1000
115345,1,1000
115370,1,1000
115400,1,1000
115414,1,1000
115414,1,1000
115511,1,1000
115612,1,1000
115703,1,1000
115737,1,1000
115738,1,1000
115842,1,1000
115953,1,1000
115957,1,1000
115981,1,1000
116012,1,1000
116055,1,1000
116065,1,1000
116132,1,1000
116137,1,1000
116155,1,1000
116197,1,1000
116215,1,1000
116257,1,1000
116336,1,1000
116347,1,1000
116482,1,1000
116496,1,1000
116510,1,1000
116584,1,1000
116589,1,1000
116593,1,1000
116604,1,1000
116639,1,1000
116648,1,1000
116658,1,1000
116729,1,1000
116832,1,1000
116852,1,1000
117129,1,1000
117223,1,1000
117294,1,1000
117328,1,1000
117373,1,1000
117420,1,1000
117439,1,1000
117463,1,1000
117464,1,1000
117553,1,1000
117561,1,1000
117583,1,1000
117647,1,1000
117692,1,1000
117696,1,1000
117702,1,1000
117702,1,1000
117724,1,1000
117742,1,1000
117757,1,1000
117807,1,1000
117822,1,1000
118003,1,1000
118123,1,1000
118151,1,1000
118216,1,1000
118295,1,1000
118333,1,1000
118368,1,1000
118499,1,1000
118503,1,1000
118527,1,1000
118538,1,1000
118596,1,1000
118598,1,1000
118729,1,1000
118824,1,1000
118836,1,1000
118847,1,1000
118855,1,1000
118857,1,1000
118954,1,1000
119083,1,1000
119089,1,1000
119162,1,1000
119165,1,1000
119168,1,1000
119180,1,1000
119221,1,1000
119233,1,1000
119274,1,1000
119335,1,1000
119380,1,1000
119386,1,1000
119412,1,1000
119417,1,1000
119459,1,1000
119505,1,1000
119532,1,1000
119563,1,1000
119570,1,1000
119616,1,1000
119702,1,1000
119755,1,1000
119776,1,1000
119837,1,1000
119929,1,1000
119960,1,1000
120139,1,1000
120149,1,1000
120186,1,1000
120205,1,1000
120261,1,1000
120264,1,1000
120272,1,1000
120301,1,1000
120340,1,1000
120391,1,1000
120393,1,1000
120396,1,1000
120468,1,1000
120490,1,1000
120548,1,1000
120557,1,1000
120586,1,1000
120597,1,1000
120611,1,1000
120680,1,1000
120685,1,1000
120755,1,1000
120767,1,1000
120813,1,1000
120816,1,1000
120829,1,1000
120855,1,1000
120931,1,1000
120948,1,1000
120952,1,1000
120952,1,1000
120965,1,1000
121051,1,1000
121075,1,1000
121082,1,1000
121109,1,1000
121178,1,1000
121182,1,1000
121238,1,1000
121255,1,1000
121273,1,1000
121279,1,1000
121354,1,1000
121378,1,1000
121520,1,1000
121536,1,1000
121583,1,1000
121596,1,1000
121680,1,1000
121681,1,1000
121691,1,1000
121749,1,1000
121808,1,1000
121828,1,1000
121881,1,1000
121920,1,1000
122077,1,1000
122098,1,1000
122172,1,1000
122248,1,1000
122286,1,1000
122426,1,1000
122460,1,1000
122463,1,1000
122479,1,1000
122493,1,1000
122624,1,1000
122708,1,1000
123185,1,1000
123255,1,1000
123262,1,1000
123269,1,1000
123274,1,1000
123284,1,1000
123340,1,1000
123347,1,1000
123455,1,1000
123478,1,1000
123524,1,1000
123524,1,1000
123528,1,1000
123567,1,1000
123600,1,1000
123606,1,1000
123626,1,1000
123704,1,1000
123724,1,1000
123788,1,1000
123814,1,1000
123823,1,1000
123869,1,1000
123896,1,1000
123915,1,1000
124075,1,1000
124158,1,1000
124192,1,1000
124279,1,1000
124311,1,1000
124336,1,1000
124353,1,1000
124369,1,1000
124446,1,1000
124492,1,1000
124499,1,1000
124534,1,1000
124580,1,1000
124628,1,1000
124629,1,1000
124665,1,1000
124677,1,1000
124724,1,1000
124728,1,1000
124756,1,1000
124787,1,1000
124888,1,1000
124957,1,1000
125016,1,1000
125039,1,1000
125056,1,1000
125075,1,1000
125095,1,1000
125096,1,1000
125207,1,1000
125238,1,1000
125251,1,1000
125397,1,1000
125413,1,1000
125414,1,1000
125496,1,1000
125504,1,1000
125544,1,1000
125562,1,1000
125624,1,1000
125708,1,1000
125737,1,1000
125766,1,1000
125798,1,1000
125827,1,1000
125930,1,1000
125943,1,1000
125964,1,1000
125964,1,1000
126060,1,1000
126068,1,1000
126089,1,1000
126156,1,1000
126159,1,1000
126167,1,1000
126349,1,1000
126381,1,1000
126396,1,1000
126457,1,1000
126480,1,1000
126505,1,1000
126561,1,1000
126632,1,1000
126711,1,1000
126742,1,1000
126793,1,1000
127007,1,1000
127016,1,1000
127115,1,1000
127126,1,1000
127171,1,1000
127192,1,1000
127284,1,1000
127317,1,1000
127365,1,1000
127428,1,1000
127428,1,1000
127459,1,1000
127525,1,1000
127643,1,1000
127660,1,1000
127697,1,1000
127726,1,1000
127749,1,1000
127791,1,1000
127835,1,1000
127902,1,1000
127928,1,1000
127931,1,1000
127946,1,1000
127982,1,1000
128027,1,1000
128038,1,1000
128052,1,1000
128093,1,1000
128218,1,1000
128291,1,1000
128330,1,1000
128370,1,1000
128462,1,1000
128465,1,1000
128521,1,1000
128626,1,1000
128628,1,1000
128654,1,1000
128665,1,1000
128770,1,1000
128771,1,1000
128901,1,1000
128921,1,1000
128940,1,1000
128991,1,1000
129002,1,1000
129008,1,1000
129093,1,1000
129146,1,1000
129168,1,1000
129213,1,1000
129252,1,1000
129309,1,1000
129325,1,1000
129371,1,1000
129383,1,1000
129483,1,1000
129505,1,1000
129515,1,1000
129562,1,1000
129635,1,1000
129653,1,1000
129681,1,1000
129723,1,1000
129784,1,1000
129817,1,1000
129831,1,1000
129847,1,1000
129863,1,1000
129874,1,1000
129905,1,1000
129929,1,1000
130041,1,1000
130118,1,1000
130135,1,1000
130193,1,1000
130196,1,1000
130228,1,1000
130231,1,1000
130272,1,1000
130291,1,1000
130342,1,1000
130403,1,1000
130482,1,1000
130489,1,1000
130519,1,1000
130553,1,1000
130570,1,1000
130661,1,1000
130675,1,1000
130683,1,1000
130694,1,1000
130779,1,1000
130787,1,1000
130794,1,1000
130835,1,1000
130841,1,1000
130884,1,1000
130921,1,1000
130931,1,1000
130959,1,1000
131040,1,1000
131065,1,1000
131125,1,1000
131147,1,1000
131216,1,1000
131292,1,1000
131300,1,1000
131328,1,1000
131418,1,1000
131433,1,1000
131478,1,1000
131480,1,1000
131538,1,1000
131558,1,1000
131607,1,1000
131622,1,1000
131649,1,1000
131656,1,1000
131675,1,1000
131760,1,1000
131823,1,1000
131836,1,1000
131853,1,1000
131892,1,1000
131979,1,1000
132020,1,1000
132027,1,1000
132087,1,1000
132092,1,1000
132106,1,1000
132150,1,1000
132190,1,1000
132194,1,1000
132202,1,1000
132241,1,1000
132257,1,1000
132292,1,1000
132336,1,1000
132385,1,1000
132404,1,1000
132419,1,1000
132438,1,1000
132447,1,1000
132455,1,1000
132477,1,1000
132564,1,1000
132603,1,1000
132659,1,1000
132773,1,1000
132784,1,1000
132800,1,1000
132884,1,1000
132886,1,1000
132895,1,1000
132899,1,1000
133049,1,1000
133049,1,1000
133051,1,1000
133117,1,1000
133169,1,1000
133242,1,1000
133261,1,1000
133342,1,1000
133421,1,1000
133422,1,1000
133424,1,1000
133548,1,1000
133549,1,1000
133560,1,1000
133618,1,1000
133676,1,1000
133677,1,1000
133748,1,1000
133795,1,1000
133800,1,1000
133822,1,1000
133832,1,1000
133878,1,1000
133905,1,1000
133955,1,1000
134028,1,1000
134106,1,1000
134112,1,1000
134119,1,1000
134133,1,1000
134242,1,1000
134260,1,1000
134265,1,1000
134266,1,1000
134276,1,1000
134371,1,1000
134375,1,1000
134407,1,1000
134459,1,1000
134498,1,1000
134516,1,1000
134533,1,1000
134550,1,1000
134614,1,1000
134629,1,1000
134669,1,1000
134761,1,1000
134902,1,1000
134920,1,1000
135002,1,1000
135026,1,1000
135035,1,1000
135041,1,1000
135053,1,1000
135069,1,1000
135139,1,1000
135153,1,1000
135166,1,1000
135191,1,1000
135204,1,1000
135230,1,1000
135232,1,1000
135360,1,1000
135367,1,1000
135417,1,1000
135453,1,1000
135523,1,1000
135539,1,1000
135577,1,1000
135615,1,1000
135636,1,1000
135711,1,1000
135801,1,1000
135814,1,1000
135846,1,1000
135848,1,1000
135885,1,1000
135954,1,1000
135966,1,1000
136029,1,1000
136143,1,1000
136151,1,1000
136166,1,1000
136224,1,1000
136230,1,1000
136258,1,1000
136288,1,1000
136294,1,1000
136401,1,1000
136486,1,1000
136539,1,1000
136603,1,1000
136617,1,1000
136681,1,1000
136787,1,1000
136801,1,1000
136833,1,1000
136846,1,1000
136899,1,1000
136915,1,1000
136917,1,1000
136944,1,1000
136949,1,1000
137051,1,1000
137068,1,1000
137112,1,1000
137155,1,1000
137158,1,1000
137160,1,1000
137169,1,1000
137201,1,1000
137204,1,1000
137217,1,1000
137252,1,1000
137257,1,1000
137274,1,1000
137342,1,1000
137346,1,1000
137386,1,1000
137404,1,1000
137445,1,1000
137445,1,1000
137470,1,1000
137484,1,1000
137503,1,1000
137539,1,1000
137652,1,1000
137669,1,1000
137729,1,1000
137901,1,1000
137912,1,1000
138004,1,1000
138216,1,1000
138259,1,1000
138285,1,1000
138560,1,1000
138587,1,1000
138646,1,1000
138657,1,1000
138698,1,1000
138735,1,1000
138739,1,1000
138772,1,1000
138794,1,1000
138878,1,1000
138921,1,1000
138924,1,1000
139045,1,1000
139072,1,1000
139109,1,1000
139158,1,1000
139314,1,1000
139371,1,1000
139438,1,1000
139448,1,1000
139500,1,1000
139501,1,1000
139594,1,1000
139599,1,1000
139626,1,1000
139628,1,1000
139704,1,1000
139707,1,1000
139709,1,1000
139733,1,1000
139761,1,1000
139800,1,1000
139808,1,1000
139812,1,1000
139818,1,1000
139851,1,1000
139878,1,1000
139898,1,1000
139959,1,1000
140015,1,1000
140067,1,1000
140078,1,1000
140200,1,1000
140213,1,1000
140337,1,1000
140430,1,1000
140511,1,1000
140550,1,1000
140572,1,1000
140597,1,1000
140628,1,1000
140789,1,1000
140914,1,1000
141031,1,1000
141065,1,1000
141136,1,1000
141138,1,1000
141165,1,1000
141309,1,1000
141400,1,1000
141407,1,1000
141410,1,1000
141423,1,1000
141445,1,1000
141514,1,1000
141545,1,1000
141568,1,1000
141662,1,1000
141705,1,1000
141770,1,1000
141783,1,1000
141852,1,1000
141885,1,1000
141905,1,1000
142049,1,1000
142094,1,1000
142198,1,1000
142216,1,1000
142251,1,1000
142272,1,1000
142284,1,1000
142303,1,1000
142335,1,1000
142356,1,1000
142394,1,1000
142401,1,1000
142434,1,1000
142470,1,1000
142508,1,1000
142519,1,1000
142588,1,1000
142596,1,1000
142714,1,1000
142771,1,1000
142817,1,1000
142821,1,1000
142857,1,1000
142858,1,1000
142936,1,1000
142970,1,1000
142974,1,1000
143029,1,1000
143052,1,1000
143070,1,1000
143108,1,1000
143108,1,1000
143159,1,1000
143171,1,1000
143224,1,1000
143225,1,1000
143310,1,1000
143310,1,1000
143314,1,1000
143314,1,1000
143368,1,1000
143400,1,1000
143582,1,1000
143629,1,1000
143649,1,1000
143650,1,1000
143682,1,1000
143781,1,1000
143786,1,1000
143901,1,1000
143920,1,1000
143923,1,1000
143928,1,1000
144027,1,1000
144037,1,1000
144069,1,1000
144123,1,1000
144147,1,1000
144268,1,1000
144417,1,1000
144450,1,1000
144501,1,1000
144634,1,1000
144782,1,1000
144804,1,1000
144807,1,1000
144862,1,1000
144866,1,1000
145002,1,1000
145127,1,1000
145136,1,1000
145165,1,1000
145207,1,1000
145243,1,1000
145245,1,1000
145260,1,1000
145378,1,1000
145439,1,1000
145488,1,1000
145504,1,1000
145509,1,1000
145566,1,1000
145601,1,1000
145604,1,1000
145619,1,1000
145654,1,1000
145715,1,1000
145740,1,1000
145765,1,1000
145795,1,1000
