76,1,250
148,1,250
182,1,250
716,1,250
921,1,250
975,1,250
994,1,250
1107,1,250
1148,1,250
1263,1,250
1382,1,250
1760,1,250
1762,1,250
1895,1,250
1946,1,250
2202,1,250
2460,1,250
3080,1,250
3503,1,250
3833,1,250
4050,1,250
4309,1,250
4330,1,250
4478,1,250
4560,1,250
5090,1,250
5316,1,250
5734,1,250
5736,1,250
6009,1,250
6308,1,250
7083,1,250
7236,1,250
7358,1,250
7601,1,250
7713,1,250
7787,1,250
7818,1,250
7847,1,250
7892,1,250
7915,1,250
8251,1,250
8417,1,250
8550,1,250
8580,1,250
9280,1,250
9543,1,250
9852,1,250
9853,1,250
9883,1,250
10006,1,250
10181,1,250
10297,1,250
10377,1,250
10465,1,250
10643,1,250
11347,1,250
11716,1,250
11809,1,250
12148,1,250
12527,1,250
13310,1,250
14034,1,250
14205,1,250
14391,1,250
14560,1,250
14752,1,250
14877,1,250
15722,1,250
15791,1,250
15803,1,250
15822,1,250
16201,1,250
16322,1,250
17577,1,250
17994,1,250
18029,1,250
18096,1,250
18159,1,250
18223,1,250
18372,1,250
18577,1,250
18797,1,250
18811,1,250
18913,1,250
19280,1,250
19576,1,250
19701,1,250
19712,1,250
19742,1,250
19743,1,250
19969,1,250
19991,1,250
20447,1,250
20618,1,250
20653,1,250
20862,1,250
21584,1,250
21644,1,250
21686,1,250
22029,1,250
22177,1,250
22423,1,250
22816,1,250
22940,1,250
22976,1,250
23002,1,250
23019,1,250
23025,1,250
23038,1,250
23347,1,250
23458,1,250
23478,1,250
23881,1,250
23916,1,250
24368,1,250
24460,1,250
24951,1,250
25194,1,250
25334,1,250
25587,1,250
25898,1,250
26137,1,250
26447,1,250
26559,1,250
26693,1,250
27038,1,250
27507,1,250
27968,1,250
28048,1,250
28473,1,250
28839,1,250
29003,1,250
29067,1,250
29079,1,250
29081,1,250
29342,1,250
29426,1,250
29472,1,250
29481,1,250
29689,1,250
29698,1,250
29783,1,250
29804,1,250
30054,1,250
30104,1,250
30222,1,250
30405,1,250
30525,1,250
30632,1,250
30727,1,250
30877,1,250
31007,1,250
31072,1,250
32699,1,250
33083,1,250
33559,1,250
34759,1,250
34923,1,250
35453,1,250
37739,1,250
38572,1,250
39317,1,250
39546,1,250
39596,1,250
40009,1,250
41036,1,250
41131,1,250
41422,1,250
41777,1,250
42136,1,250
42144,1,250
42270,1,250
42405,1,250
42444,1,250
42446,1,250
42471,1,250
42514,1,250
42915,1,250
43044,1,250
43086,1,250
43132,1,250
43405,1,250
43477,1,250
43695,1,250
43777,1,250
43893,1,250
43977,1,250
44037,1,250
44077,1,250
44216,1,250
44620,1,250
44641,1,250
44791,1,250
45220,1,250
45355,1,250
45512,1,250
45517,1,250
45688,1,250
45751,1,250
46077,1,250
46213,1,250
47127,1,250
47147,1,250
47230,1,250
47401,1,250
47902,1,250
48534,1,250
48678,1,250
48685,1,250
48775,1,250
48877,1,250
49059,1,250
49201,1,250
49256,1,250
49303,1,250
49379,1,250
49460,1,250
49627,1,250
49719,1,250
49857,1,250
49919,1,250
49940,1,250
50408,1,250
50798,1,250
50881,1,250
51324,1,250
51367,1,250
51455,1,250
51582,1,250
52096,1,250
52424,1,250
52749,1,250
53023,1,250
53138,1,250
53167,1,250
53211,1,250
53561,1,250
54079,1,250
54299,1,250
54388,1,250
54394,1,250
54767,1,250
54889,1,250
55199,1,250
55260,1,250
55824,1,250
56486,1,250
56709,1,250
56724,1,250
56896,1,250
57297,1,250
57446,1,250
57546,1,250
57651,1,250
57805,1,250
58045,1,250
58143,1,250
58310,1,250
58659,1,250
58731,1,250
59095,1,250
59215,1,250
59235,1,250
59265,1,250
59282,1,250
59517,1,250
59638,1,250
59688,1,250
60075,1,250
60170,1,250
60253,1,250
60403,1,250
60435,1,250
60655,1,250
60742,1,250
60873,1,250
61353,1,250
62250,1,250
62278,1,250
62613,1,250
63533,1,250
63540,1,250
63590,1,250
63771,1,250
64053,1,250
64092,1,250
64182,1,250
64474,1,250
64583,1,250
65423,1,250
65452,1,250
66026,1,250
66167,1,250
66241,1,250
66253,1,250
66315,1,250
66436,1,250
66461,1,250
66476,1,250
66518,1,250
66558,1,250
66603,1,250
66634,1,250
66755,1,250
67023,1,250
67044,1,250
67071,1,250
67112,1,250
67118,1,250
67158,1,250
67160,1,250
67269,1,250
67362,1,250
67485,1,250
67612,1,250
67736,1,250
67769,1,250
67811,1,250
67900,1,250
67969,1,250
67980,1,250
68123,1,250
68142,1,250
68193,1,250
68411,1,250
68651,1,250
68730,1,250
69015,1,250
69026,1,250
69029,1,250
69083,1,250
69243,1,250
69373,1,250
69520,1,250
69547,1,250
69549,1,250
69598,1,250
69684,1,250
69703,1,250
69710,1,250
69940,1,250
70363,1,250
70478,1,250
70494,1,250
70561,1,250
70626,1,250
70717,1,250
71280,1,250
71472,1,250
71625,1,250
71676,1,250
72506,1,250
72762,1,250
72821,1,250
73115,1,250
73201,1,250
73241,1,250
73367,1,250
73400,1,250
73423,1,250
73486,1,250
73710,1,250
73955,1,250
74006,1,250
74247,1,250
74327,1,250
74415,1,250
74609,1,250
75220,1,250
75358,1,250
75476,1,250
75542,1,250
75577,1,250
76240,1,250
76373,1,250
76846,1,250
77020,1,250
77034,1,250
77128,1,250
77492,1,250
77517,1,250
77529,1,250
77576,1,250
77595,1,250
77684,1,250
77696,1,250
78023,1,250
78310,1,250
78448,1,250
78674,1,250
78728,1,250
78890,1,250
78906,1,250
79006,1,250
79059,1,250
79214,1,250
79324,1,250
79329,1,250
79390,1,250
79436,1,250
79525,1,250
79820,1,250
80040,1,250
80171,1,250
80497,1,250
80504,1,250
80518,1,250
80549,1,250
80850,1,250
81011,1,250
81255,1,250
81537,1,250
81909,1,250
81944,1,250
82160,1,250
82164,1,250
82405,1,250
82763,1,250
82843,1,250
83054,1,250
83180,1,250
83265,1,250
83273,1,250
83421,1,250
83443,1,250
83522,1,250
84200,1,250
84346,1,250
84480,1,250
84511,1,250
84614,1,250
84622,1,250
85232,1,250
85521,1,250
85576,1,250
85783,1,250
85821,1,250
86307,1,250
86446,1,250
86593,1,250
86788,1,250
86961,1,250
87008,1,250
87217,1,250
87227,1,250
87252,1,250
87363,1,250
87416,1,250
87431,1,250
87620,1,250
87640,1,250
87649,1,250
87667,1,250
87924,1,250
88100,1,250
88476,1,250
88515,1,250
88645,1,250
88684,1,250
88719,1,250
88750,1,250
88977,1,250
89003,1,250
89086,1,250
89278,1,250
89483,1,250
89493,1,250
89532,1,250
89577,1,250
89589,1,250
89837,1,250
90016,1,250
90028,1,250
90035,1,250
90044,1,250
90082,1,250
90089,1,250
90132,1,250
90170,1,250
90177,1,250
90199,1,250
90509,1,250
90551,1,250
90618,1,250
90653,1,250
90670,1,250
90686,1,250
90698,1,250
90700,1,250
90703,1,250
90798,1,250
90844,1,250
90847,1,250
91010,1,250
91019,1,250
91140,1,250
91269,1,250
91470,1,250
91511,1,250
91579,1,250
91599,1,250
91626,1,250
91626,1,250
91670,1,250
91695,1,250
91717,1,250
91738,1,250
91799,1,250
91837,1,250
91874,1,250
91916,1,250
91964,1,250
91974,1,250
92036,1,250
92040,1,250
92048,1,250
92060,1,250
92090,1,250
92134,1,250
92152,1,250
92153,1,250
92218,1,250
92293,1,250
92376,1,250
92564,1,250
92595,1,250
92669,1,250
92682,1,250
92699,1,250
92702,1,250
93001,1,250
93027,1,250
93042,1,250
93126,1,250
93241,1,250
93483,1,250
93538,1,250
93685,1,250
93713,1,250
93740,1,250
93833,1,250
93883,1,250
93914,1,250
94074,1,250
94119,1,250
94240,1,250
94380,1,250
94444,1,250
94444,1,250
94473,1,250
94492,1,250
94513,1,250
94572,1,250
94621,1,250
94692,1,250
94742,1,250
94752,1,250
94833,1,250
94913,1,250
95004,1,250
95049,1,250
95126,1,250
95133,1,250
95616,1,250
95670,1,250
95747,1,250
95768,1,250
95897,1,250
96013,1,250
96082,1,250
96157,1,250
96290,1,250
96327,1,250
96364,1,250
96429,1,250
96563,1,250
96613,1,250
96737,1,250
96783,1,250
96874,1,250
96890,1,250
96966,1,250
97086,1,250
97141,1,250
97351,1,250
97419,1,250
97422,1,250
97480,1,250
97576,1,250
97865,1,250
97868,1,250
97922,1,250
97995,1,250
98212,1,250
98391,1,250
98410,1,250
98506,1,250
98713,1,250
98790,1,250
98829,1,250
98856,1,250
98874,1,250
98958,1,250
99008,1,250
99052,1,250
99069,1,250
99429,1,250
99437,1,250
99460,1,250
99683,1,250
99810,1,250
99884,1,250
99939,1,250
99978,1,250
100006,1,250
100029,1,250
100078,1,250
100101,1,250
100109,1,250
100170,1,250
100236,1,250
100245,1,250
100314,1,250
100397,1,250
100408,1,250
100422,1,250
100515,1,250
100529,1,250
100565,1,250
100581,1,250
100595,1,250
100614,1,250
100760,1,250
100792,1,250
100795,1,250
100877,1,250
101019,1,250
101019,1,250
101019,1,250
101042,1,250
101141,1,250
101271,1,250
101321,1,250
101336,1,250
101398,1,250
101399,1,250
101408,1,250
101457,1,250
101511,1,250
101519,1,250
101569,1,250
101847,1,250
102072,1,250
102113,1,250
102215,1,250
102368,1,250
102436,1,250
102460,1,250
102597,1,250
102633,1,250
102635,1,250
102779,1,250
103123,1,250
103140,1,250
103153,1,250
103202,1,250
103227,1,250
103238,1,250
103301,1,250
103368,1,250
103439,1,250
103626,1,250
103809,1,250
103894,1,250
104133,1,250
104166,1,250
104516,1,250
104641,1,250
104672,1,250
104682,1,250
104703,1,250
104814,1,250
104916,1,250
105087,1,250
105339,1,250
105396,1,250
105415,1,250
105582,1,250
105588,1,250
105595,1,250
105629,1,250
105722,1,250
105807,1,250
105974,1,250
106070,1,250
106090,1,250
106283,1,250
106337,1,250
106411,1,250
106464,1,250
106535,1,250
106954,1,250
107031,1,250
107052,1,250
107060,1,250
107315,1,250
107422,1,250
107477,1,250
107522,1,250
107535,1,250
107616,1,250
107712,1,250
107810,1,250
107859,1,250
107916,1,250
107928,1,250
108062,1,250
108180,1,250
108255,1,250
108399,1,250
108467,1,250
108491,1,250
108512,1,250
108856,1,250
109002,1,250
109008,1,250
109121,1,250
109197,1,250
109228,1,250
109355,1,250
109478,1,250
109503,1,250
109575,1,250
109963,1,250
110026,1,250
110122,1,250
110150,1,250
110257,1,250
110339,1,250
110377,1,250
110401,1,250
110458,1,250
110606,1,250
110642,1,250
110753,1,250
111119,1,250
111122,1,250
111375,1,250
111456,1,250
111540,1,250
111641,1,250
111698,1,250
111859,1,250
112016,1,250
112144,1,250
112150,1,250
112224,1,250
112405,1,250
112572,1,250
112703,1,250
112726,1,250
112730,1,250
112990,1,250
113072,1,250
113146,1,250
113168,1,250
113314,1,250
113337,1,250
113393,1,250
113411,1,250
113478,1,250
113598,1,250
113647,1,250
113761,1,250
113883,1,250
113889,1,250
113902,1,250
114002,1,250
114014,1,250
114079,1,250
114082,1,250
114085,1,250
114157,1,250
114175,1,250
114251,1,250
114303,1,250
114333,1,250
114425,1,250
114436,1,250
114501,1,250
114503,1,250
114524,1,250
114581,1,250
114586,1,250
114668,1,250
114706,1,250
114789,1,250
114792,1,250
114857,1,250
114948,1,250
114955,1,250
115025,1,250
115052,1,250
115052,1,250
115083,1,250
115088,1,250
115160,1,250
115175,1,250
115246,1,250
115354,1,250
115398,1,250
115410,1,250
115480,1,250
115527,1,250
115543,1,250
115547,1,250
115584,1,250
115600,1,250
115655,1,250
115769,1,250
115812,1,250
115915,1,250
116025,1,250
116048,1,250
116115,1,250
116160,1,250
116186,1,250
116195,1,250
116234,1,250
116280,1,250
116344,1,250
116380,1,250
116461,1,250
116481,1,250
116484,1,250
116665,1,250
116704,1,250
116731,1,250
116741,1,250
116769,1,250
116812,1,250
116822,1,250
116836,1,250
116846,1,250
116865,1,250
116891,1,250
117027,1,250
117094,1,250
117300,1,250
117342,1,250
117485,1,250
117504,1,250
117530,1,250
117629,1,250
117724,1,250
117771,1,250
117781,1,250
117796,1,250
117816,1,250
117836,1,250
117875,1,250
117884,1,250
117893,1,250
118048,1,250
118093,1,250
118191,1,250
118216,1,250
118223,1,250
118268,1,250
118281,1,250
118486,1,250
118687,1,250
118778,1,250
118831,1,250
118858,1,250
118860,1,250
118877,1,250
118881,1,250
118914,1,250
119044,1,250
119063,1,250
119092,1,250
119118,1,250
119203,1,250
119264,1,250
119440,1,250
119446,1,250
119446,1,250
119454,1,250
119550,1,250
119551,1,250
119576,1,250
119710,1,250
119886,1,250
119988,1,250
119991,1,250
120101,1,250
120120,1,250
120182,1,250
120190,1,250
120277,1,250
120324,1,250
120577,1,250
120603,1,250
120620,1,250
120629,1,250
120670,1,250
120742,1,250
121162,1,250
121210,1,250
121223,1,250
121224,1,250
121300,1,250
121569,1,250
121707,1,250
121793,1,250
121911,1,250
122060,1,250
122349,1,250
122426,1,250
122430,1,250
122461,1,250
122493,1,250
122510,1,250
122621,1,250
122664,1,250
122773,1,250
122989,1,250
123011,1,250
123119,1,250
123313,1,250
123408,1,250
123493,1,250
123583,1,250
123676,1,250
123822,1,250
123936,1,250
123936,1,250
124007,1,250
124007,1,250
124059,1,250
124105,1,250
124109,1,250
124167,1,250
124210,1,250
124249,1,250
124305,1,250
124358,1,250
124446,1,250
124814,1,250
124932,1,250
124982,1,250
125002,1,250
125006,1,250
125009,1,250
125044,1,250
125122,1,250
125193,1,250
125292,1,250
125333,1,250
125346,1,250
125463,1,250
125469,1,250
125473,1,250
125481,1,250
125598,1,250
125600,1,250
125629,1,250
125664,1,250
125767,1,250
125792,1,250
126171,1,250
126239,1,250
126286,1,250
126304,1,250
126312,1,250
126399,1,250
126442,1,250
126466,1,250
126738,1,250
126747,1,250
127027,1,250
127053,1,250
127187,1,250
127200,1,250
127252,1,250
127259,1,250
127327,1,250
127363,1,250
127434,1,250
127479,1,250
127618,1,250
127781,1,250
127942,1,250
127997,1,250
128056,1,250
128068,1,250
128111,1,250
128168,1,250
128179,1,250
128195,1,250
128251,1,250
128273,1,250
128285,1,250
128358,1,250
128362,1,250
128380,1,250
128407,1,250
128613,1,250
128637,1,250
128685,1,250
128689,1,250
128791,1,250
128894,1,250
128907,1,250
129042,1,250
129137,1,250
129156,1,250
129171,1,250
129334,1,250
129339,1,250
129356,1,250
129444,1,250
129449,1,250
129500,1,250
129519,1,250
129532,1,250
129593,1,250
129712,1,250
129712,1,250
129810,1,250
129887,1,250
129940,1,250
129970,1,250
130066,1,250
130115,1,250
130180,1,250
130297,1,250
130374,1,250
130386,1,250
130422,1,250
130441,1,250
130573,1,250
130620,1,250
130716,1,250
130719,1,250
130851,1,250
130892,1,250
130975,1,250
130982,1,250
131023,1,250
131083,1,250
131175,1,250
131247,1,250
131276,1,250
131293,1,250
131328,1,250
131343,1,250
131362,1,250
131403,1,250
131430,1,250
131549,1,250
131689,1,250
131744,1,250
131791,1,250
131842,1,250
131896,1,250
131978,1,250
132027,1,250
132142,1,250
132178,1,250
132203,1,250
132210,1,250
132225,1,250
132377,1,250
132404,1,250
132463,1,250
132547,1,250
132560,1,250
132624,1,250
132694,1,250
132718,1,250
132762,1,250
132775,1,250
132812,1,250
132941,1,250
132949,1,250
133016,1,250
133039,1,250
133072,1,250
133159,1,250
133209,1,250
133302,1,250
133333,1,250
133380,1,250
133628,1,250
133691,1,250
133696,1,250
133709,1,250
133718,1,250
133777,1,250
133789,1,250
133852,1,250
133894,1,250
133909,1,250
134002,1,250
134003,1,250
134010,1,250
134011,1,250
134024,1,250
134172,1,250
134358,1,250
134396,1,250
134448,1,250
134524,1,250
134530,1,250
134568,1,250
134608,1,250
134620,1,250
134631,1,250
134647,1,250
134743,1,250
134751,1,250
134787,1,250
134817,1,250
134848,1,250
135045,1,250
135110,1,250
135410,1,250
135443,1,250
135458,1,250
135649,1,250
135654,1,250
135677,1,250
135693,1,250
135757,1,250
136100,1,250
136222,1,250
136292,1,250
136328,1,250
136342,1,250
136365,1,250
136389,1,250
136437,1,250
136445,1,250
136503,1,250
136562,1,250
136628,1,250
136721,1,250
136752,1,250
136791,1,250
136793,1,250
136851,1,250
136901,1,250
137005,1,250
137059,1,250
137124,1,250
137164,1,250
137193,1,250
137290,1,250
137351,1,250
137380,1,250
137442,1,250
137457,1,250
137475,1,250
137555,1,250
137618,1,250
137620,1,250
137675,1,250
137680,1,250
137689,1,250
137739,1,250
137828,1,250
137909,1,250
137913,1,250
137914,1,250
137926,1,250
138042,1,250
138074,1,250
138166,1,250
138199,1,250
138234,1,250
138258,1,250
138270,1,250
138391,1,250
138400,1,250
138465,1,250
138466,1,250
138490,1,250
138505,1,250
138525,1,250
138536,1,250
138551,1,250
138552,1,250
138587,1,250
138595,1,250
138621,1,250
138637,1,250
138718,1,250
138726,1,250
138811,1,250
138851,1,250
138879,1,250
138896,1,250
138920,1,250
138926,1,250
138932,1,250
138949,1,250
139055,1,250
139105,1,250
139111,1,250
139169,1,250
139170,1,250
139178,1,250
139184,1,250
139222,1,250
139268,1,250
139286,1,250
139315,1,250
139345,1,250
139364,1,250
139367,1,250
139410,1,250
139475,1,250
139481,1,250
139500,1,250
139536,1,250
139540,1,250
139585,1,250
139590,1,250
139633,1,250
139705,1,250
139757,1,250
139787,1,250
139879,1,250
139940,1,250
139942,1,250
139944,1,250
140012,1,250
140077,1,250
140202,1,250
140277,1,250
140346,1,250
140393,1,250
140423,1,250
140454,1,250
140480,1,250
140564,1,250
140648,1,250
140656,1,250
140816,1,250
140871,1,250
140960,1,250
141007,1,250
141083,1,250
141137,1,250
141246,1,250
141305,1,250
141373,1,250
141380,1,250
141407,1,250
141457,1,250
141471,1,250
141572,1,250
141598,1,250
141676,1,250
141678,1,250
141699,1,250
141738,1,250
141749,1,250
141800,1,250
141857,1,250
142037,1,250
142060,1,250
142063,1,250
142070,1,250
142168,1,250
142178,1,250
142233,1,250
142247,1,250
142251,1,250
142333,1,250
142355,1,250
142378,1,250
142412,1,250
142421,1,250
142435,1,250
142652,1,250
142669,1,250
142685,1,250
142692,1,250
142855,1,250
142861,1,250
142931,1,250
143050,1,250
143300,1,250
143312,1,250
143328,1,250
143409,1,250
143423,1,250
143486,1,250
143494,1,250
143524,1,250
143711,1,250
143737,1,250
143780,1,250
143798,1,250
143813,1,250
143835,1,250
143867,1,250
143885,1,250
143934,1,250
143934,1,250
144015,1,250
144049,1,250
144086,1,250
144092,1,250
144168,1,250
144195,1,250
144227,1,250
144296,1,250
144306,1,250
144352,1,250
144368,1,250
144404,1,250
144405,1,250
144433,1,250
144445,1,250
144461,1,250
144465,1,250
144701,1,250
144719,1,250
144764,1,250
144768,1,250
144784,1,250
144791,1,250
144809,1,250
144811,1,250
144812,1,250
144877,1,250
144965,1,250
144977,1,250
145004,1,250
145040,1,250
145055,1,250
145152,1,250
145180,1,250
145244,1,250
145259,1,250
145275,1,250
145306,1,250
145349,1,250
145507,1,250
145507,1,250
145514,1,250
145570,1,250
145651,1,250
145666,1,250
145714,1,250
145740,1,250
145789,1,250
145857,1,250
145907,1,250
145949,1,250
145977,1,250
146009,1,250
146071,1,250
146082,1,250
146137,1,250
146225,1,250
146254,1,250
146308,1,250
146352,1,250
146481,1,250
146609,1,250
146686,1,250
146732,1,250
146734,1,250
146766,1,250
146803,1,250
146846,1,250
146956,1,250
146959,1,250
147008,1,250
147102,1,250
147173,1,250
147237,1,250
147260,1,250
147292,1,250
147298,1,250
147338,1,250
147372,1,250
147391,1,250
147433,1,250
147441,1,250
147536,1,250
147547,1,250
147597,1,250
147636,1,250
147644,1,250
147644,1,250
147794,1,250
147866,1,250
148067,1,250
148104,1,250
148133,1,250
148148,1,250
148209,1,250
148236,1,250
148332,1,250
148391,1,250
148433,1,250
148539,1,250
148556,1,250
148617,1,250
148663,1,250
148695,1,250
148704,1,250
148819,1,250
148856,1,250
148871,1,250
149097,1,250
149100,1,250
149108,1,250
149121,1,250
149233,1,250
149246,1,250
149315,1,250
149370,1,250
149488,1,250
149551,1,250
149561,1,250
149610,1,250
149640,1,250
149646,1,250
149684,1,250
149698,1,250
149725,1,250
149735,1,250
149753,1,250
149771,1,250
149786,1,250
149797,1,250
149803,1,250
149875,1,250
149909,1,250
149933,1,250
149952,1,250
149994,1,250
150003,1,250
150028,1,250
150052,1,250
150090,1,250
150188,1,250
150198,1,250
150212,1,250
150215,1,250
150267,1,250
150281,1,250
150286,1,250
150314,1,250
150452,1,250
150461,1,250
150463,1,250
150495,1,250
150497,1,250
150520,1,250
150597,1,250
150629,1,250
150647,1,250
150756,1,250
150815,1,250
150877,1,250
150902,1,250
150908,1,250
150938,1,250
150948,1,250
151066,1,250
151100,1,250
151107,1,250
151120,1,250
151194,1,250
151283,1,250
151307,1,250
151343,1,250
151406,1,250
151494,1,250
151525,1,250
151527,1,250
151545,1,250
151586,1,250
151666,1,250
151709,1,250
151746,1,250
151764,1,250
151776,1,250
151784,1,250
151794,1,250
151829,1,250
151836,1,250
151862,1,250
151862,1,250
151898,1,250
151972,1,250
152026,1,250
152059,1,250
152063,1,250
152064,1,250
152114,1,250
152114,1,250
152123,1,250
152180,1,250
152188,1,250
152216,1,250
152231,1,250
152240,1,250
152257,1,250
152263,1,250
152303,1,250
152341,1,250
152342,1,250
152362,1,250
152419,1,250
152453,1,250
152459,1,250
152508,1,250
152536,1,250
152607,1,250
152709,1,250
152726,1,250
152736,1,250
152882,1,250
152892,1,250
153004,1,250
153026,1,250
153078,1,250
153088,1,250
153098,1,250
153115,1,250
153129,1,250
153131,1,250
153155,1,250
153178,1,250
153182,1,250
153184,1,250
153204,1,250
153417,1,250
153427,1,250
153452,1,250
153602,1,250
153625,1,250
153627,1,250
153773,1,250
153828,1,250
153929,1,250
154004,1,250
154052,1,250
154150,1,250
154228,1,250
154282,1,250
154361,1,250
154411,1,250
154452,1,250
154457,1,250
154465,1,250
154485,1,250
154550,1,250
154621,1,250
154646,1,250
154698,1,250
154723,1,250
154728,1,250
154785,1,250
154859,1,250
154955,1,250
155027,1,250
155031,1,250
155065,1,250
155078,1,250
155094,1,250
155118,1,250
155327,1,250
155347,1,250
155393,1,250
155410,1,250
155424,1,250
155467,1,250
155520,1,250
155546,1,250
155662,1,250
155871,1,250
155917,1,250
155985,1,250
156002,1,250
156073,1,250
156132,1,250
156172,1,250
156335,1,250
156353,1,250
156396,1,250
156406,1,250
156411,1,250
156472,1,250
156521,1,250
156635,1,250
156763,1,250
156769,1,250
156773,1,250
156780,1,250
156784,1,250
156812,1,250
156919,1,250
156965,1,250
157038,1,250
157038,1,250
157163,1,250
157245,1,250
157269,1,250
157325,1,250
157328,1,250
157365,1,250
157391,1,250
157450,1,250
157480,1,250
157571,1,250
157659,1,250
157732,1,250
157756,1,250
157793,1,250
157815,1,250
157911,1,250
157931,1,250
157939,1,250
158028,1,250
158028,1,250
158035,1,250
158053,1,250
158059,1,250
158109,1,250
158118,1,250
158151,1,250
158166,1,250
158201,1,250
158239,1,250
158249,1,250
158268,1,250
158318,1,250
158444,1,250
158464,1,250
158494,1,250
158501,1,250
158532,1,250
158543,1,250
158668,1,250
158679,1,250
158693,1,250
158751,1,250
158761,1,250
158789,1,250
158874,1,250
158886,1,250
158910,1,250
158913,1,250
158942,1,250
159012,1,250
159075,1,250
159086,1,250
159110,1,250
159166,1,250
159261,1,250
159282,1,250
159446,1,250
159462,1,250
159505,1,250
159536,1,250
159537,1,250
159584,1,250
159612,1,250
159645,1,250
159739,1,250
159754,1,250
159759,1,250
159921,1,250
159936,1,250
159983,1,250
159990,1,250
160001,1,250
160003,1,250
160005,1,250
160008,1,250
160014,1,250
160020,1,250
160039,1,250
160059,1,250
160061,1,250
160142,1,250
160208,1,250
160231,1,250
160342,1,250
160392,1,250
160431,1,250
160442,1,250
160519,1,250
160624,1,250
160634,1,250
160708,1,250
160729,1,250
160744,1,250
160748,1,250
160778,1,250
160778,1,250
160926,1,250
160954,1,250
160963,1,250
161062,1,250
161112,1,250
161130,1,250
161149,1,250
161155,1,250
161239,1,250
161244,1,250
161247,1,250
161267,1,250
161329,1,250
161403,1,250
161404,1,250
161481,1,250
161510,1,250
161513,1,250
161547,1,250
161564,1,250
161631,1,250
161638,1,250
161654,1,250
161671,1,250
161708,1,250
161713,1,250
161789,1,250
161885,1,250
161899,1,250
161924,1,250
161941,1,250
162002,1,250
162031,1,250
162031,1,250
162035,1,250
162095,1,250
162097,1,250
162121,1,250
162134,1,250
162148,1,250
162151,1,250
162194,1,250
162248,1,250
162280,1,250
162293,1,250
162302,1,250
162343,1,250
162353,1,250
162377,1,250
162390,1,250
162418,1,250
162431,1,250
162442,1,250
162448,1,250
162451,1,250
162519,1,250
162616,1,250
162646,1,250
162654,1,250
162692,1,250
162732,1,250
162754,1,250
162808,1,250
162814,1,250
162833,1,250
162876,1,250
162936,1,250
163011,1,250
163074,1,250
163101,1,250
163170,1,250
163176,1,250
163180,1,250
163211,1,250
163232,1,250
163242,1,250
163320,1,250
163330,1,250
163332,1,250
163333,1,250
163458,1,250
163505,1,250
163506,1,250
163561,1,250
163611,1,250
163616,1,250
163625,1,250
163722,1,250
163792,1,250
163798,1,250
163838,1,250
163866,1,250
163915,1,250
163936,1,250
163999,1,250
164013,1,250
164062,1,250
164124,1,250
164164,1,250
164180,1,250
164188,1,250
164207,1,250
164221,1,250
164227,1,250
164241,1,250
164263,1,250
164284,1,250
164284,1,250
164317,1,250
164384,1,250
164448,1,250
164471,1,250
164505,1,250
164550,1,250
164572,1,250
164701,1,250
164705,1,250
164772,1,250
164788,1,250
164852,1,250
164931,1,250
164954,1,250
165022,1,250
165024,1,250
165042,1,250
165043,1,250
165044,1,250
165098,1,250
165224,1,250
165290,1,250
165291,1,250
165350,1,250
165363,1,250
165444,1,250
165457,1,250
165475,1,250
165498,1,250
165502,1,250
165513,1,250
165541,1,250
165553,1,250
165617,1,250
165703,1,250
165710,1,250
165742,1,250
165754,1,250
165775,1,250
165779,1,250
166026,1,250
166055,1,250
166075,1,250
166076,1,250
166098,1,250
166108,1,250
166135,1,250
166144,1,250
166145,1,250
166156,1,250
166193,1,250
166279,1,250
166362,1,250
166380,1,250
166461,1,250
166477,1,250
166492,1,250
166558,1,250
166615,1,250
166701,1,250
166753,1,250
166764,1,250
166764,1,250
166796,1,250
166796,1,250
166873,1,250
166877,1,250
166902,1,250
166906,1,250
166907,1,250
167086,1,250
167100,1,250
167158,1,250
167201,1,250
167223,1,250
167337,1,250
167381,1,250
167405,1,250
167457,1,250
167472,1,250
167475,1,250
167546,1,250
167607,1,250
167613,1,250
167615,1,250
167684,1,250
167684,1,250
167707,1,250
167720,1,250
167725,1,250
167736,1,250
167774,1,250
167785,1,250
167846,1,250
167858,1,250
168155,1,250
168171,1,250
168315,1,250
168368,1,250
168453,1,250
168458,1,250
168504,1,250
168567,1,250
168591,1,250
168613,1,250
168668,1,250
168670,1,250
168690,1,250
168703,1,250
168745,1,250
168814,1,250
168848,1,250
168911,1,250
168929,1,250
168946,1,250
168972,1,250
169020,1,250
169051,1,250
169070,1,250
169119,1,250
169130,1,250
169155,1,250
169165,1,250
169203,1,250
169228,1,250
169257,1,250
169282,1,250
169304,1,250
169318,1,250
169337,1,250
169412,1,250
169441,1,250
169448,1,250
169521,1,250
169524,1,250
169536,1,250
169593,1,250
169649,1,250
169726,1,250
169765,1,250
169778,1,250
169784,1,250
169793,1,250
169829,1,250
169851,1,250
169857,1,250
169861,1,250
169866,1,250
169869,1,250
169896,1,250
170003,1,250
170094,1,250
170129,1,250
170167,1,250
170182,1,250
170201,1,250
170211,1,250
170260,1,250
170319,1,250
170333,1,250
170375,1,250
170386,1,250
170461,1,250
170473,1,250
170538,1,250
170574,1,250
170601,1,250
170696,1,250
170704,1,250
170704,1,250
170769,1,250
170793,1,250
170819,1,250
170873,1,250
170877,1,250
170899,1,250
170902,1,250
171003,1,250
171053,1,250
171070,1,250
171084,1,250
171120,1,250
171125,1,250
171208,1,250
171241,1,250
171390,1,250
171434,1,250
171509,1,250
171604,1,250
171650,1,250
171727,1,250
171749,1,250
171819,1,250
171887,1,250
171896,1,250
171923,1,250
172024,1,250
172056,1,250
172068,1,250
172074,1,250
172079,1,250
172083,1,250
172089,1,250
172093,1,250
172117,1,250
172125,1,250
172127,1,250
172141,1,250
172194,1,250
172245,1,250
172259,1,250
172260,1,250
172310,1,250
172339,1,250
172422,1,250
172501,1,250
172572,1,250
172601,1,250
172632,1,250
172648,1,250
172706,1,250
172803,1,250
172813,1,250
172816,1,250
172826,1,250
172889,1,250
172900,1,250
172919,1,250
173011,1,250
173016,1,250
173017,1,250
173027,1,250
173058,1,250
173060,1,250
173065,1,250
173117,1,250
173125,1,250
173220,1,250
173294,1,250
173369,1,250
173381,1,250
173384,1,250
173466,1,250
173504,1,250
173515,1,250
173549,1,250
173550,1,250
173588,1,250
173692,1,250
173695,1,250
173734,1,250
173743,1,250
173819,1,250
173831,1,250
173868,1,250
173958,1,250
173967,1,250
173998,1,250
174004,1,250
174031,1,250
174058,1,250
174059,1,250
174065,1,250
174079,1,250
174102,1,250
174157,1,250
174165,1,250
174190,1,250
174196,1,250
174246,1,250
174384,1,250
174396,1,250
174397,1,250
174520,1,250
174536,1,250
174622,1,250
174635,1,250
174643,1,250
174837,1,250
174841,1,250
174854,1,250
174920,1,250
174951,1,250
175083,1,250
175092,1,250
175106,1,250
175138,1,250
175148,1,250
175151,1,250
175249,1,250
175311,1,250
175390,1,250
175471,1,250
175509,1,250
175555,1,250
175587,1,250
175594,1,250
175681,1,250
175701,1,250
175786,1,250
175823,1,250
175835,1,250
175847,1,250
175871,1,250
175889,1,250
176037,1,250
176077,1,250
176094,1,250
176136,1,250
176276,1,250
176285,1,250
176327,1,250
176369,1,250
176413,1,250
176478,1,250
176486,1,250
176530,1,250
176538,1,250
176577,1,250
176651,1,250
176683,1,250
176703,1,250
176786,1,250
176792,1,250
177053,1,250
177119,1,250
177126,1,250
177146,1,250
177175,1,250
177182,1,250
177184,1,250
177259,1,250
177334,1,250
177336,1,250
177339,1,250
177357,1,250
177411,1,250
177441,1,250
177460,1,250
177491,1,250
177593,1,250
177604,1,250
177680,1,250
177681,1,250
177715,1,250
177763,1,250
177765,1,250
177776,1,250
177781,1,250
177815,1,250
177817,1,250
177827,1,250
177834,1,250
177919,1,250
177953,1,250
178068,1,250
178117,1,250
178124,1,250
178129,1,250
178233,1,250
178235,1,250
178340,1,250
178364,1,250
178468,1,250
178471,1,250
178496,1,250
178624,1,250
178653,1,250
178713,1,250
178776,1,250
178812,1,250
178827,1,250
178838,1,250
178841,1,250
178864,1,250
178887,1,250
179040,1,250
179111,1,250
179132,1,250
179270,1,250
179306,1,250
179307,1,250
179319,1,250
179337,1,250
179439,1,250
179467,1,250
179514,1,250
179552,1,250
179599,1,250
179611,1,250
179616,1,250
179643,1,250
179647,1,250
179689,1,250
179734,1,250
179759,1,250
179788,1,250
179796,1,250
179816,1,250
179837,1,250
179846,1,250
179897,1,250
179906,1,250
179926,1,250
179961,1,250
179973,1,250
179980,1,250
180020,1,250
180026,1,250
180062,1,250
180063,1,250
180077,1,250
180092,1,250
180291,1,250
180333,1,250
180345,1,250
180373,1,250
180386,1,250
180397,1,250
180414,1,250
180440,1,250
180461,1,250
180525,1,250
180550,1,250
180568,1,250
180583,1,250
180619,1,250
180682,1,250
180695,1,250
180713,1,250
180802,1,250
180855,1,250
180869,1,250
181012,1,250
181103,1,250
181132,1,250
181229,1,250
181244,1,250
181292,1,250
181326,1,250
181336,1,250
181426,1,250
181603,1,250
181681,1,250
181707,1,250
181726,1,250
181752,1,250
181756,1,250
181803,1,250
181891,1,250
181897,1,250
181961,1,250
182015,1,250
182150,1,250
182167,1,250
182205,1,250
182231,1,250
182231,1,250
182273,1,250
182364,1,250
182383,1,250
182405,1,250
182413,1,250
182430,1,250
182431,1,250
182457,1,250
182468,1,250
182764,1,250
182858,1,250
182939,1,250
183021,1,250
183036,1,250
183041,1,250
183073,1,250
183129,1,250
183293,1,250
183333,1,250
183388,1,250
183424,1,250
183425,1,250
183496,1,250
183497,1,250
183525,1,250
183532,1,250
183586,1,250
183743,1,250
183768,1,250
183796,1,250
183799,1,250
183897,1,250
183906,1,250
183920,1,250
183965,1,250
183979,1,250
183979,1,250
184011,1,250
184035,1,250
184125,1,250
184253,1,250
184263,1,250
184270,1,250
184280,1,250
184287,1,250
184320,1,250
184322,1,250
184330,1,250
184345,1,250
184410,1,250
184484,1,250
184485,1,250
184499,1,250
184508,1,250
184574,1,250
184612,1,250
184614,1,250
184628,1,250
184630,1,250
184670,1,250
184698,1,250
184710,1,250
184724,1,250
184759,1,250
184806,1,250
184812,1,250
184818,1,250
184819,1,250
184860,1,250
184908,1,250
184914,1,250
184917,1,250
184951,1,250
184979,1,250
185136,1,250
185155,1,250
185176,1,250
185211,1,250
185242,1,250
185273,1,250
185289,1,250
185320,1,250
185361,1,250
185381,1,250
185397,1,250
185477,1,250
185503,1,250
185577,1,250
185597,1,250
185609,1,250
185626,1,250
185634,1,250
185650,1,250
185660,1,250
185682,1,250
185764,1,250
185771,1,250
185796,1,250
185901,1,250
186020,1,250
186048,1,250
186067,1,250
186073,1,250
186077,1,250
186081,1,250
186085,1,250
186104,1,250
186111,1,250
186117,1,250
186135,1,250
186136,1,250
186147,1,250
186164,1,250
186193,1,250
186199,1,250
186218,1,250
186234,1,250
186259,1,250
186271,1,250
186282,1,250
186287,1,250
186309,1,250
186318,1,250
186351,1,250
186356,1,250
186371,1,250
186398,1,250
186401,1,250
186427,1,250
186475,1,250
186478,1,250
186504,1,250
186526,1,250
186566,1,250
186597,1,250
186604,1,250
186608,1,250
186609,1,250
186646,1,250
186685,1,250
186695,1,250
186699,1,250
186706,1,250
186764,1,250
186767,1,250
186770,1,250
186803,1,250
186804,1,250
186805,1,250
186829,1,250
186837,1,250
186849,1,250
186859,1,250
186896,1,250
186958,1,250
187002,1,250
187013,1,250
187054,1,250
187069,1,250
187070,1,250
187077,1,250
187091,1,250
187118,1,250
187167,1,250
187185,1,250
187205,1,250
187238,1,250
187271,1,250
187351,1,250
187370,1,250
187390,1,250
187399,1,250
187409,1,250
187433,1,250
187438,1,250
187493,1,250
187523,1,250
187708,1,250
187755,1,250
187766,1,250
187785,1,250
187813,1,250
187831,1,250
188018,1,250
188046,1,250
188064,1,250
188090,1,250
188105,1,250
188133,1,250
188194,1,250
188229,1,250
188336,1,250
188376,1,250
188419,1,250
188463,1,250
188492,1,250
188505,1,250
188516,1,250
188618,1,250
188649,1,250
188670,1,250
188771,1,250
188802,1,250
188812,1,250
188864,1,250
188893,1,250
188902,1,250
188905,1,250
188943,1,250
189110,1,250
189185,1,250
189224,1,250
189254,1,250
189291,1,250
189293,1,250
189352,1,250
189379,1,250
189399,1,250
189428,1,250
189462,1,250
189475,1,250
189607,1,250
189623,1,250
189649,1,250
189653,1,250
189656,1,250
189693,1,250
189776,1,250
189895,1,250
189899,1,250
189901,1,250
189944,1,250
189947,1,250
189948,1,250
190008,1,250
190025,1,250
190034,1,250
190034,1,250
190041,1,250
190044,1,250
190122,1,250
190276,1,250
190299,1,250
190330,1,250
190478,1,250
190565,1,250
190602,1,250
190667,1,250
190765,1,250
190847,1,250
190860,1,250
190861,1,250
190939,1,250
190944,1,250
190947,1,250
191005,1,250
191109,1,250
191111,1,250
191142,1,250
191152,1,250
191171,1,250
191189,1,250
191191,1,250
191243,1,250
191245,1,250
191328,1,250
191331,1,250
191348,1,250
191352,1,250
191425,1,250
191433,1,250
191572,1,250
191623,1,250
191625,1,250
191634,1,250
191659,1,250
191667,1,250
191675,1,250
191683,1,250
191747,1,250
191846,1,250
191942,1,250
191964,1,250
191991,1,250
191997,1,250
192016,1,250
192096,1,250
192197,1,250
192335,1,250
192359,1,250
192372,1,250
192374,1,250
192411,1,250
192429,1,250
192483,1,250
192488,1,250
192502,1,250
192513,1,250
192561,1,250
192584,1,250
192593,1,250
192613,1,250
192613,1,250
192617,1,250
192633,1,250
192682,1,250
192772,1,250
192810,1,250
192854,1,250
192876,1,250
192888,1,250
193039,1,250
193058,1,250
193066,1,250
193094,1,250
193098,1,250
193190,1,250
193193,1,250
193286,1,250
193294,1,250
193294,1,250
193299,1,250
193329,1,250
193392,1,250
193453,1,250
193465,1,250
193516,1,250
193581,1,250
193605,1,250
193642,1,250
193676,1,250
193687,1,250
193718,1,250
193735,1,250
193741,1,250
193924,1,250
193952,1,250
193954,1,250
193986,1,250
194013,1,250
194065,1,250
194075,1,250
194103,1,250
194110,1,250
194143,1,250
194172,1,250
194173,1,250
194239,1,250
194251,1,250
194352,1,250
194375,1,250
194415,1,250
194456,1,250
194500,1,250
194517,1,250
194583,1,250
194610,1,250
194614,1,250
194644,1,250
194661,1,250
194674,1,250
194680,1,250
194690,1,250
194711,1,250
194729,1,250
194776,1,250
194787,1,250
194885,1,250
194885,1,250
194922,1,250
195006,1,250
195104,1,250
195115,1,250
195137,1,250
195144,1,250
195203,1,250
195241,1,250
195241,1,250
195251,1,250
195265,1,250
195278,1,250
195340,1,250
195357,1,250
195512,1,250
195640,1,250
195728,1,250
195756,1,250
195845,1,250
195902,1,250
195995,1,250
196002,1,250
196097,1,250
196109,1,250
196127,1,250
196130,1,250
196139,1,250
196157,1,250
196209,1,250
196287,1,250
196331,1,250
196361,1,250
196407,1,250
196491,1,250
196520,1,250
196552,1,250
196569,1,250
196572,1,250
196626,1,250
196629,1,250
196658,1,250
196706,1,250
196725,1,250
196746,1,250
196789,1,250
196853,1,250
196887,1,250
196918,1,250
196968,1,250
196977,1,250
196986,1,250
197008,1,250
197068,1,250
197138,1,250
197139,1,250
197147,1,250
197155,1,250
197169,1,250
197185,1,250
197241,1,250
197242,1,250
197249,1,250
197364,1,250
197380,1,250
197393,1,250
197454,1,250
197481,1,250
197507,1,250
197563,1,250
197641,1,250
197660,1,250
197696,1,250
197708,1,250
197770,1,250
197860,1,250
197879,1,250
197907,1,250
197918,1,250
197968,1,250
198030,1,250
198070,1,250
198085,1,250
198230,1,250
198240,1,250
198362,1,250
198403,1,250
198431,1,250
198444,1,250
198449,1,250
198486,1,250
198652,1,250
198731,1,250
198749,1,250
198793,1,250
198800,1,250
198806,1,250
198821,1,250
198864,1,250
198870,1,250
198871,1,250
198874,1,250
198899,1,250
198964,1,250
199145,1,250
199172,1,250
199181,1,250
199183,1,250
199231,1,250
199323,1,250
199383,1,250
199440,1,250
199479,1,250
199602,1,250
199614,1,250
199627,1,250
199641,1,250
199648,1,250
199698,1,250
199748,1,250
199763,1,250
199893,1,250
199938,1,250
199955,1,250
199956,1,250
199971,1,250
199973,1,250
200034,1,250
200044,1,250
200106,1,250
200195,1,250
200195,1,250
200202,1,250
200258,1,250
200389,1,250
200440,1,250
200444,1,250
200700,1,250
200731,1,250
200756,1,250
200938,1,250
200966,1,250
200973,1,250
201092,1,250
201097,1,250
201131,1,250
201149,1,250
201169,1,250
201188,1,250
201235,1,250
201273,1,250
201317,1,250
201369,1,250
201422,1,250
201483,1,250
201503,1,250
201512,1,250
201532,1,250
201549,1,250
201566,1,250
201627,1,250
201700,1,250
201716,1,250
201840,1,250
201861,1,250
201925,1,250
201942,1,250
202052,1,250
202078,1,250
202111,1,250
202221,1,250
202365,1,250
202476,1,250
202524,1,250
202540,1,250
202546,1,250
202593,1,250
202664,1,250
202702,1,250
202723,1,250
202765,1,250
202769,1,250
202800,1,250
202812,1,250
203046,1,250
203064,1,250
203071,1,250
203076,1,250
203224,1,250
203264,1,250
203269,1,250
203302,1,250
203356,1,250
203392,1,250
203428,1,250
203452,1,250
203484,1,250
203488,1,250
203499,1,250
203572,1,250
203581,1,250
203611,1,250
203623,1,250
203630,1,250
203631,1,250
203661,1,250
203666,1,250
203698,1,250
203771,1,250
204039,1,250
204079,1,250
204088,1,250
204104,1,250
204111,1,250
204250,1,250
204263,1,250
204296,1,250
204320,1,250
204368,1,250
204499,1,250
204518,1,250
204548,1,250
204622,1,250
204681,1,250
204694,1,250
204971,1,250
205006,1,250
205093,1,250
205160,1,250
205205,1,250
205232,1,250
205256,1,250
205315,1,250
205381,1,250
205496,1,250
205519,1,250
205527,1,250
205546,1,250
205548,1,250
205551,1,250
205622,1,250
205643,1,250
205644,1,250
205645,1,250
205678,1,250
205715,1,250
205726,1,250
205796,1,250
205804,1,250
205840,1,250
205842,1,250
205856,1,250
205857,1,250
205861,1,250
205893,1,250
205898,1,250
205901,1,250
205936,1,250
206001,1,250
206003,1,250
206037,1,250
206042,1,250
206045,1,250
206086,1,250
206096,1,250
206104,1,250
206119,1,250
206127,1,250
206153,1,250
206164,1,250
206165,1,250
206312,1,250
206394,1,250
206489,1,250
206499,1,250
206650,1,250
206695,1,250
206701,1,250
206794,1,250
206840,1,250
206916,1,250
206973,1,250
207035,1,250
207037,1,250
207069,1,250
207083,1,250
207139,1,250
207191,1,250
207236,1,250
207238,1,250
207266,1,250
207281,1,250
207383,1,250
207392,1,250
207469,1,250
207488,1,250
207565,1,250
207676,1,250
207695,1,250
207732,1,250
207798,1,250
207812,1,250
207823,1,250
207872,1,250
207982,1,250
208014,1,250
208023,1,250
208026,1,250
208029,1,250
208031,1,250
208067,1,250
208244,1,250
208444,1,250
208461,1,250
208475,1,250
208604,1,250
208616,1,250
208625,1,250
208638,1,250
208702,1,250
208751,1,250
208842,1,250
208903,1,250
208933,1,250
209008,1,250
209020,1,250
209078,1,250
209125,1,250
209132,1,250
209155,1,250
209191,1,250
209236,1,250
209240,1,250
209300,1,250
209322,1,250
209340,1,250
209387,1,250
209447,1,250
209578,1,250
209591,1,250
209667,1,250
209789,1,250
209796,1,250
209810,1,250
209822,1,250
209842,1,250
209850,1,250
209911,1,250
209954,1,250
209974,1,250
210006,1,250
210049,1,250
210091,1,250
210105,1,250
210150,1,250
210154,1,250
210163,1,250
210183,1,250
210188,1,250
210217,1,250
210233,1,250
210242,1,250
210263,1,250
210350,1,250
210357,1,250
210369,1,250
210373,1,250
210373,1,250
210472,1,250
210487,1,250
210525,1,250
210532,1,250
210550,1,250
210573,1,250
210574,1,250
210611,1,250
210671,1,250
210681,1,250
210682,1,250
210697,1,250
210704,1,250
210708,1,250
210713,1,250
210714,1,250
210785,1,250
210814,1,250
210818,1,250
210835,1,250
210845,1,250
210870,1,250
210892,1,250
210911,1,250
210950,1,250
211001,1,250
211069,1,250
211249,1,250
211261,1,250
211268,1,250
211269,1,250
211318,1,250
211363,1,250
211384,1,250
211416,1,250
211501,1,250
211587,1,250
211836,1,250
211924,1,250
211947,1,250
211968,1,250
212061,1,250
212070,1,250
212078,1,250
212097,1,250
212222,1,250
212279,1,250
212330,1,250
212431,1,250
212471,1,250
212487,1,250
212493,1,250
212499,1,250
212530,1,250
212530,1,250
212583,1,250
212635,1,250
212671,1,250
212718,1,250
212728,1,250
212839,1,250
212880,1,250
212880,1,250
212946,1,250
212956,1,250
212963,1,250
212988,1,250
213018,1,250
213037,1,250
213053,1,250
213055,1,250
213067,1,250
213076,1,250
213112,1,250
213137,1,250
213154,1,250
213164,1,250
213202,1,250
213219,1,250
213344,1,250
213355,1,250
213375,1,250
213415,1,250
213626,1,250
213645,1,250
213709,1,250
213745,1,250
213818,1,250
213926,1,250
213931,1,250
214060,1,250
214068,1,250
214071,1,250
214080,1,250
214103,1,250
214271,1,250
214360,1,250
214406,1,250
214473,1,250
214494,1,250
214537,1,250
214574,1,250
214678,1,250
214696,1,250
214750,1,250
214751,1,250
214782,1,250
214841,1,250
214866,1,250
215133,1,250
215181,1,250
215266,1,250
215273,1,250
215316,1,250
215424,1,250
215517,1,250
215577,1,250
215617,1,250
215693,1,250
215696,1,250
215745,1,250
215764,1,250
215786,1,250
215922,1,250
215931,1,250
215957,1,250
215979,1,250
216064,1,250
216066,1,250
216077,1,250
216120,1,250
216140,1,250
216168,1,250
216388,1,250
216409,1,250
216495,1,250
216541,1,250
216572,1,250
216689,1,250
216730,1,250
216744,1,250
216767,1,250
216787,1,250
216790,1,250
216846,1,250
216877,1,250
216937,1,250
216943,1,250
216965,1,250
217012,1,250
217059,1,250
217220,1,250
217267,1,250
217272,1,250
217321,1,250
217386,1,250
217404,1,250
217449,1,250
217458,1,250
217638,1,250
217663,1,250
217716,1,250
217729,1,250
217824,1,250
217907,1,250
218014,1,250
218049,1,250
218049,1,250
218116,1,250
218185,1,250
218323,1,250
218339,1,250
218396,1,250
218600,1,250
218650,1,250
218701,1,250
218706,1,250
218743,1,250
218817,1,250
218854,1,250
219003,1,250
219042,1,250
219062,1,250
219135,1,250
219160,1,250
219175,1,250
219206,1,250
219276,1,250
219323,1,250
219385,1,250
219464,1,250
219481,1,250
219558,1,250
219578,1,250
219622,1,250
219729,1,250
219777,1,250
219804,1,250
219893,1,250
219911,1,250
219943,1,250
220014,1,250
220021,1,250
220068,1,250
220070,1,250
220071,1,250
220084,1,250
220119,1,250
220162,1,250
220188,1,250
220370,1,250
220417,1,250
220419,1,250
220421,1,250
220426,1,250
220433,1,250
220529,1,250
220535,1,250
220686,1,250
220689,1,250
220714,1,250
220773,1,250
220797,1,250
220855,1,250
220883,1,250
221108,1,250
221114,1,250
221122,1,250
221195,1,250
221408,1,250
221465,1,250
221465,1,250
221489,1,250
221520,1,250
221765,1,250
221826,1,250
221850,1,250
221911,1,250
221933,1,250
221936,1,250
221972,1,250
222018,1,250
222081,1,250
222122,1,250
222162,1,250
222169,1,250
222250,1,250
222258,1,250
222297,1,250
222306,1,250
222308,1,250
222362,1,250
222389,1,250
222390,1,250
222414,1,250
222455,1,250
222479,1,250
222543,1,250
222571,1,250
222589,1,250
222706,1,250
222775,1,250
222809,1,250
222950,1,250
222976,1,250
223006,1,250
223042,1,250
223083,1,250
223184,1,250
223211,1,250
223239,1,250
223253,1,250
223315,1,250
223338,1,250
223445,1,250
223462,1,250
223530,1,250
223622,1,250
223631,1,250
223636,1,250
223709,1,250
223728,1,250
223875,1,250
224051,1,250
224058,1,250
224107,1,250
224134,1,250
224265,1,250
224300,1,250
224393,1,250
224498,1,250
224589,1,250
224664,1,250
224676,1,250
224691,1,250
224765,1,250
224996,1,250
225017,1,250
225048,1,250
225061,1,250
225242,1,250
225258,1,250
225277,1,250
225386,1,250
225408,1,250
225433,1,250
225548,1,250
225621,1,250
225748,1,250
225797,1,250
225847,1,250
225858,1,250
225946,1,250
225963,1,250
226029,1,250
226054,1,250
226065,1,250
226082,1,250
226217,1,250
226244,1,250
226273,1,250
226396,1,250
226416,1,250
226480,1,250
226656,1,250
226798,1,250
226821,1,250
227016,1,250
227019,1,250
227095,1,250
227310,1,250
227312,1,250
227347,1,250
227613,1,250
227743,1,250
227788,1,250
227917,1,250
228005,1,250
228027,1,250
228050,1,250
228052,1,250
228063,1,250
228120,1,250
228193,1,250
228241,1,250
228277,1,250
228440,1,250
228457,1,250
228474,1,250
228520,1,250
228566,1,250
228567,1,250
228646,1,250
228670,1,250
228687,1,250
228793,1,250
228996,1,250
229038,1,250
229096,1,250
229142,1,250
229164,1,250
229206,1,250
229206,1,250
229262,1,250
229283,1,250
229289,1,250
229307,1,250
229379,1,250
229407,1,250
229506,1,250
229551,1,250
229662,1,250
229725,1,250
229852,1,250
229890,1,250
229938,1,250
229944,1,250
230047,1,250
230067,1,250
230160,1,250
230208,1,250
230283,1,250
230297,1,250
230341,1,250
230364,1,250
230389,1,250
230429,1,250
230453,1,250
230654,1,250
230675,1,250
230781,1,250
230791,1,250
230855,1,250
231084,1,250
231131,1,250
231229,1,250
231244,1,250
231286,1,250
231324,1,250
231333,1,250
231350,1,250
231515,1,250
231524,1,250
231574,1,250
231582,1,250
231587,1,250
231588,1,250
231657,1,250
231758,1,250
231802,1,250
231832,1,250
231851,1,250
231854,1,250
231890,1,250
232005,1,250
232016,1,250
232131,1,250
232222,1,250
232363,1,250
232501,1,250
232551,1,250
232561,1,250
232604,1,250
232623,1,250
232670,1,250
232685,1,250
232705,1,250
232789,1,250
232800,1,250
232819,1,250
232839,1,250
232934,1,250
232984,1,250
233006,1,250
233085,1,250
233120,1,250
233126,1,250
233151,1,250
233269,1,250
233323,1,250
233336,1,250
233347,1,250
233360,1,250
233377,1,250
233394,1,250
233421,1,250
233556,1,250
233571,1,250
233629,1,250
233642,1,250
233683,1,250
233704,1,250
233769,1,250
233769,1,250
233782,1,250
233817,1,250
233829,1,250
233836,1,250
233849,1,250
234062,1,250
234158,1,250
234182,1,250
234236,1,250
234380,1,250
234391,1,250
234492,1,250
234550,1,250
234574,1,250
234575,1,250
234648,1,250
234649,1,250
234662,1,250
234698,1,250
234703,1,250
234799,1,250
234799,1,250
234854,1,250
234895,1,250
234898,1,250
234900,1,250
235012,1,250
235024,1,250
235024,1,250
235078,1,250
235116,1,250
235148,1,250
235191,1,250
235214,1,250
235256,1,250
235283,1,250
235288,1,250
235404,1,250
235427,1,250
235436,1,250
235491,1,250
235511,1,250
235516,1,250
235522,1,250
235526,1,250
235576,1,250
235634,1,250
235685,1,250
235686,1,250
235771,1,250
235836,1,250
235848,1,250
235910,1,250
235919,1,250
236106,1,250
236152,1,250
236202,1,250
236281,1,250
236313,1,250
236349,1,250
236370,1,250
236410,1,250
236412,1,250
236541,1,250
236555,1,250
236593,1,250
236736,1,250
236842,1,250
236859,1,250
236878,1,250
236927,1,250
237195,1,250
237218,1,250
237334,1,250
237363,1,250
237436,1,250
237441,1,250
237462,1,250
237634,1,250
237670,1,250
237679,1,250
237682,1,250
237690,1,250
237744,1,250
237797,1,250
237860,1,250
237876,1,250
237935,1,250
238002,1,250
238006,1,250
238017,1,250
238051,1,250
238222,1,250
238247,1,250
238300,1,250
238384,1,250
238386,1,250
238463,1,250
238501,1,250
238558,1,250
238637,1,250
238726,1,250
238893,1,250
238896,1,250
238897,1,250
238902,1,250
238938,1,250
239098,1,250
239107,1,250
239193,1,250
239257,1,250
239323,1,250
239374,1,250
239493,1,250
239743,1,250
239772,1,250
239831,1,250
240067,1,250
240121,1,250
240142,1,250
240187,1,250
240216,1,250
240299,1,250
240311,1,250
240354,1,250
240613,1,250
240673,1,250
240950,1,250
241077,1,250
241165,1,250
241176,1,250
241488,1,250
241534,1,250
241648,1,250
241654,1,250
241725,1,250
241884,1,250
241955,1,250
241975,1,250
241985,1,250
242032,1,250
242051,1,250
242073,1,250
242074,1,250
242130,1,250
242230,1,250
242345,1,250
242510,1,250
242567,1,250
242706,1,250
242767,1,250
242782,1,250
242906,1,250
242917,1,250
242958,1,250
243064,1,250
243150,1,250
243170,1,250
243207,1,250
243218,1,250
243225,1,250
243272,1,250
243600,1,250
243630,1,250
243740,1,250
243799,1,250
243826,1,250
243855,1,250
243855,1,250
243863,1,250
243904,1,250
243929,1,250
243950,1,250
244025,1,250
244070,1,250
244136,1,250
244146,1,250
244185,1,250
244272,1,250
244283,1,250
244307,1,250
244402,1,250
244421,1,250
244494,1,250
244516,1,250
244543,1,250
244588,1,250
244892,1,250
245144,1,250
245207,1,250
245213,1,250
245220,1,250
245239,1,250
245239,1,250
245322,1,250
245354,1,250
245355,1,250
245402,1,250
245424,1,250
245546,1,250
245595,1,250
245604,1,250
245612,1,250
245666,1,250
245677,1,250
245701,1,250
245749,1,250
245834,1,250
245911,1,250
246003,1,250
246068,1,250
246160,1,250
246248,1,250
246339,1,250
246573,1,250
246654,1,250
246658,1,250
246778,1,250
247042,1,250
247096,1,250
247122,1,250
247320,1,250
247365,1,250
247366,1,250
247477,1,250
247547,1,250
247584,1,250
247602,1,250
247693,1,250
247717,1,250
247724,1,250
247747,1,250
247793,1,250
247831,1,250
248026,1,250
248054,1,250
248316,1,250
248381,1,250
248453,1,250
248563,1,250
248593,1,250
248647,1,250
248750,1,250
248877,1,250
248951,1,250
248980,1,250
249017,1,250
249039,1,250
249083,1,250
249141,1,250
249182,1,250
249203,1,250
249242,1,250
249249,1,250
249441,1,250
249501,1,250
249508,1,250
249556,1,250
249593,1,250
249821,1,250
249855,1,250
250273,1,250
250337,1,250
250411,1,250
250449,1,250
250468,1,250
250597,1,250
250744,1,250
250845,1,250
250936,1,250
250993,1,250
251003,1,250
251032,1,250
251170,1,250
251202,1,250
251216,1,250
251246,1,250
251471,1,250
251602,1,250
251647,1,250
251661,1,250
251701,1,250
251715,1,250
251821,1,250
251882,1,250
251903,1,250
252042,1,250
252143,1,250
252198,1,250
252249,1,250
252295,1,250
252295,1,250
252397,1,250
252403,1,250
252561,1,250
252609,1,250
252641,1,250
252649,1,250
252680,1,250
252859,1,250
252866,1,250
253029,1,250
253058,1,250
253141,1,250
253146,1,250
253162,1,250
253178,1,250
253282,1,250
253314,1,250
253419,1,250
253465,1,250
253722,1,250
253748,1,250
253765,1,250
253822,1,250
254187,1,250
254204,1,250
254304,1,250
254338,1,250
254394,1,250
254420,1,250
254540,1,250
254612,1,250
254624,1,250
254626,1,250
254628,1,250
254825,1,250
254848,1,250
254904,1,250
254932,1,250
254949,1,250
254955,1,250
255015,1,250
255045,1,250
255059,1,250
255145,1,250
255250,1,250
255520,1,250
255554,1,250
255687,1,250
255807,1,250
255852,1,250
255868,1,250
255886,1,250
256017,1,250
256067,1,250
256078,1,250
256122,1,250
256150,1,250
256236,1,250
256292,1,250
256388,1,250
256602,1,250
256630,1,250
256686,1,250
256717,1,250
256769,1,250
256854,1,250
256917,1,250
257120,1,250
257155,1,250
257208,1,250
257285,1,250
257291,1,250
257303,1,250
257417,1,250
257418,1,250
257633,1,250
257665,1,250
257780,1,250
257974,1,250
258024,1,250
258034,1,250
258054,1,250
258091,1,250
258115,1,250
258135,1,250
258135,1,250
258146,1,250
258147,1,250
258237,1,250
258286,1,250
258342,1,250
258387,1,250
258501,1,250
258541,1,250
258643,1,250
258661,1,250
258695,1,250
258820,1,250
258829,1,250
258881,1,250
258919,1,250
259013,1,250
259048,1,250
259147,1,250
259153,1,250
259170,1,250
259256,1,250
259344,1,250
259357,1,250
259357,1,250
259389,1,250
259470,1,250
259634,1,250
259856,1,250
259895,1,250
259960,1,250
260024,1,250
260028,1,250
260077,1,250
260089,1,250
260221,1,250
260246,1,250
260454,1,250
260456,1,250
260625,1,250
260801,1,250
260944,1,250
261069,1,250
261390,1,250
261425,1,250
261447,1,250
261516,1,250
261521,1,250
261578,1,250
261669,1,250
261691,1,250
261731,1,250
261827,1,250
261885,1,250
261910,1,250
261942,1,250
262105,1,250
262363,1,250
262540,1,250
262599,1,250
262840,1,250
262840,1,250
262991,1,250
263066,1,250
263271,1,250
263404,1,250
263486,1,250
263509,1,250
263515,1,250
263531,1,250
263593,1,250
263694,1,250
264048,1,250
264083,1,250
264189,1,250
264457,1,250
264462,1,250
264569,1,250
264614,1,250
264688,1,250
264764,1,250
264774,1,250
264847,1,250
264952,1,250
264992,1,250
265162,1,250
265284,1,250
265348,1,250
265650,1,250
265674,1,250
265764,1,250
265793,1,250
265910,1,250
266041,1,250
266051,1,250
266123,1,250
266133,1,250
266265,1,250
266758,1,250
266933,1,250
266941,1,250
267270,1,250
267452,1,250
267731,1,250
268327,1,250
268404,1,250
268441,1,250
268493,1,250
268539,1,250
268828,1,250
269009,1,250
269011,1,250
269335,1,250
269352,1,250
269412,1,250
269453,1,250
269617,1,250
269717,1,250
269956,1,250
270027,1,250
270069,1,250
270373,1,250
270382,1,250
270461,1,250
270570,1,250
270628,1,250
270775,1,250
270898,1,250
271089,1,250
271190,1,250
271353,1,250
271531,1,250
271644,1,250
271897,1,250
272011,1,250
272211,1,250
272219,1,250
272303,1,250
272550,1,250
272672,1,250
272733,1,250
272816,1,250
273174,1,250
273230,1,250
273248,1,250
273258,1,250
273568,1,250
273664,1,250
273871,1,250
274032,1,250
274053,1,250
274232,1,250
274396,1,250
274552,1,250
274632,1,250
274730,1,250
274883,1,250
274989,1,250
275316,1,250
275342,1,250
275360,1,250
275565,1,250
275799,1,250
275904,1,250
275994,1,250
276087,1,250
276135,1,250
276165,1,250
276281,1,250
276605,1,250
276689,1,250
276712,1,250
277024,1,250
277024,1,250
277100,1,250
277724,1,250
277946,1,250
278140,1,250
278161,1,250
278231,1,250
278719,1,250
278771,1,250
278793,1,250
278809,1,250
279010,1,250
279092,1,250
279434,1,250
279706,1,250
279836,1,250
279966,1,250
279991,1,250
280202,1,250
280516,1,250
280657,1,250
280775,1,250
280781,1,250
281187,1,250
281227,1,250
281288,1,250
281685,1,250
282021,1,250
282028,1,250
282075,1,250
282075,1,250
282150,1,250
282243,1,250
282269,1,250
282288,1,250
282316,1,250
282340,1,250
282451,1,250
282471,1,250
282506,1,250
282518,1,250
282623,1,250
282786,1,250
282974,1,250
283028,1,250
283344,1,250
283534,1,250
283558,1,250
283574,1,250
283776,1,250
283825,1,250
283854,1,250
284189,1,250
284299,1,250
284362,1,250
284596,1,250
285162,1,250
285178,1,250
285437,1,250
285738,1,250
285773,1,250
286327,1,250
286428,1,250
286865,1,250
287098,1,250
287291,1,250
287371,1,250
287926,1,250
288023,1,250
288214,1,250
288394,1,250
288867,1,250
289374,1,250
289619,1,250
289687,1,250
290010,1,250
290021,1,250
290150,1,250
290601,1,250
290829,1,250
291128,1,250
291276,1,250
291310,1,250
291358,1,250
291389,1,250
291449,1,250
291501,1,250
291514,1,250
291568,1,250
291646,1,250
291682,1,250
291769,1,250
291826,1,250
291831,1,250
292094,1,250
292169,1,250
292179,1,250
292344,1,250
292409,1,250
292654,1,250
292741,1,250
292753,1,250
292985,1,250
293373,1,250
293515,1,250
293590,1,250
293806,1,250
293933,1,250
294047,1,250
294979,1,250
295084,1,250
295293,1,250
295538,1,250
295552,1,250
295726,1,250
296566,1,250
296593,1,250
296603,1,250
296616,1,250
296830,1,250
296957,1,250
297036,1,250
297186,1,250
297371,1,250
297413,1,250
297662,1,250
297800,1,250
298438,1,250
298445,1,250
298528,1,250
298764,1,250
298801,1,250
298911,1,250
298952,1,250
299412,1,250
299610,1,250
300023,1,250
300286,1,250
300482,1,250
300677,1,250
300859,1,250
301304,1,250
301641,1,250
301753,1,250
301786,1,250
301826,1,250
301884,1,250
302085,1,250
302507,1,250
302799,1,250
303024,1,250
303080,1,250
303181,1,250
303544,1,250
304003,1,250
304135,1,250
304680,1,250
305144,1,250
305195,1,250
305248,1,250
306064,1,250
306316,1,250
306355,1,250
306418,1,250
306499,1,250
306550,1,250
306551,1,250
306708,1,250
306735,1,250
306977,1,250
307044,1,250
307202,1,250
307407,1,250
307578,1,250
307590,1,250
307611,1,250
307631,1,250
307694,1,250
307847,1,250
307904,1,250
308200,1,250
308301,1,250
308553,1,250
308572,1,250
308954,1,250
309043,1,250
309148,1,250
309398,1,250
309430,1,250
309450,1,250
309465,1,250
309560,1,250
309639,1,250
309671,1,250
310007,1,250
310063,1,250
310246,1,250
310853,1,250
310902,1,250
310953,1,250
311080,1,250
311105,1,250
311296,1,250
311436,1,250
311893,1,250
312779,1,250
312809,1,250
313057,1,250
313166,1,250
313323,1,250
313380,1,250
313417,1,250
313548,1,250
313585,1,250
313677,1,250
314455,1,250
314592,1,250
314662,1,250
314832,1,250
315647,1,250
316002,1,250
316010,1,250
316064,1,250
316268,1,250
316375,1,250
316549,1,250
316589,1,250
316599,1,250
316840,1,250
317681,1,250
317706,1,250
318013,1,250
318101,1,250
318210,1,250
318332,1,250
318392,1,250
318428,1,250
318903,1,250
319002,1,250
319008,1,250
319336,1,250
319577,1,250
319734,1,250
319829,1,250
320004,1,250
320016,1,250
320044,1,250
320146,1,250
320300,1,250
320672,1,250
320689,1,250
320858,1,250
320939,1,250
321020,1,250
321309,1,250
321325,1,250
321791,1,250
321832,1,250
321860,1,250
321979,1,250
321986,1,250
322512,1,250
322560,1,250
322670,1,250
322769,1,250
323956,1,250
324231,1,250
324446,1,250
324690,1,250
326727,1,250
327254,1,250
327614,1,250
327731,1,250
327800,1,250
328013,1,250
328321,1,250
328400,1,250
328474,1,250
328513,1,250
329050,1,250
329528,1,250
329846,1,250
330266,1,250
330586,1,250
330617,1,250
330665,1,250
330869,1,250
330885,1,250
330970,1,250
331069,1,250
331290,1,250
331530,1,250
331616,1,250
331624,1,250
331776,1,250
331883,1,250
331909,1,250
332355,1,250
332415,1,250
332617,1,250
332732,1,250
332838,1,250
333339,1,250
333512,1,250
334011,1,250
334195,1,250
334222,1,250
334305,1,250
334368,1,250
334403,1,250
334865,1,250
335203,1,250
335211,1,250
335221,1,250
335431,1,250
335625,1,250
335752,1,250
336003,1,250
336124,1,250
336124,1,250
336360,1,250
336654,1,250
336720,1,250
336876,1,250
337096,1,250
337140,1,250
337527,1,250
337776,1,250
337859,1,250
337874,1,250
338677,1,250
338855,1,250
338888,1,250
339010,1,250
340075,1,250
340731,1,250
340745,1,250
341146,1,250
341244,1,250
341313,1,250
341481,1,250
341650,1,250
341671,1,250
341716,1,250
341821,1,250
341882,1,250
342233,1,250
342625,1,250
342720,1,250
343394,1,250
344325,1,250
344325,1,250
344430,1,250
344715,1,250
344722,1,250
345058,1,250
345268,1,250
345882,1,250
346009,1,250
346238,1,250
346512,1,250
346586,1,250
346898,1,250
347212,1,250
347269,1,250
348791,1,250
349719,1,250
349909,1,250
350540,1,250
350771,1,250
351486,1,250
351589,1,250
352015,1,250
352240,1,250
352399,1,250
352413,1,250
352789,1,250
352900,1,250
353474,1,250
354052,1,250
354059,1,250
354112,1,250
354112,1,250
354152,1,250
354175,1,250
354177,1,250
354218,1,250
354247,1,250
354322,1,250
354329,1,250
354472,1,250
354518,1,250
354655,1,250
354659,1,250
354780,1,250
354835,1,250
355091,1,250
355302,1,250
355345,1,250
355379,1,250
355511,1,250
356129,1,250
356381,1,250
356387,1,250
356407,1,250
356505,1,250
356894,1,250
357057,1,250
357102,1,250
357173,1,250
357450,1,250
357556,1,250
357646,1,250
357717,1,250
357726,1,250
357814,1,250
357916,1,250
358093,1,250
358119,1,250
358395,1,250
358454,1,250
358700,1,250
358792,1,250
359184,1,250
359567,1,250
360025,1,250
360497,1,250
360878,1,250
361203,1,250
361239,1,250
362124,1,250
362222,1,250
362481,1,250
363188,1,250
363188,1,250
364321,1,250
364527,1,250
364562,1,250
364607,1,250
364894,1,250
365341,1,250
365778,1,250
366057,1,250
366128,1,250
366409,1,250
366429,1,250
366653,1,250
366993,1,250
367141,1,250
367186,1,250
367345,1,250
367382,1,250
367474,1,250
367514,1,250
367519,1,250
367567,1,250
367777,1,250
368162,1,250
368206,1,250
368280,1,250
368401,1,250
368667,1,250
368964,1,250
369664,1,250
369712,1,250
369717,1,250
369865,1,250
370411,1,250
370914,1,250
371279,1,250
371308,1,250
371373,1,250
371641,1,250
371676,1,250
372219,1,250
372840,1,250
373280,1,250
373511,1,250
373563,1,250
373681,1,250
373785,1,250
374106,1,250
374137,1,250
374523,1,250
374685,1,250
375001,1,250
375014,1,250
375506,1,250
376076,1,250
376326,1,250
376724,1,250
376744,1,250
376807,1,250
376840,1,250
377080,1,250
378001,1,250
378173,1,250
378247,1,250
378371,1,250
378435,1,250
378515,1,250
378552,1,250
378596,1,250
378762,1,250
378832,1,250
379330,1,250
379336,1,250
379383,1,250
379723,1,250
379756,1,250
379952,1,250
380096,1,250
380399,1,250
380452,1,250
380565,1,250
381354,1,250
381619,1,250
381994,1,250
382427,1,250
382500,1,250
382755,1,250
382813,1,250
382879,1,250
383054,1,250
383066,1,250
383233,1,250
383663,1,250
383708,1,250
384041,1,250
384067,1,250
384245,1,250
384361,1,250
384557,1,250
384649,1,250
384832,1,250
384842,1,250
384942,1,250
385107,1,250
385179,1,250
385205,1,250
385252,1,250
385349,1,250
385702,1,250
386146,1,250
386182,1,250
386731,1,250
386737,1,250
386791,1,250
387249,1,250
387688,1,250
387707,1,250
388544,1,250
388716,1,250
389145,1,250
389814,1,250
390497,1,250
391113,1,250
391753,1,250
391960,1,250
392045,1,250
392318,1,250
392481,1,250
392624,1,250
392633,1,250
392787,1,250
393054,1,250
393536,1,250
393711,1,250
393750,1,250
393854,1,250
393868,1,250
393898,1,250
394039,1,250
394134,1,250
394141,1,250
394331,1,250
394534,1,250
394581,1,250
394679,1,250
395230,1,250
395298,1,250
395723,1,250
396017,1,250
396091,1,250
396186,1,250
396352,1,250
396549,1,250
396563,1,250
396598,1,250
396639,1,250
396685,1,250
396709,1,250
396740,1,250
397187,1,250
397325,1,250
397782,1,250
398306,1,250
398325,1,250
398434,1,250
398702,1,250
398801,1,250
399161,1,250
399247,1,250
399533,1,250
399537,1,250
399638,1,250
399707,1,250
399789,1,250
399956,1,250
399967,1,250
400470,1,250
400677,1,250
400703,1,250
400863,1,250
400875,1,250
401878,1,250
402096,1,250
402103,1,250
402122,1,250
402122,1,250
402131,1,250
402198,1,250
402343,1,250
402366,1,250
402450,1,250
402565,1,250
402631,1,250
402659,1,250
402826,1,250
402882,1,250
402897,1,250
402907,1,250
402907,1,250
402970,1,250
403082,1,250
403094,1,250
403536,1,250
403536,1,250
403555,1,250
403558,1,250
403687,1,250
403802,1,250
403838,1,250
403861,1,250
403868,1,250
404007,1,250
404275,1,250
404292,1,250
404398,1,250
404426,1,250
404454,1,250
404551,1,250
404665,1,250
404729,1,250
404877,1,250
405096,1,250
405711,1,250
405716,1,250
406252,1,250
406306,1,250
406376,1,250
406775,1,250
406798,1,250
407002,1,250
407184,1,250
407249,1,250
407906,1,250
408118,1,250
408345,1,250
408358,1,250
408446,1,250
408825,1,250
409024,1,250
409314,1,250
409552,1,250
409656,1,250
409814,1,250
409945,1,250
410478,1,250
410534,1,250
410684,1,250
410807,1,250
410880,1,250
410893,1,250
410912,1,250
411021,1,250
411037,1,250
411274,1,250
411618,1,250
412226,1,250
412232,1,250
412243,1,250
412453,1,250
412564,1,250
413272,1,250
413544,1,250
413545,1,250
413615,1,250
413660,1,250
413728,1,250
413827,1,250
413911,1,250
414179,1,250
414354,1,250
414386,1,250
414522,1,250
414547,1,250
414553,1,250
415115,1,250
415119,1,250
415286,1,250
415460,1,250
415520,1,250
415546,1,250
415548,1,250
415550,1,250
415571,1,250
416233,1,250
416432,1,250
416447,1,250
416476,1,250
416852,1,250
416909,1,250
417268,1,250
417391,1,250
417400,1,250
417488,1,250
417678,1,250
417785,1,250
417901,1,250
418046,1,250
418299,1,250
418411,1,250
418575,1,250
418586,1,250
418827,1,250
419476,1,250
420094,1,250
420394,1,250
420602,1,250
421113,1,250
421178,1,250
421403,1,250
422184,1,250
422645,1,250
422984,1,250
423094,1,250
423464,1,250
423498,1,250
423715,1,250
424001,1,250
424449,1,250
424600,1,250
424805,1,250
425626,1,250
425638,1,250
425931,1,250
426034,1,250
426148,1,250
426257,1,250
426258,1,250
426401,1,250
426481,1,250
426520,1,250
426599,1,250
426609,1,250
426645,1,250
426755,1,250
426809,1,250
426819,1,250
426884,1,250
427016,1,250
427020,1,250
427037,1,250
427183,1,250
427216,1,250
427407,1,250
427464,1,250
427611,1,250
427694,1,250
427796,1,250
427899,1,250
428028,1,250
428075,1,250
428215,1,250
428273,1,250
428311,1,250
428332,1,250
428366,1,250
428436,1,250
428582,1,250
428620,1,250
428632,1,250
428783,1,250
428834,1,250
428913,1,250
429037,1,250
429086,1,250
429139,1,250
429211,1,250
429397,1,250
429521,1,250
429680,1,250
429699,1,250
430230,1,250
430448,1,250
430498,1,250
430699,1,250
430726,1,250
430782,1,250
430918,1,250
430942,1,250
431295,1,250
431362,1,250
431493,1,250
431805,1,250
432057,1,250
432064,1,250
432099,1,250
432266,1,250
432705,1,250
432733,1,250
432741,1,250
432845,1,250
433030,1,250
433055,1,250
433106,1,250
433380,1,250
433478,1,250
433504,1,250
433542,1,250
433594,1,250
434006,1,250
434060,1,250
434376,1,250
434698,1,250
434891,1,250
434968,1,250
435080,1,250
435256,1,250
435282,1,250
435358,1,250
435473,1,250
435746,1,250
435812,1,250
435894,1,250
436178,1,250
436519,1,250
436704,1,250
436914,1,250
436985,1,250
437493,1,250
437998,1,250
438063,1,250
438143,1,250
438184,1,250
438196,1,250
438275,1,250
438454,1,250
438461,1,250
438707,1,250
439142,1,250
439163,1,250
439754,1,250
439754,1,250
439942,1,250
440025,1,250
440142,1,250
440201,1,250
440291,1,250
440343,1,250
440650,1,250
440838,1,250
440971,1,250
441279,1,250
441296,1,250
441305,1,250
441639,1,250
441669,1,250
441736,1,250
442522,1,250
442526,1,250
442613,1,250
442730,1,250
442808,1,250
442896,1,250
443230,1,250
443350,1,250
443661,1,250
443882,1,250
444010,1,250
444120,1,250
444291,1,250
444417,1,250
444492,1,250
444830,1,250
445534,1,250
445754,1,250
446017,1,250
446167,1,250
446239,1,250
446302,1,250
446474,1,250
446484,1,250
446491,1,250
446521,1,250
446864,1,250
446876,1,250
446909,1,250
446932,1,250
447006,1,250
447454,1,250
447476,1,250
447600,1,250
447633,1,250
447680,1,250
447831,1,250
447879,1,250
447900,1,250
448508,1,250
448571,1,250
448743,1,250
448983,1,250
449006,1,250
449638,1,250
449668,1,250
449717,1,250
449724,1,250
449754,1,250
450122,1,250
450148,1,250
450192,1,250
450199,1,250
450265,1,250
450289,1,250
450314,1,250
450579,1,250
450685,1,250
450799,1,250
450877,1,250
451008,1,250
451096,1,250
451182,1,250
451463,1,250
451499,1,250
451664,1,250
451694,1,250
451757,1,250
451921,1,250
451922,1,250
452071,1,250
452109,1,250
452204,1,250
452298,1,250
452364,1,250
452386,1,250
452506,1,250
452547,1,250
452557,1,250
452618,1,250
452629,1,250
452695,1,250
452825,1,250
452855,1,250
452937,1,250
453092,1,250
453099,1,250
453191,1,250
453331,1,250
453729,1,250
453772,1,250
453831,1,250
453839,1,250
453841,1,250
453883,1,250
453956,1,250
454006,1,250
454045,1,250
454118,1,250
454192,1,250
454198,1,250
454276,1,250
454289,1,250
454372,1,250
454374,1,250
454476,1,250
454498,1,250
454635,1,250
454833,1,250
454873,1,250
454890,1,250
455037,1,250
455131,1,250
455304,1,250
455449,1,250
455624,1,250
455668,1,250
455878,1,250
455892,1,250
456240,1,250
456326,1,250
456410,1,250
456428,1,250
456702,1,250
456749,1,250
456845,1,250
456853,1,250
457070,1,250
457082,1,250
457118,1,250
457132,1,250
457225,1,250
457553,1,250
457579,1,250
457638,1,250
457730,1,250
457804,1,250
458140,1,250
458148,1,250
458304,1,250
458564,1,250
458641,1,250
458771,1,250
458915,1,250
458964,1,250
458998,1,250
459025,1,250
459043,1,250
459068,1,250
459165,1,250
459173,1,250
459214,1,250
459271,1,250
459384,1,250
459471,1,250
459476,1,250
459494,1,250
459577,1,250
459584,1,250
459622,1,250
459709,1,250
459756,1,250
459765,1,250
459907,1,250
460072,1,250
460196,1,250
460244,1,250
460254,1,250
460301,1,250
460505,1,250
460621,1,250
460721,1,250
460754,1,250
460816,1,250
460856,1,250
460917,1,250
461024,1,250
461119,1,250
461134,1,250
461142,1,250
461322,1,250
461519,1,250
461630,1,250
461734,1,250
461996,1,250
462002,1,250
462115,1,250
462127,1,250
462148,1,250
462169,1,250
462174,1,250
462175,1,250
462182,1,250
462655,1,250
462901,1,250
463136,1,250
463246,1,250
463299,1,250
463400,1,250
463601,1,250
463636,1,250
463663,1,250
463816,1,250
464119,1,250
464121,1,250
464166,1,250
464191,1,250
464231,1,250
464443,1,250
464471,1,250
464601,1,250
464705,1,250
464901,1,250
464931,1,250
464985,1,250
465047,1,250
465087,1,250
465121,1,250
465332,1,250
465340,1,250
465365,1,250
465454,1,250
465506,1,250
465522,1,250
465604,1,250
465982,1,250
466005,1,250
466074,1,250
466251,1,250
466255,1,250
466448,1,250
466489,1,250
466635,1,250
466638,1,250
466679,1,250
466846,1,250
467228,1,250
467469,1,250
467496,1,250
467597,1,250
467896,1,250
468041,1,250
468487,1,250
468658,1,250
468758,1,250
468804,1,250
468812,1,250
469025,1,250
469080,1,250
469106,1,250
469329,1,250
469428,1,250
469567,1,250
469689,1,250
469711,1,250
469744,1,250
469758,1,250
469818,1,250
470068,1,250
470220,1,250
470305,1,250
470372,1,250
470543,1,250
470560,1,250
470868,1,250
470872,1,250
471092,1,250
471324,1,250
471360,1,250
471500,1,250
471702,1,250
471773,1,250
471875,1,250
471919,1,250
471934,1,250
471946,1,250
472085,1,250
472159,1,250
472378,1,250
472428,1,250
472581,1,250
472644,1,250
472708,1,250
472712,1,250
472719,1,250
472841,1,250
472851,1,250
472917,1,250
472929,1,250
473084,1,250
473504,1,250
473510,1,250
473648,1,250
473697,1,250
473732,1,250
473874,1,250
473901,1,250
474098,1,250
474153,1,250
474206,1,250
474245,1,250
474369,1,250
474426,1,250
474429,1,250
474495,1,250
474528,1,250
474568,1,250
474584,1,250
474627,1,250
474777,1,250
474853,1,250
474854,1,250
474856,1,250
474860,1,250
474933,1,250
474971,1,250
474981,1,250
475000,1,250
475017,1,250
475025,1,250
475087,1,250
475139,1,250
475151,1,250
475151,1,250
475240,1,250
475294,1,250
475433,1,250
475463,1,250
475548,1,250
475578,1,250
475582,1,250
475595,1,250
475632,1,250
475708,1,250
475799,1,250
475815,1,250
475820,1,250
475907,1,250
475926,1,250
475939,1,250
476032,1,250
476096,1,250
476109,1,250
476139,1,250
476176,1,250
476280,1,250
476295,1,250
476326,1,250
476407,1,250
476706,1,250
476789,1,250
476793,1,250
476800,1,250
476816,1,250
476834,1,250
476851,1,250
476880,1,250
476970,1,250
476978,1,250
477042,1,250
477073,1,250
477112,1,250
477178,1,250
477485,1,250
477517,1,250
477517,1,250
477562,1,250
477582,1,250
477793,1,250
477804,1,250
477907,1,250
477995,1,250
478013,1,250
478024,1,250
478097,1,250
478466,1,250
478483,1,250
478539,1,250
478662,1,250
478706,1,250
478825,1,250
478837,1,250
478840,1,250
478846,1,250
479102,1,250
479207,1,250
479223,1,250
479388,1,250
479489,1,250
479506,1,250
479510,1,250
479518,1,250
479523,1,250
479528,1,250
479783,1,250
479918,1,250
480076,1,250
480139,1,250
480477,1,250
480538,1,250
480561,1,250
480677,1,250
480704,1,250
480786,1,250
481086,1,250
481236,1,250
481316,1,250
481524,1,250
481583,1,250
481597,1,250
481605,1,250
481624,1,250
481760,1,250
481783,1,250
481787,1,250
481788,1,250
481821,1,250
481909,1,250
482193,1,250
482282,1,250
482351,1,250
482353,1,250
482501,1,250
482576,1,250
482644,1,250
482669,1,250
482681,1,250
482692,1,250
482756,1,250
482867,1,250
482943,1,250
483013,1,250
483231,1,250
483523,1,250
483638,1,250
483705,1,250
483728,1,250
483759,1,250
483857,1,250
484029,1,250
484249,1,250
484335,1,250
484456,1,250
484607,1,250
484642,1,250
484644,1,250
484872,1,250
485008,1,250
485012,1,250
485289,1,250
485297,1,250
485347,1,250
485365,1,250
485366,1,250
485396,1,250
485630,1,250
485652,1,250
485655,1,250
485735,1,250
485752,1,250
486057,1,250
486099,1,250
486202,1,250
486230,1,250
486268,1,250
486315,1,250
486327,1,250
486413,1,250
486509,1,250
486644,1,250
486709,1,250
486820,1,250
486908,1,250
486914,1,250
486916,1,250
487048,1,250
487347,1,250
487516,1,250
487525,1,250
487552,1,250
487553,1,250
487662,1,250
487677,1,250
487748,1,250
488061,1,250
488266,1,250
488329,1,250
488363,1,250
488431,1,250
488475,1,250
488491,1,250
488597,1,250
488675,1,250
488773,1,250
488918,1,250
489043,1,250
489075,1,250
489229,1,250
489378,1,250
489379,1,250
489390,1,250
489411,1,250
489659,1,250
489665,1,250
489717,1,250
489733,1,250
489825,1,250
490027,1,250
490076,1,250
490139,1,250
490180,1,250
490190,1,250
490340,1,250
490353,1,250
490403,1,250
490567,1,250
490624,1,250
490642,1,250
490688,1,250
490840,1,250
491022,1,250
491025,1,250
491026,1,250
491058,1,250
491088,1,250
491114,1,250
491172,1,250
491188,1,250
491245,1,250
491274,1,250
491302,1,250
491330,1,250
491558,1,250
491589,1,250
491812,1,250
491908,1,250
491932,1,250
492044,1,250
492085,1,250
492118,1,250
492191,1,250
492262,1,250
492365,1,250
492640,1,250
492661,1,250
492827,1,250
492895,1,250
493001,1,250
493211,1,250
493343,1,250
493631,1,250
493748,1,250
493810,1,250
493811,1,250
493812,1,250
494030,1,250
494124,1,250
494284,1,250
494357,1,250
494405,1,250
494503,1,250
494518,1,250
494581,1,250
494681,1,250
495016,1,250
495032,1,250
495073,1,250
495211,1,250
495213,1,250
495250,1,250
495341,1,250
495362,1,250
495683,1,250
495730,1,250
495794,1,250
495933,1,250
496243,1,250
496460,1,250
496773,1,250
496811,1,250
496975,1,250
497026,1,250
497082,1,250
497145,1,250
497256,1,250
497316,1,250
497403,1,250
497435,1,250
497476,1,250
497516,1,250
497517,1,250
497519,1,250
497533,1,250
497656,1,250
497811,1,250
497818,1,250
497859,1,250
497881,1,250
498031,1,250
498158,1,250
498209,1,250
498226,1,250
498326,1,250
498359,1,250
498470,1,250
498485,1,250
498663,1,250
498668,1,250
498713,1,250
498817,1,250
498846,1,250
498878,1,250
498891,1,250
498893,1,250
499018,1,250
499154,1,250
499182,1,250
499247,1,250
499325,1,250
499598,1,250
499714,1,250
499720,1,250
499746,1,250
499987,1,250
500024,1,250
500109,1,250
500145,1,250
500180,1,250
500216,1,250
500389,1,250
500463,1,250
500544,1,250
500560,1,250
500796,1,250
500853,1,250
501098,1,250
501161,1,250
501225,1,250
501315,1,250
501406,1,250
501406,1,250
501501,1,250
501646,1,250
502010,1,250
502024,1,250
502102,1,250
502201,1,250
502234,1,250
502264,1,250
502309,1,250
502348,1,250
502382,1,250
502430,1,250
502632,1,250
503073,1,250
503354,1,250
503771,1,250
503879,1,250
504016,1,250
504098,1,250
504275,1,250
504323,1,250
504337,1,250
504399,1,250
504458,1,250
504501,1,250
504524,1,250
504790,1,250
504832,1,250
504834,1,250
504985,1,250
505019,1,250
505670,1,250
505865,1,250
505944,1,250
506095,1,250
506104,1,250
506343,1,250
506343,1,250
506693,1,250
507009,1,250
507099,1,250
507231,1,250
507380,1,250
507408,1,250
507410,1,250
507414,1,250
507416,1,250
507427,1,250
507525,1,250
507856,1,250
507860,1,250
507907,1,250
507918,1,250
508014,1,250
508038,1,250
508058,1,250
508344,1,250
508437,1,250
508445,1,250
508508,1,250
508580,1,250
508605,1,250
508721,1,250
508763,1,250
508800,1,250
508838,1,250
508844,1,250
509039,1,250
509064,1,250
509077,1,250
509152,1,250
509158,1,250
509407,1,250
509471,1,250
509476,1,250
509553,1,250
509808,1,250
509818,1,250
510221,1,250
510230,1,250
510384,1,250
510408,1,250
510468,1,250
510736,1,250
510751,1,250
510789,1,250
510893,1,250
511117,1,250
511224,1,250
511313,1,250
511321,1,250
511352,1,250
511417,1,250
511585,1,250
511692,1,250
511700,1,250
511866,1,250
511902,1,250
511990,1,250
512202,1,250
512476,1,250
512485,1,250
512688,1,250
512772,1,250
512793,1,250
512811,1,250
512868,1,250
512988,1,250
513078,1,250
513115,1,250
513161,1,250
513195,1,250
513221,1,250
513412,1,250
513508,1,250
513612,1,250
513716,1,250
513798,1,250
513859,1,250
513955,1,250
513965,1,250
514004,1,250
514178,1,250
514299,1,250
514418,1,250
514470,1,250
514590,1,250
514645,1,250
515055,1,250
515164,1,250
515181,1,250
515224,1,250
515241,1,250
515399,1,250
515529,1,250
516237,1,250
516415,1,250
516477,1,250
516876,1,250
516881,1,250
516926,1,250
516946,1,250
517061,1,250
517084,1,250
517130,1,250
517157,1,250
517226,1,250
517275,1,250
517400,1,250
517441,1,250
517479,1,250
517563,1,250
517667,1,250
517819,1,250
518031,1,250
518089,1,250
518142,1,250
518334,1,250
518455,1,250
518603,1,250
518758,1,250
518841,1,250
518980,1,250
519220,1,250
519597,1,250
519791,1,250
519833,1,250
520116,1,250
520137,1,250
520297,1,250
520555,1,250
520595,1,250
520769,1,250
520915,1,250
520955,1,250
521616,1,250
521686,1,250
521764,1,250
522021,1,250
522040,1,250
522044,1,250
522056,1,250
522087,1,250
522090,1,250
522134,1,250
522153,1,250
522345,1,250
522348,1,250
522448,1,250
522485,1,250
522580,1,250
522730,1,250
522736,1,250
523046,1,250
523111,1,250
523128,1,250
523220,1,250
523495,1,250
523580,1,250
523851,1,250
523986,1,250
524047,1,250
524168,1,250
524248,1,250
524313,1,250
524321,1,250
524563,1,250
524685,1,250
525191,1,250
525560,1,250
525636,1,250
525801,1,250
525908,1,250
526203,1,250
526231,1,250
526562,1,250
526569,1,250
526666,1,250
526707,1,250
526759,1,250
526759,1,250
526819,1,250
526868,1,250
526878,1,250
527164,1,250
527230,1,250
527405,1,250
527444,1,250
527469,1,250
527469,1,250
527499,1,250
527573,1,250
527826,1,250
527869,1,250
527936,1,250
528027,1,250
528188,1,250
528229,1,250
528240,1,250
528245,1,250
528251,1,250
528407,1,250
528450,1,250
528564,1,250
528962,1,250
529007,1,250
529043,1,250
529592,1,250
529748,1,250
530059,1,250
530262,1,250
530444,1,250
530698,1,250
531067,1,250
531437,1,250
531630,1,250
531699,1,250
532282,1,250
532417,1,250
532421,1,250
532442,1,250
532477,1,250
532584,1,250
532628,1,250
533002,1,250
533223,1,250
533544,1,250
533582,1,250
534163,1,250
534761,1,250
534787,1,250
535161,1,250
535267,1,250
535434,1,250
535498,1,250
535544,1,250
535728,1,250
535769,1,250
535872,1,250
535984,1,250
536031,1,250
536098,1,250
536166,1,250
536322,1,250
536437,1,250
536583,1,250
536637,1,250
537139,1,250
537155,1,250
537158,1,250
537364,1,250
537521,1,250
537554,1,250
537661,1,250
538238,1,250
538456,1,250
538551,1,250
539005,1,250
539576,1,250
539736,1,250
539756,1,250
539860,1,250
540080,1,250
540103,1,250
540418,1,250
540770,1,250
540898,1,250
541361,1,250
541927,1,250
542453,1,250
542897,1,250
543048,1,250
543940,1,250
544128,1,250
544593,1,250
544651,1,250
544704,1,250
545066,1,250
546326,1,250
547069,1,250
547602,1,250
547653,1,250
548263,1,250
548336,1,250
548528,1,250
548703,1,250
548818,1,250
549049,1,250
549195,1,250
549232,1,250
549498,1,250
549938,1,250
550051,1,250
550158,1,250
550271,1,250
550724,1,250
551024,1,250
551114,1,250
551225,1,250
551654,1,250
551857,1,250
552322,1,250
552440,1,250
552595,1,250
552681,1,250
552778,1,250
552937,1,250
552949,1,250
553458,1,250
553478,1,250
553621,1,250
555199,1,250
555220,1,250
556548,1,250
556620,1,250
557466,1,250
557594,1,250
557819,1,250
558691,1,250
559299,1,250
559378,1,250
559543,1,250
559722,1,250
560119,1,250
560963,1,250
561093,1,250
561094,1,250
561248,1,250
561639,1,250
562019,1,250
562204,1,250
563166,1,250
563532,1,250
563564,1,250
563793,1,250
564007,1,250
564223,1,250
564932,1,250
565124,1,250
565204,1,250
565592,1,250
565627,1,250
565654,1,250
566075,1,250
566176,1,250
566236,1,250
566383,1,250
566494,1,250
566541,1,250
566710,1,250
566726,1,250
567009,1,250
567430,1,250
567678,1,250
567890,1,250
568167,1,250
568527,1,250
568585,1,250
568591,1,250
568690,1,250
568699,1,250
568819,1,250
568828,1,250
569066,1,250
569066,1,250
569279,1,250
569279,1,250
569987,1,250
570273,1,250
570935,1,250
571280,1,250
571965,1,250
572615,1,250
572782,1,250
573087,1,250
573217,1,250
573286,1,250
573330,1,250
574071,1,250
574166,1,250
574306,1,250
574324,1,250
575294,1,250
575308,1,250
575498,1,250
575546,1,250
575851,1,250
576001,1,250
576170,1,250
576174,1,250
576484,1,250
578020,1,250
578123,1,250
578219,1,250
578739,1,250
579088,1,250
579560,1,250
579728,1,250
580710,1,250
