471,1,250
1255,1,250
1836,1,250
2363,1,250
2541,1,250
2671,1,250
2829,1,250
3208,1,250
3390,1,250
4360,1,250
4409,1,250
4655,1,250
4823,1,250
5180,1,250
5371,1,250
6015,1,250
6838,1,250
7346,1,250
7473,1,250
7517,1,250
8324,1,250
8846,1,250
9323,1,250
9527,1,250
9929,1,250
10373,1,250
10403,1,250
10848,1,250
11089,1,250
11329,1,250
11575,1,250
11718,1,250
11745,1,250
11905,1,250
11914,1,250
12673,1,250
14057,1,250
14389,1,250
14506,1,250
14848,1,250
15134,1,250
15183,1,250
16060,1,250
16197,1,250
17062,1,250
17442,1,250
18177,1,250
18214,1,250
18652,1,250
19174,1,250
19334,1,250
19433,1,250
19556,1,250
19657,1,250
19882,1,250
20090,1,250
20125,1,250
20417,1,250
20642,1,250
20888,1,250
21260,1,250
21511,1,250
21594,1,250
21796,1,250
22326,1,250
23295,1,250
23300,1,250
24993,1,250
25001,1,250
25383,1,250
25495,1,250
25717,1,250
25783,1,250
25901,1,250
26421,1,250
27017,1,250
28026,1,250
28643,1,250
29198,1,250
29358,1,250
29443,1,250
29624,1,250
29649,1,250
29804,1,250
30345,1,250
30811,1,250
31495,1,250
31647,1,250
31764,1,250
31943,1,250
32634,1,250
33061,1,250
33246,1,250
33337,1,250
33571,1,250
33601,1,250
33638,1,250
33936,1,250
34393,1,250
35435,1,250
36690,1,250
36790,1,250
36856,1,250
38053,1,250
38055,1,250
38283,1,250
42022,1,250
42195,1,250
42408,1,250
42641,1,250
42920,1,250
43005,1,250
43069,1,250
43425,1,250
43500,1,250
43501,1,250
43697,1,250
43726,1,250
43764,1,250
43848,1,250
43941,1,250
44601,1,250
44664,1,250
44855,1,250
44873,1,250
45009,1,250
45030,1,250
45081,1,250
45268,1,250
45720,1,250
45728,1,250
45731,1,250
45811,1,250
45887,1,250
46108,1,250
46216,1,250
46433,1,250
46673,1,250
46710,1,250
47324,1,250
47353,1,250
47397,1,250
47882,1,250
48011,1,250
48027,1,250
48065,1,250
48248,1,250
48254,1,250
48657,1,250
48736,1,250
48833,1,250
48866,1,250
49473,1,250
49520,1,250
49571,1,250
50107,1,250
50523,1,250
51484,1,250
52569,1,250
52642,1,250
52727,1,250
53944,1,250
54615,1,250
55030,1,250
55760,1,250
55848,1,250
55884,1,250
56456,1,250
56668,1,250
57651,1,250
57686,1,250
58002,1,250
58215,1,250
58384,1,250
58918,1,250
59011,1,250
59042,1,250
59265,1,250
59346,1,250
59475,1,250
59694,1,250
59784,1,250
60174,1,250
60234,1,250
60868,1,250
60885,1,250
60903,1,250
61053,1,250
61076,1,250
62126,1,250
62616,1,250
63633,1,250
63969,1,250
64076,1,250
65278,1,250
65664,1,250
65712,1,250
66021,1,250
66141,1,250
66173,1,250
66468,1,250
66591,1,250
66693,1,250
66739,1,250
66835,1,250
66870,1,250
66887,1,250
66895,1,250
66926,1,250
67002,1,250
67181,1,250
67395,1,250
67461,1,250
67625,1,250
67708,1,250
67776,1,250
67896,1,250
67937,1,250
68410,1,250
68438,1,250
69018,1,250
69193,1,250
69390,1,250
69429,1,250
69543,1,250
69709,1,250
69716,1,250
69776,1,250
69910,1,250
70015,1,250
70101,1,250
70113,1,250
70318,1,250
70729,1,250
70799,1,250
71207,1,250
71231,1,250
71255,1,250
71602,1,250
71786,1,250
71841,1,250
72432,1,250
72511,1,250
72765,1,250
72779,1,250
72823,1,250
72869,1,250
73300,1,250
73365,1,250
73430,1,250
73470,1,250
73650,1,250
73756,1,250
73824,1,250
74078,1,250
74297,1,250
74342,1,250
74424,1,250
74643,1,250
74903,1,250
75008,1,250
75509,1,250
75698,1,250
76291,1,250
76517,1,250
76702,1,250
76859,1,250
77326,1,250
77411,1,250
77475,1,250
77534,1,250
77598,1,250
77688,1,250
77814,1,250
77852,1,250
78049,1,250
78820,1,250
78909,1,250
78925,1,250
79717,1,250
79767,1,250
80130,1,250
80146,1,250
80258,1,250
80291,1,250
80320,1,250
80570,1,250
80751,1,250
80771,1,250
80936,1,250
81174,1,250
81435,1,250
81594,1,250
81959,1,250
82631,1,250
82708,1,250
82848,1,250
83059,1,250
83372,1,250
83505,1,250
83543,1,250
83673,1,250
83795,1,250
84054,1,250
85207,1,250
85326,1,250
85367,1,250
85501,1,250
85530,1,250
85869,1,250
86031,1,250
86194,1,250
86269,1,250
86964,1,250
87086,1,250
87091,1,250
87184,1,250
87261,1,250
87600,1,250
87618,1,250
87669,1,250
87859,1,250
87945,1,250
88233,1,250
88312,1,250
88505,1,250
89106,1,250
89338,1,250
90056,1,250
90244,1,250
90336,1,250
90385,1,250
90478,1,250
90513,1,250
90516,1,250
90649,1,250
90660,1,250
90708,1,250
90749,1,250
90757,1,250
90801,1,250
90905,1,250
91057,1,250
91062,1,250
91160,1,250
91271,1,250
91276,1,250
91298,1,250
91312,1,250
91367,1,250
91430,1,250
91459,1,250
91495,1,250
91532,1,250
91600,1,250
91617,1,250
91767,1,250
91783,1,250
91875,1,250
92008,1,250
92032,1,250
92042,1,250
92181,1,250
92259,1,250
92287,1,250
92296,1,250
92354,1,250
92378,1,250
92411,1,250
92560,1,250
92615,1,250
92750,1,250
92791,1,250
92797,1,250
92984,1,250
93013,1,250
93061,1,250
93068,1,250
93297,1,250
93460,1,250
93555,1,250
93586,1,250
93600,1,250
93675,1,250
93976,1,250
94025,1,250
94044,1,250
94054,1,250
94107,1,250
94199,1,250
94256,1,250
94258,1,250
94266,1,250
94309,1,250
94339,1,250
94531,1,250
94911,1,250
94921,1,250
95008,1,250
95130,1,250
95149,1,250
95236,1,250
95238,1,250
95386,1,250
95390,1,250
95415,1,250
95424,1,250
95506,1,250
95640,1,250
95884,1,250
96040,1,250
96268,1,250
96674,1,250
96693,1,250
97068,1,250
97134,1,250
97533,1,250
97652,1,250
97973,1,250
98000,1,250
98057,1,250
98078,1,250
98093,1,250
98279,1,250
98434,1,250
98567,1,250
98574,1,250
98638,1,250
98808,1,250
98818,1,250
98846,1,250
98858,1,250
99113,1,250
99199,1,250
99270,1,250
99721,1,250
99972,1,250
100087,1,250
100101,1,250
100141,1,250
100375,1,250
100862,1,250
100945,1,250
101030,1,250
101197,1,250
101267,1,250
101408,1,250
101427,1,250
101483,1,250
102199,1,250
102409,1,250
102503,1,250
102508,1,250
102676,1,250
102773,1,250
102833,1,250
102835,1,250
102845,1,250
102939,1,250
103001,1,250
103081,1,250
103100,1,250
103189,1,250
103261,1,250
103293,1,250
103358,1,250
103363,1,250
103419,1,250
103470,1,250
103503,1,250
103603,1,250
103670,1,250
103777,1,250
103822,1,250
103851,1,250
103921,1,250
103932,1,250
104075,1,250
104490,1,250
104601,1,250
104933,1,250
104934,1,250
105087,1,250
105179,1,250
105249,1,250
105274,1,250
105297,1,250
105346,1,250
105370,1,250
105378,1,250
105428,1,250
105621,1,250
105705,1,250
105858,1,250
105984,1,250
106042,1,250
106254,1,250
106297,1,250
106439,1,250
106633,1,250
106662,1,250
106665,1,250
106841,1,250
106897,1,250
106909,1,250
106986,1,250
107103,1,250
107163,1,250
107226,1,250
107334,1,250
107352,1,250
107444,1,250
107452,1,250
107506,1,250
107543,1,250
107824,1,250
107946,1,250
108001,1,250
108038,1,250
108526,1,250
108605,1,250
108616,1,250
109104,1,250
109127,1,250
109337,1,250
109461,1,250
109502,1,250
109713,1,250
110001,1,250
110036,1,250
110071,1,250
110075,1,250
110111,1,250
110184,1,250
110196,1,250
110309,1,250
110422,1,250
110552,1,250
110677,1,250
110693,1,250
110789,1,250
110794,1,250
110801,1,250
110838,1,250
111005,1,250
111092,1,250
111131,1,250
111295,1,250
111403,1,250
111500,1,250
111574,1,250
111621,1,250
111725,1,250
111967,1,250
111982,1,250
111993,1,250
112026,1,250
112081,1,250
112183,1,250
112292,1,250
112304,1,250
112464,1,250
112600,1,250
112829,1,250
112883,1,250
113048,1,250
113055,1,250
113095,1,250
113188,1,250
113304,1,250
113532,1,250
113767,1,250
113822,1,250
113889,1,250
113988,1,250
114028,1,250
114178,1,250
114187,1,250
114187,1,250
114216,1,250
114313,1,250
114366,1,250
114460,1,250
114561,1,250
114677,1,250
114706,1,250
114771,1,250
114795,1,250
114810,1,250
115027,1,250
115056,1,250
115114,1,250
115149,1,250
115251,1,250
115290,1,250
115423,1,250
115523,1,250
115606,1,250
115637,1,250
115656,1,250
115741,1,250
115820,1,250
115860,1,250
116049,1,250
116296,1,250
116316,1,250
116343,1,250
116387,1,250
116640,1,250
116692,1,250
116775,1,250
117089,1,250
117123,1,250
117166,1,250
117255,1,250
117257,1,250
117267,1,250
117306,1,250
117310,1,250
117315,1,250
117404,1,250
117431,1,250
117433,1,250
117453,1,250
117479,1,250
117652,1,250
117697,1,250
117834,1,250
117843,1,250
118283,1,250
118291,1,250
118363,1,250
118439,1,250
118474,1,250
118507,1,250
118795,1,250
118835,1,250
118840,1,250
118933,1,250
118958,1,250
119160,1,250
119247,1,250
119366,1,250
119435,1,250
119586,1,250
119596,1,250
119624,1,250
119763,1,250
119768,1,250
120058,1,250
120144,1,250
120214,1,250
120265,1,250
120275,1,250
120304,1,250
120342,1,250
120359,1,250
120495,1,250
120585,1,250
120882,1,250
120937,1,250
121073,1,250
121091,1,250
121185,1,250
121204,1,250
121273,1,250
121724,1,250
121761,1,250
122180,1,250
122258,1,250
122379,1,250
122400,1,250
122423,1,250
122486,1,250
122546,1,250
122594,1,250
122743,1,250
122953,1,250
123137,1,250
123178,1,250
123237,1,250
123306,1,250
123336,1,250
123368,1,250
123469,1,250
123471,1,250
123521,1,250
123579,1,250
123626,1,250
123733,1,250
123788,1,250
123867,1,250
123870,1,250
123877,1,250
124016,1,250
124234,1,250
124257,1,250
124291,1,250
124303,1,250
124312,1,250
124332,1,250
124718,1,250
124976,1,250
125012,1,250
125023,1,250
125106,1,250
125141,1,250
125257,1,250
125353,1,250
125436,1,250
125468,1,250
125478,1,250
125502,1,250
125608,1,250
125838,1,250
125883,1,250
126181,1,250
126280,1,250
126294,1,250
126298,1,250
126557,1,250
126579,1,250
126591,1,250
126766,1,250
126810,1,250
126831,1,250
126894,1,250
126956,1,250
127120,1,250
127144,1,250
127215,1,250
127447,1,250
127448,1,250
127653,1,250
127661,1,250
127697,1,250
127944,1,250
128079,1,250
128103,1,250
128107,1,250
128134,1,250
128180,1,250
128338,1,250
128414,1,250
128418,1,250
128444,1,250
128452,1,250
128510,1,250
128513,1,250
128532,1,250
128569,1,250
128618,1,250
128648,1,250
128669,1,250
128681,1,250
128782,1,250
128878,1,250
128941,1,250
128941,1,250
129015,1,250
129026,1,250
129030,1,250
129152,1,250
129175,1,250
129320,1,250
129510,1,250
129540,1,250
129736,1,250
129824,1,250
130026,1,250
130144,1,250
130290,1,250
130296,1,250
130471,1,250
130538,1,250
130580,1,250
130611,1,250
130672,1,250
130707,1,250
130793,1,250
130946,1,250
130948,1,250
131023,1,250
131121,1,250
131180,1,250
131259,1,250
131450,1,250
131463,1,250
131491,1,250
131494,1,250
131573,1,250
131633,1,250
131830,1,250
131840,1,250
131933,1,250
132050,1,250
132078,1,250
132089,1,250
132122,1,250
132181,1,250
132183,1,250
132479,1,250
132751,1,250
132760,1,250
132798,1,250
132899,1,250
132903,1,250
133041,1,250
133059,1,250
133132,1,250
133175,1,250
133196,1,250
133234,1,250
133287,1,250
133393,1,250
133407,1,250
133542,1,250
133592,1,250
133616,1,250
133708,1,250
133777,1,250
133789,1,250
133796,1,250
133803,1,250
133818,1,250
133868,1,250
133877,1,250
134010,1,250
134010,1,250
134094,1,250
134152,1,250
134188,1,250
134339,1,250
134383,1,250
134419,1,250
134882,1,250
135043,1,250
135046,1,250
135117,1,250
135214,1,250
135401,1,250
135475,1,250
135479,1,250
135627,1,250
135878,1,250
136136,1,250
136199,1,250
136268,1,250
136294,1,250
136524,1,250
136580,1,250
136587,1,250
136656,1,250
136690,1,250
136710,1,250
136757,1,250
136832,1,250
136836,1,250
136868,1,250
136916,1,250
137040,1,250
137095,1,250
137250,1,250
137265,1,250
137265,1,250
137271,1,250
137337,1,250
137366,1,250
137430,1,250
137430,1,250
137452,1,250
137461,1,250
137546,1,250
137586,1,250
137602,1,250
137631,1,250
137672,1,250
137684,1,250
137735,1,250
137773,1,250
137813,1,250
137826,1,250
137926,1,250
138003,1,250
138013,1,250
138032,1,250
138050,1,250
138104,1,250
138118,1,250
138203,1,250
138220,1,250
138234,1,250
138246,1,250
138288,1,250
138301,1,250
138343,1,250
138459,1,250
138463,1,250
138520,1,250
138578,1,250
138601,1,250
138772,1,250
138807,1,250
138841,1,250
138858,1,250
138906,1,250
138907,1,250
138927,1,250
139004,1,250
139081,1,250
139092,1,250
139172,1,250
139260,1,250
139269,1,250
139323,1,250
139348,1,250
139531,1,250
139660,1,250
139747,1,250
139867,1,250
139875,1,250
139935,1,250
139968,1,250
139993,1,250
140090,1,250
140164,1,250
140195,1,250
140236,1,250
140241,1,250
140331,1,250
140333,1,250
140353,1,250
140355,1,250
140494,1,250
140507,1,250
140672,1,250
140707,1,250
140727,1,250
140765,1,250
140808,1,250
140873,1,250
140907,1,250
140922,1,250
140924,1,250
140995,1,250
141007,1,250
141077,1,250
141209,1,250
141297,1,250
141318,1,250
141350,1,250
141361,1,250
141421,1,250
141438,1,250
141723,1,250
141753,1,250
141808,1,250
141819,1,250
141827,1,250
141847,1,250
141903,1,250
141971,1,250
142001,1,250
142064,1,250
142074,1,250
142147,1,250
142162,1,250
142164,1,250
142188,1,250
142189,1,250
142230,1,250
142298,1,250
142347,1,250
142541,1,250
142587,1,250
142617,1,250
142645,1,250
142645,1,250
142794,1,250
142868,1,250
142927,1,250
142939,1,250
142967,1,250
143029,1,250
143087,1,250
143097,1,250
143113,1,250
143116,1,250
143137,1,250
143156,1,250
143241,1,250
143446,1,250
143675,1,250
143716,1,250
143718,1,250
143795,1,250
143862,1,250
143910,1,250
143912,1,250
143932,1,250
143945,1,250
144095,1,250
144113,1,250
144154,1,250
144186,1,250
144300,1,250
144425,1,250
144510,1,250
144592,1,250
144613,1,250
144632,1,250
144661,1,250
144754,1,250
144767,1,250
144773,1,250
144798,1,250
144799,1,250
144803,1,250
144905,1,250
145016,1,250
145052,1,250
145105,1,250
145142,1,250
145143,1,250
145320,1,250
145324,1,250
145334,1,250
145451,1,250
145692,1,250
145707,1,250
145733,1,250
145773,1,250
145786,1,250
145859,1,250
145946,1,250
146036,1,250
146056,1,250
146204,1,250
146267,1,250
146276,1,250
146289,1,250
146306,1,250
146449,1,250
146470,1,250
146527,1,250
146549,1,250
146665,1,250
146784,1,250
146855,1,250
146877,1,250
146927,1,250
146930,1,250
146947,1,250
146949,1,250
146966,1,250
147100,1,250
147138,1,250
147159,1,250
147159,1,250
147239,1,250
147263,1,250
147325,1,250
147327,1,250
147410,1,250
147411,1,250
147444,1,250
147454,1,250
147471,1,250
147501,1,250
147542,1,250
147663,1,250
147753,1,250
147804,1,250
147881,1,250
147940,1,250
148231,1,250
148247,1,250
148363,1,250
148396,1,250
148457,1,250
148484,1,250
148485,1,250
148500,1,250
148581,1,250
148614,1,250
148808,1,250
148857,1,250
149030,1,250
149044,1,250
149070,1,250
149226,1,250
149254,1,250
149437,1,250
149449,1,250
149457,1,250
149578,1,250
149623,1,250
149646,1,250
149677,1,250
149692,1,250
149694,1,250
149750,1,250
149839,1,250
149858,1,250
149861,1,250
149895,1,250
149958,1,250
150018,1,250
150042,1,250
150072,1,250
150138,1,250
150146,1,250
150185,1,250
150194,1,250
150365,1,250
150417,1,250
150423,1,250
150430,1,250
150513,1,250
150515,1,250
150530,1,250
150617,1,250
150874,1,250
150907,1,250
151029,1,250
151172,1,250
151180,1,250
151217,1,250
151224,1,250
151314,1,250
151318,1,250
151509,1,250
151514,1,250
151681,1,250
151779,1,250
151796,1,250
151888,1,250
152017,1,250
152028,1,250
152198,1,250
152200,1,250
152211,1,250
152252,1,250
152318,1,250
152345,1,250
152359,1,250
152409,1,250
152427,1,250
152436,1,250
152598,1,250
152701,1,250
152791,1,250
152805,1,250
152927,1,250
153039,1,250
153052,1,250
153156,1,250
153208,1,250
153258,1,250
153259,1,250
153331,1,250
153401,1,250
153631,1,250
153765,1,250
153789,1,250
153911,1,250
153947,1,250
154102,1,250
154139,1,250
154185,1,250
154219,1,250
154313,1,250
154333,1,250
154426,1,250
154534,1,250
154665,1,250
154695,1,250
154811,1,250
154849,1,250
154894,1,250
154934,1,250
154963,1,250
155000,1,250
155003,1,250
155053,1,250
155175,1,250
155194,1,250
155195,1,250
155240,1,250
155310,1,250
155381,1,250
155410,1,250
155435,1,250
155468,1,250
155487,1,250
155603,1,250
155748,1,250
155962,1,250
155962,1,250
156035,1,250
156106,1,250
156174,1,250
156201,1,250
156264,1,250
156320,1,250
156329,1,250
156462,1,250
156698,1,250
156766,1,250
156849,1,250
156884,1,250
156906,1,250
157218,1,250
157244,1,250
157256,1,250
157280,1,250
157408,1,250
157471,1,250
157594,1,250
157605,1,250
157629,1,250
157679,1,250
157715,1,250
157873,1,250
157921,1,250
157947,1,250
158001,1,250
158013,1,250
158117,1,250
158186,1,250
158200,1,250
158314,1,250
158320,1,250
158329,1,250
158346,1,250
158368,1,250
158383,1,250
158498,1,250
158548,1,250
158554,1,250
158565,1,250
158671,1,250
158779,1,250
158812,1,250
158816,1,250
158907,1,250
158934,1,250
159060,1,250
159075,1,250
159124,1,250
159170,1,250
159340,1,250
159456,1,250
159673,1,250
159677,1,250
159780,1,250
159780,1,250
159781,1,250
159864,1,250
159910,1,250
159989,1,250
160020,1,250
160054,1,250
160057,1,250
160058,1,250
160076,1,250
160153,1,250
160229,1,250
160245,1,250
160250,1,250
160257,1,250
160282,1,250
160301,1,250
160327,1,250
160337,1,250
160369,1,250
160401,1,250
160471,1,250
160474,1,250
160657,1,250
160902,1,250
160906,1,250
160906,1,250
160953,1,250
160988,1,250
161014,1,250
161051,1,250
161195,1,250
161211,1,250
161217,1,250
161227,1,250
161304,1,250
161373,1,250
161393,1,250
161411,1,250
161480,1,250
161496,1,250
161504,1,250
161585,1,250
161625,1,250
161690,1,250
161694,1,250
161723,1,250
161726,1,250
161763,1,250
161774,1,250
161778,1,250
161791,1,250
161814,1,250
162004,1,250
162024,1,250
162063,1,250
162105,1,250
162148,1,250
162216,1,250
162218,1,250
162292,1,250
162311,1,250
162357,1,250
162373,1,250
162397,1,250
162399,1,250
162401,1,250
162479,1,250
162486,1,250
162534,1,250
162594,1,250
162618,1,250
162687,1,250
162739,1,250
162774,1,250
162855,1,250
162918,1,250
163022,1,250
163055,1,250
163057,1,250
163081,1,250
163130,1,250
163133,1,250
163164,1,250
163199,1,250
163231,1,250
163294,1,250
163296,1,250
163302,1,250
163311,1,250
163339,1,250
163371,1,250
163408,1,250
163448,1,250
163575,1,250
163577,1,250
163580,1,250
163611,1,250
163650,1,250
163674,1,250
163694,1,250
163747,1,250
163747,1,250
163851,1,250
163908,1,250
163918,1,250
163975,1,250
164004,1,250
164067,1,250
164140,1,250
164174,1,250
164201,1,250
164225,1,250
164345,1,250
164433,1,250
164750,1,250
164794,1,250
164801,1,250
164863,1,250
164910,1,250
164954,1,250
164977,1,250
164989,1,250
165005,1,250
165015,1,250
165023,1,250
165091,1,250
165128,1,250
165177,1,250
165210,1,250
165223,1,250
165431,1,250
165505,1,250
165518,1,250
165584,1,250
165614,1,250
165628,1,250
165656,1,250
165738,1,250
165859,1,250
165886,1,250
165943,1,250
166065,1,250
166185,1,250
166196,1,250
166229,1,250
166292,1,250
166315,1,250
166352,1,250
166493,1,250
166513,1,250
166567,1,250
166600,1,250
166600,1,250
166634,1,250
166671,1,250
166702,1,250
166802,1,250
166822,1,250
166823,1,250
166845,1,250
167089,1,250
167123,1,250
167179,1,250
167195,1,250
167227,1,250
167305,1,250
167523,1,250
167561,1,250
167582,1,250
167587,1,250
167647,1,250
167710,1,250
167711,1,250
167778,1,250
167827,1,250
168118,1,250
168127,1,250
168201,1,250
168239,1,250
168266,1,250
168321,1,250
168340,1,250
168389,1,250
168403,1,250
168467,1,250
168506,1,250
168738,1,250
168740,1,250
168817,1,250
168938,1,250
168976,1,250
169024,1,250
169063,1,250
169065,1,250
169095,1,250
169159,1,250
169166,1,250
169171,1,250
169180,1,250
169188,1,250
169236,1,250
169273,1,250
169331,1,250
169603,1,250
169633,1,250
169643,1,250
169673,1,250
169680,1,250
169686,1,250
169712,1,250
169721,1,250
169754,1,250
169782,1,250
169853,1,250
169869,1,250
170171,1,250
170202,1,250
170262,1,250
170327,1,250
170387,1,250
170416,1,250
170481,1,250
170729,1,250
170772,1,250
170791,1,250
170806,1,250
170846,1,250
170974,1,250
171126,1,250
171206,1,250
171346,1,250
171356,1,250
171536,1,250
171577,1,250
171674,1,250
171715,1,250
171732,1,250
171748,1,250
172055,1,250
172078,1,250
172092,1,250
172156,1,250
172345,1,250
172381,1,250
172417,1,250
172424,1,250
172559,1,250
172618,1,250
172632,1,250
172765,1,250
172888,1,250
172974,1,250
173016,1,250
173058,1,250
173061,1,250
173187,1,250
173188,1,250
173210,1,250
173303,1,250
173342,1,250
173376,1,250
173443,1,250
173461,1,250
173517,1,250
173538,1,250
173544,1,250
173591,1,250
173601,1,250
173650,1,250
173661,1,250
173711,1,250
173779,1,250
173826,1,250
173885,1,250
173910,1,250
173925,1,250
174009,1,250
174248,1,250
174381,1,250
174390,1,250
174459,1,250
174484,1,250
174506,1,250
174586,1,250
174710,1,250
174751,1,250
174811,1,250
174911,1,250
174951,1,250
174953,1,250
175002,1,250
175076,1,250
175136,1,250
175140,1,250
175164,1,250
175182,1,250
175203,1,250
175227,1,250
175238,1,250
175327,1,250
175355,1,250
175400,1,250
175449,1,250
175471,1,250
175484,1,250
175526,1,250
175563,1,250
175571,1,250
175588,1,250
175664,1,250
175723,1,250
175785,1,250
175809,1,250
175843,1,250
175869,1,250
175918,1,250
176033,1,250
176058,1,250
176071,1,250
176073,1,250
176286,1,250
176288,1,250
176320,1,250
176428,1,250
176560,1,250
176721,1,250
176730,1,250
176759,1,250
176767,1,250
176900,1,250
176903,1,250
176943,1,250
176961,1,250
176964,1,250
177008,1,250
177046,1,250
177117,1,250
177127,1,250
177200,1,250
177232,1,250
177238,1,250
177244,1,250
177246,1,250
177279,1,250
177318,1,250
177338,1,250
177344,1,250
177391,1,250
177504,1,250
177558,1,250
177563,1,250
177583,1,250
177726,1,250
177728,1,250
177781,1,250
177806,1,250
177873,1,250
177882,1,250
177933,1,250
178104,1,250
178115,1,250
178139,1,250
178323,1,250
178333,1,250
178338,1,250
178373,1,250
178415,1,250
178473,1,250
178539,1,250
178551,1,250
178674,1,250
178856,1,250
178881,1,250
178907,1,250
179014,1,250
179091,1,250
179305,1,250
179361,1,250
179402,1,250
179446,1,250
179466,1,250
179509,1,250
179537,1,250
179700,1,250
179717,1,250
179719,1,250
179727,1,250
179749,1,250
179757,1,250
179811,1,250
179812,1,250
179869,1,250
179910,1,250
179960,1,250
180014,1,250
180030,1,250
180078,1,250
180103,1,250
180397,1,250
180408,1,250
180421,1,250
180455,1,250
180459,1,250
180546,1,250
180548,1,250
180653,1,250
180683,1,250
180709,1,250
180898,1,250
181000,1,250
181023,1,250
181061,1,250
181147,1,250
181168,1,250
181328,1,250
181367,1,250
181501,1,250
181563,1,250
181618,1,250
181863,1,250
181867,1,250
181889,1,250
181937,1,250
181985,1,250
181988,1,250
182043,1,250
182096,1,250
182182,1,250
182189,1,250
182245,1,250
182361,1,250
182483,1,250
182677,1,250
182822,1,250
182862,1,250
183076,1,250
183137,1,250
183150,1,250
183159,1,250
183216,1,250
183234,1,250
183343,1,250
183386,1,250
183395,1,250
183456,1,250
183458,1,250
183461,1,250
183508,1,250
183512,1,250
183706,1,250
183712,1,250
183772,1,250
183798,1,250
183800,1,250
183839,1,250
183856,1,250
183903,1,250
183927,1,250
184062,1,250
184151,1,250
184186,1,250
184210,1,250
184370,1,250
184373,1,250
184433,1,250
184479,1,250
184486,1,250
184486,1,250
184542,1,250
184654,1,250
184700,1,250
184764,1,250
184785,1,250
184827,1,250
184844,1,250
185116,1,250
185149,1,250
185321,1,250
185325,1,250
185407,1,250
185482,1,250
185595,1,250
185665,1,250
185675,1,250
185691,1,250
185712,1,250
185738,1,250
185825,1,250
185909,1,250
185916,1,250
185967,1,250
186003,1,250
186021,1,250
186026,1,250
186039,1,250
186057,1,250
186066,1,250
186076,1,250
186085,1,250
186121,1,250
186137,1,250
186161,1,250
186205,1,250
186379,1,250
186528,1,250
186570,1,250
186608,1,250
186610,1,250
186634,1,250
186635,1,250
186669,1,250
186671,1,250
186686,1,250
186704,1,250
186713,1,250
186714,1,250
186716,1,250
186831,1,250
186831,1,250
186865,1,250
186874,1,250
186959,1,250
186975,1,250
187035,1,250
187100,1,250
187106,1,250
187199,1,250
187231,1,250
187290,1,250
187477,1,250
187486,1,250
187489,1,250
187538,1,250
187554,1,250
187634,1,250
187656,1,250
187657,1,250
187683,1,250
187710,1,250
187770,1,250
187782,1,250
187820,1,250
187825,1,250
187884,1,250
187888,1,250
188203,1,250
188204,1,250
188214,1,250
188293,1,250
188322,1,250
188369,1,250
188398,1,250
188417,1,250
188467,1,250
188507,1,250
188516,1,250
188584,1,250
188605,1,250
188644,1,250
188693,1,250
188814,1,250
188911,1,250
189137,1,250
189161,1,250
189188,1,250
189262,1,250
189266,1,250
189323,1,250
189488,1,250
189494,1,250
189496,1,250
189555,1,250
189674,1,250
189771,1,250
189834,1,250
189939,1,250
189990,1,250
190042,1,250
190084,1,250
190093,1,250
190099,1,250
190188,1,250
190277,1,250
190332,1,250
190334,1,250
190363,1,250
190367,1,250
190367,1,250
190407,1,250
190420,1,250
190554,1,250
190565,1,250
190571,1,250
190594,1,250
190636,1,250
190684,1,250
190824,1,250
190855,1,250
190872,1,250
190897,1,250
191069,1,250
191070,1,250
191115,1,250
191139,1,250
191298,1,250
191496,1,250
191497,1,250
191561,1,250
191596,1,250
191773,1,250
191826,1,250
191943,1,250
191997,1,250
192003,1,250
192009,1,250
192013,1,250
192016,1,250
192089,1,250
192169,1,250
192190,1,250
192255,1,250
192344,1,250
192353,1,250
192354,1,250
192396,1,250
192448,1,250
192457,1,250
192477,1,250
192494,1,250
192517,1,250
192530,1,250
192531,1,250
192547,1,250
192578,1,250
192627,1,250
192641,1,250
192644,1,250
192652,1,250
192714,1,250
192843,1,250
192856,1,250
192878,1,250
192934,1,250
193032,1,250
193064,1,250
193129,1,250
193155,1,250
193264,1,250
193265,1,250
193335,1,250
193366,1,250
193384,1,250
193386,1,250
193402,1,250
193443,1,250
193521,1,250
193617,1,250
193840,1,250
193850,1,250
194100,1,250
194127,1,250
194140,1,250
194221,1,250
194279,1,250
194283,1,250
194407,1,250
194494,1,250
194494,1,250
194626,1,250
194647,1,250
194667,1,250
194679,1,250
194744,1,250
194808,1,250
194850,1,250
194901,1,250
194980,1,250
195017,1,250
195098,1,250
195124,1,250
195297,1,250
195348,1,250
195423,1,250
195444,1,250
195461,1,250
195508,1,250
195562,1,250
195735,1,250
195739,1,250
195761,1,250
195836,1,250
195842,1,250
195858,1,250
195948,1,250
196025,1,250
196066,1,250
196109,1,250
196125,1,250
196149,1,250
196215,1,250
196261,1,250
196286,1,250
196307,1,250
196347,1,250
196412,1,250
196434,1,250
196443,1,250
196562,1,250
196611,1,250
196621,1,250
196679,1,250
196695,1,250
196790,1,250
196841,1,250
196857,1,250
196864,1,250
196879,1,250
196933,1,250
197004,1,250
197024,1,250
197111,1,250
197166,1,250
197215,1,250
197300,1,250
197321,1,250
197452,1,250
197456,1,250
197507,1,250
197616,1,250
197624,1,250
197677,1,250
197699,1,250
197719,1,250
197730,1,250
197796,1,250
198081,1,250
198102,1,250
198154,1,250
198300,1,250
198424,1,250
198429,1,250
198496,1,250
198524,1,250
198585,1,250
198672,1,250
198743,1,250
198798,1,250
198808,1,250
198834,1,250
198879,1,250
198913,1,250
199150,1,250
199191,1,250
199311,1,250
199361,1,250
199370,1,250
199380,1,250
199394,1,250
199401,1,250
199423,1,250
199452,1,250
199562,1,250
199737,1,250
199740,1,250
199775,1,250
199934,1,250
200001,1,250
200020,1,250
200040,1,250
200114,1,250
200163,1,250
200201,1,250
200270,1,250
200650,1,250
200666,1,250
200799,1,250
200820,1,250
200878,1,250
200956,1,250
201003,1,250
201047,1,250
201104,1,250
201161,1,250
201259,1,250
201333,1,250
201538,1,250
201572,1,250
201706,1,250
201722,1,250
201824,1,250
201845,1,250
202069,1,250
202069,1,250
202111,1,250
202112,1,250
202191,1,250
202196,1,250
202205,1,250
202224,1,250
202227,1,250
202281,1,250
202295,1,250
202309,1,250
202495,1,250
202544,1,250
202599,1,250
202659,1,250
202753,1,250
202984,1,250
203073,1,250
203092,1,250
203156,1,250
203178,1,250
203205,1,250
203276,1,250
203296,1,250
203320,1,250
203421,1,250
203432,1,250
203456,1,250
203579,1,250
203593,1,250
203601,1,250
203676,1,250
203677,1,250
203692,1,250
203771,1,250
203834,1,250
204050,1,250
204114,1,250
204121,1,250
204214,1,250
204222,1,250
204361,1,250
204386,1,250
204414,1,250
204421,1,250
204460,1,250
204564,1,250
204776,1,250
204875,1,250
204933,1,250
205010,1,250
205054,1,250
205056,1,250
205155,1,250
205275,1,250
205288,1,250
205316,1,250
205430,1,250
205430,1,250
205536,1,250
205581,1,250
205595,1,250
205668,1,250
205683,1,250
205694,1,250
205762,1,250
205839,1,250
205859,1,250
205895,1,250
205917,1,250
205931,1,250
205936,1,250
205943,1,250
205972,1,250
206024,1,250
206036,1,250
206077,1,250
206124,1,250
206490,1,250
206563,1,250
206654,1,250
206736,1,250
206771,1,250
206884,1,250
206884,1,250
206919,1,250
207006,1,250
207012,1,250
207023,1,250
207104,1,250
207154,1,250
207166,1,250
207192,1,250
207301,1,250
207379,1,250
207385,1,250
207505,1,250
207588,1,250
207651,1,250
207681,1,250
207713,1,250
207766,1,250
207816,1,250
207852,1,250
207901,1,250
207901,1,250
207905,1,250
207928,1,250
208092,1,250
208110,1,250
208169,1,250
208245,1,250
208265,1,250
208363,1,250
208509,1,250
208558,1,250
208624,1,250
208632,1,250
208682,1,250
208684,1,250
208715,1,250
208730,1,250
208736,1,250
208791,1,250
208899,1,250
208941,1,250
208985,1,250
209023,1,250
209064,1,250
209093,1,250
209100,1,250
209201,1,250
209375,1,250
209422,1,250
209433,1,250
209435,1,250
209441,1,250
209579,1,250
209596,1,250
209626,1,250
209672,1,250
209726,1,250
209755,1,250
209779,1,250
209818,1,250
209831,1,250
209907,1,250
209956,1,250
210042,1,250
210046,1,250
210087,1,250
210136,1,250
210137,1,250
210138,1,250
210200,1,250
210221,1,250
210221,1,250
210223,1,250
210278,1,250
210296,1,250
210309,1,250
210330,1,250
210341,1,250
210367,1,250
210370,1,250
210370,1,250
210412,1,250
210463,1,250
210521,1,250
210559,1,250
210586,1,250
210600,1,250
210630,1,250
210686,1,250
210779,1,250
210805,1,250
210886,1,250
210927,1,250
210929,1,250
211013,1,250
211107,1,250
211168,1,250
211189,1,250
211276,1,250
211285,1,250
211345,1,250
211385,1,250
211390,1,250
211604,1,250
211640,1,250
211699,1,250
211712,1,250
211775,1,250
211929,1,250
211930,1,250
212021,1,250
212062,1,250
212093,1,250
212100,1,250
212125,1,250
212130,1,250
212164,1,250
212276,1,250
212435,1,250
212470,1,250
212488,1,250
212617,1,250
212692,1,250
212747,1,250
212802,1,250
212902,1,250
212986,1,250
213059,1,250
213124,1,250
213211,1,250
213318,1,250
213460,1,250
213462,1,250
213472,1,250
213604,1,250
213606,1,250
213717,1,250
213910,1,250
214117,1,250
214199,1,250
214289,1,250
214290,1,250
214484,1,250
214554,1,250
214560,1,250
214578,1,250
214583,1,250
214616,1,250
214620,1,250
214649,1,250
214654,1,250
214716,1,250
214791,1,250
214828,1,250
215218,1,250
215312,1,250
215414,1,250
215583,1,250
215590,1,250
215603,1,250
215655,1,250
215775,1,250
215806,1,250
215879,1,250
216219,1,250
216244,1,250
216331,1,250
216346,1,250
216464,1,250
216514,1,250
216570,1,250
216689,1,250
216704,1,250
216750,1,250
216791,1,250
216807,1,250
216867,1,250
216938,1,250
216990,1,250
217024,1,250
217292,1,250
217325,1,250
217426,1,250
217449,1,250
217706,1,250
217734,1,250
218002,1,250
218010,1,250
218158,1,250
218247,1,250
218317,1,250
218325,1,250
218405,1,250
218612,1,250
218676,1,250
218882,1,250
218906,1,250
218921,1,250
218927,1,250
218940,1,250
219001,1,250
219168,1,250
219169,1,250
219243,1,250
219357,1,250
219598,1,250
219644,1,250
219753,1,250
219777,1,250
219794,1,250
219859,1,250
219960,1,250
220023,1,250
220040,1,250
220094,1,250
220106,1,250
220210,1,250
220223,1,250
220248,1,250
220280,1,250
220290,1,250
220406,1,250
220481,1,250
220533,1,250
220630,1,250
220727,1,250
220866,1,250
221041,1,250
221042,1,250
221043,1,250
221152,1,250
221173,1,250
221174,1,250
221258,1,250
221275,1,250
221387,1,250
221499,1,250
221512,1,250
221602,1,250
221646,1,250
221719,1,250
221768,1,250
221778,1,250
221799,1,250
221873,1,250
222047,1,250
222226,1,250
222332,1,250
222362,1,250
222397,1,250
222443,1,250
222624,1,250
222804,1,250
222814,1,250
222820,1,250
222862,1,250
223075,1,250
223183,1,250
223274,1,250
223437,1,250
223536,1,250
223605,1,250
223653,1,250
223677,1,250
223836,1,250
223850,1,250
223861,1,250
223861,1,250
223868,1,250
223886,1,250
223908,1,250
223993,1,250
224092,1,250
224317,1,250
224324,1,250
224343,1,250
224354,1,250
224361,1,250
224410,1,250
224455,1,250
224491,1,250
224518,1,250
224590,1,250
224620,1,250
224625,1,250
224637,1,250
224689,1,250
224745,1,250
224948,1,250
225046,1,250
225050,1,250
225139,1,250
225283,1,250
225350,1,250
225489,1,250
225512,1,250
225610,1,250
225803,1,250
225828,1,250
225968,1,250
225983,1,250
226009,1,250
226085,1,250
226100,1,250
226216,1,250
226302,1,250
226327,1,250
226440,1,250
226552,1,250
226636,1,250
226778,1,250
226801,1,250
226851,1,250
226885,1,250
226973,1,250
226983,1,250
226993,1,250
227033,1,250
227035,1,250
227054,1,250
227058,1,250
227079,1,250
227181,1,250
227386,1,250
227515,1,250
227610,1,250
227624,1,250
227662,1,250
228002,1,250
228069,1,250
228122,1,250
228131,1,250
228224,1,250
228229,1,250
228296,1,250
228336,1,250
228765,1,250
228779,1,250
228790,1,250
228821,1,250
228844,1,250
228896,1,250
228925,1,250
229051,1,250
229115,1,250
229121,1,250
229165,1,250
229513,1,250
229555,1,250
229661,1,250
229955,1,250
230033,1,250
230325,1,250
230420,1,250
230427,1,250
230435,1,250
230519,1,250
230644,1,250
230659,1,250
230782,1,250
230864,1,250
231012,1,250
231012,1,250
231045,1,250
231119,1,250
231357,1,250
231464,1,250
231487,1,250
231609,1,250
231640,1,250
231769,1,250
231850,1,250
231861,1,250
231973,1,250
232052,1,250
232293,1,250
232597,1,250
232630,1,250
232678,1,250
232753,1,250
232797,1,250
232933,1,250
232936,1,250
233352,1,250
233384,1,250
233460,1,250
233520,1,250
233579,1,250
233586,1,250
233619,1,250
233670,1,250
233756,1,250
233838,1,250
233874,1,250
234018,1,250
234074,1,250
234085,1,250
234127,1,250
234154,1,250
234186,1,250
234226,1,250
234366,1,250
234494,1,250
234621,1,250
234745,1,250
234766,1,250
234837,1,250
234838,1,250
234923,1,250
235121,1,250
235126,1,250
235170,1,250
235257,1,250
235522,1,250
235542,1,250
235676,1,250
235689,1,250
235748,1,250
235792,1,250
235825,1,250
235853,1,250
235903,1,250
236007,1,250
236016,1,250
236406,1,250
236541,1,250
236740,1,250
236747,1,250
236819,1,250
236834,1,250
236900,1,250
236942,1,250
236968,1,250
237068,1,250
237094,1,250
237123,1,250
237182,1,250
237224,1,250
237331,1,250
237445,1,250
237452,1,250
237474,1,250
237543,1,250
237662,1,250
237677,1,250
237753,1,250
237925,1,250
237927,1,250
238077,1,250
238283,1,250
238319,1,250
238329,1,250
238330,1,250
238341,1,250
238409,1,250
238478,1,250
238588,1,250
238702,1,250
238751,1,250
238956,1,250
239046,1,250
239158,1,250
239257,1,250
239286,1,250
239286,1,250
239535,1,250
239682,1,250
239748,1,250
239854,1,250
239893,1,250
240159,1,250
240216,1,250
240341,1,250
240367,1,250
240415,1,250
240505,1,250
240731,1,250
241027,1,250
241075,1,250
241304,1,250
241428,1,250
241455,1,250
241457,1,250
241484,1,250
241491,1,250
241594,1,250
241850,1,250
241958,1,250
242061,1,250
242082,1,250
242097,1,250
242279,1,250
242614,1,250
242632,1,250
242639,1,250
242654,1,250
242731,1,250
242967,1,250
243073,1,250
243162,1,250
243164,1,250
243446,1,250
243520,1,250
243661,1,250
243817,1,250
243902,1,250
243904,1,250
243938,1,250
244043,1,250
244073,1,250
244131,1,250
244364,1,250
244403,1,250
244407,1,250
244467,1,250
244884,1,250
245120,1,250
245124,1,250
245143,1,250
245253,1,250
245278,1,250
245353,1,250
245526,1,250
245542,1,250
245587,1,250
245761,1,250
245779,1,250
245785,1,250
245882,1,250
246083,1,250
246182,1,250
246211,1,250
246257,1,250
246676,1,250
246680,1,250
247065,1,250
247137,1,250
247223,1,250
247350,1,250
247401,1,250
247479,1,250
247511,1,250
247514,1,250
247537,1,250
247700,1,250
247764,1,250
247769,1,250
248064,1,250
248146,1,250
248160,1,250
248210,1,250
248510,1,250
248632,1,250
249073,1,250
249117,1,250
249117,1,250
249282,1,250
249483,1,250
249667,1,250
249934,1,250
250029,1,250
250168,1,250
250304,1,250
250332,1,250
250367,1,250
250550,1,250
250687,1,250
250763,1,250
250782,1,250
250797,1,250
250966,1,250
251123,1,250
251132,1,250
251537,1,250
251561,1,250
251586,1,250
251636,1,250
251747,1,250
251967,1,250
252012,1,250
252081,1,250
252148,1,250
252148,1,250
252185,1,250
252190,1,250
252317,1,250
252318,1,250
252400,1,250
252516,1,250
252658,1,250
252786,1,250
252850,1,250
252851,1,250
252867,1,250
253069,1,250
253403,1,250
253491,1,250
253518,1,250
254019,1,250
254261,1,250
254307,1,250
254654,1,250
254713,1,250
254733,1,250
254827,1,250
254911,1,250
254980,1,250
255210,1,250
255227,1,250
255232,1,250
255343,1,250
255414,1,250
255480,1,250
255505,1,250
255928,1,250
256026,1,250
256051,1,250
256118,1,250
256322,1,250
256463,1,250
256471,1,250
256601,1,250
256704,1,250
256862,1,250
256926,1,250
257015,1,250
257018,1,250
257304,1,250
257482,1,250
257563,1,250
257591,1,250
257772,1,250
257844,1,250
257976,1,250
258007,1,250
258190,1,250
258202,1,250
258255,1,250
258290,1,250
258655,1,250
258675,1,250
258790,1,250
258804,1,250
258864,1,250
259218,1,250
259460,1,250
259471,1,250
259812,1,250
259897,1,250
259975,1,250
260005,1,250
260053,1,250
260111,1,250
260256,1,250
260271,1,250
260624,1,250
260626,1,250
260920,1,250
261073,1,250
261224,1,250
261231,1,250
261355,1,250
261371,1,250
261659,1,250
261819,1,250
261872,1,250
261909,1,250
262060,1,250
262141,1,250
262768,1,250
263056,1,250
263207,1,250
263471,1,250
263494,1,250
263516,1,250
263701,1,250
263711,1,250
263768,1,250
263803,1,250
263939,1,250
264044,1,250
264059,1,250
264140,1,250
264254,1,250
264295,1,250
264571,1,250
264669,1,250
264691,1,250
264941,1,250
264955,1,250
265049,1,250
265337,1,250
265488,1,250
265559,1,250
265907,1,250
265922,1,250
266238,1,250
266442,1,250
266453,1,250
266762,1,250
266966,1,250
267064,1,250
267443,1,250
267518,1,250
267544,1,250
267605,1,250
267723,1,250
267885,1,250
268047,1,250
268049,1,250
268272,1,250
268348,1,250
268681,1,250
268806,1,250
269012,1,250
269053,1,250
269333,1,250
269344,1,250
269523,1,250
269526,1,250
269543,1,250
269611,1,250
269871,1,250
270213,1,250
270527,1,250
270686,1,250
270991,1,250
271094,1,250
271179,1,250
271279,1,250
271473,1,250
271630,1,250
271713,1,250
271908,1,250
272300,1,250
272399,1,250
272491,1,250
272771,1,250
272882,1,250
273398,1,250
273406,1,250
273605,1,250
273886,1,250
273918,1,250
274171,1,250
274327,1,250
274379,1,250
274624,1,250
275025,1,250
275078,1,250
275460,1,250
275545,1,250
275816,1,250
275952,1,250
276076,1,250
276133,1,250
276626,1,250
276647,1,250
276794,1,250
277151,1,250
277325,1,250
277467,1,250
277497,1,250
277596,1,250
278034,1,250
278067,1,250
278206,1,250
278444,1,250
278603,1,250
278689,1,250
279198,1,250
279547,1,250
279728,1,250
280345,1,250
281926,1,250
282345,1,250
282571,1,250
282635,1,250
282742,1,250
282971,1,250
283040,1,250
283196,1,250
283858,1,250
283949,1,250
284080,1,250
284214,1,250
284285,1,250
284305,1,250
284454,1,250
285558,1,250
285842,1,250
285968,1,250
286138,1,250
286209,1,250
286309,1,250
286326,1,250
286404,1,250
286469,1,250
286608,1,250
286657,1,250
286916,1,250
287181,1,250
287747,1,250
288148,1,250
288180,1,250
288294,1,250
288502,1,250
288668,1,250
288686,1,250
288820,1,250
289011,1,250
289301,1,250
289395,1,250
289686,1,250
290797,1,250
291011,1,250
291041,1,250
291057,1,250
291152,1,250
291232,1,250
291419,1,250
291625,1,250
291822,1,250
291894,1,250
292609,1,250
293002,1,250
293051,1,250
293133,1,250
293402,1,250
293412,1,250
293636,1,250
293925,1,250
294306,1,250
294476,1,250
294542,1,250
295205,1,250
295876,1,250
295984,1,250
296250,1,250
296589,1,250
296836,1,250
296871,1,250
296884,1,250
297036,1,250
297121,1,250
297183,1,250
297224,1,250
297416,1,250
297428,1,250
297494,1,250
297904,1,250
297906,1,250
298130,1,250
298307,1,250
298521,1,250
298767,1,250
299012,1,250
299410,1,250
299509,1,250
299829,1,250
300096,1,250
300174,1,250
300928,1,250
300940,1,250
301049,1,250
301315,1,250
301420,1,250
301542,1,250
302038,1,250
302128,1,250
302526,1,250
303363,1,250
304062,1,250
304064,1,250
304259,1,250
304610,1,250
304926,1,250
304988,1,250
305041,1,250
305294,1,250
305351,1,250
306057,1,250
306106,1,250
306146,1,250
306219,1,250
306239,1,250
306284,1,250
306536,1,250
306558,1,250
306738,1,250
306931,1,250
306934,1,250
307324,1,250
307901,1,250
307924,1,250
308075,1,250
308121,1,250
308182,1,250
308485,1,250
308754,1,250
308831,1,250
308926,1,250
309111,1,250
309176,1,250
309905,1,250
310383,1,250
310733,1,250
310809,1,250
310876,1,250
310902,1,250
311186,1,250
311274,1,250
311352,1,250
311616,1,250
311623,1,250
311911,1,250
313337,1,250
314161,1,250
314526,1,250
314679,1,250
314682,1,250
314706,1,250
315693,1,250
315834,1,250
316615,1,250
317037,1,250
317171,1,250
317368,1,250
318020,1,250
318134,1,250
319051,1,250
319081,1,250
319912,1,250
320006,1,250
320062,1,250
320178,1,250
320249,1,250
320357,1,250
320404,1,250
320612,1,250
320699,1,250
321024,1,250
321054,1,250
321251,1,250
321380,1,250
321477,1,250
321837,1,250
321888,1,250
321920,1,250
324539,1,250
324605,1,250
326020,1,250
326622,1,250
328083,1,250
328142,1,250
328456,1,250
329673,1,250
329851,1,250
330261,1,250
330360,1,250
330492,1,250
330603,1,250
330872,1,250
330891,1,250
331136,1,250
331169,1,250
331235,1,250
331250,1,250
331273,1,250
331407,1,250
331659,1,250
332205,1,250
332270,1,250
332509,1,250
332656,1,250
333222,1,250
333516,1,250
333712,1,250
333744,1,250
333779,1,250
334090,1,250
334576,1,250
335137,1,250
335364,1,250
335554,1,250
335583,1,250
335760,1,250
336005,1,250
336297,1,250
336324,1,250
336386,1,250
336554,1,250
336575,1,250
336888,1,250
337111,1,250
337255,1,250
337639,1,250
337953,1,250
338758,1,250
339925,1,250
340343,1,250
340402,1,250
340471,1,250
341269,1,250
341346,1,250
341419,1,250
341581,1,250
341654,1,250
341736,1,250
341928,1,250
342227,1,250
342261,1,250
342472,1,250
342514,1,250
343123,1,250
343268,1,250
343815,1,250
344079,1,250
344087,1,250
344126,1,250
344452,1,250
344506,1,250
344651,1,250
344833,1,250
345236,1,250
345244,1,250
345731,1,250
345770,1,250
345820,1,250
346761,1,250
347245,1,250
347404,1,250
347689,1,250
347952,1,250
348446,1,250
349002,1,250
349657,1,250
350057,1,250
350721,1,250
351917,1,250
352130,1,250
352297,1,250
352915,1,250
353804,1,250
354034,1,250
354077,1,250
354148,1,250
354220,1,250
354268,1,250
354303,1,250
354346,1,250
354383,1,250
354422,1,250
354479,1,250
354539,1,250
354630,1,250
354800,1,250
354860,1,250
355049,1,250
355067,1,250
355720,1,250
355769,1,250
355896,1,250
356110,1,250
356173,1,250
356628,1,250
357233,1,250
357504,1,250
357539,1,250
357561,1,250
357565,1,250
357651,1,250
357805,1,250
357930,1,250
358046,1,250
358428,1,250
358437,1,250
359088,1,250
359467,1,250
359486,1,250
360528,1,250
360531,1,250
360815,1,250
361121,1,250
361303,1,250
362821,1,250
363244,1,250
364029,1,250
364120,1,250
364268,1,250
365113,1,250
365316,1,250
365411,1,250
365466,1,250
365752,1,250
365869,1,250
366192,1,250
366424,1,250
366493,1,250
366533,1,250
366775,1,250
367041,1,250
367255,1,250
368113,1,250
368209,1,250
368777,1,250
368986,1,250
369322,1,250
369328,1,250
369934,1,250
370680,1,250
370752,1,250
370789,1,250
370856,1,250
371019,1,250
371121,1,250
371251,1,250
371344,1,250
371679,1,250
372351,1,250
373024,1,250
373709,1,250
374075,1,250
374307,1,250
374329,1,250
374364,1,250
374375,1,250
374500,1,250
374806,1,250
374883,1,250
375239,1,250
375491,1,250
375748,1,250
376230,1,250
376388,1,250
376987,1,250
378026,1,250
378058,1,250
378290,1,250
378354,1,250
378390,1,250
378621,1,250
378683,1,250
378874,1,250
378900,1,250
378911,1,250
379142,1,250
379201,1,250
379632,1,250
379656,1,250
379765,1,250
380086,1,250
380652,1,250
381308,1,250
382430,1,250
382442,1,250
384297,1,250
384343,1,250
384758,1,250
384790,1,250
385019,1,250
385452,1,250
385717,1,250
385732,1,250
385873,1,250
385986,1,250
386232,1,250
386247,1,250
386490,1,250
387016,1,250
387046,1,250
387081,1,250
387286,1,250
387392,1,250
387515,1,250
387801,1,250
388469,1,250
389154,1,250
389302,1,250
389392,1,250
389742,1,250
390718,1,250
390721,1,250
391108,1,250
391278,1,250
391301,1,250
391346,1,250
391360,1,250
391887,1,250
392300,1,250
392461,1,250
392622,1,250
393090,1,250
393236,1,250
393352,1,250
393632,1,250
394006,1,250
394098,1,250
394359,1,250
394702,1,250
394728,1,250
395632,1,250
396039,1,250
396482,1,250
396518,1,250
396755,1,250
397485,1,250
397627,1,250
398193,1,250
398245,1,250
398378,1,250
398408,1,250
399223,1,250
399489,1,250
399717,1,250
399955,1,250
401352,1,250
401732,1,250
402066,1,250
402098,1,250
402245,1,250
402329,1,250
402423,1,250
402450,1,250
402488,1,250
402763,1,250
402823,1,250
402888,1,250
402924,1,250
403004,1,250
403251,1,250
403339,1,250
403457,1,250
403826,1,250
403826,1,250
403844,1,250
403844,1,250
403848,1,250
403981,1,250
404322,1,250
404560,1,250
404687,1,250
404722,1,250
404762,1,250
405458,1,250
405725,1,250
406317,1,250
406951,1,250
407035,1,250
408094,1,250
408199,1,250
408214,1,250
408570,1,250
408579,1,250
408637,1,250
408637,1,250
408921,1,250
409210,1,250
409238,1,250
409265,1,250
409343,1,250
409412,1,250
410365,1,250
410388,1,250
410411,1,250
410429,1,250
410451,1,250
410466,1,250
410541,1,250
410603,1,250
411033,1,250
411878,1,250
413436,1,250
414180,1,250
414747,1,250
415816,1,250
415832,1,250
416233,1,250
416461,1,250
417049,1,250
417341,1,250
417450,1,250
418003,1,250
418259,1,250
418774,1,250
420036,1,250
420186,1,250
420537,1,250
420604,1,250
420664,1,250
420846,1,250
420891,1,250
421004,1,250
422343,1,250
422480,1,250
422614,1,250
422682,1,250
423017,1,250
423088,1,250
423599,1,250
423812,1,250
423815,1,250
424095,1,250
424506,1,250
424672,1,250
424684,1,250
425220,1,250
425952,1,250
426053,1,250
426133,1,250
426196,1,250
426221,1,250
426269,1,250
426305,1,250
426316,1,250
426323,1,250
426369,1,250
426647,1,250
426745,1,250
426975,1,250
427073,1,250
427578,1,250
428241,1,250
428251,1,250
428376,1,250
428387,1,250
428726,1,250
428756,1,250
429107,1,250
429147,1,250
429227,1,250
429548,1,250
429586,1,250
429782,1,250
430132,1,250
430323,1,250
430448,1,250
430480,1,250
430904,1,250
431041,1,250
431081,1,250
431403,1,250
431421,1,250
432089,1,250
432253,1,250
432324,1,250
432444,1,250
432546,1,250
432596,1,250
432622,1,250
432674,1,250
433529,1,250
433531,1,250
434013,1,250
434107,1,250
434384,1,250
434527,1,250
434921,1,250
434926,1,250
435013,1,250
435614,1,250
435716,1,250
436384,1,250
436737,1,250
437828,1,250
437965,1,250
438151,1,250
438280,1,250
438296,1,250
438682,1,250
439279,1,250
439457,1,250
439737,1,250
439792,1,250
440621,1,250
440833,1,250
441389,1,250
441503,1,250
441638,1,250
442709,1,250
443195,1,250
443196,1,250
443820,1,250
444303,1,250
444698,1,250
444762,1,250
444793,1,250
444846,1,250
444892,1,250
445033,1,250
445225,1,250
445368,1,250
445711,1,250
445810,1,250
446386,1,250
446413,1,250
446460,1,250
446639,1,250
446653,1,250
446934,1,250
447033,1,250
447504,1,250
448217,1,250
448713,1,250
449003,1,250
449486,1,250
449567,1,250
449579,1,250
449727,1,250
449820,1,250
449873,1,250
450136,1,250
450479,1,250
450559,1,250
450654,1,250
450749,1,250
450959,1,250
451032,1,250
451181,1,250
451216,1,250
451235,1,250
451438,1,250
451547,1,250
451588,1,250
451591,1,250
451790,1,250
451798,1,250
451843,1,250
452314,1,250
452459,1,250
452491,1,250
452900,1,250
452949,1,250
453006,1,250
453252,1,250
453379,1,250
453383,1,250
453555,1,250
453660,1,250
453684,1,250
453896,1,250
453951,1,250
453988,1,250
454154,1,250
454382,1,250
454646,1,250
454691,1,250
454837,1,250
454851,1,250
454921,1,250
454923,1,250
454966,1,250
455155,1,250
455155,1,250
455232,1,250
455325,1,250
455456,1,250
455558,1,250
455565,1,250
455666,1,250
455918,1,250
455954,1,250
456009,1,250
456148,1,250
456175,1,250
456264,1,250
456326,1,250
456405,1,250
456414,1,250
456462,1,250
456511,1,250
456880,1,250
456893,1,250
457330,1,250
457390,1,250
457573,1,250
457774,1,250
457834,1,250
458178,1,250
458242,1,250
458377,1,250
458398,1,250
458436,1,250
458487,1,250
458599,1,250
458686,1,250
458834,1,250
459032,1,250
459128,1,250
459224,1,250
459336,1,250
459530,1,250
459621,1,250
459648,1,250
459705,1,250
459806,1,250
459905,1,250
460084,1,250
460098,1,250
460182,1,250
460295,1,250
460519,1,250
460592,1,250
460653,1,250
460706,1,250
460778,1,250
460795,1,250
460921,1,250
460938,1,250
460964,1,250
461285,1,250
461313,1,250
461317,1,250
461452,1,250
461684,1,250
461697,1,250
461882,1,250
461906,1,250
461982,1,250
462032,1,250
462052,1,250
462345,1,250
462444,1,250
462508,1,250
462560,1,250
462607,1,250
462642,1,250
462676,1,250
462807,1,250
463006,1,250
463046,1,250
463174,1,250
463258,1,250
463301,1,250
463583,1,250
463630,1,250
463680,1,250
463693,1,250
463826,1,250
463888,1,250
463950,1,250
463957,1,250
464148,1,250
464383,1,250
465023,1,250
465231,1,250
465273,1,250
466179,1,250
466314,1,250
466489,1,250
466493,1,250
466798,1,250
466925,1,250
467275,1,250
467815,1,250
468042,1,250
468066,1,250
468104,1,250
468263,1,250
468861,1,250
468927,1,250
469430,1,250
469435,1,250
469695,1,250
469773,1,250
469791,1,250
469816,1,250
469818,1,250
469839,1,250
470025,1,250
470566,1,250
470581,1,250
470927,1,250
470937,1,250
471043,1,250
471147,1,250
471194,1,250
471852,1,250
471889,1,250
471891,1,250
472093,1,250
472169,1,250
472176,1,250
472280,1,250
472400,1,250
473092,1,250
473195,1,250
473208,1,250
473348,1,250
473409,1,250
473491,1,250
473511,1,250
473543,1,250
473788,1,250
473833,1,250
473940,1,250
474109,1,250
474129,1,250
474154,1,250
474156,1,250
474197,1,250
474201,1,250
474217,1,250
474238,1,250
474485,1,250
474498,1,250
474500,1,250
474609,1,250
474667,1,250
474670,1,250
474771,1,250
474774,1,250
474801,1,250
474922,1,250
475045,1,250
475087,1,250
475119,1,250
475180,1,250
475221,1,250
475352,1,250
475357,1,250
475399,1,250
475476,1,250
475527,1,250
475531,1,250
475554,1,250
475770,1,250
475905,1,250
476051,1,250
476116,1,250
476192,1,250
476403,1,250
476567,1,250
476673,1,250
476768,1,250
476881,1,250
477006,1,250
477084,1,250
477115,1,250
477228,1,250
477469,1,250
477820,1,250
477970,1,250
478030,1,250
478047,1,250
478147,1,250
478340,1,250
478401,1,250
478439,1,250
478604,1,250
478860,1,250
478946,1,250
479086,1,250
479202,1,250
479248,1,250
479479,1,250
479503,1,250
479699,1,250
479754,1,250
480046,1,250
480267,1,250
480312,1,250
480340,1,250
480396,1,250
480509,1,250
480758,1,250
481127,1,250
481131,1,250
481290,1,250
481372,1,250
481399,1,250
481445,1,250
481781,1,250
481802,1,250
481806,1,250
482020,1,250
482023,1,250
482091,1,250
482527,1,250
482607,1,250
482621,1,250
482894,1,250
483154,1,250
483453,1,250
483491,1,250
483491,1,250
483683,1,250
483833,1,250
484033,1,250
484034,1,250
484113,1,250
484171,1,250
484196,1,250
484433,1,250
484649,1,250
484759,1,250
484850,1,250
484937,1,250
484950,1,250
485091,1,250
485400,1,250
485490,1,250
485532,1,250
485589,1,250
485664,1,250
485769,1,250
485818,1,250
486007,1,250
486041,1,250
486244,1,250
486426,1,250
486593,1,250
486933,1,250
487044,1,250
487222,1,250
487245,1,250
487261,1,250
487269,1,250
487423,1,250
487634,1,250
487765,1,250
487953,1,250
488028,1,250
488164,1,250
488349,1,250
488357,1,250
488448,1,250
488463,1,250
488500,1,250
488599,1,250
488705,1,250
488722,1,250
488817,1,250
488840,1,250
488844,1,250
488863,1,250
488864,1,250
488959,1,250
489124,1,250
489216,1,250
489470,1,250
489500,1,250
489529,1,250
490012,1,250
490017,1,250
490038,1,250
490081,1,250
490098,1,250
490105,1,250
490120,1,250
490216,1,250
490287,1,250
490379,1,250
490486,1,250
490874,1,250
491247,1,250
491252,1,250
492148,1,250
492303,1,250
492468,1,250
492478,1,250
492823,1,250
492967,1,250
493062,1,250
493394,1,250
493540,1,250
493614,1,250
493804,1,250
493907,1,250
494368,1,250
494522,1,250
494612,1,250
494811,1,250
494865,1,250
494902,1,250
495403,1,250
495453,1,250
495759,1,250
495868,1,250
496032,1,250
496169,1,250
496389,1,250
496454,1,250
496656,1,250
496919,1,250
496953,1,250
497024,1,250
497233,1,250
497509,1,250
497601,1,250
497644,1,250
497670,1,250
497683,1,250
498100,1,250
498135,1,250
498170,1,250
498259,1,250
498305,1,250
498362,1,250
498480,1,250
498576,1,250
498576,1,250
498603,1,250
498622,1,250
498725,1,250
498785,1,250
498809,1,250
499009,1,250
499078,1,250
499120,1,250
499122,1,250
499326,1,250
499414,1,250
499684,1,250
499696,1,250
499833,1,250
499881,1,250
500145,1,250
500232,1,250
500234,1,250
500384,1,250
500426,1,250
500655,1,250
500720,1,250
500872,1,250
501323,1,250
501536,1,250
501570,1,250
501611,1,250
501824,1,250
502069,1,250
502407,1,250
502463,1,250
502573,1,250
503105,1,250
503247,1,250
503306,1,250
503836,1,250
503973,1,250
504005,1,250
504057,1,250
504086,1,250
504440,1,250
504505,1,250
504612,1,250
504657,1,250
504682,1,250
504780,1,250
505026,1,250
505145,1,250
505330,1,250
505347,1,250
505712,1,250
505896,1,250
506105,1,250
506179,1,250
506686,1,250
506741,1,250
506867,1,250
507129,1,250
507137,1,250
507365,1,250
507557,1,250
507566,1,250
507819,1,250
508616,1,250
508830,1,250
508882,1,250
509041,1,250
509054,1,250
509369,1,250
509416,1,250
509433,1,250
509443,1,250
509748,1,250
510424,1,250
510475,1,250
510650,1,250
510657,1,250
510692,1,250
510908,1,250
510939,1,250
511018,1,250
511289,1,250
511305,1,250
511409,1,250
511499,1,250
511511,1,250
511529,1,250
511625,1,250
511661,1,250
511892,1,250
511934,1,250
512028,1,250
512282,1,250
512452,1,250
512487,1,250
512758,1,250
512784,1,250
512790,1,250
512804,1,250
512815,1,250
512885,1,250
513285,1,250
513444,1,250
513699,1,250
513761,1,250
513792,1,250
513811,1,250
513866,1,250
514100,1,250
514299,1,250
514435,1,250
515018,1,250
515082,1,250
515099,1,250
515326,1,250
515643,1,250
515931,1,250
516064,1,250
517255,1,250
517300,1,250
517549,1,250
517590,1,250
517880,1,250
517970,1,250
518141,1,250
518380,1,250
518399,1,250
518509,1,250
518749,1,250
519527,1,250
519535,1,250
519635,1,250
519684,1,250
519771,1,250
519777,1,250
520201,1,250
520257,1,250
520264,1,250
520694,1,250
520750,1,250
520872,1,250
520991,1,250
521013,1,250
521036,1,250
521269,1,250
521614,1,250
521663,1,250
521776,1,250
522341,1,250
522492,1,250
522577,1,250
522868,1,250
522919,1,250
523095,1,250
523280,1,250
523740,1,250
523982,1,250
524075,1,250
524111,1,250
524146,1,250
524425,1,250
525038,1,250
525218,1,250
525312,1,250
525341,1,250
525595,1,250
525605,1,250
525772,1,250
526156,1,250
526284,1,250
526401,1,250
526414,1,250
526902,1,250
527256,1,250
527647,1,250
527816,1,250
527834,1,250
527963,1,250
528062,1,250
528082,1,250
528421,1,250
528872,1,250
529033,1,250
529129,1,250
529196,1,250
529462,1,250
529515,1,250
529645,1,250
529979,1,250
530061,1,250
530231,1,250
530602,1,250
531591,1,250
531689,1,250
531690,1,250
531726,1,250
531764,1,250
531924,1,250
532023,1,250
532415,1,250
532464,1,250
532605,1,250
532799,1,250
532857,1,250
533825,1,250
533854,1,250
533910,1,250
533967,1,250
534282,1,250
534319,1,250
534386,1,250
534465,1,250
534919,1,250
534933,1,250
535347,1,250
535551,1,250
535826,1,250
535877,1,250
536037,1,250
536270,1,250
536277,1,250
536309,1,250
536802,1,250
536819,1,250
537217,1,250
537253,1,250
537481,1,250
537565,1,250
537580,1,250
538287,1,250
538694,1,250
538924,1,250
539256,1,250
539518,1,250
540238,1,250
540731,1,250
540863,1,250
541611,1,250
542225,1,250
542384,1,250
542837,1,250
542900,1,250
543826,1,250
543841,1,250
543946,1,250
544033,1,250
544049,1,250
544333,1,250
544677,1,250
544814,1,250
545061,1,250
545312,1,250
545546,1,250
546014,1,250
546386,1,250
546509,1,250
547570,1,250
548383,1,250
548414,1,250
549147,1,250
549221,1,250
549243,1,250
549760,1,250
550156,1,250
550216,1,250
550627,1,250
550845,1,250
551154,1,250
551248,1,250
551662,1,250
551853,1,250
552060,1,250
552478,1,250
552480,1,250
552638,1,250
553519,1,250
554015,1,250
554587,1,250
555569,1,250
555697,1,250
556754,1,250
557316,1,250
557318,1,250
557784,1,250
557931,1,250
557962,1,250
558045,1,250
558745,1,250
559412,1,250
559424,1,250
559750,1,250
559858,1,250
559897,1,250
561438,1,250
561669,1,250
561695,1,250
561938,1,250
562009,1,250
562368,1,250
562755,1,250
563040,1,250
564356,1,250
564434,1,250
564630,1,250
564905,1,250
566002,1,250
566376,1,250
566429,1,250
566438,1,250
566824,1,250
566854,1,250
567064,1,250
567160,1,250
567606,1,250
567728,1,250
567742,1,250
567961,1,250
568212,1,250
568406,1,250
568628,1,250
569479,1,250
569763,1,250
570244,1,250
571141,1,250
571477,1,250
573481,1,250
574430,1,250
575087,1,250
575120,1,250
575368,1,250
576222,1,250
576645,1,250
577319,1,250
578247,1,250
579058,1,250
579160,1,250
579195,1,250
579675,1,250
580003,1,250
580254,1,250
