721,1,250
753,1,250
856,1,250
1563,1,250
2095,1,250
2203,1,250
2297,1,250
2310,1,250
2397,1,250
3174,1,250
3175,1,250
4891,1,250
4898,1,250
5486,1,250
5747,1,250
6310,1,250
6573,1,250
6687,1,250
6811,1,250
8011,1,250
8503,1,250
10046,1,250
10088,1,250
12851,1,250
12886,1,250
13430,1,250
13724,1,250
13726,1,250
14160,1,250
15737,1,250
16271,1,250
16299,1,250
16493,1,250
18479,1,250
18763,1,250
18767,1,250
19376,1,250
19806,1,250
19845,1,250
19875,1,250
20215,1,250
20302,1,250
20322,1,250
20429,1,250
20500,1,250
20586,1,250
20632,1,250
21204,1,250
21259,1,250
21383,1,250
21402,1,250
21429,1,250
21447,1,250
21479,1,250
22037,1,250
22076,1,250
22342,1,250
22566,1,250
22591,1,250
22873,1,250
22897,1,250
23245,1,250
23323,1,250
23718,1,250
23740,1,250
24633,1,250
25004,1,250
25069,1,250
25253,1,250
25354,1,250
25376,1,250
25387,1,250
26270,1,250
26325,1,250
26453,1,250
26489,1,250
27227,1,250
27525,1,250
28157,1,250
28392,1,250
28455,1,250
28682,1,250
28714,1,250
28918,1,250
29171,1,250
29209,1,250
29232,1,250
29366,1,250
29368,1,250
29630,1,250
29880,1,250
30148,1,250
30201,1,250
30455,1,250
31157,1,250
31244,1,250
32187,1,250
32341,1,250
33217,1,250
33282,1,250
33827,1,250
33872,1,250
38214,1,250
38963,1,250
39062,1,250
39114,1,250
39440,1,250
40440,1,250
42334,1,250
42413,1,250
42431,1,250
42438,1,250
42531,1,250
42554,1,250
42641,1,250
42645,1,250
42842,1,250
43105,1,250
43145,1,250
43337,1,250
43620,1,250
44548,1,250
44798,1,250
46041,1,250
46222,1,250
46692,1,250
47590,1,250
47607,1,250
47827,1,250
47828,1,250
48232,1,250
48340,1,250
48500,1,250
48565,1,250
48725,1,250
48902,1,250
49197,1,250
49922,1,250
50477,1,250
50545,1,250
50729,1,250
51099,1,250
52299,1,250
52669,1,250
52795,1,250
53643,1,250
54242,1,250
54546,1,250
55096,1,250
55241,1,250
55281,1,250
55347,1,250
55894,1,250
55916,1,250
56205,1,250
56446,1,250
57362,1,250
57493,1,250
57673,1,250
57914,1,250
57957,1,250
58303,1,250
59381,1,250
59453,1,250
60045,1,250
60292,1,250
60767,1,250
61341,1,250
61675,1,250
62228,1,250
62855,1,250
62904,1,250
64803,1,250
65404,1,250
65505,1,250
66048,1,250
66087,1,250
66380,1,250
66657,1,250
66771,1,250
66887,1,250
66953,1,250
67084,1,250
67149,1,250
67176,1,250
67369,1,250
67486,1,250
67542,1,250
67543,1,250
67639,1,250
67685,1,250
67944,1,250
67947,1,250
68246,1,250
68607,1,250
69133,1,250
69262,1,250
69335,1,250
69545,1,250
69593,1,250
70032,1,250
70278,1,250
70562,1,250
70610,1,250
71032,1,250
71082,1,250
71300,1,250
71396,1,250
71532,1,250
72123,1,250
72277,1,250
72384,1,250
72697,1,250
72782,1,250
73133,1,250
73285,1,250
73983,1,250
74183,1,250
74509,1,250
74599,1,250
74612,1,250
74869,1,250
74881,1,250
75175,1,250
75391,1,250
75485,1,250
75671,1,250
76225,1,250
76361,1,250
76428,1,250
76621,1,250
76688,1,250
76804,1,250
77741,1,250
78068,1,250
78326,1,250
78460,1,250
78622,1,250
78965,1,250
79010,1,250
79025,1,250
79141,1,250
79150,1,250
79486,1,250
79489,1,250
79620,1,250
79864,1,250
79920,1,250
79985,1,250
80149,1,250
80341,1,250
80608,1,250
80718,1,250
80861,1,250
81035,1,250
81041,1,250
81107,1,250
81695,1,250
81983,1,250
82120,1,250
82440,1,250
82863,1,250
82873,1,250
83175,1,250
83342,1,250
83615,1,250
83666,1,250
83833,1,250
83854,1,250
84356,1,250
84357,1,250
84808,1,250
84852,1,250
85190,1,250
85394,1,250
85467,1,250
86089,1,250
86401,1,250
86926,1,250
87649,1,250
88027,1,250
88769,1,250
89050,1,250
89114,1,250
89443,1,250
89833,1,250
89856,1,250
90340,1,250
90421,1,250
90552,1,250
90677,1,250
90794,1,250
90869,1,250
90910,1,250
91083,1,250
91204,1,250
91237,1,250
91312,1,250
91370,1,250
91401,1,250
91647,1,250
91754,1,250
91908,1,250
92038,1,250
92050,1,250
92172,1,250
92505,1,250
92562,1,250
92819,1,250
92847,1,250
92854,1,250
93196,1,250
93469,1,250
93545,1,250
93659,1,250
93943,1,250
94004,1,250
94148,1,250
94168,1,250
94202,1,250
94216,1,250
94282,1,250
94459,1,250
94659,1,250
94841,1,250
94875,1,250
95197,1,250
95214,1,250
95215,1,250
95317,1,250
95494,1,250
95583,1,250
95669,1,250
95717,1,250
95866,1,250
96002,1,250
96298,1,250
96503,1,250
96597,1,250
96756,1,250
97123,1,250
97470,1,250
97538,1,250
97754,1,250
97984,1,250
97986,1,250
98058,1,250
98125,1,250
98147,1,250
98491,1,250
98646,1,250
98671,1,250
98700,1,250
98907,1,250
99042,1,250
99060,1,250
99287,1,250
99303,1,250
99551,1,250
100073,1,250
100203,1,250
100249,1,250
100385,1,250
100491,1,250
100709,1,250
100712,1,250
100745,1,250
100826,1,250
101008,1,250
101158,1,250
101181,1,250
101514,1,250
101652,1,250
101665,1,250
101700,1,250
101816,1,250
102177,1,250
102231,1,250
102277,1,250
102440,1,250
102723,1,250
102835,1,250
102917,1,250
102925,1,250
103063,1,250
103097,1,250
103272,1,250
103323,1,250
103372,1,250
103603,1,250
103607,1,250
103800,1,250
103911,1,250
103931,1,250
104178,1,250
104738,1,250
104900,1,250
105119,1,250
105409,1,250
105502,1,250
105585,1,250
105704,1,250
105878,1,250
105895,1,250
106209,1,250
106233,1,250
106415,1,250
106479,1,250
106497,1,250
106682,1,250
106831,1,250
107041,1,250
107402,1,250
107559,1,250
107653,1,250
107770,1,250
107837,1,250
107953,1,250
107965,1,250
107984,1,250
107999,1,250
108583,1,250
108712,1,250
108732,1,250
108989,1,250
109008,1,250
109049,1,250
109050,1,250
109215,1,250
109498,1,250
109615,1,250
109847,1,250
110001,1,250
110032,1,250
110153,1,250
110307,1,250
110430,1,250
110478,1,250
110743,1,250
111014,1,250
111186,1,250
111226,1,250
111313,1,250
111351,1,250
111351,1,250
111401,1,250
111460,1,250
111479,1,250
111739,1,250
111874,1,250
111945,1,250
112041,1,250
112566,1,250
112573,1,250
112882,1,250
112989,1,250
113548,1,250
113967,1,250
114212,1,250
114258,1,250
114267,1,250
114270,1,250
114277,1,250
114421,1,250
114445,1,250
114862,1,250
114885,1,250
114914,1,250
114949,1,250
114963,1,250
115084,1,250
115109,1,250
115149,1,250
115157,1,250
115234,1,250
115336,1,250
115423,1,250
115512,1,250
115660,1,250
115755,1,250
115875,1,250
116055,1,250
116166,1,250
116172,1,250
116322,1,250
116551,1,250
116736,1,250
116746,1,250
116840,1,250
117017,1,250
117363,1,250
117426,1,250
117486,1,250
117490,1,250
117550,1,250
117553,1,250
117607,1,250
117715,1,250
118050,1,250
118078,1,250
118092,1,250
118187,1,250
118429,1,250
118534,1,250
118546,1,250
118618,1,250
118666,1,250
119053,1,250
119069,1,250
119093,1,250
119120,1,250
119153,1,250
119310,1,250
119490,1,250
119647,1,250
119688,1,250
119755,1,250
119770,1,250
119858,1,250
119973,1,250
119985,1,250
120019,1,250
120158,1,250
120207,1,250
120490,1,250
120890,1,250
121159,1,250
121470,1,250
121477,1,250
121611,1,250
121624,1,250
121638,1,250
121659,1,250
121713,1,250
121852,1,250
121888,1,250
122241,1,250
122248,1,250
122256,1,250
122291,1,250
122316,1,250
122490,1,250
122506,1,250
122602,1,250
122741,1,250
122877,1,250
122964,1,250
122999,1,250
123008,1,250
123047,1,250
123068,1,250
123139,1,250
123210,1,250
123272,1,250
123343,1,250
123352,1,250
123381,1,250
123397,1,250
123452,1,250
123465,1,250
123582,1,250
123600,1,250
123604,1,250
123892,1,250
123922,1,250
124015,1,250
124060,1,250
124064,1,250
124210,1,250
124386,1,250
124437,1,250
124473,1,250
124510,1,250
124528,1,250
124623,1,250
124633,1,250
124664,1,250
124682,1,250
124704,1,250
124775,1,250
124871,1,250
124935,1,250
125017,1,250
125056,1,250
125104,1,250
125183,1,250
125241,1,250
125359,1,250
125717,1,250
125798,1,250
126011,1,250
126071,1,250
126109,1,250
126110,1,250
126123,1,250
126369,1,250
126860,1,250
126931,1,250
127125,1,250
127204,1,250
127290,1,250
127332,1,250
127568,1,250
127615,1,250
127683,1,250
127739,1,250
127775,1,250
127798,1,250
127844,1,250
128001,1,250
128008,1,250
128008,1,250
128011,1,250
128030,1,250
128115,1,250
128145,1,250
128362,1,250
128367,1,250
128576,1,250
128623,1,250
128631,1,250
128690,1,250
128729,1,250
129043,1,250
129065,1,250
129308,1,250
129436,1,250
129454,1,250
129476,1,250
129540,1,250
129581,1,250
129773,1,250
129863,1,250
129905,1,250
130039,1,250
130061,1,250
130121,1,250
130193,1,250
130258,1,250
130279,1,250
130434,1,250
130612,1,250
130640,1,250
130692,1,250
130721,1,250
130725,1,250
130744,1,250
130879,1,250
130882,1,250
130915,1,250
130982,1,250
131090,1,250
131226,1,250
131429,1,250
131561,1,250
132007,1,250
132155,1,250
132377,1,250
132482,1,250
132543,1,250
132624,1,250
132717,1,250
132879,1,250
132895,1,250
132930,1,250
132985,1,250
133057,1,250
133075,1,250
133144,1,250
133188,1,250
133297,1,250
133301,1,250
133349,1,250
133385,1,250
133551,1,250
133681,1,250
133728,1,250
133770,1,250
134272,1,250
134282,1,250
134398,1,250
134437,1,250
134540,1,250
134614,1,250
134766,1,250
134903,1,250
135014,1,250
135297,1,250
135308,1,250
135328,1,250
135503,1,250
135596,1,250
135681,1,250
135725,1,250
135775,1,250
135904,1,250
135919,1,250
135938,1,250
135947,1,250
136003,1,250
136088,1,250
136173,1,250
136184,1,250
136218,1,250
136303,1,250
136526,1,250
136563,1,250
136645,1,250
136659,1,250
136665,1,250
136683,1,250
136743,1,250
136757,1,250
136802,1,250
136943,1,250
137119,1,250
137189,1,250
137444,1,250
137487,1,250
137581,1,250
137611,1,250
137854,1,250
138151,1,250
138161,1,250
138167,1,250
138168,1,250
138360,1,250
138426,1,250
138426,1,250
138563,1,250
138620,1,250
138622,1,250
138633,1,250
138662,1,250
138680,1,250
138684,1,250
138695,1,250
138729,1,250
139017,1,250
139069,1,250
139235,1,250
139356,1,250
139425,1,250
139426,1,250
139443,1,250
139446,1,250
139557,1,250
139567,1,250
139567,1,250
139620,1,250
139688,1,250
139739,1,250
139765,1,250
139787,1,250
139932,1,250
140038,1,250
140105,1,250
140142,1,250
140380,1,250
140470,1,250
140665,1,250
140759,1,250
140801,1,250
140985,1,250
141007,1,250
141029,1,250
141048,1,250
141102,1,250
141243,1,250
141305,1,250
141373,1,250
141476,1,250
141505,1,250
141603,1,250
141633,1,250
141699,1,250
141724,1,250
141811,1,250
141832,1,250
141907,1,250
142038,1,250
142082,1,250
142136,1,250
142147,1,250
142175,1,250
142204,1,250
142215,1,250
142286,1,250
142301,1,250
142364,1,250
142384,1,250
142396,1,250
142591,1,250
142591,1,250
142650,1,250
142677,1,250
142710,1,250
143001,1,250
143041,1,250
143162,1,250
143280,1,250
143323,1,250
143366,1,250
143450,1,250
143470,1,250
143507,1,250
143520,1,250
143582,1,250
143587,1,250
143641,1,250
143716,1,250
143793,1,250
143851,1,250
143966,1,250
143985,1,250
144050,1,250
144105,1,250
144145,1,250
144166,1,250
144218,1,250
144235,1,250
144290,1,250
144523,1,250
144534,1,250
144539,1,250
144720,1,250
144854,1,250
144928,1,250
145004,1,250
145007,1,250
145053,1,250
145150,1,250
145171,1,250
145357,1,250
145415,1,250
145416,1,250
145437,1,250
145458,1,250
145555,1,250
145582,1,250
145583,1,250
145584,1,250
145593,1,250
145617,1,250
145618,1,250
145672,1,250
145690,1,250
145878,1,250
145927,1,250
146008,1,250
146032,1,250
146359,1,250
146406,1,250
146425,1,250
146474,1,250
146474,1,250
146623,1,250
146758,1,250
146776,1,250
147066,1,250
147293,1,250
147319,1,250
147326,1,250
147355,1,250
147425,1,250
147426,1,250
147490,1,250
147629,1,250
147762,1,250
147858,1,250
147906,1,250
147931,1,250
148108,1,250
148118,1,250
148142,1,250
148219,1,250
148268,1,250
148278,1,250
148279,1,250
148295,1,250
148361,1,250
148406,1,250
148417,1,250
148720,1,250
148720,1,250
148736,1,250
148738,1,250
148758,1,250
148832,1,250
148876,1,250
149042,1,250
149062,1,250
149190,1,250
149211,1,250
149263,1,250
149270,1,250
149290,1,250
149307,1,250
149587,1,250
149642,1,250
149655,1,250
149752,1,250
149763,1,250
149936,1,250
150081,1,250
150111,1,250
150195,1,250
150264,1,250
150335,1,250
150435,1,250
150458,1,250
150467,1,250
150548,1,250
150596,1,250
150631,1,250
150785,1,250
150844,1,250
150892,1,250
150985,1,250
151111,1,250
151114,1,250
151117,1,250
151253,1,250
151301,1,250
151311,1,250
151313,1,250
151326,1,250
151519,1,250
151519,1,250
151637,1,250
151673,1,250
151933,1,250
152059,1,250
152062,1,250
152074,1,250
152306,1,250
152362,1,250
152446,1,250
152448,1,250
152464,1,250
152516,1,250
152551,1,250
152572,1,250
152575,1,250
152660,1,250
152711,1,250
152711,1,250
152713,1,250
152752,1,250
152811,1,250
152820,1,250
152899,1,250
153047,1,250
153070,1,250
153099,1,250
153206,1,250
153222,1,250
153259,1,250
153282,1,250
153349,1,250
153412,1,250
153414,1,250
153464,1,250
153486,1,250
153759,1,250
153877,1,250
153899,1,250
153920,1,250
153926,1,250
153929,1,250
154028,1,250
154067,1,250
154082,1,250
154172,1,250
154233,1,250
154335,1,250
154510,1,250
154609,1,250
154656,1,250
154664,1,250
154758,1,250
154831,1,250
154859,1,250
154914,1,250
155039,1,250
155173,1,250
155187,1,250
155283,1,250
155316,1,250
155445,1,250
155495,1,250
155587,1,250
155630,1,250
155730,1,250
155798,1,250
155927,1,250
156080,1,250
156125,1,250
156179,1,250
156373,1,250
156382,1,250
156388,1,250
156420,1,250
156462,1,250
156475,1,250
156510,1,250
156532,1,250
156593,1,250
156593,1,250
156708,1,250
156770,1,250
156918,1,250
156946,1,250
157053,1,250
157111,1,250
157183,1,250
157277,1,250
157302,1,250
157536,1,250
157608,1,250
157696,1,250
157757,1,250
157847,1,250
157936,1,250
157973,1,250
158023,1,250
158065,1,250
158068,1,250
158072,1,250
158111,1,250
158283,1,250
158284,1,250
158321,1,250
158363,1,250
158379,1,250
158396,1,250
158408,1,250
158450,1,250
158583,1,250
158608,1,250
158718,1,250
158719,1,250
158821,1,250
159075,1,250
159194,1,250
159255,1,250
159369,1,250
159394,1,250
159439,1,250
159496,1,250
159563,1,250
159577,1,250
159590,1,250
159622,1,250
159671,1,250
159695,1,250
159945,1,250
160052,1,250
160054,1,250
160054,1,250
160240,1,250
160253,1,250
160262,1,250
160331,1,250
160353,1,250
160469,1,250
160546,1,250
160659,1,250
160750,1,250
160796,1,250
160915,1,250
160940,1,250
160979,1,250
161219,1,250
161220,1,250
161248,1,250
161250,1,250
161256,1,250
161266,1,250
161416,1,250
161497,1,250
161547,1,250
161558,1,250
161583,1,250
161922,1,250
161956,1,250
162001,1,250
162004,1,250
162050,1,250
162067,1,250
162072,1,250
162085,1,250
162096,1,250
162148,1,250
162231,1,250
162288,1,250
162294,1,250
162308,1,250
162319,1,250
162326,1,250
162342,1,250
162365,1,250
162377,1,250
162519,1,250
162536,1,250
162561,1,250
162651,1,250
162812,1,250
162900,1,250
163033,1,250
163067,1,250
163076,1,250
163092,1,250
163093,1,250
163160,1,250
163201,1,250
163302,1,250
163322,1,250
163325,1,250
163331,1,250
163356,1,250
163451,1,250
163575,1,250
163576,1,250
163611,1,250
163697,1,250
163717,1,250
163857,1,250
163868,1,250
163887,1,250
163951,1,250
164057,1,250
164085,1,250
164112,1,250
164145,1,250
164191,1,250
164205,1,250
164245,1,250
164318,1,250
164321,1,250
164364,1,250
164369,1,250
164400,1,250
164407,1,250
164492,1,250
164528,1,250
164568,1,250
164650,1,250
164674,1,250
164765,1,250
164819,1,250
164821,1,250
164867,1,250
164942,1,250
165057,1,250
165179,1,250
165256,1,250
165287,1,250
165492,1,250
165525,1,250
165550,1,250
165582,1,250
165631,1,250
165709,1,250
165722,1,250
165801,1,250
165820,1,250
165831,1,250
165838,1,250
165857,1,250
165857,1,250
165877,1,250
166039,1,250
166159,1,250
166187,1,250
166281,1,250
166292,1,250
166299,1,250
166354,1,250
166431,1,250
166463,1,250
166494,1,250
166512,1,250
166621,1,250
166737,1,250
166738,1,250
166752,1,250
166754,1,250
166829,1,250
166832,1,250
166838,1,250
166861,1,250
167138,1,250
167215,1,250
167235,1,250
167355,1,250
167363,1,250
167380,1,250
167444,1,250
167482,1,250
167525,1,250
167639,1,250
167649,1,250
167694,1,250
167736,1,250
167770,1,250
167780,1,250
167842,1,250
168077,1,250
168097,1,250
168124,1,250
168173,1,250
168197,1,250
168223,1,250
168280,1,250
168301,1,250
168445,1,250
168549,1,250
168584,1,250
168636,1,250
168714,1,250
168802,1,250
169088,1,250
169158,1,250
169215,1,250
169218,1,250
169305,1,250
169389,1,250
169486,1,250
169595,1,250
169603,1,250
169603,1,250
169617,1,250
169695,1,250
169726,1,250
169754,1,250
169809,1,250
169885,1,250
169906,1,250
170102,1,250
170191,1,250
170198,1,250
170201,1,250
170201,1,250
170236,1,250
170244,1,250
170405,1,250
170419,1,250
170484,1,250
170645,1,250
170777,1,250
170817,1,250
170882,1,250
171001,1,250
171029,1,250
171192,1,250
171270,1,250
171341,1,250
171358,1,250
171408,1,250
171489,1,250
171550,1,250
171614,1,250
171623,1,250
171642,1,250
171748,1,250
171854,1,250
171886,1,250
171919,1,250
172065,1,250
172067,1,250
172082,1,250
172148,1,250
172171,1,250
172327,1,250
172405,1,250
172417,1,250
172505,1,250
172628,1,250
172732,1,250
172830,1,250
172926,1,250
173090,1,250
173098,1,250
173287,1,250
173317,1,250
173349,1,250
173512,1,250
173548,1,250
173590,1,250
173693,1,250
173714,1,250
173740,1,250
173797,1,250
173884,1,250
173926,1,250
174087,1,250
174152,1,250
174166,1,250
174171,1,250
174172,1,250
174240,1,250
174248,1,250
174323,1,250
174445,1,250
174470,1,250
174603,1,250
174610,1,250
174675,1,250
174691,1,250
174742,1,250
174776,1,250
174821,1,250
174905,1,250
174918,1,250
174948,1,250
175059,1,250
175195,1,250
175197,1,250
175239,1,250
175274,1,250
175291,1,250
175291,1,250
175305,1,250
175362,1,250
175408,1,250
175548,1,250
175558,1,250
175581,1,250
175604,1,250
175630,1,250
175652,1,250
175684,1,250
175776,1,250
175828,1,250
175857,1,250
175926,1,250
175959,1,250
175974,1,250
176019,1,250
176035,1,250
176099,1,250
176125,1,250
176142,1,250
176307,1,250
176320,1,250
176389,1,250
176449,1,250
176469,1,250
176539,1,250
176545,1,250
176563,1,250
176623,1,250
176623,1,250
176635,1,250
176675,1,250
176709,1,250
176725,1,250
176787,1,250
176794,1,250
176840,1,250
176933,1,250
176946,1,250
176998,1,250
177094,1,250
177164,1,250
177177,1,250
177267,1,250
177273,1,250
177287,1,250
177319,1,250
177509,1,250
177624,1,250
177643,1,250
177793,1,250
177801,1,250
177818,1,250
177923,1,250
178060,1,250
178102,1,250
178114,1,250
178147,1,250
178224,1,250
178226,1,250
178233,1,250
178451,1,250
178468,1,250
178470,1,250
178530,1,250
178656,1,250
178784,1,250
178808,1,250
178920,1,250
178968,1,250
179041,1,250
179055,1,250
179093,1,250
179115,1,250
179209,1,250
179236,1,250
179238,1,250
179405,1,250
179469,1,250
179718,1,250
179833,1,250
179834,1,250
179876,1,250
179957,1,250
179965,1,250
179968,1,250
180010,1,250
180072,1,250
180134,1,250
180224,1,250
180224,1,250
180264,1,250
180363,1,250
180368,1,250
180558,1,250
180604,1,250
180693,1,250
180717,1,250
180816,1,250
180876,1,250
181016,1,250
181040,1,250
181106,1,250
181123,1,250
181224,1,250
181233,1,250
181417,1,250
181433,1,250
181592,1,250
181621,1,250
181663,1,250
181674,1,250
181693,1,250
181772,1,250
181831,1,250
181870,1,250
181872,1,250
181934,1,250
181973,1,250
181973,1,250
182002,1,250
182008,1,250
182026,1,250
182071,1,250
182244,1,250
182436,1,250
182436,1,250
182468,1,250
182508,1,250
182531,1,250
182660,1,250
182702,1,250
182723,1,250
182770,1,250
182786,1,250
182810,1,250
183065,1,250
183075,1,250
183144,1,250
183310,1,250
183323,1,250
183388,1,250
183454,1,250
183459,1,250
183461,1,250
183471,1,250
183494,1,250
183501,1,250
183507,1,250
183651,1,250
183658,1,250
183811,1,250
183872,1,250
183925,1,250
184108,1,250
184205,1,250
184220,1,250
184262,1,250
184284,1,250
184333,1,250
184555,1,250
184633,1,250
184651,1,250
184697,1,250
184874,1,250
184984,1,250
184993,1,250
185021,1,250
185141,1,250
185146,1,250
185201,1,250
185245,1,250
185307,1,250
185379,1,250
185409,1,250
185690,1,250
185732,1,250
185776,1,250
185779,1,250
185836,1,250
185867,1,250
185887,1,250
186040,1,250
186046,1,250
186073,1,250
186092,1,250
186114,1,250
186133,1,250
186216,1,250
186243,1,250
186291,1,250
186298,1,250
186342,1,250
186363,1,250
186364,1,250
186429,1,250
186491,1,250
186562,1,250
186654,1,250
186657,1,250
186696,1,250
186755,1,250
187027,1,250
187123,1,250
187145,1,250
187195,1,250
187201,1,250
187208,1,250
187229,1,250
187278,1,250
187301,1,250
187308,1,250
187327,1,250
187407,1,250
187410,1,250
187603,1,250
187645,1,250
187677,1,250
187681,1,250
187684,1,250
187721,1,250
187730,1,250
187879,1,250
187888,1,250
188041,1,250
188057,1,250
188069,1,250
188096,1,250
188205,1,250
188215,1,250
188246,1,250
188437,1,250
188451,1,250
188581,1,250
188609,1,250
188648,1,250
188711,1,250
188748,1,250
188790,1,250
188863,1,250
188906,1,250
188916,1,250
188927,1,250
188958,1,250
188960,1,250
189021,1,250
189027,1,250
189142,1,250
189201,1,250
189233,1,250
189299,1,250
189372,1,250
189489,1,250
189607,1,250
189692,1,250
189715,1,250
189726,1,250
189757,1,250
189788,1,250
189822,1,250
189860,1,250
189989,1,250
190096,1,250
190106,1,250
190107,1,250
190170,1,250
190204,1,250
190214,1,250
190306,1,250
190414,1,250
190414,1,250
190422,1,250
190505,1,250
190519,1,250
190547,1,250
190556,1,250
190557,1,250
190654,1,250
190750,1,250
190770,1,250
190784,1,250
190856,1,250
190872,1,250
190918,1,250
191037,1,250
191050,1,250
191061,1,250
191072,1,250
191164,1,250
191199,1,250
191245,1,250
191256,1,250
191388,1,250
191546,1,250
191700,1,250
191742,1,250
191766,1,250
191772,1,250
191814,1,250
191851,1,250
191949,1,250
191961,1,250
192010,1,250
192012,1,250
192075,1,250
192145,1,250
192176,1,250
192212,1,250
192228,1,250
192240,1,250
192283,1,250
192331,1,250
192348,1,250
192516,1,250
192738,1,250
192761,1,250
192768,1,250
192777,1,250
192792,1,250
192819,1,250
192823,1,250
192914,1,250
193100,1,250
193240,1,250
193289,1,250
193309,1,250
193379,1,250
193569,1,250
193636,1,250
193682,1,250
193693,1,250
193701,1,250
193708,1,250
193756,1,250
193885,1,250
193949,1,250
193958,1,250
194002,1,250
194054,1,250
194069,1,250
194084,1,250
194181,1,250
194246,1,250
194268,1,250
194268,1,250
194276,1,250
194329,1,250
194358,1,250
194421,1,250
194492,1,250
194515,1,250
194522,1,250
194525,1,250
194597,1,250
194661,1,250
194796,1,250
195003,1,250
195028,1,250
195087,1,250
195102,1,250
195195,1,250
195339,1,250
195367,1,250
195589,1,250
195657,1,250
195675,1,250
195738,1,250
195852,1,250
196020,1,250
196022,1,250
196061,1,250
196152,1,250
196218,1,250
196241,1,250
196367,1,250
196492,1,250
196580,1,250
196663,1,250
196765,1,250
196776,1,250
196929,1,250
197088,1,250
197093,1,250
197182,1,250
197199,1,250
197220,1,250
197276,1,250
197294,1,250
197321,1,250
197336,1,250
197499,1,250
197507,1,250
197523,1,250
197537,1,250
197552,1,250
197552,1,250
197558,1,250
197567,1,250
197570,1,250
197581,1,250
197606,1,250
197641,1,250
197735,1,250
197738,1,250
197816,1,250
197829,1,250
197895,1,250
198030,1,250
198067,1,250
198128,1,250
198181,1,250
198289,1,250
198308,1,250
198448,1,250
198454,1,250
198460,1,250
198466,1,250
198671,1,250
198716,1,250
198741,1,250
198850,1,250
198904,1,250
198908,1,250
198959,1,250
198963,1,250
198977,1,250
199120,1,250
199131,1,250
199170,1,250
199170,1,250
199192,1,250
199246,1,250
199258,1,250
199289,1,250
199322,1,250
199379,1,250
199648,1,250
199807,1,250
199824,1,250
199847,1,250
199875,1,250
199876,1,250
199950,1,250
199974,1,250
200038,1,250
200141,1,250
200177,1,250
200178,1,250
200294,1,250
200341,1,250
200358,1,250
200381,1,250
200391,1,250
200428,1,250
200501,1,250
200521,1,250
200537,1,250
200638,1,250
200677,1,250
200691,1,250
200741,1,250
200766,1,250
200769,1,250
200794,1,250
200868,1,250
200903,1,250
200926,1,250
200933,1,250
201031,1,250
201094,1,250
201103,1,250
201154,1,250
201164,1,250
201165,1,250
201168,1,250
201203,1,250
201211,1,250
201294,1,250
201369,1,250
201402,1,250
201493,1,250
201555,1,250
201560,1,250
201591,1,250
201620,1,250
201700,1,250
201842,1,250
201844,1,250
201862,1,250
201899,1,250
201925,1,250
202130,1,250
202151,1,250
202165,1,250
202254,1,250
202275,1,250
202588,1,250
202801,1,250
202857,1,250
202867,1,250
202902,1,250
202932,1,250
202934,1,250
202976,1,250
203007,1,250
203007,1,250
203063,1,250
203068,1,250
203195,1,250
203213,1,250
203219,1,250
203274,1,250
203298,1,250
203341,1,250
203467,1,250
203497,1,250
203514,1,250
203524,1,250
203706,1,250
203853,1,250
204111,1,250
204113,1,250
204173,1,250
204212,1,250
204222,1,250
204313,1,250
204470,1,250
204496,1,250
204501,1,250
204593,1,250
204597,1,250
204620,1,250
204632,1,250
204635,1,250
204719,1,250
204840,1,250
204882,1,250
204983,1,250
205129,1,250
205174,1,250
205225,1,250
205327,1,250
205338,1,250
205418,1,250
205453,1,250
205506,1,250
205730,1,250
205754,1,250
205780,1,250
205800,1,250
205839,1,250
205857,1,250
205861,1,250
205969,1,250
206047,1,250
206048,1,250
206060,1,250
206190,1,250
206272,1,250
206384,1,250
206493,1,250
206503,1,250
206551,1,250
206555,1,250
206715,1,250
206750,1,250
206773,1,250
206824,1,250
206925,1,250
206982,1,250
206992,1,250
207003,1,250
207007,1,250
207014,1,250
207034,1,250
207058,1,250
207195,1,250
207244,1,250
207248,1,250
207317,1,250
207461,1,250
207527,1,250
207536,1,250
207563,1,250
207614,1,250
207847,1,250
207969,1,250
208008,1,250
208009,1,250
208016,1,250
208032,1,250
208090,1,250
208098,1,250
208168,1,250
208291,1,250
208332,1,250
208375,1,250
208391,1,250
208392,1,250
208549,1,250
208560,1,250
208622,1,250
208693,1,250
208740,1,250
208767,1,250
208798,1,250
208850,1,250
209072,1,250
209135,1,250
209140,1,250
209143,1,250
209166,1,250
209171,1,250
209207,1,250
209420,1,250
209433,1,250
209522,1,250
209572,1,250
209596,1,250
209611,1,250
209814,1,250
209922,1,250
209929,1,250
210060,1,250
210098,1,250
210132,1,250
210167,1,250
210234,1,250
210293,1,250
210336,1,250
210398,1,250
210399,1,250
210415,1,250
210443,1,250
210492,1,250
210579,1,250
210585,1,250
210608,1,250
210651,1,250
210705,1,250
210720,1,250
210796,1,250
210819,1,250
210932,1,250
211077,1,250
211079,1,250
211086,1,250
211180,1,250
211194,1,250
211194,1,250
211195,1,250
211245,1,250
211583,1,250
211647,1,250
211837,1,250
211842,1,250
211848,1,250
211918,1,250
211937,1,250
212041,1,250
212041,1,250
212099,1,250
212177,1,250
212326,1,250
212429,1,250
212474,1,250
212512,1,250
212534,1,250
212568,1,250
212628,1,250
212636,1,250
212657,1,250
212670,1,250
212851,1,250
213028,1,250
213058,1,250
213068,1,250
213135,1,250
213145,1,250
213159,1,250
213198,1,250
213262,1,250
213342,1,250
213418,1,250
213642,1,250
213698,1,250
213709,1,250
213738,1,250
214182,1,250
214271,1,250
214287,1,250
214424,1,250
214467,1,250
214491,1,250
214532,1,250
214567,1,250
214631,1,250
214668,1,250
214818,1,250
214891,1,250
215179,1,250
215184,1,250
215235,1,250
215360,1,250
215397,1,250
215449,1,250
215680,1,250
215710,1,250
215788,1,250
215814,1,250
215938,1,250
215953,1,250
215960,1,250
215976,1,250
216072,1,250
216094,1,250
216289,1,250
216306,1,250
216371,1,250
216643,1,250
216692,1,250
216792,1,250
216814,1,250
216905,1,250
217050,1,250
217061,1,250
217196,1,250
217450,1,250
217459,1,250
217582,1,250
217591,1,250
217603,1,250
217813,1,250
217881,1,250
217927,1,250
218030,1,250
218042,1,250
218057,1,250
218405,1,250
218487,1,250
218518,1,250
218559,1,250
218927,1,250
219159,1,250
219334,1,250
219699,1,250
219710,1,250
219740,1,250
219775,1,250
219995,1,250
220020,1,250
220034,1,250
220051,1,250
220069,1,250
220075,1,250
220159,1,250
220162,1,250
220342,1,250
220400,1,250
220466,1,250
220485,1,250
220491,1,250
220518,1,250
220707,1,250
220742,1,250
220787,1,250
220962,1,250
221004,1,250
221134,1,250
221150,1,250
221255,1,250
221274,1,250
221357,1,250
221371,1,250
221540,1,250
221624,1,250
221676,1,250
221707,1,250
221759,1,250
221779,1,250
221855,1,250
221925,1,250
222147,1,250
222226,1,250
222334,1,250
222480,1,250
222705,1,250
222724,1,250
222882,1,250
223008,1,250
223019,1,250
223064,1,250
223104,1,250
223194,1,250
223299,1,250
223346,1,250
223355,1,250
223396,1,250
223414,1,250
223448,1,250
223628,1,250
223639,1,250
223819,1,250
223873,1,250
223938,1,250
224046,1,250
224144,1,250
224153,1,250
224175,1,250
224193,1,250
224203,1,250
224249,1,250
224302,1,250
224354,1,250
224392,1,250
224601,1,250
224607,1,250
224673,1,250
224744,1,250
224747,1,250
224814,1,250
224918,1,250
224981,1,250
225012,1,250
225092,1,250
225112,1,250
225246,1,250
225247,1,250
225320,1,250
225339,1,250
225339,1,250
225409,1,250
225410,1,250
225479,1,250
225525,1,250
225543,1,250
225677,1,250
225949,1,250
226054,1,250
226063,1,250
226183,1,250
226311,1,250
226355,1,250
226439,1,250
226497,1,250
226826,1,250
226914,1,250
226929,1,250
227240,1,250
227543,1,250
227800,1,250
227808,1,250
227920,1,250
228029,1,250
228042,1,250
228066,1,250
228091,1,250
228137,1,250
228205,1,250
228228,1,250
228233,1,250
228319,1,250
228338,1,250
228457,1,250
228522,1,250
228559,1,250
228824,1,250
228894,1,250
228895,1,250
228936,1,250
229023,1,250
229051,1,250
229129,1,250
229250,1,250
229387,1,250
229474,1,250
229475,1,250
229690,1,250
229700,1,250
230067,1,250
230117,1,250
230158,1,250
230197,1,250
230251,1,250
230407,1,250
230457,1,250
230495,1,250
230617,1,250
230663,1,250
230668,1,250
230714,1,250
230751,1,250
230764,1,250
230809,1,250
230902,1,250
230924,1,250
231001,1,250
231091,1,250
231566,1,250
231578,1,250
231590,1,250
231758,1,250
231867,1,250
231877,1,250
231951,1,250
232008,1,250
232032,1,250
232266,1,250
232575,1,250
232601,1,250
232719,1,250
232825,1,250
232941,1,250
232947,1,250
232964,1,250
233041,1,250
233234,1,250
233267,1,250
233268,1,250
233332,1,250
233387,1,250
233441,1,250
233574,1,250
233644,1,250
234281,1,250
234292,1,250
234316,1,250
234426,1,250
234506,1,250
234596,1,250
234603,1,250
234608,1,250
234639,1,250
234646,1,250
234830,1,250
234831,1,250
234847,1,250
234865,1,250
234868,1,250
235047,1,250
235125,1,250
235191,1,250
235192,1,250
235248,1,250
235335,1,250
235557,1,250
235566,1,250
235612,1,250
235686,1,250
235836,1,250
236136,1,250
236183,1,250
236580,1,250
236735,1,250
237273,1,250
237295,1,250
237401,1,250
237475,1,250
237556,1,250
237737,1,250
237819,1,250
237860,1,250
238007,1,250
238021,1,250
238160,1,250
238440,1,250
238657,1,250
238704,1,250
238891,1,250
238916,1,250
238929,1,250
239028,1,250
239171,1,250
239229,1,250
239361,1,250
239747,1,250
240007,1,250
240107,1,250
240164,1,250
240448,1,250
240916,1,250
240949,1,250
240984,1,250
241637,1,250
241849,1,250
241906,1,250
241946,1,250
242185,1,250
242198,1,250
242222,1,250
242649,1,250
242841,1,250
242956,1,250
243434,1,250
243470,1,250
243617,1,250
243751,1,250
243876,1,250
243906,1,250
243943,1,250
244079,1,250
244096,1,250
244232,1,250
244357,1,250
244447,1,250
244481,1,250
244483,1,250
244600,1,250
244731,1,250
244766,1,250
244787,1,250
244860,1,250
244921,1,250
245081,1,250
245140,1,250
245158,1,250
245195,1,250
245222,1,250
245294,1,250
245483,1,250
245533,1,250
245601,1,250
245665,1,250
245683,1,250
246089,1,250
246104,1,250
246142,1,250
246146,1,250
246157,1,250
246177,1,250
246399,1,250
246411,1,250
246465,1,250
246563,1,250
246676,1,250
246702,1,250
247122,1,250
247196,1,250
247259,1,250
247502,1,250
247537,1,250
247546,1,250
247696,1,250
247736,1,250
247806,1,250
248014,1,250
248164,1,250
248347,1,250
248368,1,250
248379,1,250
248389,1,250
248835,1,250
248867,1,250
248911,1,250
248950,1,250
248987,1,250
249087,1,250
249101,1,250
249110,1,250
249151,1,250
249396,1,250
249492,1,250
249565,1,250
249689,1,250
249713,1,250
249729,1,250
249750,1,250
250066,1,250
250623,1,250
250773,1,250
250784,1,250
250792,1,250
250885,1,250
251124,1,250
251344,1,250
251344,1,250
251627,1,250
251676,1,250
251685,1,250
251702,1,250
251778,1,250
251880,1,250
251964,1,250
251967,1,250
252030,1,250
252033,1,250
252181,1,250
252601,1,250
252682,1,250
252706,1,250
252725,1,250
252853,1,250
253038,1,250
253422,1,250
253423,1,250
253487,1,250
253623,1,250
253863,1,250
254233,1,250
254316,1,250
254341,1,250
254439,1,250
254492,1,250
254590,1,250
254602,1,250
254639,1,250
254914,1,250
254975,1,250
255126,1,250
255134,1,250
255245,1,250
255316,1,250
255552,1,250
255645,1,250
255678,1,250
255703,1,250
255811,1,250
255879,1,250
255953,1,250
256161,1,250
256171,1,250
256176,1,250
256204,1,250
256452,1,250
256498,1,250
256602,1,250
256604,1,250
257020,1,250
257131,1,250
257213,1,250
257871,1,250
257924,1,250
258007,1,250
258201,1,250
258212,1,250
258266,1,250
258309,1,250
258320,1,250
258469,1,250
258488,1,250
258508,1,250
258542,1,250
258578,1,250
258595,1,250
258754,1,250
258789,1,250
258800,1,250
258902,1,250
259162,1,250
259244,1,250
259335,1,250
259486,1,250
259620,1,250
259758,1,250
259862,1,250
260044,1,250
260094,1,250
260504,1,250
260525,1,250
260638,1,250
260726,1,250
260799,1,250
260838,1,250
261037,1,250
261370,1,250
261375,1,250
261569,1,250
262004,1,250
262233,1,250
262860,1,250
262985,1,250
263165,1,250
263284,1,250
263298,1,250
263307,1,250
263508,1,250
263597,1,250
263921,1,250
264003,1,250
264271,1,250
264277,1,250
264380,1,250
264755,1,250
264798,1,250
265224,1,250
265985,1,250
266099,1,250
266330,1,250
266346,1,250
266399,1,250
266682,1,250
267060,1,250
267138,1,250
267819,1,250
268024,1,250
268056,1,250
268675,1,250
268697,1,250
268810,1,250
269061,1,250
269589,1,250
269671,1,250
269823,1,250
269986,1,250
270001,1,250
270023,1,250
270093,1,250
270153,1,250
270434,1,250
270512,1,250
271002,1,250
271258,1,250
271365,1,250
271799,1,250
271896,1,250
271922,1,250
272060,1,250
272153,1,250
272162,1,250
272184,1,250
272232,1,250
272770,1,250
272877,1,250
273102,1,250
273154,1,250
273212,1,250
273448,1,250
273466,1,250
273486,1,250
273529,1,250
273543,1,250
273692,1,250
273707,1,250
273796,1,250
273836,1,250
274128,1,250
274401,1,250
274422,1,250
274458,1,250
274562,1,250
274727,1,250
274763,1,250
274953,1,250
274967,1,250
275075,1,250
275256,1,250
275589,1,250
276038,1,250
276092,1,250
276517,1,250
276569,1,250
276690,1,250
276881,1,250
277350,1,250
277377,1,250
277470,1,250
278198,1,250
278260,1,250
278635,1,250
279235,1,250
279368,1,250
279401,1,250
279786,1,250
279863,1,250
280766,1,250
280792,1,250
280833,1,250
281109,1,250
281125,1,250
281350,1,250
281577,1,250
281604,1,250
281713,1,250
281841,1,250
282055,1,250
282126,1,250
282433,1,250
282634,1,250
282770,1,250
282827,1,250
282979,1,250
283163,1,250
283206,1,250
283326,1,250
283396,1,250
283809,1,250
284531,1,250
284751,1,250
285351,1,250
285676,1,250
286274,1,250
286334,1,250
286782,1,250
286870,1,250
287155,1,250
287389,1,250
287524,1,250
287563,1,250
287798,1,250
288314,1,250
288342,1,250
288436,1,250
288765,1,250
289194,1,250
289364,1,250
289391,1,250
289758,1,250
289860,1,250
289879,1,250
290321,1,250
290398,1,250
290602,1,250
290735,1,250
291008,1,250
291014,1,250
291122,1,250
292082,1,250
292376,1,250
292685,1,250
292957,1,250
293096,1,250
293764,1,250
293914,1,250
294087,1,250
294175,1,250
294748,1,250
294825,1,250
295277,1,250
296051,1,250
296241,1,250
296339,1,250
296601,1,250
296836,1,250
297086,1,250
297116,1,250
297182,1,250
297423,1,250
297520,1,250
297699,1,250
298047,1,250
298431,1,250
298432,1,250
299368,1,250
299816,1,250
300161,1,250
300368,1,250
300461,1,250
300738,1,250
300855,1,250
300857,1,250
301006,1,250
301186,1,250
301277,1,250
301456,1,250
301643,1,250
302968,1,250
302988,1,250
303080,1,250
303106,1,250
304998,1,250
305393,1,250
305691,1,250
306154,1,250
306370,1,250
306560,1,250
306778,1,250
306995,1,250
307007,1,250
307012,1,250
307093,1,250
307229,1,250
307236,1,250
308180,1,250
309050,1,250
309294,1,250
309320,1,250
309427,1,250
309437,1,250
309598,1,250
309813,1,250
309909,1,250
310625,1,250
310627,1,250
310715,1,250
310939,1,250
312235,1,250
312329,1,250
312506,1,250
313136,1,250
313382,1,250
313388,1,250
313556,1,250
314212,1,250
314438,1,250
314480,1,250
314598,1,250
314839,1,250
315396,1,250
316157,1,250
316537,1,250
316661,1,250
317439,1,250
317677,1,250
318671,1,250
318778,1,250
319247,1,250
319532,1,250
319863,1,250
320276,1,250
320319,1,250
320430,1,250
320759,1,250
320844,1,250
320948,1,250
321058,1,250
321123,1,250
321875,1,250
321916,1,250
322295,1,250
322549,1,250
323445,1,250
324434,1,250
326584,1,250
327222,1,250
327650,1,250
328190,1,250
328408,1,250
329473,1,250
329591,1,250
329823,1,250
330130,1,250
330134,1,250
330567,1,250
330573,1,250
330591,1,250
330627,1,250
330812,1,250
331057,1,250
331065,1,250
331199,1,250
331331,1,250
331401,1,250
332018,1,250
332512,1,250
333257,1,250
334062,1,250
334279,1,250
334510,1,250
335071,1,250
335193,1,250
335221,1,250
335239,1,250
337251,1,250
337403,1,250
337634,1,250
337774,1,250
337930,1,250
338732,1,250
339871,1,250
339899,1,250
340076,1,250
340758,1,250
340812,1,250
340909,1,250
341077,1,250
341481,1,250
341534,1,250
342009,1,250
343107,1,250
343450,1,250
343846,1,250
344140,1,250
344606,1,250
344784,1,250
346956,1,250
347152,1,250
347350,1,250
347779,1,250
350178,1,250
350462,1,250
351205,1,250
351345,1,250
351378,1,250
352512,1,250
352779,1,250
353679,1,250
354022,1,250
354123,1,250
354142,1,250
354198,1,250
354223,1,250
354509,1,250
354789,1,250
354873,1,250
354889,1,250
354912,1,250
355087,1,250
355097,1,250
355403,1,250
355488,1,250
355705,1,250
355760,1,250
355898,1,250
356712,1,250
356815,1,250
357375,1,250
357532,1,250
357680,1,250
357820,1,250
358038,1,250
358118,1,250
358140,1,250
358383,1,250
358394,1,250
358431,1,250
358587,1,250
358615,1,250
359310,1,250
361006,1,250
361366,1,250
361522,1,250
361618,1,250
363267,1,250
363442,1,250
364064,1,250
364229,1,250
364582,1,250
364689,1,250
364827,1,250
365144,1,250
365382,1,250
365800,1,250
366770,1,250
366838,1,250
367277,1,250
367309,1,250
367348,1,250
368182,1,250
368360,1,250
368523,1,250
368716,1,250
369020,1,250
369128,1,250
369549,1,250
369740,1,250
370061,1,250
371140,1,250
371523,1,250
371878,1,250
372115,1,250
372399,1,250
373352,1,250
374065,1,250
374504,1,250
374716,1,250
374845,1,250
375268,1,250
376560,1,250
376709,1,250
376798,1,250
377891,1,250
378238,1,250
378342,1,250
378800,1,250
378816,1,250
379160,1,250
379408,1,250
379414,1,250
379541,1,250
379546,1,250
379556,1,250
379866,1,250
379960,1,250
380044,1,250
380125,1,250
380149,1,250
380496,1,250
380659,1,250
380933,1,250
381773,1,250
382029,1,250
382248,1,250
382587,1,250
382972,1,250
383125,1,250
383315,1,250
383830,1,250
384114,1,250
384178,1,250
384450,1,250
384544,1,250
384564,1,250
384755,1,250
385047,1,250
385256,1,250
385909,1,250
385993,1,250
386695,1,250
387077,1,250
387215,1,250
387219,1,250
387608,1,250
387858,1,250
388086,1,250
388896,1,250
388917,1,250
388968,1,250
389286,1,250
389716,1,250
390447,1,250
391251,1,250
391921,1,250
392227,1,250
392306,1,250
392610,1,250
393604,1,250
393749,1,250
394064,1,250
394424,1,250
394433,1,250
394523,1,250
394698,1,250
394800,1,250
396664,1,250
396739,1,250
396798,1,250
398656,1,250
399074,1,250
399543,1,250
400756,1,250
400828,1,250
401256,1,250
401951,1,250
402125,1,250
402130,1,250
402166,1,250
402169,1,250
402189,1,250
402331,1,250
402423,1,250
402470,1,250
402567,1,250
402589,1,250
402850,1,250
402904,1,250
403145,1,250
403178,1,250
403211,1,250
403233,1,250
403264,1,250
403269,1,250
403606,1,250
403634,1,250
403864,1,250
403903,1,250
404149,1,250
404608,1,250
404800,1,250
405380,1,250
406140,1,250
406442,1,250
406661,1,250
407336,1,250
407539,1,250
408227,1,250
408666,1,250
409041,1,250
409083,1,250
410232,1,250
410310,1,250
410556,1,250
412235,1,250
412470,1,250
412611,1,250
412613,1,250
413044,1,250
413452,1,250
413680,1,250
413698,1,250
414645,1,250
415177,1,250
416570,1,250
417196,1,250
417320,1,250
417474,1,250
417680,1,250
417736,1,250
418023,1,250
418731,1,250
419382,1,250
419758,1,250
419759,1,250
420073,1,250
420414,1,250
420435,1,250
420571,1,250
420801,1,250
420901,1,250
421683,1,250
422040,1,250
422277,1,250
422279,1,250
422825,1,250
423729,1,250
424256,1,250
424260,1,250
424405,1,250
424422,1,250
424751,1,250
425226,1,250
425232,1,250
425302,1,250
426448,1,250
426650,1,250
426658,1,250
426790,1,250
426809,1,250
426876,1,250
427120,1,250
427299,1,250
427347,1,250
427656,1,250
427834,1,250
427860,1,250
428050,1,250
428058,1,250
428433,1,250
428546,1,250
428631,1,250
428767,1,250
428832,1,250
428920,1,250
429179,1,250
429227,1,250
429368,1,250
429391,1,250
430352,1,250
430491,1,250
430596,1,250
430709,1,250
431099,1,250
431227,1,250
431355,1,250
431429,1,250
431499,1,250
431651,1,250
431917,1,250
431950,1,250
431953,1,250
432050,1,250
432112,1,250
432115,1,250
432179,1,250
432295,1,250
432876,1,250
432887,1,250
433631,1,250
433767,1,250
434213,1,250
434266,1,250
434268,1,250
434853,1,250
435220,1,250
435355,1,250
436220,1,250
436313,1,250
436397,1,250
436419,1,250
436451,1,250
437432,1,250
437757,1,250
437996,1,250
438064,1,250
438512,1,250
438586,1,250
438597,1,250
438698,1,250
439354,1,250
439479,1,250
439723,1,250
439765,1,250
439812,1,250
439871,1,250
439890,1,250
440522,1,250
441041,1,250
441058,1,250
441140,1,250
441252,1,250
441439,1,250
441683,1,250
441769,1,250
442000,1,250
442280,1,250
442595,1,250
442780,1,250
442815,1,250
442998,1,250
443313,1,250
443736,1,250
444187,1,250
444435,1,250
444638,1,250
444649,1,250
444841,1,250
445411,1,250
445784,1,250
445922,1,250
446001,1,250
446071,1,250
446105,1,250
446164,1,250
446690,1,250
447134,1,250
447376,1,250
447718,1,250
447763,1,250
447801,1,250
448017,1,250
448152,1,250
448430,1,250
448523,1,250
448693,1,250
448704,1,250
448764,1,250
448775,1,250
448862,1,250
449103,1,250
449139,1,250
449140,1,250
449211,1,250
449278,1,250
449287,1,250
449310,1,250
449428,1,250
449464,1,250
450203,1,250
450239,1,250
450364,1,250
450439,1,250
450526,1,250
450813,1,250
451030,1,250
451050,1,250
451121,1,250
451368,1,250
451414,1,250
451444,1,250
451480,1,250
451661,1,250
452099,1,250
452150,1,250
452639,1,250
452801,1,250
452931,1,250
453047,1,250
453309,1,250
453416,1,250
453659,1,250
453707,1,250
453723,1,250
453752,1,250
453835,1,250
453864,1,250
453951,1,250
453979,1,250
454055,1,250
454295,1,250
454583,1,250
455119,1,250
455277,1,250
455377,1,250
455584,1,250
455660,1,250
455701,1,250
455843,1,250
455934,1,250
456041,1,250
456164,1,250
456297,1,250
456442,1,250
456537,1,250
456683,1,250
456714,1,250
456892,1,250
457028,1,250
457421,1,250
457437,1,250
457688,1,250
457701,1,250
457818,1,250
457819,1,250
457865,1,250
458254,1,250
458465,1,250
459009,1,250
459069,1,250
459133,1,250
459284,1,250
459558,1,250
459863,1,250
459919,1,250
459964,1,250
459997,1,250
460538,1,250
461052,1,250
461054,1,250
461115,1,250
461200,1,250
461736,1,250
461822,1,250
461874,1,250
462261,1,250
462318,1,250
462541,1,250
462718,1,250
462896,1,250
463036,1,250
463120,1,250
463150,1,250
463386,1,250
464227,1,250
464295,1,250
464323,1,250
464549,1,250
464582,1,250
465305,1,250
465345,1,250
465396,1,250
465835,1,250
466005,1,250
466278,1,250
466372,1,250
466554,1,250
466731,1,250
466993,1,250
467203,1,250
467207,1,250
467244,1,250
467319,1,250
467812,1,250
467885,1,250
468020,1,250
468056,1,250
469140,1,250
469228,1,250
469358,1,250
469611,1,250
469813,1,250
469820,1,250
470077,1,250
470172,1,250
470427,1,250
470438,1,250
470502,1,250
470547,1,250
471042,1,250
471062,1,250
471161,1,250
471255,1,250
471507,1,250
471605,1,250
471794,1,250
471794,1,250
471931,1,250
472290,1,250
472320,1,250
472343,1,250
472343,1,250
472548,1,250
472710,1,250
472954,1,250
473037,1,250
473069,1,250
473093,1,250
473206,1,250
473535,1,250
473570,1,250
473619,1,250
473638,1,250
473717,1,250
473898,1,250
473911,1,250
474020,1,250
474050,1,250
474242,1,250
474320,1,250
474389,1,250
474575,1,250
474639,1,250
474736,1,250
474736,1,250
474788,1,250
474832,1,250
474958,1,250
475095,1,250
475223,1,250
475275,1,250
475312,1,250
475463,1,250
475475,1,250
475509,1,250
475547,1,250
475601,1,250
475818,1,250
475936,1,250
476047,1,250
476083,1,250
476146,1,250
476292,1,250
476390,1,250
476443,1,250
476694,1,250
476791,1,250
477041,1,250
477297,1,250
477335,1,250
477654,1,250
478267,1,250
478661,1,250
478880,1,250
478910,1,250
479074,1,250
479081,1,250
479136,1,250
479234,1,250
479250,1,250
479459,1,250
479475,1,250
479528,1,250
480099,1,250
480117,1,250
480171,1,250
480215,1,250
480232,1,250
480250,1,250
480357,1,250
480450,1,250
480523,1,250
480576,1,250
480790,1,250
481116,1,250
481160,1,250
481260,1,250
481393,1,250
481513,1,250
481673,1,250
481899,1,250
482069,1,250
482089,1,250
482243,1,250
482300,1,250
482467,1,250
482696,1,250
482772,1,250
482811,1,250
483180,1,250
483341,1,250
483385,1,250
483586,1,250
484004,1,250
484023,1,250
484035,1,250
484804,1,250
485323,1,250
485578,1,250
485763,1,250
485814,1,250
486037,1,250
486595,1,250
486656,1,250
486779,1,250
486811,1,250
486890,1,250
486901,1,250
487218,1,250
487650,1,250
487688,1,250
487949,1,250
488002,1,250
488082,1,250
488123,1,250
488261,1,250
488417,1,250
488761,1,250
488978,1,250
489361,1,250
489412,1,250
489625,1,250
489649,1,250
489658,1,250
490054,1,250
490175,1,250
490300,1,250
490508,1,250
490589,1,250
490606,1,250
490685,1,250
490777,1,250
490861,1,250
490904,1,250
490960,1,250
491418,1,250
491645,1,250
491665,1,250
491696,1,250
491726,1,250
492034,1,250
492253,1,250
492514,1,250
492564,1,250
492694,1,250
492916,1,250
492966,1,250
492971,1,250
492999,1,250
493330,1,250
493433,1,250
493506,1,250
493523,1,250
493597,1,250
493616,1,250
493627,1,250
494431,1,250
494542,1,250
494618,1,250
494685,1,250
494699,1,250
494719,1,250
494774,1,250
494822,1,250
494900,1,250
494901,1,250
494902,1,250
495147,1,250
495201,1,250
496062,1,250
496211,1,250
497541,1,250
498046,1,250
498422,1,250
498449,1,250
498498,1,250
498501,1,250
498570,1,250
498648,1,250
498721,1,250
498771,1,250
498893,1,250
499076,1,250
499149,1,250
499161,1,250
499392,1,250
499552,1,250
499668,1,250
499678,1,250
500109,1,250
500279,1,250
500411,1,250
500855,1,250
501480,1,250
501540,1,250
501574,1,250
501805,1,250
501829,1,250
502079,1,250
502367,1,250
502390,1,250
502617,1,250
502769,1,250
502774,1,250
502870,1,250
502885,1,250
503035,1,250
503150,1,250
503303,1,250
503349,1,250
503436,1,250
503584,1,250
504027,1,250
504046,1,250
504091,1,250
504115,1,250
504174,1,250
504344,1,250
504371,1,250
504419,1,250
504434,1,250
504513,1,250
504527,1,250
504534,1,250
504756,1,250
506023,1,250
506024,1,250
506127,1,250
506611,1,250
506651,1,250
506689,1,250
507337,1,250
507634,1,250
507688,1,250
507747,1,250
507755,1,250
508072,1,250
508190,1,250
508216,1,250
508440,1,250
508615,1,250
508937,1,250
509074,1,250
509392,1,250
509579,1,250
509659,1,250
509669,1,250
510247,1,250
510551,1,250
510553,1,250
510605,1,250
510794,1,250
510885,1,250
510972,1,250
511442,1,250
511862,1,250
511899,1,250
511947,1,250
512016,1,250
512494,1,250
512500,1,250
513381,1,250
513502,1,250
513635,1,250
513654,1,250
513777,1,250
513997,1,250
514020,1,250
514026,1,250
514173,1,250
514373,1,250
514413,1,250
514736,1,250
514779,1,250
514850,1,250
514978,1,250
515379,1,250
515632,1,250
515789,1,250
516140,1,250
516352,1,250
516952,1,250
517098,1,250
517136,1,250
517236,1,250
517254,1,250
517448,1,250
517818,1,250
517849,1,250
518152,1,250
518166,1,250
518227,1,250
518263,1,250
518366,1,250
518374,1,250
518479,1,250
518595,1,250
518896,1,250
519028,1,250
519291,1,250
519437,1,250
519476,1,250
519763,1,250
520153,1,250
520210,1,250
520417,1,250
521127,1,250
521131,1,250
521226,1,250
521272,1,250
521332,1,250
521353,1,250
521447,1,250
521509,1,250
522040,1,250
522131,1,250
522182,1,250
522185,1,250
522351,1,250
522483,1,250
522494,1,250
522836,1,250
522840,1,250
522845,1,250
523401,1,250
523528,1,250
523799,1,250
524759,1,250
524831,1,250
524903,1,250
525116,1,250
525151,1,250
525304,1,250
525785,1,250
525854,1,250
526115,1,250
526131,1,250
526178,1,250
526290,1,250
526410,1,250
526803,1,250
527095,1,250
527189,1,250
527261,1,250
527730,1,250
527839,1,250
527869,1,250
527929,1,250
528667,1,250
528772,1,250
528779,1,250
528897,1,250
529290,1,250
529632,1,250
530300,1,250
530563,1,250
530984,1,250
531992,1,250
532260,1,250
532365,1,250
532600,1,250
533346,1,250
534204,1,250
535110,1,250
535117,1,250
535321,1,250
535544,1,250
535614,1,250
535615,1,250
535693,1,250
535887,1,250
536101,1,250
536754,1,250
536852,1,250
536960,1,250
537060,1,250
537825,1,250
538362,1,250
538400,1,250
538705,1,250
538843,1,250
539035,1,250
539683,1,250
541323,1,250
541364,1,250
541945,1,250
542019,1,250
542477,1,250
542573,1,250
543714,1,250
544011,1,250
544351,1,250
545711,1,250
545721,1,250
545972,1,250
546091,1,250
546279,1,250
546607,1,250
547079,1,250
547707,1,250
548101,1,250
548140,1,250
549091,1,250
549120,1,250
549292,1,250
549391,1,250
550476,1,250
551482,1,250
551605,1,250
552452,1,250
552786,1,250
553730,1,250
555142,1,250
555296,1,250
555865,1,250
557252,1,250
557456,1,250
557980,1,250
559778,1,250
560954,1,250
561040,1,250
561268,1,250
561446,1,250
561475,1,250
562204,1,250
562283,1,250
563042,1,250
563341,1,250
563635,1,250
564980,1,250
565108,1,250
565351,1,250
565458,1,250
565842,1,250
565871,1,250
566027,1,250
566054,1,250
566079,1,250
566215,1,250
566421,1,250
566544,1,250
566747,1,250
566867,1,250
566889,1,250
566929,1,250
567943,1,250
568658,1,250
569457,1,250
570732,1,250
570818,1,250
571862,1,250
572510,1,250
574729,1,250
574812,1,250
575030,1,250
575098,1,250
575507,1,250
576536,1,250
576710,1,250
577743,1,250
577889,1,250
578387,1,250
578648,1,250
579269,1,250
579854,1,250
579996,1,250
580674,1,250
581066,1,250
