398,1,250
793,1,250
1234,1,250
1557,1,250
1742,1,250
2137,1,250
2392,1,250
3130,1,250
3666,1,250
3797,1,250
4260,1,250
5612,1,250
5668,1,250
5879,1,250
6584,1,250
6695,1,250
7179,1,250
7206,1,250
8268,1,250
8876,1,250
8882,1,250
9359,1,250
9592,1,250
10647,1,250
10829,1,250
11446,1,250
12153,1,250
12230,1,250
12417,1,250
12745,1,250
14196,1,250
14341,1,250
15038,1,250
15078,1,250
18157,1,250
18398,1,250
18629,1,250
18818,1,250
18870,1,250
19638,1,250
19715,1,250
19818,1,250
20076,1,250
20120,1,250
21059,1,250
21182,1,250
21396,1,250
22127,1,250
22148,1,250
22194,1,250
22643,1,250
22966,1,250
23057,1,250
24001,1,250
25348,1,250
25764,1,250
27398,1,250
27883,1,250
27935,1,250
28299,1,250
28520,1,250
29122,1,250
29381,1,250
29509,1,250
29556,1,250
30207,1,250
30315,1,250
30752,1,250
31626,1,250
32155,1,250
32270,1,250
32967,1,250
33450,1,250
33568,1,250
33911,1,250
33916,1,250
36210,1,250
36289,1,250
39462,1,250
40844,1,250
41945,1,250
42024,1,250
42050,1,250
42573,1,250
42623,1,250
42675,1,250
42925,1,250
43020,1,250
43096,1,250
43649,1,250
43979,1,250
44888,1,250
44983,1,250
45174,1,250
45289,1,250
45321,1,250
45354,1,250
45526,1,250
45796,1,250
46094,1,250
46255,1,250
46346,1,250
46661,1,250
47098,1,250
47205,1,250
47550,1,250
48211,1,250
49471,1,250
49533,1,250
49622,1,250
50206,1,250
50450,1,250
51611,1,250
52056,1,250
52273,1,250
52378,1,250
52416,1,250
53193,1,250
54409,1,250
54624,1,250
54801,1,250
55870,1,250
55902,1,250
55963,1,250
57061,1,250
57289,1,250
57759,1,250
58106,1,250
58670,1,250
58717,1,250
58798,1,250
58911,1,250
59018,1,250
59152,1,250
59219,1,250
60305,1,250
62454,1,250
62723,1,250
62861,1,250
63826,1,250
64072,1,250
65103,1,250
65499,1,250
65549,1,250
66099,1,250
66126,1,250
66148,1,250
66429,1,250
66588,1,250
66638,1,250
66858,1,250
66942,1,250
67175,1,250
67206,1,250
67232,1,250
67520,1,250
67537,1,250
67542,1,250
67631,1,250
67634,1,250
67733,1,250
67862,1,250
69046,1,250
69278,1,250
69655,1,250
70436,1,250
70620,1,250
71584,1,250
71596,1,250
72222,1,250
72354,1,250
72907,1,250
73130,1,250
73785,1,250
74304,1,250
74368,1,250
74740,1,250
74783,1,250
74897,1,250
75000,1,250
76355,1,250
77373,1,250
77385,1,250
78012,1,250
78785,1,250
78907,1,250
79033,1,250
79146,1,250
79443,1,250
80515,1,250
80762,1,250
80863,1,250
80940,1,250
80943,1,250
81069,1,250
81124,1,250
81278,1,250
82518,1,250
82657,1,250
82744,1,250
83272,1,250
83545,1,250
83585,1,250
83912,1,250
84124,1,250
84681,1,250
84716,1,250
84745,1,250
85056,1,250
85220,1,250
85387,1,250
85754,1,250
86453,1,250
86557,1,250
86986,1,250
87857,1,250
88172,1,250
88173,1,250
88316,1,250
88644,1,250
89015,1,250
89132,1,250
89475,1,250
89783,1,250
90065,1,250
90072,1,250
90160,1,250
90181,1,250
90220,1,250
90387,1,250
90438,1,250
90444,1,250
90456,1,250
90492,1,250
90575,1,250
90623,1,250
90718,1,250
91275,1,250
91350,1,250
92047,1,250
92131,1,250
92205,1,250
92421,1,250
92756,1,250
92774,1,250
92866,1,250
92893,1,250
92983,1,250
93577,1,250
94045,1,250
94048,1,250
94075,1,250
94082,1,250
94170,1,250
94272,1,250
94340,1,250
94502,1,250
94843,1,250
95028,1,250
95096,1,250
95132,1,250
95159,1,250
95874,1,250
95875,1,250
96072,1,250
96144,1,250
96350,1,250
96632,1,250
97004,1,250
97099,1,250
97158,1,250
97315,1,250
97628,1,250
97768,1,250
97793,1,250
97876,1,250
97979,1,250
98182,1,250
98234,1,250
98305,1,250
98448,1,250
98578,1,250
98595,1,250
98636,1,250
98779,1,250
99096,1,250
99228,1,250
99253,1,250
99270,1,250
99397,1,250
99441,1,250
99773,1,250
99847,1,250
99983,1,250
100136,1,250
100198,1,250
100435,1,250
100645,1,250
100667,1,250
100810,1,250
101020,1,250
101088,1,250
101239,1,250
101375,1,250
101664,1,250
101879,1,250
102094,1,250
102476,1,250
102599,1,250
102628,1,250
102692,1,250
102755,1,250
102766,1,250
102774,1,250
103022,1,250
103027,1,250
103061,1,250
103238,1,250
103436,1,250
103454,1,250
103512,1,250
103767,1,250
103797,1,250
104016,1,250
104057,1,250
104058,1,250
104222,1,250
104411,1,250
104465,1,250
104533,1,250
104678,1,250
105223,1,250
105322,1,250
105555,1,250
105598,1,250
105654,1,250
105716,1,250
106013,1,250
106077,1,250
106110,1,250
106228,1,250
106549,1,250
106619,1,250
107080,1,250
107313,1,250
107323,1,250
107515,1,250
107680,1,250
107802,1,250
107904,1,250
108458,1,250
108498,1,250
108749,1,250
108997,1,250
109134,1,250
109305,1,250
109928,1,250
110053,1,250
110096,1,250
110218,1,250
110472,1,250
110528,1,250
110716,1,250
110792,1,250
110803,1,250
110847,1,250
111181,1,250
111260,1,250
111350,1,250
111406,1,250
111930,1,250
111962,1,250
112128,1,250
112420,1,250
112528,1,250
112966,1,250
113696,1,250
114037,1,250
114097,1,250
114272,1,250
114446,1,250
114480,1,250
114547,1,250
114553,1,250
114575,1,250
114674,1,250
114812,1,250
114822,1,250
114898,1,250
114910,1,250
114968,1,250
115124,1,250
115157,1,250
115511,1,250
115539,1,250
115542,1,250
115665,1,250
115793,1,250
115953,1,250
116055,1,250
116117,1,250
116413,1,250
116519,1,250
116634,1,250
116667,1,250
116736,1,250
116793,1,250
117404,1,250
117435,1,250
117451,1,250
117457,1,250
117530,1,250
117558,1,250
117561,1,250
117651,1,250
117758,1,250
117783,1,250
118636,1,250
118683,1,250
119141,1,250
119183,1,250
119199,1,250
119382,1,250
119436,1,250
119448,1,250
119449,1,250
119666,1,250
119787,1,250
119968,1,250
120140,1,250
120423,1,250
120484,1,250
120488,1,250
120508,1,250
120610,1,250
120744,1,250
121190,1,250
121245,1,250
121355,1,250
121592,1,250
121701,1,250
121741,1,250
121841,1,250
121854,1,250
122042,1,250
122084,1,250
122351,1,250
122441,1,250
122482,1,250
122524,1,250
122544,1,250
122630,1,250
122812,1,250
122878,1,250
123305,1,250
123392,1,250
123462,1,250
123489,1,250
123520,1,250
123583,1,250
123695,1,250
123892,1,250
124101,1,250
124107,1,250
124352,1,250
124390,1,250
124425,1,250
124455,1,250
124660,1,250
124736,1,250
124856,1,250
125083,1,250
125320,1,250
125321,1,250
125576,1,250
125593,1,250
125701,1,250
125731,1,250
125750,1,250
125802,1,250
125829,1,250
126190,1,250
126206,1,250
126280,1,250
126281,1,250
126467,1,250
126561,1,250
126666,1,250
126992,1,250
127025,1,250
127562,1,250
127669,1,250
127751,1,250
127891,1,250
127976,1,250
128019,1,250
128141,1,250
128171,1,250
128270,1,250
128560,1,250
128649,1,250
128742,1,250
128935,1,250
128949,1,250
128954,1,250
129043,1,250
129153,1,250
129339,1,250
129402,1,250
129532,1,250
129577,1,250
129781,1,250
129789,1,250
130039,1,250
130236,1,250
130481,1,250
130609,1,250
130779,1,250
130785,1,250
131116,1,250
131528,1,250
131585,1,250
131910,1,250
132100,1,250
132136,1,250
132157,1,250
132356,1,250
132363,1,250
132433,1,250
132525,1,250
132529,1,250
132675,1,250
133061,1,250
133118,1,250
133363,1,250
133372,1,250
133414,1,250
133414,1,250
133549,1,250
133721,1,250
134140,1,250
134245,1,250
134457,1,250
134620,1,250
134775,1,250
134838,1,250
134950,1,250
135064,1,250
135184,1,250
135380,1,250
135901,1,250
135969,1,250
136009,1,250
136309,1,250
136318,1,250
136416,1,250
136481,1,250
136613,1,250
136734,1,250
136744,1,250
136764,1,250
136943,1,250
137029,1,250
137053,1,250
138058,1,250
138177,1,250
138242,1,250
138306,1,250
138373,1,250
138419,1,250
138430,1,250
138561,1,250
138567,1,250
138597,1,250
138777,1,250
138777,1,250
138952,1,250
138962,1,250
138971,1,250
138977,1,250
139094,1,250
139119,1,250
139161,1,250
139345,1,250
139450,1,250
139482,1,250
139494,1,250
139520,1,250
139531,1,250
139555,1,250
139642,1,250
139651,1,250
139720,1,250
139754,1,250
139832,1,250
139845,1,250
140050,1,250
140204,1,250
140228,1,250
140367,1,250
140383,1,250
140461,1,250
140491,1,250
140647,1,250
140664,1,250
140683,1,250
140905,1,250
140982,1,250
140993,1,250
141110,1,250
141260,1,250
141266,1,250
141463,1,250
141493,1,250
141571,1,250
141714,1,250
141757,1,250
141825,1,250
141884,1,250
142016,1,250
142033,1,250
142080,1,250
142203,1,250
142246,1,250
142284,1,250
142329,1,250
142430,1,250
142576,1,250
142759,1,250
142907,1,250
143029,1,250
143033,1,250
143122,1,250
143295,1,250
143305,1,250
143407,1,250
143428,1,250
143462,1,250
143562,1,250
143563,1,250
143607,1,250
143714,1,250
143903,1,250
143958,1,250
144043,1,250
144060,1,250
144108,1,250
144222,1,250
144344,1,250
144616,1,250
144676,1,250
144725,1,250
144727,1,250
144729,1,250
145011,1,250
145031,1,250
145069,1,250
145085,1,250
145115,1,250
145133,1,250
145198,1,250
145289,1,250
145293,1,250
145532,1,250
145538,1,250
145851,1,250
146136,1,250
146213,1,250
146375,1,250
146384,1,250
146572,1,250
146630,1,250
146654,1,250
146678,1,250
146698,1,250
146971,1,250
147203,1,250
147229,1,250
147276,1,250
147292,1,250
147303,1,250
147398,1,250
147420,1,250
147476,1,250
147518,1,250
147740,1,250
147872,1,250
147902,1,250
148115,1,250
148267,1,250
148345,1,250
148392,1,250
148459,1,250
148462,1,250
148580,1,250
148635,1,250
148698,1,250
148712,1,250
148749,1,250
148754,1,250
148808,1,250
149051,1,250
149082,1,250
149204,1,250
149262,1,250
149296,1,250
149355,1,250
149392,1,250
149405,1,250
149583,1,250
149651,1,250
149726,1,250
149823,1,250
149869,1,250
149949,1,250
149971,1,250
150105,1,250
150253,1,250
150326,1,250
150359,1,250
150697,1,250
150861,1,250
151043,1,250
151055,1,250
151076,1,250
151255,1,250
151401,1,250
151437,1,250
151520,1,250
151590,1,250
151667,1,250
151763,1,250
151860,1,250
151920,1,250
151929,1,250
152045,1,250
152088,1,250
152168,1,250
152259,1,250
152419,1,250
152467,1,250
152492,1,250
152663,1,250
152757,1,250
152815,1,250
152908,1,250
153030,1,250
153055,1,250
153066,1,250
153168,1,250
153219,1,250
153293,1,250
153413,1,250
153530,1,250
153736,1,250
153793,1,250
153807,1,250
154146,1,250
154149,1,250
154150,1,250
154262,1,250
154289,1,250
154319,1,250
154356,1,250
154478,1,250
154517,1,250
154531,1,250
154551,1,250
154596,1,250
154609,1,250
154704,1,250
154789,1,250
154863,1,250
154959,1,250
155011,1,250
155080,1,250
155697,1,250
155770,1,250
155904,1,250
156300,1,250
156847,1,250
156876,1,250
156901,1,250
157156,1,250
157161,1,250
157215,1,250
157294,1,250
157466,1,250
157473,1,250
157501,1,250
157526,1,250
157616,1,250
157664,1,250
157684,1,250
157722,1,250
157925,1,250
157989,1,250
158326,1,250
158552,1,250
158598,1,250
158737,1,250
158748,1,250
158866,1,250
159097,1,250
159485,1,250
159575,1,250
159650,1,250
159864,1,250
159878,1,250
159934,1,250
159940,1,250
159942,1,250
159968,1,250
160006,1,250
160018,1,250
160101,1,250
160177,1,250
160304,1,250
160543,1,250
160571,1,250
160608,1,250
160608,1,250
160733,1,250
160758,1,250
160858,1,250
160861,1,250
160864,1,250
160892,1,250
160901,1,250
160905,1,250
160970,1,250
161094,1,250
161201,1,250
161356,1,250
161420,1,250
161582,1,250
161613,1,250
161641,1,250
161759,1,250
161788,1,250
161803,1,250
161871,1,250
161896,1,250
162010,1,250
162020,1,250
162050,1,250
162057,1,250
162144,1,250
162299,1,250
162315,1,250
162417,1,250
162500,1,250
162526,1,250
162527,1,250
162617,1,250
162719,1,250
162884,1,250
162939,1,250
163015,1,250
163017,1,250
163178,1,250
163268,1,250
163292,1,250
163339,1,250
163409,1,250
163450,1,250
163502,1,250
163525,1,250
163596,1,250
163678,1,250
163725,1,250
163943,1,250
163952,1,250
163975,1,250
164123,1,250
164189,1,250
164239,1,250
164481,1,250
164533,1,250
164572,1,250
164728,1,250
164887,1,250
165151,1,250
165154,1,250
165238,1,250
165278,1,250
165374,1,250
165470,1,250
165640,1,250
165841,1,250
166099,1,250
166120,1,250
166142,1,250
166201,1,250
166294,1,250
166308,1,250
166336,1,250
166351,1,250
166410,1,250
166506,1,250
166567,1,250
166569,1,250
166766,1,250
166856,1,250
166863,1,250
166874,1,250
166893,1,250
166922,1,250
167110,1,250
167163,1,250
167192,1,250
167316,1,250
167365,1,250
167392,1,250
167501,1,250
167527,1,250
167565,1,250
167597,1,250
167623,1,250
167662,1,250
168242,1,250
168274,1,250
168420,1,250
168547,1,250
168568,1,250
168666,1,250
168691,1,250
168720,1,250
168873,1,250
169003,1,250
169010,1,250
169026,1,250
169036,1,250
169421,1,250
169458,1,250
169695,1,250
169739,1,250
169743,1,250
169854,1,250
170076,1,250
170082,1,250
170402,1,250
170435,1,250
170629,1,250
170827,1,250
170884,1,250
170915,1,250
170975,1,250
171009,1,250
171134,1,250
171190,1,250
171342,1,250
171458,1,250
171480,1,250
171679,1,250
171705,1,250
171716,1,250
171722,1,250
171754,1,250
171807,1,250
172054,1,250
172296,1,250
172411,1,250
172800,1,250
172881,1,250
172966,1,250
172982,1,250
173018,1,250
173024,1,250
173099,1,250
173162,1,250
173199,1,250
173204,1,250
173216,1,250
173302,1,250
173346,1,250
173428,1,250
173459,1,250
173517,1,250
173635,1,250
173704,1,250
173791,1,250
173797,1,250
173832,1,250
173857,1,250
173993,1,250
174018,1,250
174088,1,250
174092,1,250
174112,1,250
174292,1,250
174378,1,250
174558,1,250
174680,1,250
174736,1,250
174933,1,250
174941,1,250
174947,1,250
175110,1,250
175183,1,250
175246,1,250
175320,1,250
175336,1,250
175365,1,250
175447,1,250
175473,1,250
175709,1,250
175717,1,250
175835,1,250
175950,1,250
175994,1,250
176021,1,250
176113,1,250
176126,1,250
176140,1,250
176218,1,250
176234,1,250
176257,1,250
176280,1,250
176446,1,250
176462,1,250
176479,1,250
176525,1,250
176547,1,250
176554,1,250
176727,1,250
176744,1,250
176764,1,250
176783,1,250
176920,1,250
176929,1,250
177031,1,250
177057,1,250
177156,1,250
177239,1,250
177318,1,250
177509,1,250
177518,1,250
177619,1,250
177804,1,250
178030,1,250
178034,1,250
178044,1,250
178285,1,250
178289,1,250
178312,1,250
178339,1,250
178401,1,250
178417,1,250
178499,1,250
178504,1,250
178548,1,250
178603,1,250
178679,1,250
178713,1,250
178719,1,250
178853,1,250
178860,1,250
178865,1,250
179099,1,250
179455,1,250
179518,1,250
179782,1,250
179829,1,250
179903,1,250
180008,1,250
180011,1,250
180072,1,250
180116,1,250
180151,1,250
180231,1,250
180254,1,250
180258,1,250
180279,1,250
180285,1,250
180298,1,250
180331,1,250
180499,1,250
180511,1,250
180550,1,250
180588,1,250
180665,1,250
180697,1,250
180806,1,250
180858,1,250
180892,1,250
180951,1,250
180963,1,250
181227,1,250
181257,1,250
181260,1,250
181341,1,250
181420,1,250
181550,1,250
181667,1,250
181767,1,250
181794,1,250
181806,1,250
181864,1,250
181972,1,250
182133,1,250
182237,1,250
182277,1,250
182470,1,250
182476,1,250
182486,1,250
182489,1,250
182535,1,250
182649,1,250
182866,1,250
182967,1,250
182984,1,250
183120,1,250
183419,1,250
183521,1,250
183660,1,250
183765,1,250
183850,1,250
183867,1,250
183874,1,250
184561,1,250
184590,1,250
184615,1,250
184732,1,250
184771,1,250
184780,1,250
184937,1,250
184977,1,250
185001,1,250
185021,1,250
185106,1,250
185158,1,250
185164,1,250
185220,1,250
185472,1,250
185502,1,250
185540,1,250
185677,1,250
185729,1,250
185855,1,250
185903,1,250
185972,1,250
186039,1,250
186158,1,250
186249,1,250
186313,1,250
186334,1,250
186336,1,250
186368,1,250
186456,1,250
186484,1,250
186512,1,250
186548,1,250
186569,1,250
186574,1,250
186592,1,250
186609,1,250
186635,1,250
186644,1,250
186650,1,250
186763,1,250
186764,1,250
186769,1,250
186882,1,250
187060,1,250
187086,1,250
187112,1,250
187335,1,250
187779,1,250
187788,1,250
187819,1,250
187826,1,250
187853,1,250
187904,1,250
188123,1,250
188158,1,250
188173,1,250
188254,1,250
188339,1,250
188361,1,250
188473,1,250
188506,1,250
188610,1,250
188610,1,250
188827,1,250
188871,1,250
188921,1,250
189014,1,250
189068,1,250
189164,1,250
189297,1,250
189410,1,250
189431,1,250
189533,1,250
189656,1,250
189680,1,250
189715,1,250
190005,1,250
190038,1,250
190290,1,250
190341,1,250
190350,1,250
190353,1,250
190392,1,250
190394,1,250
190399,1,250
190480,1,250
190505,1,250
190599,1,250
190689,1,250
190732,1,250
190765,1,250
190807,1,250
190808,1,250
190839,1,250
190850,1,250
190947,1,250
190960,1,250
191061,1,250
191193,1,250
191309,1,250
191386,1,250
191501,1,250
191515,1,250
191527,1,250
191673,1,250
191689,1,250
191691,1,250
191762,1,250
191914,1,250
192080,1,250
192193,1,250
192217,1,250
192350,1,250
192411,1,250
192414,1,250
192678,1,250
192690,1,250
192854,1,250
192892,1,250
192916,1,250
192920,1,250
193110,1,250
193235,1,250
193246,1,250
193294,1,250
193346,1,250
193368,1,250
193376,1,250
193425,1,250
193440,1,250
193445,1,250
193451,1,250
193769,1,250
193785,1,250
193956,1,250
193969,1,250
194014,1,250
194037,1,250
194051,1,250
194110,1,250
194150,1,250
194169,1,250
194489,1,250
194583,1,250
194616,1,250
194629,1,250
194665,1,250
194779,1,250
194852,1,250
194872,1,250
194891,1,250
194970,1,250
194994,1,250
195001,1,250
195028,1,250
195132,1,250
195152,1,250
195178,1,250
195221,1,250
195284,1,250
195314,1,250
195332,1,250
195362,1,250
195428,1,250
195564,1,250
195599,1,250
195677,1,250
195739,1,250
195807,1,250
195827,1,250
195893,1,250
195911,1,250
196029,1,250
196083,1,250
196288,1,250
196324,1,250
196353,1,250
196369,1,250
196440,1,250
196499,1,250
196549,1,250
196679,1,250
196784,1,250
196999,1,250
197050,1,250
197110,1,250
197146,1,250
197230,1,250
197385,1,250
197461,1,250
197502,1,250
197523,1,250
197531,1,250
197547,1,250
197679,1,250
197698,1,250
197745,1,250
197905,1,250
197947,1,250
198083,1,250
198091,1,250
198262,1,250
198545,1,250
198610,1,250
199049,1,250
199092,1,250
199097,1,250
199104,1,250
199113,1,250
199300,1,250
199504,1,250
199511,1,250
199607,1,250
199663,1,250
199748,1,250
199756,1,250
199820,1,250
199829,1,250
199834,1,250
199924,1,250
199940,1,250
200088,1,250
200102,1,250
200133,1,250
200176,1,250
200197,1,250
200200,1,250
200409,1,250
200594,1,250
200628,1,250
200816,1,250
200975,1,250
201007,1,250
201135,1,250
201265,1,250
201266,1,250
201307,1,250
201714,1,250
201905,1,250
201915,1,250
202040,1,250
202042,1,250
202141,1,250
202201,1,250
202302,1,250
202567,1,250
202699,1,250
202714,1,250
202896,1,250
203022,1,250
203157,1,250
203392,1,250
203423,1,250
203436,1,250
203495,1,250
203499,1,250
203530,1,250
203576,1,250
203603,1,250
203639,1,250
203724,1,250
203794,1,250
203810,1,250
203874,1,250
204034,1,250
204139,1,250
204205,1,250
204209,1,250
204282,1,250
204294,1,250
204332,1,250
204375,1,250
204444,1,250
204807,1,250
204818,1,250
205009,1,250
205028,1,250
205070,1,250
205178,1,250
205275,1,250
205328,1,250
205567,1,250
205586,1,250
205719,1,250
205723,1,250
205766,1,250
205967,1,250
206001,1,250
206009,1,250
206076,1,250
206084,1,250
206135,1,250
206790,1,250
206881,1,250
206979,1,250
207020,1,250
207132,1,250
207157,1,250
207173,1,250
207208,1,250
207282,1,250
207433,1,250
207550,1,250
207561,1,250
208033,1,250
208276,1,250
208311,1,250
208330,1,250
208442,1,250
208629,1,250
208718,1,250
208720,1,250
208729,1,250
208929,1,250
208965,1,250
208985,1,250
209051,1,250
209097,1,250
209126,1,250
209299,1,250
209403,1,250
209522,1,250
209585,1,250
209602,1,250
209678,1,250
209802,1,250
209975,1,250
210063,1,250
210148,1,250
210190,1,250
210207,1,250
210339,1,250
210415,1,250
210437,1,250
210447,1,250
210464,1,250
210469,1,250
210489,1,250
210684,1,250
210788,1,250
211335,1,250
211390,1,250
211444,1,250
211496,1,250
211591,1,250
211646,1,250
211788,1,250
212181,1,250
212219,1,250
212319,1,250
212423,1,250
212432,1,250
212541,1,250
212803,1,250
213040,1,250
213060,1,250
213119,1,250
213313,1,250
213445,1,250
213468,1,250
213485,1,250
213590,1,250
213602,1,250
213722,1,250
213871,1,250
213942,1,250
214037,1,250
214236,1,250
214300,1,250
214335,1,250
214342,1,250
214381,1,250
214402,1,250
214573,1,250
214586,1,250
214612,1,250
214700,1,250
214701,1,250
214703,1,250
214712,1,250
214786,1,250
214808,1,250
214878,1,250
215054,1,250
215094,1,250
215181,1,250
215326,1,250
215328,1,250
215561,1,250
215629,1,250
215656,1,250
215808,1,250
215931,1,250
216043,1,250
216061,1,250
216260,1,250
216280,1,250
216564,1,250
216687,1,250
216711,1,250
216786,1,250
216803,1,250
216960,1,250
217021,1,250
217387,1,250
217434,1,250
217564,1,250
217616,1,250
217645,1,250
217665,1,250
217785,1,250
217840,1,250
217908,1,250
218196,1,250
218258,1,250
218283,1,250
218354,1,250
218442,1,250
218530,1,250
218571,1,250
218591,1,250
218705,1,250
218738,1,250
218923,1,250
219094,1,250
219220,1,250
219237,1,250
219305,1,250
219368,1,250
219379,1,250
219430,1,250
219640,1,250
219681,1,250
219741,1,250
219786,1,250
219809,1,250
219952,1,250
220016,1,250
220150,1,250
220366,1,250
220494,1,250
220577,1,250
220578,1,250
220608,1,250
220611,1,250
220915,1,250
220939,1,250
221135,1,250
221358,1,250
221528,1,250
221600,1,250
221617,1,250
221638,1,250
221660,1,250
221708,1,250
221784,1,250
221973,1,250
222007,1,250
222081,1,250
222115,1,250
222217,1,250
223007,1,250
223126,1,250
223165,1,250
223276,1,250
223331,1,250
223374,1,250
223442,1,250
223456,1,250
223509,1,250
223527,1,250
223562,1,250
223677,1,250
223893,1,250
223958,1,250
223986,1,250
224289,1,250
224445,1,250
224650,1,250
224750,1,250
224757,1,250
224773,1,250
224805,1,250
225195,1,250
225442,1,250
225748,1,250
226022,1,250
226180,1,250
226188,1,250
226388,1,250
226708,1,250
226822,1,250
226840,1,250
227226,1,250
227426,1,250
227531,1,250
227867,1,250
228009,1,250
228104,1,250
228140,1,250
228221,1,250
228237,1,250
228333,1,250
228564,1,250
228609,1,250
228616,1,250
228656,1,250
228680,1,250
229024,1,250
229092,1,250
229102,1,250
229554,1,250
229822,1,250
229832,1,250
229866,1,250
230076,1,250
230088,1,250
230130,1,250
230146,1,250
230159,1,250
230164,1,250
230356,1,250
230365,1,250
230456,1,250
230783,1,250
231011,1,250
231257,1,250
231351,1,250
231508,1,250
231591,1,250
231646,1,250
231660,1,250
231859,1,250
232011,1,250
232028,1,250
232127,1,250
232778,1,250
232996,1,250
233012,1,250
233698,1,250
233719,1,250
234072,1,250
234243,1,250
234394,1,250
234515,1,250
234679,1,250
234748,1,250
234762,1,250
234789,1,250
234834,1,250
235052,1,250
235192,1,250
235206,1,250
235229,1,250
235264,1,250
235318,1,250
235424,1,250
235425,1,250
235623,1,250
235753,1,250
235836,1,250
235866,1,250
236033,1,250
236168,1,250
236197,1,250
236982,1,250
237058,1,250
237131,1,250
237214,1,250
238156,1,250
238294,1,250
238384,1,250
238395,1,250
238420,1,250
238764,1,250
239258,1,250
239299,1,250
239433,1,250
239476,1,250
239713,1,250
239857,1,250
240345,1,250
240416,1,250
240455,1,250
240638,1,250
241003,1,250
241324,1,250
241362,1,250
241511,1,250
241828,1,250
241899,1,250
241925,1,250
242044,1,250
242075,1,250
242337,1,250
242539,1,250
242662,1,250
242675,1,250
242959,1,250
243042,1,250
243184,1,250
243470,1,250
243829,1,250
244193,1,250
244342,1,250
244352,1,250
244626,1,250
244677,1,250
244683,1,250
244795,1,250
245053,1,250
245066,1,250
245326,1,250
245576,1,250
245748,1,250
246168,1,250
246199,1,250
246366,1,250
246387,1,250
246680,1,250
246716,1,250
246827,1,250
246879,1,250
247158,1,250
247376,1,250
247481,1,250
247667,1,250
247704,1,250
247733,1,250
247806,1,250
248170,1,250
248194,1,250
248256,1,250
248305,1,250
248470,1,250
248622,1,250
248835,1,250
249260,1,250
249262,1,250
249311,1,250
249344,1,250
249565,1,250
249671,1,250
249901,1,250
250024,1,250
250062,1,250
250067,1,250
250135,1,250
250210,1,250
250232,1,250
250239,1,250
250353,1,250
250759,1,250
250853,1,250
251217,1,250
251734,1,250
251966,1,250
252004,1,250
252027,1,250
252084,1,250
252323,1,250
252682,1,250
252703,1,250
252862,1,250
253130,1,250
253293,1,250
253298,1,250
253383,1,250
253426,1,250
253464,1,250
253687,1,250
254203,1,250
254238,1,250
254251,1,250
254442,1,250
254444,1,250
254454,1,250
254798,1,250
254952,1,250
255456,1,250
255734,1,250
255818,1,250
255884,1,250
256057,1,250
256120,1,250
256182,1,250
256508,1,250
256837,1,250
257178,1,250
257490,1,250
258017,1,250
258101,1,250
258111,1,250
258200,1,250
258250,1,250
258509,1,250
259163,1,250
259365,1,250
259638,1,250
259725,1,250
260751,1,250
260797,1,250
260868,1,250
260913,1,250
261454,1,250
261726,1,250
261893,1,250
262131,1,250
262165,1,250
262245,1,250
262575,1,250
262767,1,250
262798,1,250
263094,1,250
263219,1,250
263222,1,250
263253,1,250
263676,1,250
264036,1,250
264211,1,250
264342,1,250
264535,1,250
264744,1,250
264785,1,250
265180,1,250
265614,1,250
265694,1,250
265881,1,250
266062,1,250
266169,1,250
266361,1,250
266375,1,250
266409,1,250
266742,1,250
267001,1,250
267395,1,250
267489,1,250
267674,1,250
267943,1,250
268461,1,250
268487,1,250
269587,1,250
270063,1,250
270148,1,250
270335,1,250
270488,1,250
270542,1,250
270734,1,250
270805,1,250
271221,1,250
271402,1,250
271563,1,250
271900,1,250
271999,1,250
272168,1,250
272562,1,250
272649,1,250
272740,1,250
272899,1,250
273355,1,250
273400,1,250
273430,1,250
273713,1,250
273906,1,250
274179,1,250
274784,1,250
274952,1,250
275204,1,250
275391,1,250
275672,1,250
276091,1,250
276825,1,250
276893,1,250
277484,1,250
277604,1,250
278116,1,250
278205,1,250
278229,1,250
278461,1,250
278974,1,250
279055,1,250
279315,1,250
280372,1,250
280501,1,250
280681,1,250
282056,1,250
282130,1,250
282565,1,250
282677,1,250
282863,1,250
283026,1,250
283028,1,250
283189,1,250
283682,1,250
284102,1,250
284744,1,250
285344,1,250
285465,1,250
285519,1,250
285534,1,250
285606,1,250
286707,1,250
287114,1,250
287128,1,250
287397,1,250
288031,1,250
288361,1,250
288782,1,250
289095,1,250
289712,1,250
290071,1,250
290162,1,250
290217,1,250
290294,1,250
290624,1,250
291141,1,250
291544,1,250
291587,1,250
291787,1,250
292033,1,250
292315,1,250
292427,1,250
292489,1,250
292542,1,250
292761,1,250
293381,1,250
293636,1,250
293720,1,250
293867,1,250
294003,1,250
294081,1,250
295478,1,250
295752,1,250
296149,1,250
297063,1,250
297387,1,250
297475,1,250
297699,1,250
298731,1,250
299491,1,250
299652,1,250
299968,1,250
300003,1,250
300028,1,250
300462,1,250
300905,1,250
301230,1,250
302017,1,250
302568,1,250
303021,1,250
303847,1,250
303923,1,250
304977,1,250
305506,1,250
306033,1,250
306065,1,250
306606,1,250
306686,1,250
306713,1,250
306887,1,250
306918,1,250
307496,1,250
307907,1,250
307939,1,250
308851,1,250
309220,1,250
309334,1,250
309378,1,250
310934,1,250
311115,1,250
311463,1,250
311927,1,250
312652,1,250
312974,1,250
313515,1,250
313659,1,250
314756,1,250
315199,1,250
316563,1,250
316660,1,250
316852,1,250
316887,1,250
317365,1,250
319714,1,250
319907,1,250
320321,1,250
320518,1,250
320766,1,250
320813,1,250
320942,1,250
321280,1,250
322083,1,250
324876,1,250
325049,1,250
325078,1,250
325505,1,250
326124,1,250
326628,1,250
326637,1,250
328731,1,250
329890,1,250
330330,1,250
330429,1,250
330437,1,250
331119,1,250
331634,1,250
331922,1,250
332084,1,250
332691,1,250
332736,1,250
333204,1,250
333339,1,250
334781,1,250
335090,1,250
335134,1,250
335413,1,250
335595,1,250
336690,1,250
336705,1,250
337634,1,250
337930,1,250
338275,1,250
338619,1,250
338724,1,250
338809,1,250
342521,1,250
342716,1,250
343119,1,250
343396,1,250
343422,1,250
343903,1,250
344168,1,250
344210,1,250
344233,1,250
344270,1,250
346672,1,250
347505,1,250
347922,1,250
348546,1,250
348685,1,250
349006,1,250
349070,1,250
350426,1,250
350855,1,250
352564,1,250
352886,1,250
352903,1,250
354255,1,250
354338,1,250
354466,1,250
354664,1,250
355168,1,250
355238,1,250
355368,1,250
355682,1,250
356153,1,250
356554,1,250
356667,1,250
357233,1,250
357613,1,250
357731,1,250
358058,1,250
358117,1,250
358605,1,250
359055,1,250
359083,1,250
359627,1,250
359887,1,250
361053,1,250
361107,1,250
361157,1,250
361990,1,250
365116,1,250
366432,1,250
366471,1,250
366645,1,250
367311,1,250
368159,1,250
368171,1,250
369074,1,250
369483,1,250
369649,1,250
369672,1,250
370197,1,250
370527,1,250
370607,1,250
371267,1,250
371694,1,250
371787,1,250
372027,1,250
372096,1,250
373654,1,250
374209,1,250
375082,1,250
375377,1,250
375446,1,250
375486,1,250
376593,1,250
376637,1,250
377658,1,250
378042,1,250
378340,1,250
378425,1,250
378490,1,250
378652,1,250
378655,1,250
378741,1,250
378858,1,250
378919,1,250
379439,1,250
379592,1,250
379637,1,250
379652,1,250
379665,1,250
379836,1,250
380368,1,250
380654,1,250
380659,1,250
381327,1,250
381406,1,250
382065,1,250
383095,1,250
383351,1,250
383361,1,250
384154,1,250
384521,1,250
384935,1,250
384954,1,250
385054,1,250
385467,1,250
386863,1,250
387294,1,250
387776,1,250
388085,1,250
388642,1,250
389362,1,250
390584,1,250
390596,1,250
391421,1,250
391780,1,250
391915,1,250
391937,1,250
393442,1,250
393533,1,250
396054,1,250
396272,1,250
396757,1,250
397062,1,250
397852,1,250
398201,1,250
398382,1,250
398514,1,250
399844,1,250
400116,1,250
400435,1,250
402126,1,250
402152,1,250
402208,1,250
402352,1,250
402378,1,250
402411,1,250
402429,1,250
402640,1,250
402828,1,250
402830,1,250
402911,1,250
403081,1,250
403138,1,250
403767,1,250
403937,1,250
404051,1,250
404055,1,250
404103,1,250
404612,1,250
406361,1,250
406768,1,250
407039,1,250
407444,1,250
407563,1,250
408045,1,250
408171,1,250
408359,1,250
409354,1,250
409795,1,250
410007,1,250
410400,1,250
410436,1,250
410541,1,250
411227,1,250
411534,1,250
412340,1,250
412599,1,250
413095,1,250
413280,1,250
413879,1,250
415710,1,250
415756,1,250
416593,1,250
416603,1,250
416791,1,250
416862,1,250
417348,1,250
417531,1,250
417924,1,250
417991,1,250
418071,1,250
418406,1,250
418638,1,250
418749,1,250
419874,1,250
420045,1,250
420641,1,250
421597,1,250
423011,1,250
423345,1,250
423570,1,250
423924,1,250
424090,1,250
424315,1,250
424867,1,250
424873,1,250
425326,1,250
426374,1,250
426548,1,250
426646,1,250
426775,1,250
427055,1,250
427676,1,250
427855,1,250
428110,1,250
428159,1,250
428460,1,250
428521,1,250
428601,1,250
428793,1,250
429467,1,250
429530,1,250
429633,1,250
429635,1,250
430812,1,250
431205,1,250
431479,1,250
432003,1,250
432565,1,250
432680,1,250
432776,1,250
432886,1,250
432934,1,250
433095,1,250
433264,1,250
433486,1,250
434117,1,250
434120,1,250
435674,1,250
436008,1,250
436157,1,250
436218,1,250
436929,1,250
437785,1,250
438087,1,250
438300,1,250
438447,1,250
438552,1,250
439051,1,250
439401,1,250
439662,1,250
439735,1,250
441163,1,250
441375,1,250
441721,1,250
442327,1,250
442838,1,250
444219,1,250
445383,1,250
445793,1,250
446161,1,250
446501,1,250
446603,1,250
446962,1,250
447993,1,250
448247,1,250
448248,1,250
448323,1,250
448537,1,250
448782,1,250
448791,1,250
449027,1,250
450050,1,250
450100,1,250
450114,1,250
450190,1,250
450214,1,250
450671,1,250
450952,1,250
450999,1,250
451010,1,250
451202,1,250
451653,1,250
451755,1,250
451791,1,250
452108,1,250
452126,1,250
452225,1,250
452250,1,250
452272,1,250
452339,1,250
452831,1,250
452932,1,250
452935,1,250
452989,1,250
453057,1,250
453370,1,250
453451,1,250
453845,1,250
453881,1,250
454286,1,250
454541,1,250
454679,1,250
454822,1,250
454919,1,250
455241,1,250
455772,1,250
455779,1,250
455863,1,250
455892,1,250
456203,1,250
456479,1,250
456772,1,250
456831,1,250
456894,1,250
457034,1,250
457074,1,250
457402,1,250
457444,1,250
457708,1,250
457883,1,250
457894,1,250
457935,1,250
458221,1,250
458367,1,250
458397,1,250
458414,1,250
458694,1,250
458704,1,250
458955,1,250
459017,1,250
459055,1,250
459245,1,250
459511,1,250
460233,1,250
461010,1,250
461049,1,250
461234,1,250
461332,1,250
461511,1,250
461572,1,250
461762,1,250
461778,1,250
462029,1,250
462343,1,250
462922,1,250
463003,1,250
463042,1,250
463595,1,250
463652,1,250
463942,1,250
464106,1,250
464127,1,250
464187,1,250
464374,1,250
464593,1,250
465082,1,250
465994,1,250
466192,1,250
466628,1,250
466861,1,250
467344,1,250
467683,1,250
468006,1,250
468206,1,250
468660,1,250
468697,1,250
468820,1,250
468911,1,250
469441,1,250
469570,1,250
469692,1,250
469831,1,250
470011,1,250
470513,1,250
470812,1,250
470830,1,250
470920,1,250
470996,1,250
471065,1,250
471089,1,250
471213,1,250
471929,1,250
471995,1,250
471995,1,250
472003,1,250
472032,1,250
473007,1,250
473033,1,250
473222,1,250
473428,1,250
473476,1,250
473519,1,250
473755,1,250
473760,1,250
473840,1,250
473900,1,250
473983,1,250
474064,1,250
474127,1,250
474432,1,250
474451,1,250
474509,1,250
474561,1,250
474904,1,250
475028,1,250
475037,1,250
475176,1,250
475198,1,250
475404,1,250
475426,1,250
475447,1,250
475487,1,250
475569,1,250
475770,1,250
475872,1,250
476167,1,250
476327,1,250
476657,1,250
476717,1,250
476784,1,250
477002,1,250
477058,1,250
477266,1,250
477556,1,250
477627,1,250
477687,1,250
477854,1,250
477854,1,250
477952,1,250
478001,1,250
478037,1,250
478206,1,250
478243,1,250
478479,1,250
478516,1,250
478591,1,250
478749,1,250
478817,1,250
479230,1,250
479257,1,250
479342,1,250
479428,1,250
479632,1,250
479758,1,250
479918,1,250
480044,1,250
480135,1,250
480259,1,250
480270,1,250
480317,1,250
480461,1,250
480579,1,250
480686,1,250
480720,1,250
481141,1,250
481146,1,250
481406,1,250
481556,1,250
481635,1,250
481756,1,250
481830,1,250
482082,1,250
482242,1,250
482261,1,250
482274,1,250
482350,1,250
482463,1,250
482487,1,250
482930,1,250
483176,1,250
483641,1,250
484075,1,250
484415,1,250
484609,1,250
484616,1,250
484843,1,250
484959,1,250
485086,1,250
485362,1,250
485413,1,250
485512,1,250
485789,1,250
486215,1,250
486267,1,250
486312,1,250
486400,1,250
486900,1,250
487082,1,250
487190,1,250
487279,1,250
487486,1,250
487666,1,250
487696,1,250
487865,1,250
487879,1,250
488055,1,250
488064,1,250
488233,1,250
488285,1,250
488375,1,250
488433,1,250
488471,1,250
488511,1,250
488692,1,250
488849,1,250
488891,1,250
489002,1,250
489060,1,250
489110,1,250
489199,1,250
489211,1,250
489233,1,250
489379,1,250
489425,1,250
489917,1,250
489993,1,250
490066,1,250
490105,1,250
490207,1,250
490248,1,250
490278,1,250
490788,1,250
491220,1,250
491268,1,250
491442,1,250
491698,1,250
491706,1,250
492032,1,250
492086,1,250
492404,1,250
492908,1,250
493129,1,250
493135,1,250
493291,1,250
493336,1,250
493891,1,250
494240,1,250
494254,1,250
494394,1,250
495507,1,250
495802,1,250
495816,1,250
495989,1,250
496169,1,250
496207,1,250
496368,1,250
496401,1,250
497223,1,250
497439,1,250
497839,1,250
498013,1,250
498061,1,250
498086,1,250
498116,1,250
498303,1,250
498409,1,250
498444,1,250
498478,1,250
498580,1,250
498715,1,250
498769,1,250
498836,1,250
498882,1,250
499105,1,250
499167,1,250
499248,1,250
499501,1,250
499690,1,250
499802,1,250
500413,1,250
500474,1,250
500515,1,250
501073,1,250
501204,1,250
501323,1,250
501420,1,250
501672,1,250
501800,1,250
502272,1,250
502278,1,250
503687,1,250
503688,1,250
504157,1,250
504236,1,250
504415,1,250
504680,1,250
504850,1,250
505026,1,250
505427,1,250
506151,1,250
506271,1,250
506520,1,250
507036,1,250
507230,1,250
507326,1,250
507645,1,250
508037,1,250
508131,1,250
508391,1,250
509001,1,250
509039,1,250
509098,1,250
509138,1,250
509479,1,250
509577,1,250
509611,1,250
509913,1,250
511148,1,250
511336,1,250
511650,1,250
511749,1,250
512148,1,250
512289,1,250
512402,1,250
512901,1,250
513042,1,250
513242,1,250
513286,1,250
513469,1,250
513970,1,250
514291,1,250
514969,1,250
515552,1,250
515643,1,250
515921,1,250
516093,1,250
516157,1,250
516178,1,250
516279,1,250
516380,1,250
516404,1,250
516680,1,250
517115,1,250
517391,1,250
517689,1,250
517702,1,250
517772,1,250
518213,1,250
518229,1,250
518324,1,250
518600,1,250
518818,1,250
518934,1,250
519130,1,250
519241,1,250
519391,1,250
519561,1,250
519736,1,250
519866,1,250
520486,1,250
520499,1,250
520503,1,250
520566,1,250
520841,1,250
520847,1,250
521330,1,250
521759,1,250
521759,1,250
521853,1,250
522031,1,250
522054,1,250
522293,1,250
522301,1,250
522443,1,250
523104,1,250
523187,1,250
523196,1,250
523232,1,250
523363,1,250
523461,1,250
523462,1,250
523823,1,250
524018,1,250
524406,1,250
524898,1,250
525058,1,250
525618,1,250
525916,1,250
525919,1,250
526483,1,250
527160,1,250
527275,1,250
527394,1,250
527704,1,250
528003,1,250
528533,1,250
528571,1,250
528572,1,250
528761,1,250
528897,1,250
530107,1,250
530150,1,250
532322,1,250
532922,1,250
533599,1,250
533881,1,250
533923,1,250
534374,1,250
535889,1,250
535913,1,250
536073,1,250
536202,1,250
537182,1,250
537329,1,250
539011,1,250
539542,1,250
539572,1,250
540329,1,250
540466,1,250
540872,1,250
541598,1,250
542489,1,250
543213,1,250
543296,1,250
543661,1,250
544013,1,250
544684,1,250
545038,1,250
545629,1,250
547368,1,250
547708,1,250
549218,1,250
549340,1,250
550523,1,250
551141,1,250
551416,1,250
551574,1,250
551833,1,250
553188,1,250
553351,1,250
553656,1,250
554049,1,250
555037,1,250
557059,1,250
557682,1,250
561123,1,250
561431,1,250
563006,1,250
563438,1,250
563548,1,250
563596,1,250
564267,1,250
564297,1,250
564790,1,250
564961,1,250
565159,1,250
566362,1,250
566453,1,250
566457,1,250
566510,1,250
566540,1,250
567419,1,250
567456,1,250
567487,1,250
567871,1,250
568159,1,250
568330,1,250
568363,1,250
568442,1,250
568586,1,250
569015,1,250
569157,1,250
570406,1,250
571645,1,250
573404,1,250
573762,1,250
573881,1,250
574828,1,250
575011,1,250
578361,1,250
578874,1,250
579754,1,250
579926,1,250
580179,1,250
580950,1,250
