1084,1,250
1294,1,250
1928,1,250
4499,1,250
4671,1,250
7330,1,250
8304,1,250
8514,1,250
9756,1,250
10856,1,250
11702,1,250
11734,1,250
12180,1,250
12242,1,250
12456,1,250
13559,1,250
14385,1,250
15484,1,250
15628,1,250
16009,1,250
17071,1,250
18045,1,250
18290,1,250
18764,1,250
19042,1,250
19380,1,250
19966,1,250
20771,1,250
21628,1,250
22868,1,250
23205,1,250
26869,1,250
28319,1,250
29443,1,250
31622,1,250
33011,1,250
33254,1,250
33705,1,250
34026,1,250
35053,1,250
38592,1,250
39110,1,250
39145,1,250
40072,1,250
41029,1,250
41077,1,250
42300,1,250
42674,1,250
43217,1,250
43453,1,250
43907,1,250
44109,1,250
44252,1,250
44891,1,250
44909,1,250
45760,1,250
46172,1,250
46727,1,250
47249,1,250
47430,1,250
47832,1,250
47943,1,250
48590,1,250
49623,1,250
49826,1,250
50723,1,250
51010,1,250
52510,1,250
52690,1,250
53345,1,250
53426,1,250
54165,1,250
55210,1,250
55825,1,250
56836,1,250
57151,1,250
57297,1,250
58196,1,250
58515,1,250
60007,1,250
63012,1,250
65997,1,250
66060,1,250
66078,1,250
66794,1,250
66830,1,250
67889,1,250
68238,1,250
68643,1,250
68902,1,250
69131,1,250
70227,1,250
70319,1,250
70488,1,250
70899,1,250
71418,1,250
71738,1,250
72114,1,250
72307,1,250
72365,1,250
72863,1,250
74877,1,250
76715,1,250
77151,1,250
77420,1,250
77529,1,250
78106,1,250
78215,1,250
79957,1,250
80140,1,250
81504,1,250
81640,1,250
81734,1,250
81819,1,250
82773,1,250
83047,1,250
83222,1,250
83267,1,250
83390,1,250
84394,1,250
86088,1,250
87223,1,250
87298,1,250
87369,1,250
88158,1,250
88311,1,250
88336,1,250
88426,1,250
89971,1,250
90248,1,250
91810,1,250
92214,1,250
92228,1,250
92239,1,250
92320,1,250
92604,1,250
92810,1,250
92811,1,250
92977,1,250
93091,1,250
93110,1,250
93161,1,250
93227,1,250
93244,1,250
93530,1,250
93692,1,250
93842,1,250
94159,1,250
94172,1,250
94651,1,250
94761,1,250
95680,1,250
95682,1,250
95995,1,250
96000,1,250
96367,1,250
96623,1,250
97318,1,250
97336,1,250
97621,1,250
97950,1,250
98370,1,250
98587,1,250
98688,1,250
98961,1,250
99981,1,250
100175,1,250
100399,1,250
100713,1,250
101494,1,250
101665,1,250
102312,1,250
102541,1,250
102718,1,250
102949,1,250
103496,1,250
103530,1,250
103669,1,250
103699,1,250
104160,1,250
104257,1,250
104321,1,250
104595,1,250
105011,1,250
105413,1,250
105582,1,250
105696,1,250
106037,1,250
106789,1,250
106863,1,250
106934,1,250
107217,1,250
107270,1,250
107486,1,250
107726,1,250
107800,1,250
108045,1,250
108343,1,250
108639,1,250
109035,1,250
109559,1,250
109974,1,250
110433,1,250
111050,1,250
111215,1,250
111412,1,250
111711,1,250
111928,1,250
112570,1,250
112592,1,250
112798,1,250
113031,1,250
113081,1,250
113511,1,250
113528,1,250
113666,1,250
113719,1,250
114015,1,250
114105,1,250
114210,1,250
114482,1,250
114615,1,250
114674,1,250
115217,1,250
115514,1,250
115653,1,250
115665,1,250
115795,1,250
116309,1,250
116445,1,250
116504,1,250
116595,1,250
116788,1,250
116896,1,250
117145,1,250
117345,1,250
117377,1,250
117595,1,250
117848,1,250
118055,1,250
118379,1,250
118403,1,250
118487,1,250
118786,1,250
119514,1,250
119558,1,250
119588,1,250
119651,1,250
119804,1,250
119844,1,250
120003,1,250
120141,1,250
120557,1,250
121182,1,250
121582,1,250
122293,1,250
122319,1,250
122584,1,250
122606,1,250
122616,1,250
122706,1,250
122801,1,250
122905,1,250
123012,1,250
123066,1,250
123115,1,250
123184,1,250
123296,1,250
123883,1,250
124062,1,250
124252,1,250
124387,1,250
124394,1,250
124426,1,250
125587,1,250
125871,1,250
126214,1,250
126421,1,250
126458,1,250
126941,1,250
127248,1,250
127938,1,250
128202,1,250
128469,1,250
128492,1,250
128737,1,250
128857,1,250
128866,1,250
129248,1,250
129459,1,250
129751,1,250
129886,1,250
130039,1,250
130419,1,250
130536,1,250
130545,1,250
131004,1,250
131314,1,250
131523,1,250
131930,1,250
132194,1,250
132575,1,250
132582,1,250
132836,1,250
133085,1,250
133564,1,250
133825,1,250
133971,1,250
134017,1,250
134025,1,250
134209,1,250
134261,1,250
134402,1,250
134432,1,250
134457,1,250
134938,1,250
135027,1,250
135331,1,250
135443,1,250
135581,1,250
135655,1,250
136169,1,250
136211,1,250
136412,1,250
136659,1,250
136706,1,250
136816,1,250
137034,1,250
137036,1,250
137117,1,250
137192,1,250
137381,1,250
137433,1,250
137499,1,250
137561,1,250
138069,1,250
138123,1,250
138307,1,250
138334,1,250
138421,1,250
138598,1,250
138605,1,250
138613,1,250
138740,1,250
138742,1,250
138754,1,250
139163,1,250
139184,1,250
139531,1,250
139610,1,250
139678,1,250
139695,1,250
140059,1,250
140942,1,250
141016,1,250
141091,1,250
141107,1,250
141482,1,250
141923,1,250
141963,1,250
142114,1,250
142245,1,250
142297,1,250
142340,1,250
142387,1,250
142403,1,250
142642,1,250
143155,1,250
143174,1,250
143617,1,250
143621,1,250
143804,1,250
143976,1,250
144071,1,250
144142,1,250
144392,1,250
144692,1,250
144720,1,250
144739,1,250
144874,1,250
144927,1,250
145108,1,250
145220,1,250
145454,1,250
145486,1,250
145504,1,250
145541,1,250
145655,1,250
145657,1,250
145769,1,250
145891,1,250
146091,1,250
146614,1,250
146900,1,250
147112,1,250
147128,1,250
147144,1,250
147269,1,250
147405,1,250
147782,1,250
148147,1,250
148196,1,250
148303,1,250
148324,1,250
148674,1,250
149026,1,250
149026,1,250
149097,1,250
149115,1,250
149822,1,250
149880,1,250
149922,1,250
150017,1,250
150300,1,250
150472,1,250
151147,1,250
151496,1,250
151563,1,250
151745,1,250
151974,1,250
152014,1,250
152054,1,250
152086,1,250
152134,1,250
152284,1,250
152648,1,250
152730,1,250
152916,1,250
153078,1,250
153310,1,250
153315,1,250
153338,1,250
153444,1,250
153445,1,250
153494,1,250
153615,1,250
153652,1,250
153726,1,250
153847,1,250
153867,1,250
154081,1,250
154223,1,250
154271,1,250
154407,1,250
154718,1,250
154798,1,250
154857,1,250
154912,1,250
154929,1,250
155050,1,250
155235,1,250
155250,1,250
155341,1,250
155501,1,250
155583,1,250
155586,1,250
155600,1,250
155901,1,250
155987,1,250
156237,1,250
156389,1,250
156404,1,250
156468,1,250
156684,1,250
156758,1,250
156783,1,250
156947,1,250
156954,1,250
157038,1,250
157045,1,250
157102,1,250
157264,1,250
157384,1,250
157395,1,250
157527,1,250
157528,1,250
157666,1,250
158177,1,250
158199,1,250
158329,1,250
158340,1,250
158598,1,250
158648,1,250
158687,1,250
158788,1,250
158800,1,250
158862,1,250
158902,1,250
159131,1,250
159291,1,250
159597,1,250
159656,1,250
159729,1,250
159769,1,250
159911,1,250
160044,1,250
160123,1,250
160252,1,250
160252,1,250
160365,1,250
160776,1,250
160810,1,250
161012,1,250
161076,1,250
161224,1,250
161312,1,250
161312,1,250
161374,1,250
161675,1,250
162071,1,250
162209,1,250
162259,1,250
162391,1,250
162444,1,250
162507,1,250
162530,1,250
162905,1,250
163002,1,250
163223,1,250
163230,1,250
163281,1,250
163328,1,250
163395,1,250
163486,1,250
163491,1,250
163777,1,250
164019,1,250
164061,1,250
164115,1,250
164267,1,250
164276,1,250
164305,1,250
164381,1,250
164467,1,250
164524,1,250
164766,1,250
164840,1,250
164869,1,250
165020,1,250
165432,1,250
165449,1,250
165597,1,250
165662,1,250
166076,1,250
166154,1,250
166187,1,250
166229,1,250
166273,1,250
166285,1,250
167188,1,250
167315,1,250
167549,1,250
167657,1,250
167720,1,250
167842,1,250
168023,1,250
168041,1,250
168045,1,250
168055,1,250
168128,1,250
168182,1,250
168248,1,250
168285,1,250
168348,1,250
168353,1,250
168379,1,250
168422,1,250
168482,1,250
168548,1,250
168588,1,250
168608,1,250
168623,1,250
168643,1,250
168760,1,250
168851,1,250
168866,1,250
168989,1,250
168999,1,250
169146,1,250
169427,1,250
169518,1,250
169676,1,250
169714,1,250
169748,1,250
169772,1,250
169822,1,250
170048,1,250
170200,1,250
170206,1,250
170263,1,250
170430,1,250
170467,1,250
170761,1,250
170776,1,250
171017,1,250
171123,1,250
171223,1,250
171528,1,250
171758,1,250
171795,1,250
171870,1,250
171885,1,250
172038,1,250
172623,1,250
172759,1,250
172903,1,250
173006,1,250
173050,1,250
173356,1,250
173812,1,250
174048,1,250
174179,1,250
174295,1,250
174344,1,250
174429,1,250
174578,1,250
174597,1,250
174669,1,250
174828,1,250
174970,1,250
174983,1,250
175176,1,250
175272,1,250
175390,1,250
175456,1,250
175462,1,250
175494,1,250
175722,1,250
175768,1,250
175852,1,250
175881,1,250
175898,1,250
175917,1,250
176005,1,250
176050,1,250
176162,1,250
176507,1,250
176584,1,250
176664,1,250
176802,1,250
177044,1,250
177114,1,250
177166,1,250
177286,1,250
177295,1,250
177739,1,250
178176,1,250
178229,1,250
178402,1,250
178402,1,250
178567,1,250
178571,1,250
178717,1,250
178749,1,250
178860,1,250
178912,1,250
178975,1,250
179206,1,250
179290,1,250
179347,1,250
179578,1,250
179650,1,250
179696,1,250
179827,1,250
180014,1,250
180276,1,250
180328,1,250
180556,1,250
180599,1,250
180638,1,250
180669,1,250
180801,1,250
180825,1,250
180904,1,250
181058,1,250
181330,1,250
181754,1,250
181762,1,250
181894,1,250
181970,1,250
181975,1,250
182005,1,250
182061,1,250
182104,1,250
182290,1,250
182290,1,250
182345,1,250
182400,1,250
182413,1,250
182860,1,250
182915,1,250
183037,1,250
183263,1,250
183277,1,250
183356,1,250
183583,1,250
183851,1,250
184111,1,250
184224,1,250
184434,1,250
184446,1,250
184461,1,250
184543,1,250
184568,1,250
184758,1,250
185183,1,250
185204,1,250
185464,1,250
185532,1,250
185693,1,250
185854,1,250
185938,1,250
185971,1,250
185972,1,250
186036,1,250
186229,1,250
186393,1,250
186394,1,250
186434,1,250
186479,1,250
186538,1,250
186780,1,250
187058,1,250
187070,1,250
187075,1,250
187079,1,250
187118,1,250
187201,1,250
187216,1,250
187310,1,250
187322,1,250
187805,1,250
187875,1,250
187907,1,250
188140,1,250
188379,1,250
188399,1,250
188446,1,250
188534,1,250
188820,1,250
188930,1,250
189032,1,250
189124,1,250
189293,1,250
189295,1,250
189309,1,250
189447,1,250
189482,1,250
189497,1,250
189796,1,250
189916,1,250
190504,1,250
190623,1,250
190647,1,250
191133,1,250
191160,1,250
191164,1,250
191191,1,250
191278,1,250
191791,1,250
191812,1,250
191822,1,250
191835,1,250
192097,1,250
192191,1,250
192221,1,250
192252,1,250
192373,1,250
192633,1,250
193256,1,250
193501,1,250
193507,1,250
193687,1,250
193726,1,250
193860,1,250
193915,1,250
193938,1,250
194010,1,250
194019,1,250
194047,1,250
194104,1,250
194169,1,250
194196,1,250
194305,1,250
194399,1,250
194465,1,250
194480,1,250
194537,1,250
194571,1,250
194669,1,250
195021,1,250
195712,1,250
195719,1,250
195762,1,250
195777,1,250
195928,1,250
196380,1,250
196686,1,250
196916,1,250
197010,1,250
197014,1,250
197020,1,250
197241,1,250
197344,1,250
197422,1,250
197474,1,250
197520,1,250
197545,1,250
197562,1,250
197650,1,250
197677,1,250
197701,1,250
198083,1,250
198279,1,250
198602,1,250
198938,1,250
199068,1,250
199393,1,250
199792,1,250
200064,1,250
200111,1,250
200151,1,250
200201,1,250
200288,1,250
200349,1,250
200557,1,250
200692,1,250
200815,1,250
200861,1,250
200873,1,250
200912,1,250
201066,1,250
201114,1,250
201261,1,250
201269,1,250
201419,1,250
201479,1,250
201512,1,250
201542,1,250
201661,1,250
202963,1,250
203010,1,250
203049,1,250
203065,1,250
203387,1,250
203501,1,250
203698,1,250
203702,1,250
203825,1,250
204088,1,250
204110,1,250
204325,1,250
204356,1,250
204484,1,250
204502,1,250
204786,1,250
204834,1,250
204836,1,250
205005,1,250
205593,1,250
205716,1,250
205904,1,250
206044,1,250
206424,1,250
206508,1,250
207073,1,250
207351,1,250
207402,1,250
207733,1,250
208092,1,250
208160,1,250
208201,1,250
208285,1,250
208842,1,250
208900,1,250
209175,1,250
209323,1,250
209395,1,250
209512,1,250
209637,1,250
209651,1,250
209789,1,250
209860,1,250
210068,1,250
210285,1,250
210305,1,250
210365,1,250
210437,1,250
210537,1,250
210645,1,250
211006,1,250
211197,1,250
211204,1,250
211238,1,250
211509,1,250
211635,1,250
211770,1,250
211812,1,250
211828,1,250
212019,1,250
212062,1,250
212168,1,250
212414,1,250
212552,1,250
212687,1,250
212735,1,250
213024,1,250
213150,1,250
213422,1,250
213521,1,250
213692,1,250
213711,1,250
213899,1,250
213988,1,250
214131,1,250
214376,1,250
214381,1,250
214755,1,250
214791,1,250
215021,1,250
215184,1,250
215786,1,250
216078,1,250
216527,1,250
216884,1,250
216937,1,250
217126,1,250
217140,1,250
217309,1,250
217314,1,250
217383,1,250
217568,1,250
217578,1,250
217837,1,250
217871,1,250
218082,1,250
218357,1,250
218428,1,250
218628,1,250
218736,1,250
218960,1,250
219058,1,250
219137,1,250
219190,1,250
219344,1,250
219485,1,250
219935,1,250
219990,1,250
220015,1,250
220134,1,250
220512,1,250
220578,1,250
221167,1,250
221290,1,250
221428,1,250
221881,1,250
221933,1,250
222056,1,250
222184,1,250
222401,1,250
222668,1,250
222753,1,250
223030,1,250
223037,1,250
223099,1,250
223109,1,250
223160,1,250
223387,1,250
223466,1,250
223715,1,250
223726,1,250
223780,1,250
223946,1,250
224176,1,250
224264,1,250
224477,1,250
224504,1,250
224661,1,250
224696,1,250
225102,1,250
225255,1,250
225593,1,250
225643,1,250
225804,1,250
225820,1,250
225965,1,250
226316,1,250
226664,1,250
226722,1,250
226752,1,250
227200,1,250
227508,1,250
227804,1,250
228159,1,250
228288,1,250
228742,1,250
228853,1,250
229059,1,250
229125,1,250
229238,1,250
229561,1,250
229564,1,250
229582,1,250
230112,1,250
230263,1,250
230365,1,250
230654,1,250
231049,1,250
231242,1,250
231412,1,250
231505,1,250
231893,1,250
231913,1,250
232134,1,250
232352,1,250
233138,1,250
233610,1,250
233614,1,250
233739,1,250
234035,1,250
234051,1,250
234110,1,250
234304,1,250
234372,1,250
234686,1,250
234692,1,250
234735,1,250
234799,1,250
234879,1,250
234915,1,250
235389,1,250
235414,1,250
235538,1,250
235877,1,250
236358,1,250
236612,1,250
236676,1,250
237052,1,250
237098,1,250
237102,1,250
237732,1,250
237885,1,250
238232,1,250
238536,1,250
238853,1,250
239600,1,250
239633,1,250
239673,1,250
240446,1,250
240490,1,250
240591,1,250
240851,1,250
241057,1,250
241372,1,250
241793,1,250
241912,1,250
242031,1,250
242084,1,250
242334,1,250
242877,1,250
242912,1,250
243102,1,250
243117,1,250
243762,1,250
244425,1,250
244595,1,250
245161,1,250
245319,1,250
245328,1,250
245526,1,250
245559,1,250
245721,1,250
245809,1,250
245858,1,250
246118,1,250
246144,1,250
246528,1,250
246789,1,250
247245,1,250
247279,1,250
247610,1,250
247871,1,250
248100,1,250
248446,1,250
248486,1,250
248654,1,250
249084,1,250
249205,1,250
249269,1,250
249428,1,250
249492,1,250
250072,1,250
250425,1,250
250430,1,250
250445,1,250
250706,1,250
250737,1,250
250758,1,250
251103,1,250
251273,1,250
252024,1,250
252044,1,250
252849,1,250
253294,1,250
253643,1,250
253744,1,250
254050,1,250
254241,1,250
254755,1,250
254759,1,250
254853,1,250
255034,1,250
255194,1,250
255407,1,250
255500,1,250
255842,1,250
256011,1,250
256414,1,250
256462,1,250
256657,1,250
256814,1,250
256840,1,250
256970,1,250
257149,1,250
257331,1,250
257374,1,250
257761,1,250
257804,1,250
258170,1,250
258336,1,250
258482,1,250
258545,1,250
258713,1,250
259194,1,250
259332,1,250
259526,1,250
259927,1,250
259939,1,250
260376,1,250
260623,1,250
260754,1,250
260854,1,250
261177,1,250
261535,1,250
261672,1,250
261676,1,250
262096,1,250
262239,1,250
262485,1,250
263329,1,250
263341,1,250
263379,1,250
263685,1,250
263840,1,250
264092,1,250
264102,1,250
264455,1,250
264541,1,250
265129,1,250
265229,1,250
265574,1,250
265843,1,250
266016,1,250
266201,1,250
266271,1,250
266693,1,250
266715,1,250
267431,1,250
267819,1,250
268384,1,250
268473,1,250
268496,1,250
268862,1,250
269508,1,250
270124,1,250
270157,1,250
270491,1,250
270647,1,250
271220,1,250
271493,1,250
272192,1,250
272360,1,250
272432,1,250
272570,1,250
272796,1,250
273565,1,250
274329,1,250
274746,1,250
275260,1,250
275307,1,250
275435,1,250
276619,1,250
277009,1,250
277708,1,250
277719,1,250
278127,1,250
278171,1,250
278504,1,250
279371,1,250
279374,1,250
279375,1,250
279823,1,250
281002,1,250
281440,1,250
281838,1,250
282251,1,250
283126,1,250
283703,1,250
284387,1,250
284484,1,250
285628,1,250
285645,1,250
286018,1,250
286219,1,250
287728,1,250
288074,1,250
288339,1,250
289023,1,250
289451,1,250
289698,1,250
289913,1,250
290049,1,250
290504,1,250
291158,1,250
291484,1,250
294606,1,250
294646,1,250
295039,1,250
296259,1,250
296589,1,250
296934,1,250
297275,1,250
297357,1,250
297618,1,250
299072,1,250
299273,1,250
301252,1,250
301550,1,250
303205,1,250
305231,1,250
306053,1,250
306195,1,250
306669,1,250
306842,1,250
306879,1,250
308890,1,250
309312,1,250
309598,1,250
310060,1,250
310909,1,250
311183,1,250
311963,1,250
312761,1,250
313751,1,250
314609,1,250
314776,1,250
315915,1,250
316179,1,250
316810,1,250
316878,1,250
318213,1,250
320056,1,250
323523,1,250
323594,1,250
324289,1,250
324474,1,250
325084,1,250
328335,1,250
329062,1,250
329657,1,250
330063,1,250
330110,1,250
330398,1,250
330783,1,250
330833,1,250
330895,1,250
330918,1,250
331004,1,250
331308,1,250
331700,1,250
332452,1,250
332847,1,250
333016,1,250
333160,1,250
334435,1,250
335614,1,250
337202,1,250
337298,1,250
339702,1,250
339815,1,250
340142,1,250
342197,1,250
342321,1,250
343565,1,250
344040,1,250
345145,1,250
345336,1,250
345417,1,250
346522,1,250
346739,1,250
348618,1,250
349831,1,250
349870,1,250
353677,1,250
354017,1,250
354056,1,250
354608,1,250
354842,1,250
354944,1,250
355406,1,250
355656,1,250
355727,1,250
357074,1,250
358424,1,250
358525,1,250
360447,1,250
361066,1,250
361861,1,250
364724,1,250
365016,1,250
365729,1,250
366077,1,250
366078,1,250
367639,1,250
368066,1,250
369460,1,250
369667,1,250
370091,1,250
372331,1,250
372529,1,250
373026,1,250
374411,1,250
375101,1,250
375236,1,250
375651,1,250
376290,1,250
376312,1,250
378057,1,250
378065,1,250
378209,1,250
378482,1,250
379285,1,250
380049,1,250
380314,1,250
380731,1,250
380736,1,250
380820,1,250
381534,1,250
382796,1,250
384119,1,250
384460,1,250
384963,1,250
385590,1,250
387742,1,250
389650,1,250
390052,1,250
390227,1,250
390356,1,250
390568,1,250
390820,1,250
391522,1,250
391902,1,250
393105,1,250
393397,1,250
395108,1,250
396829,1,250
396836,1,250
398730,1,250
399002,1,250
399903,1,250
400142,1,250
402023,1,250
402093,1,250
402241,1,250
403322,1,250
403870,1,250
404043,1,250
404435,1,250
404539,1,250
404566,1,250
405568,1,250
406884,1,250
407649,1,250
407801,1,250
408920,1,250
408986,1,250
409144,1,250
409762,1,250
410763,1,250
411652,1,250
411820,1,250
412461,1,250
412658,1,250
413272,1,250
413318,1,250
414025,1,250
414080,1,250
415086,1,250
416227,1,250
416709,1,250
417442,1,250
418659,1,250
420272,1,250
420359,1,250
420644,1,250
421101,1,250
421239,1,250
421917,1,250
422994,1,250
424618,1,250
426857,1,250
427560,1,250
427748,1,250
427801,1,250
427909,1,250
428262,1,250
428311,1,250
428769,1,250
429862,1,250
430012,1,250
432507,1,250
432689,1,250
433547,1,250
434162,1,250
434229,1,250
434501,1,250
434696,1,250
435133,1,250
435483,1,250
438028,1,250
438066,1,250
438364,1,250
438656,1,250
438819,1,250
440250,1,250
440300,1,250
440707,1,250
441237,1,250
441467,1,250
441607,1,250
442144,1,250
442289,1,250
444742,1,250
445055,1,250
445879,1,250
446011,1,250
446196,1,250
446256,1,250
446375,1,250
447352,1,250
447677,1,250
447932,1,250
448295,1,250
448453,1,250
449086,1,250
450048,1,250
450132,1,250
450662,1,250
450755,1,250
450916,1,250
451151,1,250
451189,1,250
451673,1,250
451697,1,250
451732,1,250
452172,1,250
452196,1,250
452425,1,250
453018,1,250
453192,1,250
453632,1,250
454119,1,250
454775,1,250
454912,1,250
454920,1,250
454972,1,250
455331,1,250
455766,1,250
455906,1,250
455955,1,250
456476,1,250
456684,1,250
456754,1,250
457276,1,250
458187,1,250
458665,1,250
458718,1,250
458914,1,250
459034,1,250
459376,1,250
459553,1,250
459762,1,250
459918,1,250
461832,1,250
461961,1,250
462076,1,250
462117,1,250
462215,1,250
462929,1,250
463117,1,250
463117,1,250
463337,1,250
464014,1,250
464506,1,250
466031,1,250
466062,1,250
466069,1,250
467443,1,250
467498,1,250
467995,1,250
468056,1,250
468271,1,250
468400,1,250
468495,1,250
468705,1,250
468885,1,250
469421,1,250
469506,1,250
470374,1,250
470594,1,250
470964,1,250
471303,1,250
471815,1,250
471968,1,250
472009,1,250
472227,1,250
472251,1,250
472293,1,250
472660,1,250
472915,1,250
472966,1,250
473539,1,250
473548,1,250
473819,1,250
473829,1,250
473911,1,250
474329,1,250
474703,1,250
474711,1,250
474859,1,250
475139,1,250
475264,1,250
475370,1,250
475471,1,250
475528,1,250
476233,1,250
476405,1,250
476848,1,250
477092,1,250
477435,1,250
477454,1,250
478007,1,250
478168,1,250
478435,1,250
478649,1,250
478810,1,250
479189,1,250
479741,1,250
479745,1,250
479922,1,250
480319,1,250
481543,1,250
481556,1,250
481666,1,250
481741,1,250
482046,1,250
482148,1,250
482286,1,250
482392,1,250
482656,1,250
482769,1,250
483542,1,250
484006,1,250
484031,1,250
485081,1,250
486067,1,250
486277,1,250
486339,1,250
486724,1,250
487365,1,250
487394,1,250
487756,1,250
487790,1,250
487945,1,250
488320,1,250
489021,1,250
489586,1,250
489755,1,250
489808,1,250
489833,1,250
490020,1,250
490616,1,250
490722,1,250
491057,1,250
491342,1,250
491656,1,250
491872,1,250
491896,1,250
492601,1,250
492680,1,250
492830,1,250
492890,1,250
493004,1,250
493512,1,250
494033,1,250
494125,1,250
495645,1,250
495919,1,250
496329,1,250
496457,1,250
496643,1,250
496698,1,250
496745,1,250
497685,1,250
498159,1,250
498179,1,250
498465,1,250
498582,1,250
498645,1,250
499223,1,250
499322,1,250
499445,1,250
500081,1,250
500271,1,250
500488,1,250
501145,1,250
502203,1,250
502274,1,250
502301,1,250
503008,1,250
503063,1,250
503613,1,250
503679,1,250
504260,1,250
504353,1,250
504697,1,250
504749,1,250
504772,1,250
505004,1,250
505919,1,250
505970,1,250
506136,1,250
506167,1,250
506200,1,250
506743,1,250
507347,1,250
507537,1,250
507806,1,250
509262,1,250
509516,1,250
509571,1,250
510410,1,250
510525,1,250
511237,1,250
511554,1,250
511668,1,250
512202,1,250
512437,1,250
512545,1,250
512829,1,250
513237,1,250
513434,1,250
513639,1,250
513772,1,250
513835,1,250
513884,1,250
514379,1,250
514593,1,250
514675,1,250
515173,1,250
515569,1,250
516351,1,250
517362,1,250
517386,1,250
517591,1,250
517682,1,250
517785,1,250
517992,1,250
518097,1,250
519038,1,250
519539,1,250
520200,1,250
520312,1,250
520509,1,250
520609,1,250
520626,1,250
521158,1,250
521609,1,250
521621,1,250
522502,1,250
522839,1,250
522884,1,250
523252,1,250
523341,1,250
523558,1,250
523689,1,250
524069,1,250
524223,1,250
524311,1,250
524601,1,250
524927,1,250
525324,1,250
525516,1,250
525729,1,250
526182,1,250
526254,1,250
526289,1,250
527591,1,250
528344,1,250
528705,1,250
530902,1,250
531412,1,250
531567,1,250
535016,1,250
535587,1,250
535974,1,250
536418,1,250
536506,1,250
536996,1,250
538111,1,250
539615,1,250
539635,1,250
540687,1,250
542011,1,250
542630,1,250
543316,1,250
546024,1,250
546740,1,250
548438,1,250
549291,1,250
549466,1,250
550047,1,250
550376,1,250
550690,1,250
551410,1,250
551788,1,250
555569,1,250
555863,1,250
558755,1,250
559004,1,250
559747,1,250
560127,1,250
560784,1,250
565207,1,250
565719,1,250
565814,1,250
565836,1,250
565879,1,250
566187,1,250
566788,1,250
567753,1,250
567766,1,250
568031,1,250
568272,1,250
568614,1,250
569050,1,250
569199,1,250
571106,1,250
573065,1,250
573233,1,250
574314,1,250
575458,1,250
575929,1,250
576191,1,250
577072,1,250
577616,1,250
578703,1,250
580075,1,250
