804,1,250
1253,1,250
4045,1,250
4808,1,250
6419,1,250
6432,1,250
7021,1,250
7570,1,250
7657,1,250
8014,1,250
9929,1,250
11945,1,250
12594,1,250
14425,1,250
14709,1,250
17353,1,250
17358,1,250
18132,1,250
18992,1,250
19075,1,250
19211,1,250
19329,1,250
19604,1,250
19792,1,250
20453,1,250
20596,1,250
21887,1,250
22684,1,250
26523,1,250
26757,1,250
27440,1,250
29143,1,250
29459,1,250
29734,1,250
30134,1,250
30688,1,250
30721,1,250
31287,1,250
31777,1,250
32058,1,250
32715,1,250
35048,1,250
35415,1,250
35987,1,250
38855,1,250
40388,1,250
42161,1,250
42438,1,250
42559,1,250
42568,1,250
42952,1,250
43241,1,250
44138,1,250
44768,1,250
47086,1,250
48895,1,250
49158,1,250
49258,1,250
50776,1,250
51391,1,250
51528,1,250
52123,1,250
52722,1,250
53170,1,250
54382,1,250
55116,1,250
55974,1,250
57042,1,250
58597,1,250
59386,1,250
60269,1,250
60336,1,250
63120,1,250
65127,1,250
65547,1,250
66655,1,250
67561,1,250
67654,1,250
67734,1,250
68283,1,250
68438,1,250
68468,1,250
68594,1,250
68932,1,250
69037,1,250
69309,1,250
69720,1,250
70568,1,250
71099,1,250
73190,1,250
73293,1,250
73547,1,250
73912,1,250
73957,1,250
74455,1,250
76082,1,250
76112,1,250
76608,1,250
77238,1,250
77500,1,250
79728,1,250
79868,1,250
80198,1,250
81156,1,250
82423,1,250
83537,1,250
83561,1,250
84018,1,250
84427,1,250
84518,1,250
85699,1,250
87705,1,250
88183,1,250
88631,1,250
89502,1,250
89959,1,250
89977,1,250
90080,1,250
90095,1,250
90116,1,250
90188,1,250
90514,1,250
90609,1,250
90862,1,250
91229,1,250
91374,1,250
91717,1,250
91791,1,250
91924,1,250
92381,1,250
92509,1,250
92538,1,250
92828,1,250
93700,1,250
94107,1,250
94132,1,250
94212,1,250
94478,1,250
94620,1,250
94767,1,250
94883,1,250
95220,1,250
95832,1,250
95920,1,250
96012,1,250
96247,1,250
96895,1,250
96924,1,250
97342,1,250
97496,1,250
97505,1,250
97659,1,250
98036,1,250
98086,1,250
98666,1,250
99531,1,250
99554,1,250
99623,1,250
99895,1,250
100099,1,250
100358,1,250
100474,1,250
100920,1,250
101206,1,250
101256,1,250
101325,1,250
101338,1,250
102574,1,250
102817,1,250
103787,1,250
104191,1,250
104311,1,250
104319,1,250
104431,1,250
104637,1,250
104744,1,250
104755,1,250
104917,1,250
105295,1,250
105308,1,250
105537,1,250
105625,1,250
105775,1,250
105840,1,250
106106,1,250
106563,1,250
107435,1,250
107947,1,250
108112,1,250
108756,1,250
109015,1,250
109188,1,250
109317,1,250
109560,1,250
110093,1,250
110632,1,250
110808,1,250
111236,1,250
111672,1,250
111894,1,250
111950,1,250
112719,1,250
113012,1,250
113027,1,250
113089,1,250
113336,1,250
114287,1,250
114627,1,250
114637,1,250
114680,1,250
115134,1,250
115811,1,250
115911,1,250
115949,1,250
116053,1,250
116116,1,250
116342,1,250
116561,1,250
117153,1,250
117366,1,250
117693,1,250
118006,1,250
118078,1,250
118099,1,250
118301,1,250
118489,1,250
118501,1,250
119925,1,250
120684,1,250
121135,1,250
121517,1,250
121537,1,250
121790,1,250
121806,1,250
122124,1,250
122257,1,250
122400,1,250
122999,1,250
123105,1,250
123238,1,250
123828,1,250
124087,1,250
124377,1,250
124392,1,250
124971,1,250
125145,1,250
125291,1,250
125942,1,250
127063,1,250
127162,1,250
127255,1,250
127391,1,250
127484,1,250
127940,1,250
128090,1,250
128531,1,250
128899,1,250
129232,1,250
129449,1,250
129466,1,250
129588,1,250
129912,1,250
129987,1,250
130171,1,250
130185,1,250
130424,1,250
130585,1,250
130972,1,250
131016,1,250
131276,1,250
132182,1,250
132227,1,250
132463,1,250
133281,1,250
133441,1,250
133457,1,250
134028,1,250
134260,1,250
134600,1,250
134977,1,250
135041,1,250
135283,1,250
135572,1,250
136126,1,250
136274,1,250
136441,1,250
136656,1,250
136783,1,250
136872,1,250
137499,1,250
138030,1,250
138144,1,250
138164,1,250
138423,1,250
138622,1,250
138713,1,250
139040,1,250
139063,1,250
139086,1,250
139239,1,250
139553,1,250
139603,1,250
139844,1,250
140097,1,250
140120,1,250
140313,1,250
140354,1,250
140389,1,250
140500,1,250
140510,1,250
140895,1,250
141306,1,250
141482,1,250
141588,1,250
141590,1,250
141730,1,250
142851,1,250
143051,1,250
143299,1,250
143919,1,250
143961,1,250
144132,1,250
144747,1,250
144846,1,250
144974,1,250
145166,1,250
145196,1,250
145423,1,250
145525,1,250
145773,1,250
145793,1,250
146043,1,250
146049,1,250
146061,1,250
146125,1,250
146476,1,250
146488,1,250
146587,1,250
147007,1,250
147077,1,250
147235,1,250
147299,1,250
147416,1,250
147478,1,250
147553,1,250
147638,1,250
147729,1,250
147834,1,250
147864,1,250
148152,1,250
148177,1,250
148562,1,250
148745,1,250
148865,1,250
149446,1,250
149575,1,250
149595,1,250
149658,1,250
149768,1,250
149791,1,250
150254,1,250
150443,1,250
150487,1,250
150503,1,250
151075,1,250
151152,1,250
151252,1,250
151528,1,250
151552,1,250
151578,1,250
151765,1,250
151811,1,250
151925,1,250
152184,1,250
152237,1,250
152693,1,250
152903,1,250
152918,1,250
153023,1,250
153029,1,250
153071,1,250
153872,1,250
153999,1,250
154183,1,250
154319,1,250
154429,1,250
154472,1,250
154502,1,250
154570,1,250
154579,1,250
154675,1,250
154903,1,250
154989,1,250
155177,1,250
155453,1,250
155591,1,250
155812,1,250
155885,1,250
156116,1,250
156635,1,250
156707,1,250
156827,1,250
156851,1,250
156899,1,250
157272,1,250
157442,1,250
157530,1,250
157830,1,250
157877,1,250
157885,1,250
158006,1,250
158049,1,250
158129,1,250
158136,1,250
158160,1,250
158252,1,250
159360,1,250
159366,1,250
159538,1,250
159561,1,250
159608,1,250
160143,1,250
160625,1,250
160803,1,250
161111,1,250
161169,1,250
161206,1,250
161683,1,250
161832,1,250
161932,1,250
162202,1,250
162539,1,250
162542,1,250
162554,1,250
162554,1,250
163117,1,250
163127,1,250
163316,1,250
163610,1,250
163638,1,250
163782,1,250
163823,1,250
163899,1,250
163976,1,250
164122,1,250
164186,1,250
164251,1,250
164991,1,250
165652,1,250
166045,1,250
166053,1,250
166500,1,250
166537,1,250
166899,1,250
167049,1,250
167149,1,250
167284,1,250
167290,1,250
167410,1,250
167707,1,250
167716,1,250
167729,1,250
167767,1,250
168067,1,250
168647,1,250
168688,1,250
168808,1,250
168959,1,250
169516,1,250
169603,1,250
169668,1,250
169740,1,250
169745,1,250
169754,1,250
169867,1,250
170032,1,250
170035,1,250
170439,1,250
170525,1,250
170584,1,250
170795,1,250
170848,1,250
171101,1,250
171122,1,250
171239,1,250
171704,1,250
171868,1,250
171899,1,250
172281,1,250
172534,1,250
172541,1,250
172714,1,250
172789,1,250
172866,1,250
173018,1,250
173032,1,250
173481,1,250
173528,1,250
173592,1,250
173721,1,250
173806,1,250
174086,1,250
174171,1,250
174271,1,250
174468,1,250
174614,1,250
174815,1,250
174986,1,250
175242,1,250
175442,1,250
175541,1,250
175547,1,250
175578,1,250
175814,1,250
175954,1,250
176154,1,250
176294,1,250
176452,1,250
176483,1,250
176575,1,250
176597,1,250
176799,1,250
176816,1,250
176921,1,250
177215,1,250
177300,1,250
177388,1,250
177529,1,250
177881,1,250
177900,1,250
178021,1,250
178081,1,250
178254,1,250
178389,1,250
178428,1,250
178667,1,250
178790,1,250
178906,1,250
179212,1,250
179443,1,250
179462,1,250
179559,1,250
179628,1,250
179769,1,250
179857,1,250
180167,1,250
180464,1,250
180539,1,250
180683,1,250
181082,1,250
182074,1,250
182413,1,250
182810,1,250
183315,1,250
183431,1,250
183523,1,250
184288,1,250
184423,1,250
184868,1,250
185063,1,250
185170,1,250
185366,1,250
185656,1,250
185757,1,250
186116,1,250
186132,1,250
186134,1,250
186154,1,250
186239,1,250
186280,1,250
186636,1,250
186880,1,250
186899,1,250
187040,1,250
187141,1,250
187161,1,250
187179,1,250
187310,1,250
187555,1,250
187762,1,250
188169,1,250
188292,1,250
188403,1,250
188435,1,250
188587,1,250
188620,1,250
188621,1,250
189159,1,250
189404,1,250
189714,1,250
189859,1,250
189925,1,250
190134,1,250
190428,1,250
190844,1,250
191066,1,250
191075,1,250
191286,1,250
191355,1,250
191407,1,250
191774,1,250
192193,1,250
193088,1,250
193099,1,250
193111,1,250
193146,1,250
193420,1,250
193648,1,250
193738,1,250
193769,1,250
193847,1,250
194026,1,250
194215,1,250
194344,1,250
194607,1,250
194637,1,250
195000,1,250
195039,1,250
195211,1,250
195286,1,250
195423,1,250
195811,1,250
196033,1,250
197073,1,250
197193,1,250
197284,1,250
197638,1,250
197726,1,250
198137,1,250
198553,1,250
198604,1,250
198818,1,250
198831,1,250
199012,1,250
199060,1,250
199236,1,250
199450,1,250
199532,1,250
199779,1,250
199866,1,250
200867,1,250
201256,1,250
201365,1,250
201376,1,250
201505,1,250
201622,1,250
201786,1,250
202655,1,250
202904,1,250
203059,1,250
203286,1,250
203349,1,250
203442,1,250
203738,1,250
204156,1,250
204157,1,250
204162,1,250
204475,1,250
205022,1,250
205038,1,250
205097,1,250
205263,1,250
205672,1,250
205684,1,250
206562,1,250
206673,1,250
206748,1,250
206998,1,250
207166,1,250
207191,1,250
207233,1,250
207474,1,250
207812,1,250
207855,1,250
208497,1,250
209007,1,250
209038,1,250
209066,1,250
209375,1,250
209461,1,250
209552,1,250
209661,1,250
209747,1,250
209810,1,250
209846,1,250
210138,1,250
210337,1,250
210480,1,250
210692,1,250
210727,1,250
210889,1,250
210922,1,250
211100,1,250
211397,1,250
211543,1,250
211665,1,250
212345,1,250
213240,1,250
213313,1,250
213734,1,250
213874,1,250
214264,1,250
214329,1,250
214517,1,250
214780,1,250
215428,1,250
215486,1,250
215508,1,250
215728,1,250
215925,1,250
216098,1,250
216902,1,250
216947,1,250
217073,1,250
217177,1,250
217250,1,250
217451,1,250
217831,1,250
218203,1,250
218329,1,250
218533,1,250
219354,1,250
219357,1,250
219369,1,250
219446,1,250
219841,1,250
219961,1,250
219992,1,250
220025,1,250
220142,1,250
220388,1,250
220433,1,250
221190,1,250
221373,1,250
221406,1,250
221886,1,250
222091,1,250
222150,1,250
222180,1,250
222187,1,250
222201,1,250
222227,1,250
222243,1,250
222366,1,250
222806,1,250
222857,1,250
223009,1,250
223161,1,250
223609,1,250
223733,1,250
223861,1,250
223878,1,250
224004,1,250
224017,1,250
224058,1,250
224242,1,250
224558,1,250
225305,1,250
225382,1,250
225567,1,250
225649,1,250
225725,1,250
225813,1,250
225907,1,250
225959,1,250
226080,1,250
226135,1,250
226359,1,250
226449,1,250
226643,1,250
227172,1,250
227202,1,250
227287,1,250
227390,1,250
227445,1,250
227666,1,250
227786,1,250
227821,1,250
227982,1,250
228260,1,250
228644,1,250
229211,1,250
229301,1,250
229478,1,250
229769,1,250
229821,1,250
229840,1,250
230305,1,250
230427,1,250
230889,1,250
231033,1,250
231598,1,250
231755,1,250
231774,1,250
232059,1,250
232670,1,250
232692,1,250
233663,1,250
233696,1,250
233876,1,250
234000,1,250
234298,1,250
234721,1,250
235376,1,250
235516,1,250
235638,1,250
235698,1,250
235853,1,250
236201,1,250
236352,1,250
236628,1,250
236663,1,250
237416,1,250
237571,1,250
237736,1,250
237742,1,250
238213,1,250
238270,1,250
239024,1,250
239054,1,250
239799,1,250
240230,1,250
241344,1,250
241688,1,250
241778,1,250
241850,1,250
242531,1,250
243079,1,250
243185,1,250
243494,1,250
244114,1,250
244331,1,250
244683,1,250
245194,1,250
245327,1,250
245341,1,250
245801,1,250
246115,1,250
246425,1,250
246584,1,250
246617,1,250
247184,1,250
248663,1,250
248906,1,250
249102,1,250
249467,1,250
249575,1,250
249591,1,250
249667,1,250
249716,1,250
249730,1,250
249842,1,250
250021,1,250
250030,1,250
250690,1,250
250890,1,250
251308,1,250
252246,1,250
252420,1,250
252622,1,250
253269,1,250
253583,1,250
253750,1,250
254038,1,250
254221,1,250
254278,1,250
254537,1,250
254602,1,250
254619,1,250
254732,1,250
254837,1,250
255297,1,250
256304,1,250
256513,1,250
256806,1,250
257417,1,250
257920,1,250
258379,1,250
258623,1,250
259010,1,250
259970,1,250
260889,1,250
260959,1,250
261586,1,250
261668,1,250
262422,1,250
262718,1,250
263760,1,250
264690,1,250
264779,1,250
264856,1,250
264938,1,250
265405,1,250
266450,1,250
266853,1,250
266899,1,250
267044,1,250
267159,1,250
267728,1,250
269001,1,250
269391,1,250
269978,1,250
270050,1,250
270386,1,250
270426,1,250
272789,1,250
272796,1,250
273039,1,250
273558,1,250
274010,1,250
274112,1,250
274873,1,250
276348,1,250
276864,1,250
277065,1,250
278075,1,250
278081,1,250
278298,1,250
278493,1,250
279941,1,250
280088,1,250
281185,1,250
281360,1,250
282303,1,250
283788,1,250
284021,1,250
284471,1,250
285799,1,250
286008,1,250
286262,1,250
287005,1,250
289084,1,250
290552,1,250
290630,1,250
291001,1,250
291139,1,250
291642,1,250
291840,1,250
292560,1,250
293836,1,250
295158,1,250
295616,1,250
296527,1,250
299315,1,250
299702,1,250
300549,1,250
300790,1,250
301844,1,250
301845,1,250
302436,1,250
304676,1,250
305128,1,250
306389,1,250
306961,1,250
307345,1,250
308451,1,250
308476,1,250
309249,1,250
311618,1,250
313366,1,250
317074,1,250
317337,1,250
318062,1,250
319121,1,250
319187,1,250
319308,1,250
319500,1,250
319858,1,250
320547,1,250
321491,1,250
321860,1,250
324579,1,250
325245,1,250
325306,1,250
326461,1,250
328428,1,250
328609,1,250
329131,1,250
330067,1,250
330541,1,250
330555,1,250
330628,1,250
330763,1,250
331025,1,250
331408,1,250
332217,1,250
333153,1,250
334020,1,250
334120,1,250
334699,1,250
335492,1,250
335666,1,250
337536,1,250
337746,1,250
338336,1,250
340053,1,250
341273,1,250
341420,1,250
343291,1,250
344762,1,250
345511,1,250
348325,1,250
352948,1,250
354321,1,250
355538,1,250
356523,1,250
358234,1,250
358414,1,250
359262,1,250
360502,1,250
361004,1,250
362301,1,250
364197,1,250
365742,1,250
366350,1,250
366478,1,250
367207,1,250
367771,1,250
368080,1,250
368113,1,250
368744,1,250
369447,1,250
369524,1,250
370191,1,250
371741,1,250
372427,1,250
372926,1,250
375281,1,250
378019,1,250
378073,1,250
378094,1,250
378129,1,250
378280,1,250
378379,1,250
378929,1,250
379030,1,250
379352,1,250
379609,1,250
379831,1,250
379894,1,250
380195,1,250
380484,1,250
381673,1,250
382145,1,250
382210,1,250
382220,1,250
383905,1,250
384486,1,250
385710,1,250
386160,1,250
389030,1,250
389090,1,250
391460,1,250
391832,1,250
392312,1,250
395174,1,250
397375,1,250
398081,1,250
398803,1,250
399954,1,250
401267,1,250
402353,1,250
402485,1,250
402683,1,250
403271,1,250
403611,1,250
403967,1,250
404038,1,250
404089,1,250
404340,1,250
405676,1,250
406858,1,250
408207,1,250
410546,1,250
411386,1,250
412113,1,250
412479,1,250
414581,1,250
415157,1,250
415261,1,250
415323,1,250
415475,1,250
417402,1,250
418016,1,250
418669,1,250
419206,1,250
421086,1,250
421603,1,250
423203,1,250
423348,1,250
423413,1,250
424671,1,250
426171,1,250
426339,1,250
426396,1,250
426856,1,250
427024,1,250
427186,1,250
427241,1,250
428418,1,250
428429,1,250
428941,1,250
430317,1,250
430692,1,250
431339,1,250
431572,1,250
431893,1,250
434249,1,250
434799,1,250
435455,1,250
435574,1,250
435922,1,250
436881,1,250
436953,1,250
438392,1,250
438681,1,250
439322,1,250
439364,1,250
439415,1,250
439633,1,250
440391,1,250
441489,1,250
441560,1,250
443822,1,250
444197,1,250
444779,1,250
445146,1,250
448173,1,250
448863,1,250
449283,1,250
450260,1,250
450374,1,250
450394,1,250
450849,1,250
451194,1,250
451257,1,250
451746,1,250
451874,1,250
452053,1,250
452291,1,250
452941,1,250
453037,1,250
453212,1,250
453334,1,250
453761,1,250
454319,1,250
454369,1,250
454743,1,250
457457,1,250
457588,1,250
457642,1,250
457919,1,250
458056,1,250
459041,1,250
459050,1,250
459435,1,250
459441,1,250
459606,1,250
459876,1,250
460216,1,250
460381,1,250
461318,1,250
461722,1,250
462171,1,250
462510,1,250
462729,1,250
463152,1,250
463445,1,250
464306,1,250
464446,1,250
464525,1,250
465210,1,250
465329,1,250
465945,1,250
466206,1,250
467368,1,250
467412,1,250
468143,1,250
468199,1,250
468657,1,250
469162,1,250
470140,1,250
470779,1,250
471153,1,250
471308,1,250
471439,1,250
471579,1,250
471735,1,250
472075,1,250
472255,1,250
472315,1,250
472661,1,250
472875,1,250
473262,1,250
474915,1,250
475844,1,250
475910,1,250
476389,1,250
477696,1,250
477748,1,250
477838,1,250
478132,1,250
478721,1,250
479233,1,250
479276,1,250
479381,1,250
479923,1,250
480465,1,250
480645,1,250
480817,1,250
481467,1,250
483500,1,250
483845,1,250
483936,1,250
484132,1,250
484168,1,250
484865,1,250
485223,1,250
485647,1,250
486209,1,250
486856,1,250
487111,1,250
487450,1,250
487799,1,250
487970,1,250
488127,1,250
488738,1,250
489950,1,250
489950,1,250
490311,1,250
490795,1,250
491167,1,250
491297,1,250
491674,1,250
492031,1,250
492187,1,250
492238,1,250
494823,1,250
496926,1,250
497641,1,250
498011,1,250
498080,1,250
498139,1,250
498391,1,250
498570,1,250
498648,1,250
499557,1,250
499788,1,250
500788,1,250
501083,1,250
502182,1,250
503847,1,250
504057,1,250
504257,1,250
504485,1,250
504923,1,250
505135,1,250
505789,1,250
506308,1,250
506804,1,250
506917,1,250
507365,1,250
507613,1,250
508500,1,250
508884,1,250
509056,1,250
509203,1,250
509363,1,250
510243,1,250
511026,1,250
511408,1,250
511751,1,250
512957,1,250
513441,1,250
514319,1,250
514468,1,250
514713,1,250
515671,1,250
517173,1,250
519594,1,250
520058,1,250
520178,1,250
520511,1,250
520758,1,250
520902,1,250
520990,1,250
521181,1,250
521517,1,250
523970,1,250
524605,1,250
526201,1,250
526713,1,250
526960,1,250
527087,1,250
527254,1,250
527260,1,250
528157,1,250
528211,1,250
529576,1,250
530734,1,250
530839,1,250
530839,1,250
532933,1,250
533220,1,250
535217,1,250
535665,1,250
536941,1,250
538297,1,250
538629,1,250
540558,1,250
540791,1,250
542787,1,250
543070,1,250
543729,1,250
546633,1,250
547315,1,250
549842,1,250
553368,1,250
555778,1,250
559109,1,250
559429,1,250
561482,1,250
562455,1,250
565043,1,250
565441,1,250
566721,1,250
568007,1,250
568443,1,250
569500,1,250
570349,1,250
575511,1,250
575868,1,250
576011,1,250
576566,1,250
576883,1,250
578362,1,250
580350,1,250
580887,1,250
