5,0
31,0
32,0
51,0
82,0
90,0
106,0
109,0
122,0
153,0
173,0
174,0
184,0
190,0
191,0
223,0
225,0
253,0
280,0
297,0
321,0
343,0
374,0
381,0
384,0
387,0
395,0
413,0
416,0
427,0
435,0
440,0
473,0
476,0
483,0
505,0
510,0
525,0
548,0
550,0
561,0
570,0
573,0
573,0
581,0
588,0
603,0
623,0
646,0
649,0
666,0
674,0
674,0
685,0
693,0
698,0
706,0
721,0
724,0
730,0
789,0
794,0
795,0
825,0
827,0
828,0
831,0
839,0
853,0
854,0
867,0
868,0
869,0
871,0
874,0
874,0
881,0
886,0
890,0
902,0
905,0
907,0
909,0
914,0
925,0
941,0
954,0
957,0
957,0
968,0
1010,0
1021,0
1028,0
1030,0
1030,0
1035,0
1039,0
1044,0
1048,0
1061,0
1062,0
1069,0
1082,0
1123,0
1136,0
1142,0
1149,0
1150,0
1157,0
1160,0
1176,0
1195,0
1205,0
1213,0
1224,0
1237,0
1245,0
1246,0
1256,0
1260,0
1278,0
1290,0
1294,0
1296,0
1300,0
1302,0
1305,0
1315,0
1317,0
1323,0
1338,0
1339,0
1372,0
1375,0
1397,0
1413,0
1417,0
1433,0
1443,0
1447,0
1466,0
1470,0
1476,0
1478,0
1483,0
1495,0
1501,0
1514,0
1522,0
1533,0
1537,0
1547,0
1553,0
1561,0
1563,0
1566,0
1573,0
1587,0
1589,0
1589,0
1589,0
1590,0
1606,0
1624,0
1630,0
1657,0
1670,0
1671,0
1678,0
1689,0
1692,0
1693,0
1700,0
1703,0
1716,0
1727,0
1730,0
1746,0
1747,0
1747,0
1758,0
1760,0
1778,0
1788,0
1794,0
1798,0
1799,0
1832,0
1834,0
1847,0
1868,0
1870,0
1871,0
1887,0
1910,0
1914,0
1914,0
1921,0
1927,0
1929,0
1937,0
1941,0
1949,0
1958,0
1962,0
1969,0
1981,0
1982,0
1987,0
1993,0
1994,0
1999,0
2001,0
2001,0
2003,0
2009,0
2015,0
2022,0
2032,0
2034,0
2039,0
2042,0
2050,0
2067,0
2076,0
2080,0
2084,0
2089,0
2093,0
2112,0
2116,0
2120,0
2128,0
2128,0
2132,0
2153,0
2171,0
2172,0
2173,0
2192,0
2227,0
2289,0
2298,0
2341,0
2373,0
2375,0
2386,0
2389,0
2396,0
2406,0
2420,0
2433,0
2434,0
2435,0
2452,0
2464,0
2465,0
2486,0
2529,0
2533,0
2545,0
2560,0
2560,0
2572,0
2580,0
2587,0
2592,0
2624,0
2634,0
2644,0
2648,0
2663,0
2667,0
2693,0
2708,0
2716,0
2732,0
2737,0
2740,0
2771,0
2783,0
2788,0
2796,0
2817,0
2852,0
2862,0
2864,0
2866,0
2868,0
2872,0
2891,0
2897,0
2910,0
2914,0
2924,0
2934,0
2941,0
2950,0
2975,0
2977,0
2993,0
3000,0
3005,0
3006,0
3006,0
3006,0
3011,0
3013,0
3013,0
3017,0
3023,0
3024,0
3025,0
3025,0
3029,0
3048,0
3056,0
3058,0
3060,0
3090,0
3100,0
3108,0
3120,0
3135,0
3137,0
3145,0
3163,0
3178,0
3183,0
3187,0
3196,0
3212,0
3226,0
3253,0
3262,0
3268,0
3279,0
3279,0
3280,0
3286,0
3292,0
3299,0
3315,0
3335,0
3337,0
3340,0
3360,0
3365,0
3366,0
3378,0
3379,0
3380,0
3389,0
3398,0
3401,0
3412,0
3415,0
3427,0
3428,0
3433,0
3437,0
3444,0
3446,0
3463,0
3466,0
3490,0
3500,0
3503,0
3503,0
3515,0
3522,0
3524,0
3539,0
3539,0
3543,0
3548,0
3554,0
3554,0
3559,0
3560,0
3578,0
3602,0
3609,0
3622,0
3632,0
3634,0
3639,0
3640,0
3648,0
3659,0
3673,0
3696,0
3699,0
3710,0
3711,0
3722,0
3729,0
3729,0
3729,0
3741,0
3742,0
3749,0
3751,0
3760,0
3767,0
3783,0
3795,0
3807,0
3810,0
3813,0
3822,0
3827,0
3831,0
3835,0
3841,0
3844,0
3865,0
3881,0
3886,0
3887,0
3902,0
3909,0
3944,0
3949,0
3956,0
3958,0
3993,0
4015,0
4019,0
4033,0
4034,0
4043,0
4054,0
4054,0
4054,0
4072,0
4099,0
4108,0
4123,0
4127,0
4145,0
4145,0
4153,0
4173,0
4178,0
4198,0
4207,0
4209,0
4220,0
4225,0
4232,0
4264,0
4282,0
4297,0
4321,0
4322,0
4342,0
4347,0
4352,0
4353,0
4355,0
4366,0
4397,0
4402,0
4405,0
4415,0
4434,0
4441,0
4443,0
4480,0
4493,0
4500,0
4523,0
4524,0
4531,0
4531,0
4535,0
4536,0
4543,0
4549,0
4563,0
4581,0
4590,0
4591,0
4592,0
4599,0
4608,0
4618,0
4650,0
4666,0
4677,0
4705,0
4719,0
4723,0
4723,0
4732,0
4734,0
4739,0
4763,0
4766,0
4771,0
4776,0
4777,0
4796,0
4804,0
4808,0
4811,0
4821,0
4834,0
4838,0
4851,0
4854,0
4862,0
4868,0
4893,0
4896,0
4902,0
4912,0
4945,0
4948,0
4952,0
4956,0
4961,0
4972,0
4974,0
4983,0
4989,0
4995,0
5014,0
5021,0
5058,0
5071,0
5073,0
5079,0
5082,0
5086,0
5098,0
5103,0
5120,0
5130,0
5131,0
5136,0
5146,0
5173,0
5188,0
5188,0
5190,0
5209,0
5239,0
5255,0
5259,0
5269,0
5309,0
5312,0
5322,0
5322,0
5327,0
5342,0
5346,0
5377,0
5386,0
5396,0
5401,0
5401,0
5407,0
5407,0
5412,0
5423,0
5434,0
5436,0
5458,0
5459,0
5459,0
5466,0
5483,0
5504,0
5505,0
5507,0
5515,0
5525,0
5531,0
5538,0
5542,0
5552,0
5565,0
5569,0
5579,0
5582,0
5590,0
5590,0
5598,0
5611,0
5611,0
5620,0
5630,0
5649,0
5654,0
5667,0
5670,0
5673,0
5687,0
5716,0
5722,0
5729,0
5732,0
5742,0
5780,0
5799,0
5827,0
5846,0
5863,0
5865,0
5865,0
5911,0
5920,0
5920,0
5931,0
5934,0
5943,0
5952,0
5966,0
5971,0
5993,0
5998,0
6003,0
6011,0
6024,0
6039,0
6039,0
6060,0
6064,0
6069,0
6069,0
6076,0
6099,0
6111,0
6124,0
6127,0
6150,0
6174,0
6180,0
6183,0
6185,0
6192,0
6212,0
6226,0
6226,0
6267,0
6285,0
6295,0
6303,0
6333,0
6334,0
6339,0
6359,0
6369,0
6386,0
6387,0
6400,0
6410,0
6418,0
6423,0
6442,0
6484,0
6498,0
6498,0
6505,0
6510,0
6513,0
6515,0
6515,0
6535,0
6539,0
6540,0
6569,0
6583,0
6583,0
6600,0
6603,0
6616,0
6635,0
6637,0
6644,0
6667,0
6678,0
6686,0
6686,0
6688,0
6726,0
6738,0
6740,0
6747,0
6763,0
6771,0
6778,0
6784,0
6794,0
6806,0
6808,0
6809,0
6811,0
6815,0
6830,0
6837,0
6845,0
6854,0
6856,0
6874,0
6889,0
6892,0
6895,0
6911,0
6951,0
6957,0
6959,0
6961,0
6961,0
6974,0
6974,0
6980,0
6983,0
7002,0
7002,0
7007,0
7008,0
7015,0
7020,0
7038,0
7049,0
7074,0
7132,0
7140,0
7146,0
7179,0
7198,0
7219,0
7222,0
7237,0
7241,0
7264,0
7281,0
7282,0
7284,0
7287,0
7297,0
7337,0
7340,0
7360,0
7390,0
7402,0
7402,0
7410,0
7428,0
7435,0
7437,0
7442,0
7451,0
7464,0
7500,0
7501,0
7512,0
7515,0
7529,0
7558,0
7577,0
7577,0
7583,0
7599,0
7618,0
7622,0
7653,0
7663,0
7676,0
7684,0
7703,0
7739,0
7743,0
7751,0
7757,0
7760,0
7767,0
7773,0
7777,0
7792,0
7794,0
7797,0
7798,0
7802,0
7808,0
7812,0
7818,0
7826,0
7838,0
7851,0
7853,0
7865,0
7865,0
7878,0
7884,0
7887,0
7891,0
7892,0
7893,0
7901,0
7913,0
7922,0
7932,0
7944,0
7950,0
7965,0
7973,0
7982,0
7982,0
8015,0
8025,0
8037,0
8041,0
8048,0
8059,0
8066,0
8068,0
8068,0
8071,0
8097,0
8109,0
8113,0
8131,0
8160,0
8171,0
8181,0
8186,0
8191,0
8196,0
8210,0
8219,0
8234,0
8243,0
8279,0
8284,0
8293,0
8347,0
8350,0
8395,0
8402,0
8404,0
8411,0
8428,0
8430,0
8443,0
8445,0
8450,0
8474,0
8497,0
8505,0
8507,0
8516,0
8548,0
8552,0
8563,0
8564,0
8565,0
8571,0
8574,0
8579,0
8582,0
8609,0
8616,0
8628,0
8638,0
8650,0
8652,0
8663,0
8680,0
8681,0
8692,0
8698,0
8716,0
8720,0
8733,0
8737,0
8750,0
8760,0
8760,0
8761,0
8794,0
8808,0
8818,0
8834,0
8863,0
8873,0
8875,0
8890,0
8896,0
8897,0
8900,0
8905,0
8938,0
8942,0
8948,0
8965,0
8969,0
8993,0
8994,0
8999,0
9000,0
9024,0
9028,0
9037,0
9038,0
9052,0
9081,0
9085,0
9086,0
9098,0
9106,0
9113,0
9118,0
9118,0
9119,0
9124,0
9131,0
9133,0
9152,0
9158,0
9164,0
9169,0
9176,0
9181,0
9182,0
9185,0
9188,0
9201,0
9203,0
9204,0
9227,0
9235,0
9240,0
9246,0
9256,0
9262,0
9274,0
9277,0
9278,0
9284,0
9285,0
9298,0
9299,0
9305,0
9329,0
9333,0
9335,0
9341,0
9348,0
9361,0
9371,0
9382,0
9389,0
9393,0
9416,0
9419,0
9420,0
9420,0
9423,0
9424,0
9437,0
9448,0
9462,0
9484,0
9510,0
9510,0
9516,0
9522,0
9524,0
9562,0
9570,0
9615,0
9642,0
9661,0
9667,0
9667,0
9713,0
9721,0
9733,0
9750,0
9764,0
9766,0
9808,0
9814,0
9817,0
9836,0
9851,0
9863,0
9895,0
9899,0
9908,0
9915,0
9923,0
9928,0
9934,0
9939,0
9952,0
9975,0
9985,0
9991,0
9995,0
10002,0
10006,0
10021,0
10028,0
10041,0
10042,0
10043,0
10043,0
10055,0
10069,0
10070,0
10075,0
10079,0
10095,0
10114,0
10117,0
10134,0
10165,0
10180,0
10185,0
10193,0
10236,0
10242,0
10267,0
10270,0
10275,0
10283,0
10286,0
10292,0
10300,0
10314,0
10341,0
10357,0
10361,0
10373,0
10376,0
10395,0
10402,0
10402,0
10410,0
10411,0
10417,0
10421,0
10429,0
10432,0
10444,0
10451,0
10465,0
10467,0
10484,0
10484,0
10484,0
10490,0
10491,0
10510,0
10520,0
10541,0
10554,0
10561,0
10569,0
10574,0
10593,0
10598,0
10610,0
10613,0
10614,0
10631,0
10659,0
10663,0
10690,0
10692,0
10693,0
10701,0
10727,0
10738,0
10746,0
10748,0
10760,0
10761,0
10777,0
10811,0
10823,0
10826,0
10829,0
10843,0
10848,0
10871,0
10882,0
10892,0
10901,0
10950,0
10954,0
10955,0
10956,0
10973,0
10993,0
10998,0
11001,0
11004,0
11007,0
11014,0
11014,0
11027,0
11060,0
11061,0
11064,0
11066,0
11072,0
11079,0
11081,0
11084,0
11084,0
11107,0
11118,0
11122,0
11143,0
11156,0
11166,0
11188,0
11189,0
11190,0
11209,0
11235,0
11236,0
11274,0
11291,0
11314,0
11321,0
11324,0
11328,0
11337,0
11354,0
11360,0
11373,0
11385,0
11389,0
11394,0
11397,0
11397,0
11419,0
11423,0
11438,0
11447,0
11447,0
11459,0
11460,0
11460,0
11478,0
11481,0
11482,0
11482,0
11489,0
11489,0
11492,0
11494,0
11495,0
11501,0
11521,0
11549,0
11551,0
11564,0
11565,0
11571,0
11576,0
11584,0
11599,0
11605,0
11608,0
11620,0
11632,0
11660,0
11662,0
11687,0
11696,0
11698,0
11704,0
11724,0
11727,0
11729,0
11731,0
11735,0
11751,0
11754,0
11774,0
11795,0
11800,0
11809,0
11812,0
11818,0
11824,0
11828,0
11845,0
11858,0
11863,0
11864,0
11879,0
11883,0
11909,0
11918,0
11918,0
11934,0
11935,0
11958,0
11958,0
11963,0
11974,0
12001,0
12014,0
12023,0
12043,0
12046,0
12047,0
12047,0
12051,0
12086,0
12090,0
12112,0
12117,0
12129,0
12182,0
12202,0
12216,0
12219,0
12225,0
12228,0
12243,0
12253,0
12259,0
12270,0
12295,0
12300,0
12308,0
12313,0
12328,0
12335,0
12339,0
12375,0
12383,0
12401,0
12410,0
12418,0
12418,0
12445,0
12451,0
12466,0
12470,0
12479,0
12481,0
12481,0
12491,0
12493,0
12499,0
12505,0
12510,0
12525,0
12526,0
12534,0
12535,0
12538,0
12541,0
12543,0
12546,0
12549,0
12557,0
12571,0
12582,0
12611,0
12620,0
12633,0
12646,0
12650,0
12654,0
12657,0
12669,0
12680,0
12690,0
12697,0
12700,0
12700,0
12708,0
12720,0
12742,0
12749,0
12761,0
12788,0
12796,0
12828,0
12842,0
12846,0
12862,0
12876,0
12895,0
12898,0
12909,0
12918,0
12921,0
12925,0
12929,0
12939,0
12957,0
12964,0
12968,0
12987,0
12993,0
13007,0
13012,0
13014,0
13037,0
13038,0
13051,0
13077,0
13084,0
13111,0
13116,0
13128,0
13175,0
13186,0
13188,0
13202,0
13205,0
13206,0
13251,0
13284,0
13301,0
13325,0
13333,0
13347,0
13361,0
13364,0
13378,0
13392,0
13398,0
13403,0
13425,0
13431,0
13438,0
13442,0
13450,0
13461,0
13474,0
13476,0
13477,0
13478,0
13481,0
13486,0
13493,0
13525,0
13535,0
13538,0
13557,0
13563,0
13577,0
13604,0
13610,0
13622,0
13639,0
13645,0
13649,0
13650,0
13670,0
13673,0
13683,0
13692,0
13705,0
13710,0
13713,0
13714,0
13714,0
13719,0
13725,0
13733,0
13758,0
13762,0
13765,0
13769,0
13778,0
13779,0
13781,0
13789,0
13797,0
13818,0
13837,0
13853,0
13855,0
13858,0
13864,0
13901,0
13906,0
13916,0
13921,0
13933,0
13934,0
13960,0
13965,0
13971,0
14006,0
14007,0
14008,0
14040,0
14041,0
14046,0
14050,0
14054,0
14101,0
14102,0
14102,0
14113,0
14117,0
14120,0
14141,0
14143,0
14163,0
14165,0
14166,0
14188,0
14194,0
14200,0
14205,0
14210,0
14213,0
14215,0
14239,0
14251,0
14260,0
14260,0
14268,0
14285,0
14286,0
14286,0
14290,0
14295,0
14295,0
14302,0
14309,0
14316,0
14320,0
14332,0
14334,0
14336,0
14336,0
14358,0
14382,0
14390,0
14391,0
14392,0
14401,0
14406,0
14431,0
14435,0
14443,0
14460,0
14461,0
14477,0
14488,0
14491,0
14496,0
14500,0
14500,0
14502,0
14521,0
14555,0
14556,0
14559,0
14571,0
14582,0
14600,0
14618,0
14620,0
14624,0
14633,0
14637,0
14644,0
14644,0
14648,0
14654,0
14665,0
14682,0
14693,0
14699,0
14699,0
14709,0
14711,0
14731,0
14731,0
14737,0
14743,0
14768,0
14791,0
14798,0
14800,0
14832,0
14855,0
14858,0
14860,0
14897,0
14902,0
14915,0
14929,0
14937,0
14950,0
14962,0
14966,0
14973,0
14975,0
14976,0
14976,0
14984,0
14987,0
14995,0
14998,0
15035,0
15039,0
15050,0
15055,0
15058,0
15063,0
15067,0
15072,0
15082,0
15086,0
15110,0
15119,0
15121,0
15125,0
15134,0
15148,0
15155,0
15161,0
15203,0
15208,0
15217,0
15221,0
15221,0
15228,0
15239,0
15258,0
15267,0
15293,0
15313,0
15325,0
15353,0
15360,0
15360,0
15367,0
15371,0
15379,0
15393,0
15401,0
15402,0
15410,0
15413,0
15426,0
15453,0
15457,0
15474,0
15490,0
15502,0
15506,0
15524,0
15544,0
15556,0
15570,0
15587,0
15588,0
15591,0
15601,0
15607,0
15608,0
15628,0
15639,0
15652,0
15664,0
15678,0
15692,0
15703,0
15703,0
15703,0
15713,0
15726,0
15731,0
15756,0
15762,0
15777,0
15782,0
15803,0
15827,0
15840,0
15847,0
15859,0
15861,0
15881,0
15886,0
15905,0
15916,0
15921,0
15930,0
15949,0
15955,0
15957,0
15961,0
15967,0
15969,0
15971,0
15974,0
15982,0
15990,0
16009,0
16016,0
16039,0
16041,0
16048,0
16052,0
16073,0
16100,0
16104,0
16104,0
16117,0
16120,0
16133,0
16136,0
16152,0
16162,0
16165,0
16204,0
16204,0
16209,0
16231,0
16232,0
16235,0
16245,0
16249,0
16257,0
16263,0
16297,0
16306,0
16312,0
16318,0
16320,0
16340,0
16346,0
16375,0
16377,0
16392,0
16406,0
16446,0
16450,0
16470,0
16471,0
16476,0
16500,0
16500,0
16519,0
16530,0
16536,0
16541,0
16546,0
16562,0
16569,0
16576,0
16585,0
16595,0
16642,0
16642,0
16655,0
16667,0
16671,0
16686,0
16696,0
16710,0
16714,0
16715,0
16721,0
16722,0
16725,0
16743,0
16751,0
16764,0
16765,0
16768,0
16779,0
16788,0
16796,0
16797,0
16801,0
16801,0
16805,0
16822,0
16825,0
16828,0
16840,0
16865,0
16869,0
16874,0
16887,0
16902,0
16904,0
16914,0
16934,0
16935,0
16938,0
16963,0
16979,0
16982,0
16996,0
16998,0
17008,0
17010,0
17013,0
17057,0
17072,0
17084,0
17105,0
17108,0
17109,0
17109,0
17111,0
17128,0
17128,0
17135,0
17149,0
17156,0
17164,0
17175,0
17186,0
17204,0
17213,0
17214,0
17216,0
17223,0
17225,0
17250,0
17254,0
17261,0
17266,0
17274,0
17276,0
17287,0
17288,0
17288,0
17289,0
17333,0
17336,0
17350,0
17368,0
17382,0
17392,0
17415,0
17420,0
17457,0
17460,0
17475,0
17487,0
17501,0
17502,0
17506,0
17532,0
17542,0
17543,0
17550,0
17567,0
17571,0
17572,0
17575,0
17581,0
17581,0
17618,0
17623,0
17624,0
17629,0
17638,0
17647,0
17679,0
17695,0
17706,0
17706,0
17713,0
17737,0
17738,0
17739,0
17760,0
17764,0
17766,0
17768,0
17792,0
17794,0
17798,0
17807,0
17814,0
17828,0
17829,0
17837,0
17842,0
17848,0
17862,0
17876,0
17893,0
17902,0
17903,0
17913,0
17913,0
17922,0
17928,0
17931,0
17938,0
17940,0
17944,0
17955,0
17956,0
17959,0
18022,0
18024,0
18026,0
18035,0
18048,0
18053,0
18054,0
18076,0
18088,0
18093,0
18108,0
18118,0
18134,0
18136,0
18152,0
18176,0
18188,0
18196,0
18213,0
18218,0
18227,0
18228,0
18267,0
18269,0
18285,0
18285,0
18291,0
18304,0
18318,0
18324,0
18330,0
18330,0
18337,0
18345,0
18353,0
18356,0
18390,0
18416,0
18421,0
18429,0
18457,0
18458,0
18492,0
18517,0
18522,0
18535,0
18535,0
18538,0
18542,0
18544,0
18569,0
18573,0
18616,0
18636,0
18637,0
18639,0
18642,0
18650,0
18650,0
18652,0
18654,0
18655,0
18655,0
18656,0
18661,0
18663,0
18682,0
18683,0
18701,0
18706,0
18706,0
18725,0
18732,0
18733,0
18746,0
18750,0
18761,0
18766,0
18769,0
18769,0
18778,0
18839,0
18842,0
18846,0
18856,0
18868,0
18870,0
18890,0
18901,0
18921,0
18941,0
18951,0
18951,0
18964,0
18969,0
18973,0
18976,0
18985,0
18988,0
18991,0
18994,0
18994,0
18999,0
19002,0
19004,0
19006,0
19022,0
19036,0
19057,0
19077,0
19080,0
19098,0
19100,0
19119,0
19121,0
19129,0
19142,0
19176,0
19195,0
19200,0
19204,0
19209,0
19217,0
19230,0
19234,0
19235,0
19240,0
19248,0
19252,0
19277,0
19279,0
19294,0
19299,0
19311,0
19313,0
19324,0
19343,0
19348,0
19367,0
19371,0
19374,0
19375,0
19384,0
19387,0
19397,0
19400,0
19405,0
19406,0
19406,0
19415,0
19415,0
19425,0
19442,0
19456,0
19489,0
19493,0
19507,0
19508,0
19527,0
19531,0
19557,0
19559,0
19562,0
19592,0
19596,0
19611,0
19622,0
19625,0
19628,0
19628,0
19644,0
19648,0
19664,0
19676,0
19677,0
19678,0
19679,0
19702,0
19724,0
19734,0
19744,0
19748,0
19752,0
19754,0
19759,0
19769,0
19783,0
19787,0
19796,0
19797,0
19814,0
19862,0
19871,0
19882,0
19882,0
19898,0
19905,0
19931,0
19936,0
19946,0
19948,0
19982,0
19988,0
20032,0
20032,0
20039,0
20049,0
20054,0
20062,0
20066,0
20095,0
20103,0
20127,0
20146,0
20151,0
20152,0
20168,0
20176,0
20183,0
20201,0
20206,0
20213,0
20225,0
20260,0
20261,0
20274,0
20280,0
20304,0
20329,0
20344,0
20347,0
20356,0
20367,0
20385,0
20386,0
20392,0
20392,0
20404,0
20405,0
20405,0
20406,0
20410,0
20438,0
20443,0
20454,0
20457,0
20479,0
20480,0
20493,0
20493,0
20500,0
20516,0
20554,0
20561,0
20571,0
20592,0
20600,0
20628,0
20634,0
20644,0
20702,0
20709,0
20723,0
20724,0
20729,0
20730,0
20732,0
20733,0
20744,0
20755,0
20764,0
20786,0
20794,0
20795,0
20808,0
20809,0
20814,0
20833,0
20835,0
20836,0
20852,0
20858,0
20861,0
20865,0
20871,0
20926,0
20929,0
20952,0
20953,0
20969,0
20978,0
20989,0
20990,0
21010,0
21043,0
21045,0
21051,0
21053,0
21055,0
21111,0
21123,0
21132,0
21135,0
21156,0
21158,0
21164,0
21165,0
21207,0
21211,0
21227,0
21228,0
21234,0
21238,0
21264,0
21272,0
21302,0
21309,0
21322,0
21410,0
21415,0
21442,0
21442,0
21444,0
21445,0
21449,0
21455,0
21462,0
21463,0
21466,0
21502,0
21537,0
21544,0
21569,0
21586,0
21588,0
21624,0
21665,0
21670,0
21678,0
21698,0
21702,0
21714,0
21720,0
21733,0
21747,0
21749,0
21751,0
21753,0
21768,0
21778,0
21783,0
21784,0
21787,0
21799,0
21800,0
21811,0
21813,0
21824,0
21825,0
21836,0
21843,0
21871,0
21895,0
21905,0
21933,0
21942,0
21945,0
21963,0
21975,0
21980,0
21981,0
21992,0
22016,0
22022,0
22031,0
22032,0
22039,0
22039,0
22045,0
22046,0
22063,0
22108,0
22115,0
22118,0
22128,0
22165,0
22175,0
22181,0
22195,0
22197,0
22214,0
22215,0
22239,0
22242,0
22246,0
22270,0
22274,0
22282,0
22283,0
22290,0
22291,0
22318,0
22325,0
22342,0
22348,0
22354,0
22358,0
22362,0
22366,0
22374,0
22389,0
22394,0
22398,0
22400,0
22401,0
22408,0
22419,0
22420,0
22430,0
22445,0
22459,0
22460,0
22462,0
22463,0
22483,0
22512,0
22517,0
22518,0
22528,0
22531,0
22533,0
22545,0
22548,0
22551,0
22554,0
22554,0
22586,0
22589,0
22610,0
22621,0
22636,0
22642,0
22652,0
22657,0
22661,0
22671,0
22672,0
22674,0
22678,0
22705,0
22718,0
22722,0
22744,0
22751,0
22756,0
22757,0
22761,0
22767,0
22767,0
22782,0
22789,0
22826,0
22858,0
22860,0
22891,0
22906,0
22919,0
22926,0
22931,0
22932,0
22937,0
22980,0
23003,0
23010,0
23015,0
23032,0
23036,0
23046,0
23049,0
23051,0
23077,0
23077,0
23077,0
23086,0
23091,0
23101,0
23104,0
23105,0
23109,0
23109,0
23111,0
23112,0
23121,0
23134,0
23134,0
23136,0
23167,0
23169,0
23200,0
23201,0
23203,0
23207,0
23210,0
23324,0
23327,0
23328,0
23331,0
23335,0
23355,0
23391,0
23391,0
23421,0
23441,0
23443,0
23463,0
23467,0
23468,0
23476,0
23494,0
23496,0
23502,0
23504,0
23525,0
23540,0
23548,0
23556,0
23563,0
23564,0
23606,0
23608,0
23610,0
23614,0
23615,0
23637,0
23646,0
23652,0
23668,0
23683,0
23686,0
23695,0
23704,0
23716,0
23721,0
23737,0
23738,0
23745,0
23749,0
23754,0
23763,0
23770,0
23784,0
23792,0
23801,0
23802,0
23802,0
23815,0
23840,0
23880,0
23895,0
23897,0
23908,0
23908,0
23922,0
23939,0
23954,0
23964,0
23964,0
23981,0
23989,0
23991,0
24005,0
24009,0
24018,0
24044,0
24072,0
24073,0
24076,0
24089,0
24097,0
24098,0
24108,0
24114,0
24116,0
24121,0
24133,0
24134,0
24176,0
24188,0
24194,0
24203,0
24224,0
24235,0
24237,0
24239,0
24240,0
24244,0
24267,0
24272,0
24284,0
24289,0
24294,0
24309,0
24317,0
24318,0
24323,0
24343,0
24347,0
24356,0
24361,0
24372,0
24374,0
24395,0
24395,0
24399,0
24413,0
24419,0
24426,0
24433,0
24436,0
24441,0
24454,0
24456,0
24470,0
24471,0
24483,0
24489,0
24521,0
24524,0
24526,0
24556,0
24581,0
24588,0
24602,0
24604,0
24625,0
24638,0
24638,0
24643,0
24646,0
24647,0
24652,0
24667,0
24689,0
24695,0
24707,0
24714,0
24717,0
24722,0
24730,0
24737,0
24739,0
24747,0
24755,0
24761,0
24788,0
24804,0
24807,0
24825,0
24825,0
24827,0
24829,0
24857,0
24859,0
24866,0
24880,0
24881,0
24890,0
24890,0
24890,0
24908,0
24911,0
24946,0
24966,0
24967,0
24971,0
24977,0
25022,0
25047,0
25062,0
25074,0
25079,0
25080,0
25091,0
25095,0
25096,0
25099,0
25102,0
25112,0
25134,0
25135,0
25142,0
25144,0
25173,0
25179,0
25181,0
25188,0
25208,0
25213,0
25215,0
25219,0
25224,0
25228,0
25238,0
25241,0
25242,0
25256,0
25258,0
25283,0
25298,0
25301,0
25302,0
25306,0
25345,0
25351,0
25364,0
25370,0
25379,0
25379,0
25382,0
25392,0
25403,0
25404,0
25418,0
25427,0
25429,0
25440,0
25442,0
25447,0
25458,0
25460,0
25497,0
25501,0
25509,0
25513,0
25516,0
25520,0
25531,0
25543,0
25547,0
25549,0
25549,0
25565,0
25571,0
25592,0
25603,0
25621,0
25647,0
25649,0
25660,0
25662,0
25672,0
25703,0
25712,0
25717,0
25721,0
25724,0
25734,0
25741,0
25759,0
25782,0
25794,0
25805,0
25807,0
25815,0
25819,0
25863,0
25867,0
25877,0
25877,0
25884,0
25890,0
25890,0
25891,0
25904,0
25906,0
25930,0
25934,0
25938,0
25938,0
25955,0
25955,0
25967,0
25976,0
25990,0
25995,0
26007,0
26041,0
26045,0
26052,0
26077,0
26086,0
26089,0
26092,0
26098,0
26102,0
26118,0
26136,0
26140,0
26143,0
26192,0
26192,0
26204,0
26211,0
26212,0
26214,0
26216,0
26220,0
26225,0
26241,0
26283,0
26308,0
26315,0
26326,0
26327,0
26328,0
26348,0
26378,0
26396,0
26447,0
26470,0
26473,0
26480,0
26493,0
26521,0
26525,0
26539,0
26547,0
26554,0
26555,0
26614,0
26620,0
26623,0
26625,0
26646,0
26654,0
26663,0
26665,0
26688,0
26722,0
26722,0
26725,0
26729,0
26731,0
26745,0
26746,0
26748,0
26754,0
26763,0
26763,0
26764,0
26771,0
26791,0
26800,0
26811,0
26833,0
26850,0
26851,0
26852,0
26873,0
26881,0
26888,0
26889,0
26902,0
26909,0
26913,0
26923,0
26936,0
26937,0
26938,0
26952,0
26959,0
26962,0
26972,0
26973,0
26995,0
27002,0
27007,0
27017,0
27020,0
27024,0
27030,0
27037,0
27040,0
27049,0
27053,0
27059,0
27064,0
27070,0
27074,0
27088,0
27107,0
27115,0
27120,0
27123,0
27146,0
27169,0
27171,0
27179,0
27182,0
27187,0
27198,0
27201,0
27208,0
27218,0
27250,0
27262,0
27264,0
27272,0
27276,0
27283,0
27319,0
27320,0
27344,0
27346,0
27354,0
27384,0
27386,0
27388,0
27397,0
27400,0
27404,0
27414,0
27418,0
27427,0
27433,0
27453,0
27489,0
27494,0
27496,0
27503,0
27506,0
27522,0
27526,0
27547,0
27551,0
27562,0
27565,0
27571,0
27591,0
27591,0
27631,0
27655,0
27670,0
27676,0
27683,0
27690,0
27690,0
27704,0
27712,0
27715,0
27715,0
27725,0
27739,0
27750,0
27753,0
27754,0
27764,0
27768,0
27795,0
27798,0
27800,0
27802,0
27803,0
27804,0
27824,0
27846,0
27860,0
27873,0
27877,0
27901,0
27939,0
27952,0
27962,0
27975,0
27981,0
28030,0
28045,0
28066,0
28067,0
28079,0
28081,0
28091,0
28097,0
28149,0
28164,0
28177,0
28185,0
28190,0
28212,0
28216,0
28244,0
28261,0
28264,0
28265,0
28276,0
28287,0
28293,0
28301,0
28302,0
28321,0
28356,0
28383,0
28446,0
28447,0
28452,0
28455,0
28475,0
28480,0
28489,0
28490,0
28514,0
28519,0
28542,0
28547,0
28567,0
28573,0
28579,0
28598,0
28614,0
28616,0
28627,0
28636,0
28660,0
28673,0
28681,0
28691,0
28704,0
28713,0
28714,0
28716,0
28727,0
28733,0
28734,0
28758,0
28762,0
28773,0
28775,0
28776,0
28776,0
28779,0
28788,0
28811,0
28816,0
28833,0
28849,0
28851,0
28857,0
28864,0
28886,0
28886,0
28887,0
28911,0
28912,0
28923,0
28927,0
28932,0
28974,0
29008,0
29009,0
29012,0
29013,0
29028,0
29034,0
29039,0
29040,0
29046,0
29047,0
29057,0
29063,0
29064,0
29072,0
29075,0
29080,0
29088,0
29106,0
29114,0
29115,0
29117,0
29126,0
29127,0
29129,0
29132,0
29144,0
29144,0
29152,0
29183,0
29190,0
29200,0
29206,0
29212,0
29216,0
29222,0
29225,0
29232,0
29241,0
29263,0
29264,0
29294,0
29295,0
29318,0
29337,0
29354,0
29357,0
29362,0
29369,0
29383,0
29385,0
29395,0
29414,0
29428,0
29444,0
29455,0
29466,0
29467,0
29479,0
29494,0
29497,0
29498,0
29545,0
29558,0
29559,0
29587,0
29605,0
29625,0
29628,0
29641,0
29651,0
29668,0
29674,0
29685,0
29694,0
29696,0
29718,0
29728,0
29752,0
29756,0
29782,0
29784,0
29791,0
29796,0
29817,0
29825,0
29843,0
29848,0
29869,0
29879,0
29880,0
29883,0
29889,0
29922,0
29946,0
29960,0
29983,0
29983,0
29988,0
30001,0
30011,0
30012,0
30024,0
30029,0
30034,0
30044,0
30045,0
30050,0
30053,0
30070,0
30083,0
30135,0
30141,0
30146,0
30151,0
30169,0
30169,0
30171,0
30181,0
30188,0
30196,0
30227,0
30236,0
30242,0
30265,0
30279,0
30283,0
30316,0
30325,0
30332,0
30357,0
30375,0
30379,0
30385,0
30410,0
30410,0
30411,0
30414,0
30418,0
30425,0
30442,0
30445,0
30448,0
30464,0
30476,0
30508,0
30509,0
30513,0
30521,0
30555,0
30558,0
30567,0
30569,0
30572,0
30587,0
30597,0
30602,0
30603,0
30614,0
30633,0
30636,0
30642,0
30643,0
30644,0
30665,0
30665,0
30666,0
30670,0
30674,0
30721,0
30729,0
30740,0
30753,0
30768,0
30783,0
30796,0
30798,0
30807,0
30843,0
30848,0
30849,0
30871,0
30883,0
30888,0
30890,0
30897,0
30912,0
30913,0
30935,0
30941,0
30950,0
30951,0
30959,0
30962,0
30967,0
30967,0
30967,0
30985,0
30988,0
30989,0
30994,0
30998,0
31004,0
31010,0
31026,0
31026,0
31040,0
31042,0
31046,0
31051,0
31054,0
31057,0
31087,0
31116,0
31137,0
31149,0
31152,0
31163,0
31168,0
31178,0
31211,0
31219,0
31222,0
31235,0
31242,0
31273,0
31293,0
31305,0
31305,0
31335,0
31344,0
31350,0
31363,0
31364,0
31375,0
31401,0
31419,0
31420,0
31422,0
31435,0
31444,0
31448,0
31458,0
31469,0
31469,0
31487,0
31509,0
31511,0
31536,0
31549,0
31552,0
31559,0
31575,0
31577,0
31580,0
31585,0
31591,0
31595,0
31608,0
31631,0
31645,0
31679,0
31688,0
31689,0
31690,0
31710,0
31738,0
31740,0
31742,0
31747,0
31753,0
31760,0
31764,0
31816,0
31818,0
31841,0
31847,0
31869,0
31885,0
31901,0
31908,0
31916,0
31953,0
31963,0
31974,0
31976,0
32010,0
32014,0
32038,0
32040,0
32042,0
32044,0
32048,0
32054,0
32066,0
32077,0
32079,0
32084,0
32116,0
32116,0
32147,0
32149,0
32150,0
32158,0
32162,0
32176,0
32181,0
32187,0
32192,0
32215,0
32216,0
32216,0
32220,0
32226,0
32240,0
32242,0
32254,0
32262,0
32266,0
32270,0
32282,0
32282,0
32285,0
32287,0
32304,0
32318,0
32320,0
32324,0
32324,0
32329,0
32376,0
32380,0
32380,0
32401,0
32406,0
32409,0
32431,0
32442,0
32445,0
32445,0
32448,0
32476,0
32476,0
32488,0
32489,0
32490,0
32494,0
32500,0
32504,0
32512,0
32514,0
32517,0
32518,0
32529,0
32531,0
32535,0
32546,0
32547,0
32558,0
32565,0
32577,0
32582,0
32584,0
32587,0
32606,0
32608,0
32610,0
32613,0
32614,0
32620,0
32622,0
32637,0
32664,0
32675,0
32708,0
32709,0
32720,0
32724,0
32724,0
32728,0
32736,0
32745,0
32755,0
32769,0
32791,0
32792,0
32812,0
32825,0
32860,0
32867,0
32876,0
32880,0
32881,0
32890,0
32892,0
32894,0
32902,0
32940,0
32951,0
32953,0
32973,0
32989,0
32998,0
33018,0
33022,0
33023,0
33024,0
33025,0
33038,0
33041,0
33044,0
33044,0
33066,0
33081,0
33085,0
33086,0
33091,0
33095,0
33104,0
33152,0
33184,0
33196,0
33204,0
33208,0
33232,0
33233,0
33233,0
33240,0
33252,0
33298,0
33312,0
33344,0
33345,0
33370,0
33377,0
33393,0
33397,0
33397,0
33399,0
33407,0
33412,0
33418,0
33419,0
33421,0
33434,0
33439,0
33448,0
33468,0
33491,0
33495,0
33526,0
33529,0
33531,0
33538,0
33545,0
33552,0
33553,0
33570,0
33572,0
33587,0
33588,0
33603,0
33615,0
33615,0
33632,0
33639,0
33644,0
33649,0
33653,0
33660,0
33679,0
33681,0
33683,0
33707,0
33714,0
33719,0
33722,0
33725,0
33743,0
33743,0
33748,0
33820,0
33830,0
33833,0
33872,0
33880,0
33889,0
33893,0
33902,0
33903,0
33903,0
33907,0
33923,0
33936,0
33937,0
33939,0
33940,0
33949,0
33969,0
33971,0
33975,0
33980,0
33985,0
33985,0
33988,0
33997,0
34001,0
34002,0
34006,0
34008,0
34008,0
34037,0
34040,0
34044,0
34047,0
34049,0
34056,0
34062,0
34066,0
34067,0
34068,0
34100,0
34110,0
34125,0
34127,0
34138,0
34141,0
34152,0
34153,0
34167,0
34184,0
34189,0
34190,0
34194,0
34197,0
34217,0
34221,0
34227,0
34227,0
34229,0
34239,0
34250,0
34256,0
34260,0
34262,0
34264,0
34273,0
34273,0
34276,0
34295,0
34305,0
34309,0
34310,0
34333,0
34345,0
34351,0
34360,0
34370,0
34372,0
34390,0
34392,0
34397,0
34418,0
34427,0
34436,0
34443,0
34445,0
34460,0
34490,0
34493,0
34497,0
34501,0
34502,0
34506,0
34535,0
34536,0
34537,0
34541,0
34550,0
34558,0
34569,0
34574,0
34603,0
34615,0
34633,0
34670,0
34673,0
34677,0
34678,0
34678,0
34683,0
34699,0
34699,0
34705,0
34723,0
34735,0
34739,0
34740,0
34741,0
34744,0
34748,0
34752,0
34758,0
34759,0
34761,0
34770,0
34780,0
34792,0
34794,0
34801,0
34823,0
34828,0
34845,0
34891,0
34892,0
34898,0
34902,0
34902,0
34914,0
34932,0
34937,0
34942,0
34946,0
34948,0
34960,0
34970,0
34972,0
34989,0
34990,0
35003,0
35006,0
35008,0
35033,0
35035,0
35040,0
35042,0
35066,0
35074,0
35087,0
35087,0
35095,0
35128,0
35129,0
35145,0
35147,0
35173,0
35174,0
35181,0
35186,0
35204,0
35207,0
35221,0
35223,0
35234,0
35235,0
35241,0
35245,0
35254,0
35262,0
35274,0
35287,0
35293,0
35293,0
35298,0
35315,0
35318,0
35319,0
35322,0
35326,0
35327,0
35348,0
35352,0
35359,0
35367,0
35368,0
35382,0
35387,0
35397,0
35399,0
35415,0
35416,0
35419,0
35421,0
35424,0
35436,0
35463,0
35470,0
35470,0
35471,0
35471,0
35473,0
35487,0
35487,0
35491,0
35496,0
35499,0
35505,0
35509,0
35521,0
35569,0
35570,0
35570,0
35580,0
35601,0
35606,0
35613,0
35622,0
35626,0
35651,0
35663,0
35664,0
35666,0
35670,0
35694,0
35702,0
35703,0
35714,0
35714,0
35728,0
35746,0
35753,0
35759,0
35764,0
35767,0
35795,0
35800,0
35806,0
35807,0
35811,0
35814,0
35839,0
35850,0
35859,0
35874,0
35881,0
35899,0
35917,0
35918,0
35921,0
35922,0
35938,0
35940,0
35960,0
35961,0
35968,0
35971,0
35980,0
35985,0
35996,0
36005,0
36018,0
36050,0
36076,0
36078,0
36085,0
36094,0
36112,0
36113,0
36114,0
36134,0
36137,0
36145,0
36149,0
36149,0
36150,0
36170,0
36181,0
36183,0
36193,0
36194,0
36195,0
36199,0
36220,0
36250,0
36271,0
36272,0
36295,0
36302,0
36316,0
36326,0
36335,0
36349,0
36363,0
36375,0
36386,0
36410,0
36427,0
36431,0
36431,0
36436,0
36441,0
36469,0
36469,0
36472,0
36477,0
36486,0
36493,0
36494,0
36498,0
36520,0
36535,0
36577,0
36593,0
36603,0
36607,0
36608,0
36620,0
36625,0
36631,0
36633,0
36646,0
36650,0
36650,0
36677,0
36683,0
36691,0
36704,0
36711,0
36718,0
36724,0
36736,0
36740,0
36744,0
36750,0
36772,0
36780,0
36797,0
36802,0
36809,0
36817,0
36822,0
36832,0
36833,0
36842,0
36845,0
36856,0
36905,0
36911,0
36916,0
36959,0
36979,0
36992,0
37011,0
37013,0
37045,0
37058,0
37059,0
37061,0
37063,0
37066,0
37086,0
37099,0
37100,0
37109,0
37115,0
37129,0
37142,0
37144,0
37166,0
37189,0
37218,0
37223,0
37226,0
37244,0
37246,0
37257,0
37284,0
37287,0
37296,0
37297,0
37321,0
37373,0
37384,0
37392,0
37393,0
37394,0
37412,0
37426,0
37432,0
37435,0
37451,0
37452,0
37461,0
37469,0
37473,0
37474,0
37475,0
37476,0
37484,0
37484,0
37491,0
37500,0
37504,0
37513,0
37519,0
37544,0
37545,0
37565,0
37570,0
37576,0
37587,0
37588,0
37590,0
37597,0
37611,0
37621,0
37622,0
37632,0
37679,0
37692,0
37718,0
37722,0
37727,0
37730,0
37749,0
37754,0
37761,0
37763,0
37770,0
37776,0
37787,0
37791,0
37791,0
37798,0
37811,0
37841,0
37872,0
37887,0
37890,0
37905,0
37906,0
37914,0
37922,0
37951,0
37960,0
37977,0
37982,0
37985,0
38028,0
38029,0
38041,0
38042,0
38059,0
38064,0
38064,0
38065,0
38072,0
38083,0
38096,0
38109,0
38116,0
38134,0
38137,0
38147,0
38151,0
38186,0
38199,0
38207,0
38210,0
38218,0
38219,0
38237,0
38255,0
38261,0
38270,0
38276,0
38281,0
38321,0
38330,0
38332,0
38335,0
38341,0
38345,0
38350,0
38355,0
38360,0
38372,0
38385,0
38387,0
38388,0
38391,0
38394,0
38396,0
38406,0
38415,0
38430,0
38445,0
38448,0
38454,0
38455,0
38474,0
38485,0
38497,0
38522,0
38538,0
38555,0
38557,0
38561,0
38562,0
38572,0
38573,0
38581,0
38625,0
38634,0
38650,0
38662,0
38666,0
38675,0
38685,0
38688,0
38706,0
38706,0
38708,0
38709,0
38717,0
38720,0
38744,0
38755,0
38761,0
38771,0
38784,0
38784,0
38798,0
38803,0
38813,0
38822,0
38845,0
38851,0
38880,0
38904,0
38925,0
38930,0
38943,0
38945,0
38951,0
38982,0
38984,0
38991,0
38996,0
39015,0
39027,0
39033,0
39040,0
39041,0
39042,0
39077,0
39085,0
39100,0
39109,0
39118,0
39119,0
39122,0
39127,0
39136,0
39143,0
39149,0
39158,0
39160,0
39174,0
39192,0
39200,0
39204,0
39206,0
39212,0
39213,0
39218,0
39250,0
39257,0
39285,0
39287,0
39301,0
39302,0
39308,0
39335,0
39335,0
39357,0
39373,0
39409,0
39419,0
39423,0
39424,0
39435,0
39442,0
39447,0
39449,0
39472,0
39473,0
39477,0
39484,0
39488,0
39496,0
39513,0
39518,0
39536,0
39537,0
39540,0
39551,0
39554,0
39556,0
39558,0
39584,0
39586,0
39590,0
39591,0
39599,0
39611,0
39613,0
39627,0
39634,0
39656,0
39659,0
39669,0
39676,0
39686,0
39701,0
39733,0
39733,0
39755,0
39758,0
39768,0
39796,0
39800,0
39801,0
39828,0
39829,0
39841,0
39842,0
39842,0
39861,0
39882,0
39889,0
39907,0
39915,0
39928,0
39931,0
39953,0
39967,0
39967,0
39974,0
40016,0
40016,0
40037,0
40041,0
40051,0
40056,0
40062,0
40062,0
40100,0
40102,0
40107,0
40108,0
40110,0
40121,0
40124,0
40125,0
40149,0
40153,0
40156,0
40160,0
40160,0
40162,0
40165,0
40165,0
40212,0
40213,0
40222,0
40225,0
40228,0
40242,0
40245,0
40245,0
40260,0
40269,0
40286,0
40287,0
40294,0
40304,0
40324,0
40327,0
40338,0
40368,0
40371,0
40375,0
40378,0
40382,0
40384,0
40409,0
40418,0
40431,0
40437,0
40441,0
40443,0
40458,0
40470,0
40473,0
40485,0
40507,0
40507,0
40530,0
40536,0
40537,0
40559,0
40565,0
40571,0
40578,0
40579,0
40591,0
40592,0
40601,0
40605,0
40621,0
40649,0
40669,0
40671,0
40683,0
40706,0
40707,0
40722,0
40726,0
40751,0
40756,0
40771,0
40772,0
40794,0
40801,0
40802,0
40810,0
40811,0
40833,0
40835,0
40836,0
40843,0
40847,0
40869,0
40873,0
40875,0
40884,0
40887,0
40890,0
40907,0
40907,0
40913,0
40919,0
40931,0
40942,0
40969,0
40979,0
40987,0
40997,0
41005,0
41012,0
41029,0
41042,0
41047,0
41066,0
41095,0
41103,0
41116,0
41125,0
41168,0
41173,0
41174,0
41187,0
41205,0
41207,0
41220,0
41229,0
41242,0
41245,0
41253,0
41254,0
41264,0
41267,0
41268,0
41281,0
41286,0
41291,0
41292,0
41294,0
41315,0
41315,0
41320,0
41336,0
41338,0
41368,0
41385,0
41387,0
41441,0
41444,0
41469,0
41476,0
41479,0
41483,0
41488,0
41496,0
41501,0
41503,0
41517,0
41538,0
41559,0
41564,0
41566,0
41568,0
41570,0
41576,0
41576,0
41591,0
41639,0
41648,0
41653,0
41675,0
41684,0
41695,0
41706,0
41725,0
41742,0
41754,0
41755,0
41757,0
41791,0
41805,0
41811,0
41811,0
41827,0
41838,0
41867,0
41870,0
41872,0
41873,0
41876,0
41876,0
41890,0
41893,0
41895,0
41903,0
41919,0
41933,0
41937,0
41952,0
41958,0
41961,0
41967,0
41978,0
42006,0
42011,0
42013,0
42030,0
42044,0
42058,0
42069,0
42082,0
42085,0
42106,0
42111,0
42112,0
42149,0
42156,0
42163,0
42178,0
42190,0
42194,0
42205,0
42224,0
42240,0
42245,0
42251,0
42253,0
42254,0
42258,0
42261,0
42305,0
42315,0
42323,0
42334,0
42358,0
42363,0
42372,0
42374,0
42392,0
42415,0
42432,0
42434,0
42445,0
42458,0
42473,0
42479,0
42486,0
42488,0
42489,0
42493,0
42499,0
42513,0
42516,0
42523,0
42530,0
42534,0
42537,0
42543,0
42552,0
42560,0
42561,0
42563,0
42564,0
42585,0
42593,0
42596,0
42600,0
42603,0
42604,0
42629,0
42645,0
42656,0
42669,0
42670,0
42672,0
42684,0
42697,0
42702,0
42730,0
42731,0
42735,0
42743,0
42746,0
42747,0
42759,0
42771,0
42788,0
42803,0
42806,0
42811,0
42818,0
42823,0
42848,0
42849,0
42883,0
42889,0
42893,0
42906,0
42906,0
42913,0
42917,0
42917,0
42925,0
42932,0
42938,0
42941,0
42941,0
42950,0
42971,0
42980,0
42987,0
43002,0
43009,0
43021,0
43034,0
43067,0
43077,0
43084,0
43085,0
43090,0
43093,0
43100,0
43102,0
43112,0
43114,0
43150,0
43175,0
43216,0
43224,0
43227,0
43232,0
43233,0
43234,0
43237,0
43243,0
43281,0
43288,0
43319,0
43324,0
43337,0
43339,0
43350,0
43359,0
43387,0
43404,0
43415,0
43421,0
43421,0
43426,0
43441,0
43445,0
43449,0
43458,0
43460,0
43487,0
43497,0
43498,0
43511,0
43512,0
43523,0
43529,0
43533,0
43535,0
43546,0
43565,0
43567,0
43586,0
43597,0
43600,0
43603,0
43620,0
43620,0
43625,0
43639,0
43651,0
43669,0
43672,0
43678,0
43685,0
43710,0
43713,0
43713,0
43716,0
43733,0
43796,0
43805,0
43827,0
43860,0
43863,0
43864,0
43868,0
43872,0
43882,0
43897,0
43918,0
43921,0
43953,0
43967,0
43973,0
43976,0
43995,0
43998,0
43999,0
44011,0
44014,0
44016,0
44020,0
44025,0
44047,0
44058,0
44061,0
44062,0
44066,0
44067,0
44067,0
44092,0
44105,0
44106,0
44107,0
44117,0
44137,0
44144,0
44147,0
44148,0
44151,0
44157,0
44159,0
44184,0
44192,0
44200,0
44204,0
44205,0
44207,0
44209,0
44229,0
44240,0
44241,0
44272,0
44290,0
44302,0
44308,0
44311,0
44316,0
44320,0
44327,0
44330,0
44341,0
44344,0
44354,0
44361,0
44371,0
44385,0
44390,0
44403,0
44413,0
44417,0
44420,0
44429,0
44441,0
44472,0
44485,0
44528,0
44541,0
44544,0
44556,0
44582,0
44619,0
44624,0
44627,0
44628,0
44649,0
44652,0
44655,0
44665,0
44665,0
44666,0
44675,0
44692,0
44708,0
44710,0
44716,0
44716,0
44726,0
44728,0
44754,0
44788,0
44789,0
44813,0
44814,0
44815,0
44823,0
44832,0
44834,0
44836,0
44849,0
44856,0
44866,0
44912,0
44918,0
44923,0
44937,0
44956,0
44960,0
44967,0
44967,0
44979,0
44979,0
44989,0
44991,0
44994,0
45017,0
45021,0
45029,0
45036,0
45042,0
45045,0
45056,0
45058,0
45060,0
45062,0
45066,0
45071,0
45075,0
45103,0
45104,0
45123,0
45141,0
45144,0
45154,0
45168,0
45184,0
45188,0
45200,0
45203,0
45221,0
45234,0
45241,0
45242,0
45303,0
45305,0
45326,0
45328,0
45347,0
45365,0
45374,0
45395,0
45404,0
45408,0
45411,0
45420,0
45435,0
45456,0
45459,0
45533,0
45542,0
45550,0
45571,0
45571,0
45579,0
45580,0
45583,0
45586,0
45605,0
45605,0
45608,0
45611,0
45614,0
45620,0
45625,0
45630,0
45642,0
45647,0
45650,0
45653,0
45666,0
45676,0
45682,0
45686,0
45748,0
45758,0
45768,0
45771,0
45787,0
45789,0
45792,0
45808,0
45811,0
45827,0
45831,0
45839,0
45840,0
45854,0
45864,0
45882,0
45883,0
45887,0
45894,0
45894,0
45926,0
45935,0
45944,0
45948,0
45956,0
45968,0
45970,0
45976,0
45991,0
46000,0
46010,0
46022,0
46056,0
46075,0
46076,0
46102,0
46105,0
46113,0
46133,0
46143,0
46160,0
46185,0
46186,0
46203,0
46213,0
46237,0
46240,0
46249,0
46256,0
46286,0
46289,0
46291,0
46295,0
46300,0
46303,0
46309,0
46313,0
46315,0
46319,0
46375,0
46389,0
46398,0
46420,0
46442,0
46446,0
46476,0
46487,0
46506,0
46531,0
46543,0
46566,0
46568,0
46580,0
46582,0
46593,0
46623,0
46635,0
46636,0
46640,0
46653,0
46664,0
46667,0
46675,0
46675,0
46678,0
46679,0
46682,0
46691,0
46711,0
46715,0
46719,0
46726,0
46729,0
46740,0
46745,0
46748,0
46751,0
46761,0
46790,0
46797,0
46810,0
46818,0
46821,0
46842,0
46843,0
46848,0
46858,0
46864,0
46870,0
46873,0
46879,0
46888,0
46898,0
46900,0
46912,0
46944,0
46962,0
46984,0
46988,0
47002,0
47012,0
47022,0
47032,0
47037,0
47037,0
47043,0
47058,0
47066,0
47077,0
47079,0
47079,0
47082,0
47085,0
47106,0
47131,0
47131,0
47134,0
47160,0
47161,0
47167,0
47177,0
47204,0
47210,0
47248,0
47252,0
47253,0
47255,0
47263,0
47271,0
47285,0
47299,0
47301,0
47303,0
47310,0
47336,0
47353,0
47362,0
47373,0
47384,0
47386,0
47399,0
47425,0
47444,0
47445,0
47456,0
47469,0
47472,0
47472,0
47481,0
47497,0
47516,0
47521,0
47524,0
47529,0
47530,0
47558,0
47562,0
47588,0
47591,0
47599,0
47609,0
47621,0
47627,0
47631,0
47635,0
47665,0
47668,0
47670,0
47683,0
47686,0
47687,0
47695,0
47705,0
47715,0
47730,0
47746,0
47748,0
47753,0
47760,0
47769,0
47773,0
47775,0
47778,0
47810,0
47829,0
47830,0
47849,0
47870,0
47875,0
47875,0
47885,0
47886,0
47887,0
47897,0
47928,0
47939,0
47941,0
47941,0
47944,0
47946,0
47950,0
47953,0
47960,0
47964,0
47978,0
48013,0
48020,0
48025,0
48027,0
48030,0
48037,0
48087,0
48090,0
48092,0
48150,0
48156,0
48164,0
48167,0
48170,0
48177,0
48179,0
48199,0
48201,0
48218,0
48234,0
48240,0
48247,0
48253,0
48256,0
48309,0
48326,0
48342,0
48346,0
48348,0
48358,0
48361,0
48363,0
48385,0
48400,0
48433,0
48434,0
48460,0
48464,0
48465,0
48470,0
48470,0
48526,0
48532,0
48538,0
48551,0
48560,0
48567,0
48572,0
48579,0
48584,0
48589,0
48592,0
48592,0
48593,0
48601,0
48602,0
48627,0
48627,0
48628,0
48634,0
48662,0
48669,0
48694,0
48697,0
48699,0
48706,0
48722,0
48728,0
48736,0
48745,0
48747,0
48747,0
48756,0
48771,0
48781,0
48784,0
48793,0
48804,0
48838,0
48839,0
48849,0
48853,0
48868,0
48872,0
48879,0
48883,0
48904,0
48908,0
48910,0
48911,0
48916,0
48924,0
48925,0
48944,0
48948,0
48962,0
48970,0
48979,0
48980,0
48982,0
48992,0
49005,0
49008,0
49009,0
49018,0
49019,0
49024,0
49025,0
49034,0
49035,0
49045,0
49048,0
49064,0
49082,0
49089,0
49094,0
49111,0
49135,0
49137,0
49141,0
49145,0
49146,0
49156,0
49163,0
49166,0
49167,0
49176,0
49187,0
49204,0
49207,0
49210,0
49215,0
49230,0
49236,0
49239,0
49248,0
49266,0
49276,0
49279,0
49291,0
49298,0
49307,0
49317,0
49318,0
49318,0
49318,0
49333,0
49344,0
49345,0
49349,0
49350,0
49351,0
49359,0
49360,0
49361,0
49374,0
49385,0
49389,0
49407,0
49417,0
49424,0
49437,0
49459,0
49470,0
49480,0
49509,0
49515,0
49534,0
49537,0
49569,0
49575,0
49593,0
49603,0
49621,0
49633,0
49635,0
49648,0
49649,0
49673,0
49679,0
49680,0
49697,0
49747,0
49747,0
49754,0
49758,0
49763,0
