2,0
11,0
28,0
47,0
53,0
81,0
101,0
120,0
121,0
131,0
168,0
183,0
247,0
261,0
308,0
317,0
323,0
517,0
666,0
685,0
726,0
742,0
827,0
839,0
881,0
886,0
903,0
921,0
945,0
963,0
989,0
1066,0
1103,0
1174,0
1180,0
1206,0
1209,0
1237,0
1240,0
1278,0
1284,0
1341,0
1432,0
1523,0
1559,0
1582,0
1689,0
1732,0
1733,0
1745,0
1946,0
2003,0
2154,0
2383,0
2450,0
2474,0
2554,0
2556,0
2690,0
2701,0
2743,0
2807,0
2830,0
2869,0
3004,0
3106,0
3129,0
3221,0
3225,0
3341,0
3347,0
3395,0
3497,0
3521,0
3647,0
3790,0
3832,0
3847,0
3854,0
3870,0
3886,0
3887,0
3964,0
4370,0
4394,0
4428,0
4464,0
4507,0
4523,0
4528,0
4604,0
4748,0
4753,0
4757,0
4778,0
4824,0
4932,0
4953,0
5045,0
5075,0
5153,0
5165,0
5218,0
5260,0
5283,0
5469,0
5529,0
5557,0
5562,0
5595,0
5711,0
5729,0
5745,0
5772,0
5884,0
6067,0
6167,0
6173,0
6184,0
6202,0
6233,0
6367,0
6439,0
6496,0
6555,0
6584,0
6841,0
6855,0
6880,0
6922,0
6969,0
7116,0
7150,0
7208,0
7289,0
7368,0
7433,0
7481,0
7579,0
7620,0
7685,0
7688,0
8010,0
8042,0
8204,0
8271,0
8273,0
8360,0
8381,0
8383,0
8403,0
8521,0
8598,0
8668,0
8695,0
8702,0
8729,0
8751,0
8817,0
8992,0
9068,0
9090,0
9129,0
9158,0
9173,0
9219,0
9263,0
9309,0
9388,0
9443,0
9456,0
9480,0
9490,0
9560,0
9613,0
9655,0
9752,0
9752,0
9829,0
10007,0
10127,0
10188,0
10235,0
10277,0
10308,0
10448,0
10465,0
10477,0
10479,0
10567,0
10591,0
10602,0
10694,0
10715,0
10752,0
10810,0
10817,0
10818,0
10870,0
10974,0
11064,0
11094,0
11296,0
11344,0
11355,0
11388,0
11432,0
11435,0
11535,0
11546,0
11583,0
11584,0
11593,0
11678,0
11713,0
11742,0
11817,0
11864,0
11871,0
11941,0
11990,0
12123,0
12125,0
12153,0
12169,0
12178,0
12327,0
12405,0
12439,0
12456,0
12477,0
12621,0
12649,0
12843,0
12866,0
12872,0
12888,0
13060,0
13099,0
13253,0
13263,0
13306,0
13324,0
13425,0
13665,0
13689,0
13769,0
13810,0
13900,0
13912,0
13938,0
13956,0
13987,0
14012,0
14075,0
14134,0
14191,0
14229,0
14262,0
14291,0
14332,0
14396,0
14466,0
14515,0
14618,0
14718,0
14724,0
14742,0
14768,0
14789,0
14954,0
15112,0
15142,0
15249,0
15267,0
15283,0
15307,0
15325,0
15362,0
15376,0
15377,0
15534,0
15541,0
15542,0
15561,0
15605,0
15623,0
15665,0
15678,0
15751,0
15912,0
15973,0
15991,0
16020,0
16061,0
16100,0
16237,0
16275,0
16474,0
16482,0
16496,0
16531,0
16590,0
16617,0
16637,0
16700,0
16874,0
16953,0
17065,0
17180,0
17186,0
17210,0
17250,0
17314,0
17512,0
17550,0
17708,0
17824,0
17832,0
17909,0
17915,0
17929,0
17954,0
17998,0
18018,0
18075,0
18126,0
18161,0
18169,0
18174,0
18205,0
18369,0
18433,0
18438,0
18444,0
18516,0
18526,0
18602,0
18672,0
18678,0
18701,0
18741,0
18784,0
18846,0
19009,0
19011,0
19020,0
19029,0
19125,0
19234,0
19247,0
19340,0
19344,0
19349,0
19369,0
19398,0
19400,0
19502,0
19547,0
19575,0
19616,0
19621,0
19656,0
19689,0
19739,0
19849,0
19873,0
19889,0
19898,0
19943,0
19950,0
20017,0
20034,0
20216,0
20336,0
20336,0
20368,0
20398,0
20527,0
20538,0
20581,0
20605,0
20674,0
20682,0
20781,0
20963,0
21014,0
21127,0
21153,0
21177,0
21203,0
21238,0
21245,0
21262,0
21359,0
21424,0
21583,0
21652,0
21675,0
21717,0
21768,0
21850,0
21896,0
21936,0
21990,0
22010,0
22042,0
22079,0
22134,0
22170,0
22195,0
22205,0
22329,0
22345,0
22347,0
22426,0
22500,0
22581,0
22608,0
22620,0
22666,0
22750,0
22754,0
22886,0
23106,0
23208,0
23225,0
23244,0
23268,0
23272,0
23292,0
23376,0
23409,0
23424,0
23449,0
23484,0
23522,0
23555,0
23651,0
23934,0
24046,0
24123,0
24123,0
24179,0
24196,0
24239,0
24249,0
24369,0
24640,0
24707,0
24708,0
24811,0
24812,0
24969,0
24982,0
24990,0
25058,0
25201,0
25254,0
25264,0
25321,0
25411,0
25512,0
25525,0
25534,0
25677,0
25793,0
25796,0
25913,0
25987,0
25989,0
26089,0
26136,0
26192,0
26192,0
26199,0
26200,0
26375,0
26400,0
26806,0
26881,0
26905,0
26944,0
26958,0
26992,0
27007,0
27016,0
27095,0
27174,0
27174,0
27210,0
27303,0
27310,0
27376,0
27422,0
27464,0
27623,0
27641,0
27692,0
27710,0
27715,0
27725,0
27785,0
27894,0
28028,0
28047,0
28147,0
28170,0
28301,0
28302,0
28380,0
28387,0
28457,0
28708,0
28754,0
28907,0
28973,0
29057,0
29093,0
29121,0
29152,0
29193,0
29260,0
29319,0
29354,0
29421,0
29456,0
29643,0
29659,0
29730,0
29800,0
29895,0
29942,0
29951,0
30092,0
30100,0
30107,0
30115,0
30220,0
30278,0
30329,0
30350,0
30465,0
30469,0
30505,0
30676,0
30705,0
30770,0
30772,0
30799,0
30804,0
30812,0
30890,0
30902,0
30997,0
31004,0
31047,0
31104,0
31156,0
31579,0
31724,0
31740,0
31884,0
31887,0
31950,0
32080,0
32142,0
32159,0
32159,0
32274,0
32337,0
32348,0
32417,0
32500,0
32570,0
32636,0
32646,0
32721,0
32752,0
32781,0
32955,0
32955,0
32972,0
32983,0
32997,0
33070,0
33085,0
33130,0
33337,0
33437,0
33461,0
33476,0
33619,0
33695,0
33698,0
33768,0
33771,0
33775,0
33840,0
33862,0
34018,0
34090,0
34169,0
34176,0
34244,0
34245,0
34270,0
34330,0
34426,0
34464,0
34472,0
34497,0
34539,0
34585,0
34594,0
34612,0
34624,0
34797,0
34846,0
34857,0
34905,0
34959,0
35077,0
35109,0
35124,0
35148,0
35276,0
35292,0
35296,0
35310,0
35333,0
35464,0
35465,0
35486,0
35509,0
35568,0
35689,0
35701,0
35708,0
35715,0
35770,0
35833,0
35856,0
35925,0
35933,0
35973,0
35992,0
36010,0
36021,0
36089,0
36117,0
36141,0
36190,0
36209,0
36332,0
36333,0
36350,0
36393,0
36400,0
36403,0
36416,0
36513,0
36530,0
36721,0
36761,0
36766,0
36806,0
37070,0
37074,0
37096,0
37168,0
37168,0
37203,0
37205,0
37249,0
37344,0
37368,0
37406,0
37428,0
37520,0
37523,0
37531,0
37597,0
37652,0
37677,0
37817,0
38004,0
38021,0
38077,0
38088,0
38257,0
38261,0
38391,0
38415,0
38470,0
38599,0
38663,0
38723,0
38744,0
38776,0
38789,0
38798,0
38841,0
38849,0
38947,0
38999,0
39044,0
39071,0
39077,0
39240,0
39259,0
39260,0
39292,0
39428,0
39504,0
39565,0
39611,0
39689,0
39868,0
39898,0
39925,0
39974,0
40035,0
40079,0
40110,0
40136,0
40230,0
40386,0
40395,0
40421,0
40509,0
40528,0
40608,0
40688,0
40698,0
40749,0
40779,0
40790,0
40801,0
40819,0
40845,0
40927,0
41042,0
41072,0
41085,0
41124,0
41193,0
41265,0
41281,0
41283,0
41316,0
41418,0
41490,0
41507,0
41555,0
41578,0
41590,0
41661,0
41682,0
41761,0
41766,0
41777,0
41870,0
41972,0
42027,0
42077,0
42136,0
42172,0
42235,0
42261,0
42284,0
42430,0
42536,0
42598,0
42635,0
42745,0
42788,0
42928,0
43057,0
43159,0
43162,0
43196,0
43215,0
43252,0
43294,0
43333,0
43405,0
43480,0
43497,0
43513,0
43514,0
43516,0
43603,0
43630,0
43651,0
43679,0
43746,0
43839,0
43910,0
44037,0
44045,0
44106,0
44142,0
44186,0
44196,0
44223,0
44256,0
44290,0
44291,0
44300,0
44365,0
44431,0
44519,0
44522,0
44594,0
44669,0
44671,0
44700,0
44766,0
44775,0
44826,0
44869,0
44883,0
44890,0
44919,0
44929,0
44938,0
45054,0
45101,0
45179,0
45184,0
45214,0
45246,0
45249,0
45322,0
45557,0
45643,0
45776,0
45875,0
45907,0
45968,0
45981,0
46007,0
46021,0
46090,0
46169,0
46256,0
46363,0
46408,0
46412,0
46437,0
46480,0
46510,0
46527,0
46538,0
46774,0
46871,0
46909,0
46967,0
46980,0
47038,0
47038,0
47056,0
47059,0
47117,0
47123,0
47219,0
47231,0
47246,0
47316,0
47360,0
47429,0
47592,0
47622,0
47674,0
47683,0
47721,0
47770,0
47911,0
47992,0
47993,0
48024,0
48099,0
48123,0
48185,0
48259,0
48377,0
48388,0
48388,0
48431,0
48513,0
48722,0
48772,0
48828,0
48851,0
48863,0
48930,0
48936,0
49215,0
49239,0
49357,0
49358,0
49361,0
49508,0
49556,0
49647,0
49733,0
49898,0
50040,0
50041,0
50114,0
50119,0
50129,0
50203,0
50260,0
50295,0
50318,0
50432,0
50475,0
50542,0
50687,0
50697,0
50740,0
50883,0
50947,0
51009,0
51071,0
51074,0
51093,0
51154,0
51181,0
51292,0
51440,0
51747,0
51781,0
52052,0
52233,0
52241,0
52245,0
52257,0
52365,0
52476,0
52480,0
52485,0
52500,0
52505,0
52530,0
52670,0
52769,0
52861,0
52911,0
52923,0
52980,0
53005,0
53040,0
53046,0
53059,0
53069,0
53085,0
53086,0
53106,0
53148,0
53209,0
53287,0
53311,0
53398,0
53429,0
53458,0
53536,0
53632,0
53657,0
53726,0
53749,0
53751,0
53764,0
53850,0
53859,0
53888,0
53931,0
54052,0
54136,0
54185,0
54204,0
54260,0
54277,0
54281,0
54464,0
54472,0
54540,0
54624,0
54683,0
54710,0
54745,0
54782,0
54791,0
54901,0
54930,0
54982,0
54984,0
54998,0
55017,0
55077,0
55082,0
55169,0
55207,0
55232,0
55365,0
55384,0
55621,0
55626,0
55648,0
55783,0
55789,0
55806,0
56236,0
56278,0
56301,0
56310,0
56382,0
56491,0
56552,0
56584,0
56764,0
56772,0
56801,0
56824,0
56861,0
56952,0
56983,0
56992,0
57025,0
57035,0
57078,0
57094,0
57104,0
57106,0
57207,0
57234,0
57246,0
57276,0
57309,0
57478,0
57533,0
57549,0
57568,0
57601,0
57762,0
57765,0
57795,0
57839,0
57839,0
57949,0
58027,0
58124,0
58130,0
58185,0
58243,0
58312,0
58376,0
58434,0
58473,0
58492,0
58531,0
58679,0
58765,0
58820,0
58851,0
58896,0
58964,0
58974,0
58999,0
59028,0
59127,0
59164,0
59173,0
59197,0
59328,0
59328,0
59328,0
59343,0
59445,0
59482,0
59495,0
59575,0
59619,0
59694,0
59696,0
59714,0
59741,0
59763,0
59789,0
59813,0
59829,0
59870,0
59876,0
59900,0
59910,0
60009,0
60150,0
60227,0
60249,0
60254,0
60276,0
60399,0
60406,0
60486,0
60593,0
60618,0
60751,0
60819,0
60826,0
60846,0
60875,0
60922,0
61097,0
61158,0
61223,0
61458,0
61493,0
61501,0
61576,0
61589,0
61627,0
61644,0
61979,0
61998,0
62073,0
62096,0
62112,0
62154,0
62172,0
62188,0
62225,0
62252,0
62348,0
62413,0
62447,0
62496,0
62557,0
62812,0
62813,0
62886,0
62917,0
63068,0
63077,0
63080,0
63093,0
63158,0
63176,0
63289,0
63406,0
63422,0
63466,0
63556,0
63595,0
63689,0
63693,0
63715,0
63716,0
63739,0
63791,0
63821,0
63847,0
63864,0
63916,0
64112,0
64120,0
64178,0
64183,0
64202,0
64330,0
64432,0
64583,0
64590,0
64596,0
64613,0
64699,0
64895,0
64951,0
64961,0
64995,0
65100,0
65109,0
65146,0
65209,0
65219,0
65304,0
65361,0
65386,0
65400,0
65467,0
65609,0
65757,0
65774,0
65801,0
65811,0
65846,0
65870,0
65912,0
65949,0
65955,0
66046,0
66105,0
66112,0
66300,0
66338,0
66341,0
66470,0
66480,0
66486,0
66547,0
66551,0
66758,0
66761,0
66834,0
67044,0
67086,0
67102,0
67108,0
67146,0
67284,0
67323,0
67357,0
67407,0
67495,0
67504,0
67525,0
67530,0
67551,0
67575,0
67612,0
67641,0
67656,0
67657,0
67714,0
67778,0
67785,0
67833,0
67870,0
67892,0
67916,0
67944,0
67944,0
68016,0
68022,0
68071,0
68144,0
68154,0
68160,0
68196,0
68264,0
68333,0
68335,0
68418,0
68490,0
68498,0
68651,0
68661,0
68691,0
68824,0
69058,0
69095,0
69116,0
69249,0
69296,0
69374,0
69408,0
69414,0
69470,0
69473,0
69540,0
69556,0
69587,0
69603,0
69666,0
69678,0
69918,0
69950,0
69987,0
69989,0
69991,0
70052,0
70218,0
70233,0
70259,0
70268,0
70278,0
70341,0
70369,0
70397,0
70444,0
70469,0
70632,0
70639,0
70652,0
70765,0
70784,0
70827,0
70849,0
71022,0
71072,0
71109,0
71202,0
71232,0
71329,0
71354,0
71459,0
71539,0
71650,0
71670,0
71672,0
71685,0
71727,0
71764,0
71881,0
71895,0
71930,0
71941,0
71951,0
72019,0
72097,0
72146,0
72340,0
72376,0
72396,0
72469,0
72474,0
72546,0
72555,0
72629,0
72665,0
72834,0
72838,0
72843,0
72870,0
72895,0
72972,0
72973,0
72973,0
73093,0
73197,0
73208,0
73243,0
73296,0
73301,0
73413,0
73462,0
73554,0
73644,0
73716,0
73874,0
73903,0
74028,0
74029,0
74108,0
74314,0
74432,0
74522,0
74588,0
74619,0
74637,0
74767,0
74913,0
74969,0
74994,0
75007,0
75223,0
75306,0
75420,0
75535,0
75539,0
75643,0
75665,0
75700,0
75858,0
75921,0
75921,0
75957,0
75996,0
76019,0
76067,0
76173,0
76311,0
76312,0
76335,0
76362,0
76379,0
76405,0
76407,0
76436,0
76437,0
76442,0
76458,0
76459,0
76622,0
76667,0
76689,0
76719,0
76742,0
76801,0
76835,0
76903,0
76939,0
77141,0
77166,0
77288,0
77366,0
77408,0
77504,0
77537,0
77574,0
77677,0
77933,0
78053,0
78143,0
78238,0
78286,0
78323,0
78428,0
78456,0
78503,0
78527,0
78587,0
78666,0
78672,0
78845,0
78913,0
79011,0
79042,0
79200,0
79249,0
79292,0
79320,0
79331,0
79392,0
79509,0
79569,0
79645,0
79724,0
79748,0
79808,0
79904,0
79924,0
80145,0
80151,0
80228,0
80274,0
80289,0
80339,0
80349,0
80377,0
80465,0
80533,0
80540,0
80541,0
80599,0
80634,0
80747,0
80760,0
80801,0
80897,0
80926,0
80963,0
81079,0
81181,0
81208,0
81219,0
81253,0
81272,0
81320,0
81427,0
81500,0
81510,0
81523,0
81541,0
81560,0
81573,0
81623,0
81628,0
81914,0
82009,0
82048,0
82058,0
82059,0
82093,0
82134,0
82135,0
82149,0
82190,0
82219,0
82221,0
82227,0
82357,0
82375,0
82377,0
82380,0
82626,0
82631,0
82873,0
82899,0
82956,0
83014,0
83077,0
83176,0
83183,0
83193,0
83213,0
83228,0
83414,0
83528,0
83535,0
83540,0
83664,0
83697,0
83740,0
83757,0
83813,0
83897,0
83912,0
83940,0
83995,0
83999,0
84023,0
84122,0
84145,0
84148,0
84174,0
84235,0
84262,0
84316,0
84359,0
84415,0
84462,0
84506,0
84614,0
84634,0
84653,0
84655,0
84760,0
84761,0
84838,0
84858,0
84892,0
84897,0
84905,0
84996,0
85099,0
85150,0
85286,0
85346,0
85356,0
85361,0
85374,0
85471,0
85526,0
85664,0
85762,0
85769,0
86025,0
86057,0
86059,0
86250,0
86274,0
86274,0
86295,0
86375,0
86530,0
86581,0
86606,0
86683,0
86713,0
86816,0
86824,0
86830,0
86841,0
86926,0
86943,0
86999,0
87121,0
87242,0
87265,0
87318,0
87331,0
87378,0
87387,0
87480,0
87511,0
87534,0
87545,0
87589,0
87655,0
87675,0
87758,0
87904,0
87932,0
87937,0
87988,0
88012,0
88058,0
88121,0
88173,0
88177,0
88218,0
88227,0
88229,0
88277,0
88294,0
88360,0
88497,0
88498,0
88514,0
88579,0
88592,0
88664,0
88665,0
88819,0
88833,0
89142,0
89148,0
89152,0
89216,0
89267,0
89376,0
89430,0
89517,0
89522,0
89578,0
89766,0
89839,0
89869,0
89908,0
90107,0
90140,0
90231,0
90248,0
90392,0
90394,0
90409,0
90593,0
90858,0
90918,0
90938,0
90944,0
90949,0
91016,0
91071,0
91078,0
91096,0
91112,0
91228,0
91301,0
91335,0
91339,0
91446,0
91483,0
91676,0
91739,0
91821,0
91868,0
91921,0
91984,0
91984,0
92039,0
92042,0
92095,0
92149,0
92173,0
92239,0
92314,0
92331,0
92372,0
92477,0
92595,0
92731,0
92831,0
92858,0
92858,0
92863,0
93002,0
93017,0
93029,0
93040,0
93278,0
93280,0
93304,0
93334,0
93362,0
93408,0
93489,0
93502,0
93521,0
93550,0
93553,0
93645,0
93768,0
93798,0
93810,0
93829,0
93914,0
93933,0
93960,0
94018,0
94127,0
94133,0
94135,0
94244,0
94254,0
94311,0
94337,0
94340,0
94480,0
94495,0
94542,0
94546,0
94548,0
94561,0
94626,0
94683,0
94687,0
94739,0
94759,0
94823,0
94829,0
94894,0
94923,0
94925,0
94926,0
95077,0
95079,0
95177,0
95204,0
95244,0
95298,0
95381,0
95458,0
95578,0
95596,0
95784,0
95821,0
95830,0
95843,0
95920,0
95973,0
95997,0
96001,0
96085,0
96190,0
96225,0
96493,0
96577,0
96584,0
96702,0
96869,0
96946,0
97022,0
97089,0
97099,0
97103,0
97123,0
97184,0
97198,0
97215,0
97258,0
97284,0
97330,0
97379,0
97404,0
97542,0
97544,0
97548,0
97557,0
97668,0
97721,0
97755,0
97759,0
97776,0
97886,0
97895,0
97916,0
97933,0
97966,0
97973,0
97993,0
97995,0
98054,0
98059,0
98190,0
98207,0
98263,0
98419,0
98423,0
98474,0
98512,0
98632,0
98677,0
98695,0
98743,0
98776,0
98846,0
98853,0
98891,0
98912,0
98924,0
98974,0
99081,0
99084,0
99085,0
99263,0
99269,0
99322,0
99369,0
99457,0
99559,0
99586,0
99631,0
99662,0
99670,0
99679,0
99690,0
99736,0
99746,0
99782,0
99799,0
99827,0
99930,0
99993,0
100011,0
100015,0
100096,0
100122,0
100127,0
100163,0
100183,0
100255,0
100306,0
100316,0
100361,0
100523,0
100615,0
100619,0
100670,0
100784,0
100840,0
100840,0
100886,0
100945,0
100950,0
101020,0
101035,0
101060,0
101089,0
101193,0
101216,0
101218,0
101223,0
101259,0
101299,0
101337,0
101451,0
101520,0
101524,0
101672,0
101757,0
101761,0
101769,0
101776,0
101866,0
101974,0
101988,0
101996,0
102020,0
102071,0
102082,0
102126,0
102129,0
102130,0
102173,0
102552,0
102572,0
102626,0
102641,0
102643,0
102656,0
102663,0
102701,0
102734,0
102804,0
102872,0
102880,0
102904,0
102951,0
103007,0
103088,0
103092,0
103152,0
103256,0
103263,0
103288,0
103289,0
103359,0
103402,0
103579,0
103636,0
103713,0
103824,0
103845,0
103967,0
104088,0
104131,0
104193,0
104217,0
104220,0
104237,0
104284,0
104304,0
104336,0
104345,0
104458,0
104532,0
104579,0
104722,0
104733,0
104813,0
104824,0
104874,0
104889,0
104989,0
104999,0
105011,0
105107,0
105140,0
105271,0
105295,0
105300,0
105310,0
105389,0
105457,0
105572,0
105636,0
105759,0
105776,0
105827,0
105828,0
105879,0
105913,0
105945,0
105968,0
105981,0
106011,0
106166,0
106174,0
106270,0
106271,0
106341,0
106417,0
106520,0
106522,0
106555,0
106613,0
106710,0
106744,0
106838,0
106954,0
107043,0
107049,0
107081,0
107233,0
107286,0
107349,0
107400,0
107450,0
107530,0
107542,0
107570,0
107654,0
107746,0
107887,0
107924,0
107952,0
108162,0
108210,0
108212,0
108278,0
108349,0
108357,0
108367,0
108417,0
108422,0
108514,0
108515,0
108521,0
108530,0
108550,0
108601,0
108669,0
108766,0
108869,0
108975,0
109087,0
109345,0
109372,0
109554,0
109585,0
109624,0
109777,0
109786,0
109802,0
109900,0
109903,0
109927,0
109940,0
109951,0
109984,0
110065,0
110189,0
110222,0
110254,0
110296,0
110506,0
110552,0
110629,0
110636,0
110678,0
110709,0
110738,0
110850,0
110876,0
110961,0
111071,0
111128,0
111191,0
111251,0
111271,0
111312,0
111338,0
111344,0
111402,0
111489,0
111757,0
111989,0
112116,0
112150,0
112153,0
112272,0
112326,0
112428,0
112596,0
112665,0
112691,0
112734,0
112776,0
112784,0
112944,0
112985,0
113038,0
113115,0
113153,0
113163,0
113384,0
113486,0
113497,0
113497,0
113541,0
113546,0
113555,0
113560,0
113608,0
113684,0
113686,0
113782,0
113782,0
113788,0
113792,0
113801,0
113865,0
113866,0
114015,0
114027,0
114177,0
114189,0
114226,0
114240,0
114304,0
114351,0
114429,0
114461,0
114532,0
114577,0
114601,0
114781,0
114798,0
114863,0
115031,0
115150,0
115186,0
115188,0
115223,0
115224,0
115326,0
115330,0
115405,0
115496,0
115540,0
115574,0
115593,0
115604,0
115614,0
115640,0
115670,0
115732,0
115829,0
115926,0
115956,0
116029,0
116128,0
116196,0
116231,0
116300,0
116348,0
116421,0
116506,0
116601,0
116878,0
117011,0
117083,0
117170,0
117217,0
117223,0
117243,0
117356,0
117414,0
117434,0
117443,0
117508,0
117525,0
117553,0
117570,0
117672,0
117703,0
117744,0
117888,0
117926,0
117953,0
117960,0
117989,0
118020,0
118026,0
118038,0
118042,0
118131,0
118146,0
118148,0
118201,0
118271,0
118296,0
118329,0
118473,0
118633,0
118683,0
118687,0
118805,0
118826,0
118837,0
118939,0
119077,0
119107,0
119114,0
119235,0
119239,0
119243,0
119284,0
119315,0
119324,0
119352,0
119396,0
119505,0
119669,0
119753,0
119900,0
119983,0
120006,0
120077,0
120095,0
120173,0
120213,0
120289,0
120310,0
120375,0
120380,0
120569,0
120572,0
120573,0
120586,0
120589,0
120594,0
120598,0
120604,0
120615,0
120644,0
120886,0
120890,0
120953,0
121079,0
121088,0
121308,0
121536,0
121548,0
121605,0
121790,0
121797,0
121831,0
121867,0
121895,0
121943,0
122032,0
122058,0
122158,0
122306,0
122336,0
122345,0
122383,0
122465,0
122573,0
122577,0
122687,0
122734,0
122757,0
122861,0
122946,0
123019,0
123029,0
123080,0
123139,0
123228,0
123332,0
123360,0
123575,0
123596,0
123614,0
123617,0
123628,0
123720,0
123784,0
123884,0
123891,0
124023,0
124065,0
124082,0
124091,0
124139,0
124208,0
124248,0
124303,0
124362,0
124403,0
124456,0
124505,0
124564,0
124591,0
124619,0
124630,0
124637,0
124742,0
124859,0
124937,0
124974,0
125041,0
125126,0
125394,0
125424,0
125474,0
125673,0
125757,0
125762,0
125776,0
125813,0
125939,0
126031,0
126070,0
126082,0
126104,0
126115,0
126214,0
126279,0
126381,0
126449,0
126497,0
126523,0
126713,0
126765,0
126852,0
126965,0
127028,0
127083,0
127113,0
127136,0
127202,0
127247,0
127388,0
127417,0
127440,0
127443,0
127592,0
127639,0
127697,0
127768,0
127793,0
127838,0
127846,0
127957,0
127968,0
127980,0
128081,0
128106,0
128260,0
128348,0
128428,0
128435,0
128487,0
128490,0
128574,0
128597,0
128607,0
128689,0
128692,0
128697,0
128698,0
128708,0
128777,0
128861,0
128945,0
128981,0
129038,0
129061,0
129071,0
129087,0
129103,0
129223,0
129244,0
129435,0
129611,0
129653,0
129669,0
129797,0
129922,0
129947,0
129979,0
130036,0
130045,0
130139,0
130147,0
130156,0
130190,0
130441,0
130453,0
130488,0
130504,0
130510,0
130660,0
130686,0
130706,0
130749,0
130753,0
130775,0
130803,0
130883,0
130900,0
130974,0
130996,0
131014,0
131084,0
131158,0
131234,0
131300,0
131413,0
131422,0
131424,0
131488,0
131617,0
131649,0
131653,0
131724,0
131753,0
131835,0
131878,0
131890,0
131972,0
131978,0
132026,0
132056,0
132066,0
132093,0
132132,0
132177,0
132189,0
132253,0
132384,0
132426,0
132512,0
132515,0
132569,0
132581,0
132583,0
132612,0
132655,0
132661,0
132689,0
132726,0
132797,0
132915,0
132933,0
132946,0
133147,0
133224,0
133287,0
133338,0
133357,0
133363,0
133428,0
133489,0
133565,0
133648,0
133671,0
133690,0
133703,0
133709,0
133767,0
133825,0
133836,0
133971,0
134089,0
134114,0
134280,0
134341,0
134358,0
134439,0
134472,0
134525,0
134537,0
134567,0
134577,0
134645,0
134656,0
134718,0
134834,0
134844,0
134891,0
134915,0
134924,0
134950,0
134963,0
135028,0
135055,0
135096,0
135132,0
135211,0
135217,0
135264,0
135410,0
135430,0
135444,0
135514,0
135623,0
135625,0
135726,0
135822,0
135827,0
135864,0
135920,0
136017,0
136115,0
136161,0
136246,0
136290,0
136302,0
136343,0
136381,0
136442,0
136465,0
136489,0
136672,0
136737,0
136750,0
136761,0
136874,0
136920,0
136971,0
137074,0
137114,0
137138,0
137224,0
137368,0
137394,0
137419,0
137432,0
137458,0
137469,0
137532,0
137673,0
137683,0
137727,0
137739,0
137765,0
137780,0
137822,0
137855,0
137858,0
138022,0
138353,0
138363,0
138439,0
138526,0
138560,0
138576,0
138590,0
138621,0
138679,0
138809,0
138879,0
138884,0
138885,0
138910,0
138985,0
139114,0
139205,0
139207,0
139241,0
139252,0
139265,0
139297,0
139331,0
139476,0
139543,0
139561,0
139577,0
139598,0
139601,0
139691,0
139738,0
139757,0
139764,0
139770,0
139841,0
139935,0
139936,0
139993,0
140013,0
140046,0
140075,0
140299,0
140321,0
140334,0
140407,0
140510,0
140530,0
140559,0
140637,0
140638,0
140719,0
140772,0
140859,0
140876,0
140964,0
140979,0
140984,0
141000,0
141038,0
141040,0
141064,0
141066,0
141101,0
141124,0
141129,0
141202,0
141315,0
141333,0
141381,0
141381,0
141486,0
141492,0
141509,0
141561,0
141637,0
141650,0
141675,0
141796,0
141859,0
141988,0
142228,0
142232,0
142248,0
142282,0
142338,0
142420,0
142428,0
142706,0
142781,0
142856,0
142889,0
142927,0
142947,0
142947,0
142970,0
142971,0
143049,0
143125,0
143175,0
143184,0
143263,0
143399,0
143455,0
143520,0
143657,0
143784,0
143826,0
143846,0
143941,0
143961,0
144004,0
144135,0
144150,0
144201,0
144217,0
144247,0
144387,0
144434,0
144541,0
144596,0
144649,0
144669,0
144845,0
144905,0
144968,0
144995,0
145083,0
145115,0
145170,0
145335,0
145340,0
145340,0
145346,0
145391,0
145392,0
145435,0
145518,0
145550,0
145553,0
145579,0
145622,0
145647,0
145648,0
145670,0
145686,0
145781,0
145974,0
145995,0
146118,0
146120,0
146144,0
146157,0
146197,0
146225,0
146243,0
146326,0
146350,0
146357,0
146421,0
146429,0
146433,0
146465,0
146530,0
146539,0
146599,0
146636,0
146725,0
146740,0
146746,0
146769,0
146815,0
146979,0
146997,0
147028,0
147067,0
147096,0
147101,0
147131,0
147132,0
147143,0
147159,0
147178,0
147183,0
147288,0
147345,0
147360,0
147396,0
147414,0
147472,0
147480,0
147482,0
147484,0
147496,0
147517,0
147614,0
147642,0
147669,0
147759,0
147809,0
147832,0
147835,0
147895,0
148109,0
148113,0
148139,0
148205,0
148388,0
148392,0
148485,0
148585,0
148686,0
148697,0
148735,0
148878,0
148886,0
148912,0
149006,0
149169,0
149187,0
149211,0
149354,0
149386,0
149461,0
149488,0
149503,0
149567,0
149587,0
149617,0
149674,0
149691,0
149708,0
149762,0
149878,0
149945,0
149985,0
149997,0
150023,0
150057,0
150090,0
150156,0
150236,0
150250,0
150327,0
150342,0
150404,0
150405,0
150447,0
150462,0
150490,0
150616,0
150757,0
150793,0
150924,0
150943,0
150985,0
150986,0
151168,0
151210,0
151239,0
151261,0
151389,0
151443,0
151511,0
151611,0
151640,0
151660,0
151660,0
151663,0
151699,0
151794,0
151829,0
151843,0
151912,0
151927,0
151971,0
152036,0
152067,0
152127,0
152211,0
152266,0
152299,0
152359,0
152365,0
152427,0
152529,0
152536,0
152664,0
152679,0
152697,0
152763,0
152873,0
152968,0
153046,0
153258,0
153260,0
153483,0
153668,0
153668,0
153674,0
153675,0
153682,0
153683,0
153791,0
153792,0
153815,0
153843,0
153875,0
153903,0
153970,0
153972,0
153985,0
154037,0
154061,0
154088,0
154097,0
154193,0
154251,0
154450,0
154620,0
154651,0
154654,0
154708,0
154829,0
154858,0
154875,0
154941,0
155072,0
155103,0
155124,0
155159,0
155196,0
155222,0
155254,0
155260,0
155380,0
155420,0
155457,0
155517,0
155587,0
155591,0
155623,0
155627,0
155629,0
155645,0
155681,0
155754,0
155787,0
155792,0
155885,0
155933,0
155962,0
156056,0
156066,0
156159,0
156191,0
156199,0
156311,0
156368,0
156368,0
156373,0
156392,0
156453,0
156468,0
156493,0
156497,0
156535,0
156549,0
156563,0
156718,0
156737,0
156792,0
156793,0
156843,0
156918,0
156945,0
156974,0
156982,0
157070,0
157073,0
157096,0
157233,0
157233,0
157306,0
157340,0
157488,0
157493,0
157560,0
157564,0
157569,0
157732,0
157763,0
157800,0
157859,0
157861,0
157917,0
157926,0
157939,0
157990,0
158084,0
158101,0
158135,0
158171,0
158192,0
158253,0
158266,0
158325,0
158406,0
158418,0
158466,0
158562,0
158653,0
158716,0
158755,0
158811,0
158902,0
158983,0
159029,0
159051,0
159179,0
159183,0
159227,0
159319,0
159367,0
159422,0
159436,0
159575,0
159616,0
159642,0
159651,0
159714,0
159937,0
159956,0
160064,0
160069,0
160171,0
160278,0
160299,0
160342,0
160397,0
160476,0
160527,0
160629,0
160771,0
160806,0
160938,0
160980,0
161128,0
161156,0
161200,0
161248,0
161292,0
161301,0
161478,0
161605,0
161605,0
161663,0
161712,0
161724,0
161739,0
161740,0
161770,0
161853,0
161946,0
161970,0
162065,0
162067,0
162192,0
162245,0
162287,0
162303,0
162357,0
162492,0
162562,0
162576,0
162632,0
162667,0
162687,0
162701,0
162765,0
162959,0
163100,0
163239,0
163251,0
163258,0
163366,0
163416,0
163604,0
163624,0
163627,0
163644,0
163761,0
163883,0
163934,0
163945,0
164025,0
164082,0
164236,0
164279,0
164293,0
164368,0
164471,0
164503,0
164519,0
164569,0
164665,0
164673,0
164743,0
164750,0
164766,0
164798,0
164800,0
164802,0
164807,0
164818,0
164845,0
164847,0
164872,0
164931,0
164943,0
164960,0
164970,0
164994,0
164998,0
165037,0
165187,0
165289,0
165410,0
165505,0
165686,0
165748,0
165804,0
165818,0
165869,0
165918,0
165929,0
165963,0
165980,0
165982,0
166021,0
166047,0
166127,0
166229,0
166369,0
166376,0
166388,0
166389,0
166582,0
166618,0
166662,0
166683,0
166753,0
166757,0
166777,0
166904,0
166921,0
166943,0
167137,0
167154,0
167165,0
167353,0
167354,0
167376,0
167463,0
167487,0
167536,0
167580,0
167602,0
167626,0
167671,0
167948,0
168141,0
168142,0
168254,0
168258,0
168272,0
168295,0
168323,0
168366,0
168381,0
168461,0
168470,0
168489,0
168522,0
168614,0
168627,0
168649,0
168689,0
168701,0
168749,0
168807,0
168879,0
168880,0
168964,0
168995,0
169179,0
169188,0
169217,0
169233,0
169248,0
169368,0
169451,0
169513,0
169545,0
169579,0
169589,0
169593,0
169669,0
169760,0
169898,0
169984,0
170004,0
170028,0
170094,0
170095,0
170139,0
170149,0
170154,0
170202,0
170294,0
170489,0
170496,0
170520,0
170621,0
170646,0
170654,0
170688,0
170724,0
170794,0
170949,0
170963,0
171180,0
171291,0
171318,0
171319,0
171397,0
171477,0
171621,0
171646,0
171656,0
171666,0
171667,0
171673,0
171695,0
171732,0
171746,0
171809,0
171894,0
171915,0
171989,0
172024,0
172032,0
172045,0
172055,0
172317,0
172412,0
172483,0
172501,0
172550,0
172563,0
172620,0
172700,0
172739,0
172835,0
172950,0
173097,0
173148,0
173207,0
173290,0
173593,0
173601,0
173611,0
173698,0
173839,0
173918,0
173989,0
174027,0
174124,0
174243,0
174297,0
174326,0
174394,0
174428,0
174437,0
174452,0
174479,0
174538,0
174599,0
174653,0
174692,0
174863,0
174924,0
174948,0
174957,0
174960,0
175156,0
175289,0
175298,0
175380,0
175394,0
175407,0
175469,0
175753,0
175945,0
175960,0
175969,0
175987,0
176037,0
176096,0
176118,0
176127,0
176142,0
176215,0
176280,0
176355,0
176390,0
176396,0
176537,0
176545,0
176569,0
176672,0
176755,0
176805,0
177013,0
177145,0
177228,0
177265,0
177426,0
177480,0
177676,0
177741,0
177825,0
177866,0
177891,0
177955,0
177956,0
177964,0
177987,0
178010,0
178012,0
178027,0
178051,0
178054,0
178208,0
178244,0
178248,0
178271,0
178400,0
178402,0
178530,0
178532,0
178552,0
178563,0
178580,0
178595,0
178817,0
178830,0
178840,0
178855,0
178902,0
178902,0
178934,0
178943,0
179055,0
179073,0
179087,0
179222,0
179272,0
179300,0
179318,0
179338,0
179357,0
179422,0
179455,0
179467,0
179542,0
179693,0
179705,0
179758,0
179763,0
179765,0
179767,0
179881,0
179940,0
180025,0
180074,0
180113,0
180126,0
180150,0
180150,0
180188,0
180287,0
180476,0
180476,0
180507,0
180587,0
180643,0
180964,0
180966,0
181003,0
181137,0
181205,0
181319,0
181389,0
181598,0
181607,0
181844,0
182014,0
182021,0
182173,0
182272,0
182302,0
182319,0
182345,0
182382,0
182396,0
182649,0
182731,0
182753,0
182822,0
182896,0
182949,0
183060,0
183195,0
183311,0
183475,0
183615,0
183626,0
183635,0
183676,0
183781,0
183865,0
183917,0
184064,0
184129,0
184182,0
184204,0
184267,0
184294,0
184399,0
184417,0
184444,0
184445,0
184532,0
184618,0
184655,0
184665,0
184689,0
184714,0
184749,0
184912,0
184940,0
184940,0
185024,0
185035,0
185067,0
185081,0
185108,0
185157,0
185180,0
185216,0
185567,0
185610,0
185726,0
185787,0
185871,0
185939,0
186140,0
186425,0
186436,0
186464,0
186476,0
186530,0
186589,0
186751,0
186823,0
186970,0
187009,0
187028,0
187036,0
187036,0
187110,0
187113,0
187142,0
187165,0
187166,0
187240,0
187332,0
187364,0
187366,0
187385,0
187417,0
187493,0
187549,0
187556,0
187576,0
187661,0
187734,0
187739,0
187794,0
187843,0
187886,0
187933,0
188050,0
188094,0
188116,0
188130,0
188214,0
188230,0
188235,0
188385,0
188427,0
188452,0
188459,0
188475,0
188487,0
188618,0
188777,0
188802,0
188881,0
188911,0
188978,0
188987,0
189049,0
189078,0
189157,0
189212,0
189234,0
189237,0
189245,0
189258,0
189339,0
189371,0
189611,0
189657,0
189709,0
189780,0
189784,0
189788,0
189804,0
189842,0
189845,0
189956,0
190126,0
190166,0
190191,0
190198,0
190229,0
190240,0
190255,0
190280,0
190308,0
190328,0
190343,0
190357,0
190419,0
190430,0
190566,0
190612,0
190662,0
190665,0
190726,0
190880,0
190885,0
190926,0
190970,0
191000,0
191230,0
191233,0
191251,0
191265,0
191339,0
191416,0
191459,0
191528,0
191541,0
191724,0
191875,0
191900,0
192012,0
192074,0
192078,0
192174,0
192235,0
192275,0
192302,0
192410,0
192419,0
192453,0
192494,0
192499,0
192534,0
192754,0
192801,0
192815,0
192957,0
192958,0
192972,0
193018,0
193045,0
193137,0
193226,0
193259,0
193305,0
193373,0
193380,0
193382,0
193417,0
193432,0
193513,0
193526,0
193591,0
193642,0
193644,0
193660,0
193668,0
193693,0
193693,0
193705,0
193820,0
193911,0
194014,0
194219,0
194402,0
194404,0
194413,0
194414,0
194467,0
194606,0
194607,0
194646,0
194655,0
194710,0
194780,0
194872,0
194893,0
194911,0
195000,0
195029,0
195252,0
195312,0
195442,0
195447,0
195549,0
195594,0
195645,0
195666,0
195817,0
195886,0
195942,0
196015,0
196062,0
196163,0
196210,0
196254,0
196493,0
196557,0
196618,0
196630,0
196680,0
196762,0
196893,0
196899,0
196956,0
196973,0
197031,0
197112,0
197127,0
197162,0
197308,0
197370,0
197376,0
197401,0
197444,0
197485,0
197651,0
197671,0
197699,0
197763,0
197889,0
197943,0
198102,0
198151,0
198289,0
198318,0
198320,0
198434,0
198445,0
198515,0
198552,0
198751,0
198764,0
198769,0
198790,0
198819,0
198916,0
198931,0
198940,0
198995,0
199035,0
199041,0
199127,0
199175,0
199249,0
199298,0
199386,0
199462,0
199498,0
199504,0
199532,0
199535,0
199612,0
199612,0
199623,0
199655,0
199682,0
199784,0
199909,0
199923,0
200154,0
200168,0
200225,0
200271,0
200273,0
200466,0
200481,0
200502,0
200557,0
200618,0
200642,0
200682,0
200819,0
200878,0
200952,0
200982,0
201171,0
201189,0
201206,0
201208,0
201262,0
201272,0
201295,0
201313,0
201352,0
201440,0
201497,0
201507,0
201530,0
201555,0
201642,0
201668,0
201745,0
201824,0
201849,0
201855,0
201856,0
201939,0
202022,0
202052,0
202081,0
202141,0
202183,0
202293,0
202392,0
202400,0
202485,0
202493,0
202659,0
202828,0
202912,0
203055,0
203069,0
203107,0
203192,0
203202,0
203252,0
203497,0
203589,0
203671,0
203680,0
203798,0
203828,0
203832,0
203888,0
203933,0
203943,0
204048,0
204071,0
204088,0
204106,0
204108,0
204166,0
204208,0
204267,0
204364,0
204413,0
204420,0
204424,0
204591,0
204618,0
204633,0
204673,0
204750,0
204850,0
204852,0
204865,0
204898,0
204939,0
204975,0
205027,0
205073,0
205111,0
205121,0
205135,0
205156,0
205222,0
205225,0
205421,0
205429,0
205461,0
205513,0
205514,0
205583,0
205605,0
205626,0
205643,0
205711,0
205783,0
205927,0
205932,0
205945,0
205966,0
205986,0
206090,0
206097,0
206106,0
206147,0
206260,0
206280,0
206397,0
206496,0
206615,0
206664,0
206944,0
207126,0
207169,0
207179,0
207212,0
207306,0
207453,0
207466,0
207533,0
207571,0
207690,0
207736,0
207832,0
208032,0
208040,0
208043,0
208074,0
208133,0
208181,0
208189,0
208397,0
208471,0
208565,0
208728,0
208740,0
208917,0
208984,0
208991,0
209047,0
209057,0
209089,0
209130,0
209196,0
209256,0
209339,0
209427,0
209445,0
209488,0
209547,0
209638,0
209659,0
209689,0
209781,0
209833,0
209944,0
210074,0
210211,0
210313,0
210424,0
210485,0
210529,0
210587,0
210615,0
210691,0
210726,0
210745,0
210755,0
210766,0
211090,0
211109,0
211134,0
211274,0
211320,0
211340,0
211439,0
211517,0
211624,0
211661,0
211756,0
211805,0
211841,0
211906,0
211918,0
211935,0
211979,0
212034,0
212081,0
212123,0
212177,0
212181,0
212216,0
212227,0
212295,0
212316,0
212322,0
212425,0
212472,0
212505,0
212587,0
212606,0
212763,0
213000,0
213077,0
213107,0
213125,0
213266,0
213392,0
213450,0
213478,0
213482,0
213543,0
213561,0
213608,0
213727,0
213762,0
213786,0
213801,0
213829,0
213872,0
214041,0
214061,0
214137,0
214260,0
214303,0
214306,0
214350,0
214352,0
214432,0
214452,0
214571,0
214574,0
214643,0
214653,0
214670,0
214674,0
214686,0
214743,0
214758,0
214765,0
214767,0
214800,0
214809,0
214826,0
214847,0
215026,0
215043,0
215070,0
215152,0
215195,0
215242,0
215294,0
215305,0
215338,0
215394,0
215407,0
215436,0
215438,0
215444,0
215476,0
215527,0
215674,0
215705,0
215797,0
215829,0
215861,0
215888,0
215934,0
216004,0
216015,0
216028,0
216061,0
216070,0
216148,0
216185,0
216196,0
216233,0
216274,0
216369,0
216387,0
216422,0
216537,0
216543,0
216565,0
216669,0
216732,0
216737,0
216751,0
216769,0
216794,0
216819,0
216839,0
216848,0
216876,0
216905,0
216906,0
216929,0
216946,0
216946,0
217006,0
217040,0
217131,0
217147,0
217164,0
217168,0
217286,0
217304,0
217308,0
217477,0
217540,0
217552,0
217660,0
217677,0
217895,0
217937,0
218020,0
218031,0
218051,0
218055,0
218161,0
218217,0
218256,0
218258,0
218295,0
218323,0
218363,0
218380,0
218409,0
218473,0
218525,0
218576,0
218615,0
218631,0
218739,0
218756,0
218831,0
218877,0
218996,0
219009,0
219088,0
219118,0
219203,0
219270,0
219288,0
219443,0
219514,0
219635,0
219655,0
219708,0
219722,0
219745,0
219850,0
219867,0
219918,0
220025,0
220032,0
220035,0
220167,0
220180,0
220246,0
220439,0
220440,0
220463,0
220480,0
220517,0
220562,0
220569,0
220648,0
220669,0
220711,0
220722,0
220737,0
220772,0
220813,0
220820,0
220848,0
220901,0
220938,0
220954,0
221068,0
221275,0
221278,0
221298,0
221342,0
221417,0
221424,0
221497,0
221506,0
221559,0
221582,0
221592,0
221678,0
221788,0
221804,0
221863,0
221911,0
221931,0
221936,0
222053,0
222121,0
222200,0
222212,0
222359,0
222387,0
222433,0
222538,0
222547,0
222575,0
222665,0
222711,0
222727,0
222735,0
222878,0
222894,0
223112,0
223132,0
223316,0
223343,0
223417,0
223431,0
223487,0
223505,0
223512,0
223578,0
223612,0
223673,0
223676,0
223678,0
223740,0
223789,0
223966,0
224049,0
224054,0
224080,0
224119,0
224275,0
224277,0
224301,0
224331,0
224355,0
224358,0
224382,0
224483,0
224487,0
224508,0
224688,0
224721,0
224731,0
224777,0
224832,0
224839,0
224858,0
224990,0
225158,0
225162,0
225199,0
225201,0
225204,0
225214,0
225259,0
225294,0
225298,0
225359,0
225548,0
225603,0
225734,0
225871,0
225902,0
226021,0
226110,0
226116,0
226165,0
226223,0
226293,0
226360,0
226412,0
226412,0
226506,0
226530,0
226591,0
226664,0
226669,0
226675,0
226695,0
226711,0
226721,0
226741,0
226790,0
226818,0
226859,0
226906,0
226990,0
226990,0
226999,0
227028,0
227029,0
227060,0
227067,0
227122,0
227156,0
227282,0
227502,0
227552,0
227559,0
227563,0
227576,0
227581,0
227807,0
227878,0
227911,0
227937,0
228063,0
228105,0
228149,0
228192,0
228216,0
228220,0
228326,0
228350,0
228363,0
228394,0
228520,0
228536,0
228565,0
228588,0
228644,0
228673,0
228770,0
228779,0
228844,0
228861,0
229010,0
229018,0
229063,0
229092,0
229131,0
229217,0
229262,0
229286,0
229298,0
229321,0
229327,0
229329,0
229347,0
229386,0
229415,0
229527,0
229562,0
229582,0
229646,0
229666,0
229699,0
229831,0
229878,0
229994,0
229996,0
230047,0
230070,0
230259,0
230293,0
230306,0
230347,0
230383,0
230413,0
230498,0
230613,0
230622,0
230634,0
230688,0
230701,0
230730,0
230834,0
231167,0
231169,0
231193,0
231195,0
231210,0
231281,0
231366,0
231395,0
231418,0
231480,0
231661,0
231706,0
231728,0
231729,0
231757,0
231784,0
231786,0
231813,0
231843,0
231871,0
231948,0
232097,0
232149,0
232213,0
232248,0
232248,0
232308,0
232357,0
232364,0
232417,0
232444,0
232561,0
232775,0
232852,0
232992,0
232992,0
233001,0
233021,0
233053,0
233175,0
233206,0
233273,0
233318,0
233327,0
233338,0
233406,0
233461,0
233545,0
233557,0
233651,0
233692,0
233706,0
233735,0
233737,0
233753,0
233775,0
233787,0
233813,0
233867,0
233894,0
233979,0
233996,0
234189,0
234193,0
234260,0
234301,0
234357,0
234360,0
234369,0
234393,0
234394,0
234542,0
234544,0
234544,0
234583,0
234617,0
234644,0
234751,0
234801,0
234814,0
234841,0
234849,0
234863,0
234898,0
235045,0
235128,0
235218,0
235267,0
235504,0
235533,0
235539,0
235547,0
235635,0
235765,0
235883,0
235977,0
236010,0
236291,0
236431,0
236434,0
236502,0
236503,0
236586,0
236641,0
236772,0
236835,0
236878,0
236903,0
236913,0
236965,0
237021,0
237068,0
237146,0
237156,0
237207,0
237255,0
237317,0
237456,0
237465,0
237489,0
237515,0
237619,0
237796,0
237796,0
237812,0
237882,0
238032,0
238073,0
238092,0
238099,0
238111,0
238280,0
238308,0
238322,0
238359,0
238385,0
238391,0
238404,0
238448,0
238533,0
238693,0
238817,0
238818,0
238866,0
238870,0
238895,0
238955,0
238968,0
239007,0
239007,0
239036,0
239108,0
239134,0
239205,0
239215,0
239258,0
239395,0
239488,0
239496,0
239514,0
239537,0
239557,0
239596,0
239605,0
239625,0
239657,0
239764,0
240000,0
240011,0
240029,0
240081,0
240181,0
240198,0
240215,0
240234,0
240287,0
240511,0
240585,0
240866,0
240876,0
240915,0
240961,0
241009,0
241037,0
241088,0
241170,0
241225,0
241506,0
241527,0
241537,0
241597,0
241599,0
241624,0
241669,0
241705,0
241729,0
241748,0
241759,0
241961,0
241963,0
241966,0
241983,0
242082,0
242133,0
242235,0
242268,0
242279,0
242301,0
242337,0
242480,0
242515,0
242542,0
242550,0
242604,0
242653,0
242707,0
242807,0
242942,0
242989,0
243076,0
243113,0
243139,0
243142,0
243176,0
243190,0
243405,0
243435,0
243475,0
243491,0
243539,0
243545,0
243611,0
243777,0
243789,0
243816,0
243832,0
243838,0
243875,0
243908,0
243994,0
244018,0
244028,0
244084,0
244092,0
244119,0
244173,0
244196,0
244239,0
244278,0
244368,0
244400,0
244428,0
244521,0
244594,0
244729,0
244916,0
244918,0
244975,0
244994,0
244994,0
244999,0
245066,0
245075,0
245110,0
245148,0
245200,0
245239,0
245428,0
245478,0
245506,0
245564,0
245661,0
245666,0
245668,0
245698,0
245797,0
245912,0
245916,0
245918,0
246007,0
246038,0
246163,0
246342,0
246345,0
246482,0
246545,0
246558,0
246599,0
246699,0
246843,0
246944,0
247079,0
247137,0
247152,0
247170,0
247200,0
247311,0
247331,0
247383,0
247407,0
247548,0
247659,0
247694,0
247696,0
247710,0
247788,0
247813,0
247982,0
248010,0
248032,0
248061,0
248062,0
248085,0
248106,0
248287,0
248328,0
248369,0
248431,0
248452,0
248535,0
248549,0
248571,0
248598,0
248621,0
248690,0
248693,0
248850,0
248860,0
248958,0
249099,0
249124,0
249257,0
249273,0
249404,0
249441,0
249443,0
249466,0
249604,0
249607,0
249612,0
249743,0
249786,0
249844,0
249852,0
249897,0
249902,0
249922,0
249980,0
249986,0
250089,0
250126,0
250136,0
250167,0
250258,0
250290,0
250352,0
250355,0
250439,0
250567,0
250574,0
250597,0
250676,0
250701,0
250720,0
250732,0
250791,0
250899,0
250945,0
251008,0
251056,0
251073,0
251142,0
251144,0
251147,0
251263,0
251278,0
251407,0
251458,0
251608,0
251640,0
251750,0
251807,0
251842,0
251858,0
251865,0
251918,0
251940,0
252166,0
252250,0
252476,0
252484,0
252488,0
252593,0
252699,0
252712,0
252752,0
252773,0
252800,0
252824,0
252837,0
252849,0
252911,0
252918,0
252920,0
252974,0
253111,0
253231,0
253232,0
253298,0
253367,0
253419,0
253444,0
253485,0
253491,0
253647,0
253771,0
253911,0
253970,0
254028,0
254153,0
254210,0
254214,0
254259,0
254268,0
254318,0
254359,0
254417,0
254703,0
254709,0
254710,0
254748,0
254764,0
254791,0
254940,0
255028,0
255174,0
255183,0
255273,0
255677,0
255738,0
255744,0
255764,0
255833,0
255867,0
255877,0
255949,0
255984,0
256028,0
256098,0
256112,0
256143,0
256173,0
256248,0
256318,0
256373,0
256401,0
256458,0
256494,0
256692,0
256720,0
256726,0
256776,0
256820,0
256829,0
256985,0
257067,0
257097,0
257109,0
257142,0
257167,0
257169,0
257223,0
257226,0
257263,0
257263,0
257777,0
257845,0
257920,0
258088,0
258175,0
258281,0
258346,0
258441,0
258743,0
258825,0
258864,0
259011,0
259029,0
259091,0
259113,0
259166,0
259175,0
259222,0
259246,0
259339,0
259576,0
259608,0
259670,0
259675,0
259680,0
259704,0
259894,0
259995,0
260071,0
260095,0
260108,0
260122,0
260151,0
260235,0
260242,0
260253,0
260293,0
260418,0
260442,0
260464,0
260537,0
260572,0
260589,0
260612,0
260671,0
260696,0
260720,0
260770,0
260888,0
260948,0
260975,0
260996,0
261014,0
261050,0
261081,0
261147,0
261264,0
261295,0
261325,0
261425,0
261465,0
261483,0
261559,0
261583,0
261655,0
261687,0
261836,0
261930,0
261938,0
261977,0
262007,0
262072,0
262089,0
262139,0
262177,0
262206,0
262442,0
262648,0
262694,0
262706,0
262737,0
262762,0
262866,0
262951,0
262966,0
263004,0
263056,0
263130,0
263143,0
263179,0
263195,0
263240,0
263282,0
263308,0
263367,0
263369,0
263432,0
263451,0
263509,0
263530,0
263634,0
263661,0
263719,0
263749,0
263823,0
263982,0
264009,0
264084,0
264146,0
264244,0
264279,0
264439,0
264441,0
264577,0
264586,0
264634,0
264656,0
264656,0
264656,0
264715,0
264722,0
264748,0
264758,0
264761,0
264825,0
264880,0
264913,0
264913,0
264984,0
265042,0
265088,0
265181,0
265217,0
265331,0
265404,0
265491,0
265515,0
265751,0
265777,0
265777,0
265879,0
265993,0
266002,0
266052,0
266094,0
266109,0
266157,0
266309,0
266363,0
266379,0
266432,0
266495,0
266541,0
266556,0
266602,0
266617,0
266621,0
266667,0
266687,0
266724,0
266742,0
266856,0
266901,0
266905,0
266939,0
267116,0
267179,0
267232,0
267236,0
267243,0
267279,0
267313,0
267324,0
267325,0
267341,0
267370,0
267493,0
267496,0
267557,0
267623,0
267704,0
268146,0
268217,0
268299,0
268367,0
268428,0
268602,0
268664,0
268778,0
268795,0
268857,0
268875,0
269068,0
269071,0
269150,0
269243,0
269306,0
269370,0
269372,0
269380,0
269517,0
269546,0
269649,0
269674,0
269748,0
269750,0
269755,0
269848,0
269867,0
269928,0
270063,0
270090,0
270105,0
270177,0
270201,0
270258,0
270310,0
270352,0
270414,0
270499,0
270518,0
270533,0
270594,0
270659,0
270677,0
270770,0
270787,0
270804,0
270849,0
270994,0
271085,0
271159,0
271208,0
271334,0
271352,0
271376,0
271466,0
271525,0
271548,0
271613,0
271758,0
271791,0
272060,0
272134,0
272205,0
272322,0
272323,0
272580,0
272616,0
272684,0
272693,0
272839,0
272904,0
272932,0
272952,0
272967,0
272980,0
273005,0
273076,0
273167,0
273281,0
273356,0
273384,0
273482,0
273488,0
273593,0
273594,0
273606,0
273708,0
273726,0
273863,0
273877,0
274011,0
274036,0
274053,0
274062,0
274075,0
274104,0
274111,0
274117,0
274121,0
274273,0
274328,0
274386,0
274451,0
274453,0
274471,0
274545,0
274569,0
274729,0
274740,0
274783,0
274807,0
274854,0
274877,0
274981,0
275015,0
275024,0
275122,0
275144,0
275240,0
275309,0
275359,0
275420,0
275451,0
275506,0
275561,0
275573,0
275629,0
275650,0
275654,0
275779,0
275904,0
275989,0
