27,0
38,0
62,0
114,0
210,0
217,0
243,0
251,0
256,0
428,0
485,0
573,0
680,0
701,0
702,0
702,0
930,0
953,0
1087,0
1177,0
1185,0
1275,0
1408,0
1410,0
1415,0
1475,0
1572,0
1584,0
1588,0
1841,0
1864,0
1890,0
1971,0
1979,0
2076,0
2108,0
2138,0
2175,0
2213,0
2214,0
2253,0
2356,0
2444,0
2526,0
2532,0
2575,0
2587,0
2682,0
2736,0
2739,0
2753,0
2868,0
3002,0
3021,0
3058,0
3185,0
3199,0
3349,0
3406,0
3418,0
3428,0
3439,0
3453,0
3539,0
3559,0
3589,0
3598,0
3608,0
3616,0
3621,0
3699,0
3732,0
3780,0
3800,0
3807,0
3858,0
3892,0
3939,0
4015,0
4027,0
4039,0
4115,0
4132,0
4187,0
4198,0
4231,0
4412,0
4486,0
4737,0
4869,0
4930,0
4933,0
4970,0
5085,0
5106,0
5219,0
5352,0
5391,0
5409,0
5450,0
5471,0
5480,0
5537,0
5592,0
5777,0
5830,0
5888,0
5957,0
5977,0
6047,0
6085,0
6162,0
6166,0
6217,0
6242,0
6275,0
6293,0
6453,0
6476,0
6574,0
6818,0
6938,0
7000,0
7128,0
7151,0
7268,0
7301,0
7318,0
7342,0
7406,0
7461,0
7554,0
7726,0
7727,0
7853,0
7896,0
7969,0
8239,0
8259,0
8260,0
8264,0
8294,0
8356,0
8358,0
8434,0
8470,0
8522,0
8635,0
8665,0
8687,0
8838,0
8854,0
8877,0
8930,0
8954,0
9032,0
9044,0
9068,0
9095,0
9276,0
9392,0
9441,0
9625,0
9656,0
9725,0
9739,0
9749,0
9754,0
9776,0
9830,0
9850,0
9854,0
9946,0
9960,0
9963,0
9970,0
10042,0
10096,0
10153,0
10203,0
10251,0
10277,0
10281,0
10304,0
10327,0
10373,0
10530,0
10611,0
10630,0
10689,0
10878,0
10901,0
11011,0
11031,0
11041,0
11044,0
11081,0
11102,0
11173,0
11177,0
11220,0
11239,0
11337,0
11337,0
11362,0
11494,0
11501,0
11657,0
11754,0
11837,0
12018,0
12050,0
12060,0
12119,0
12134,0
12266,0
12310,0
12449,0
12497,0
12560,0
12590,0
12600,0
12684,0
12710,0
12874,0
12903,0
12950,0
13074,0
13088,0
13107,0
13112,0
13198,0
13200,0
13249,0
13272,0
13310,0
13311,0
13501,0
13512,0
13837,0
13849,0
13852,0
13875,0
13966,0
14041,0
14091,0
14173,0
14200,0
14250,0
14344,0
14364,0
14421,0
14534,0
14535,0
14556,0
14556,0
14609,0
14654,0
14667,0
14756,0
14776,0
14831,0
14889,0
14983,0
14997,0
15036,0
15079,0
15178,0
15237,0
15328,0
15353,0
15374,0
15572,0
15591,0
15654,0
15665,0
15677,0
15718,0
15734,0
15770,0
15784,0
15812,0
16021,0
16216,0
16310,0
16401,0
16456,0
16528,0
16536,0
16592,0
16614,0
16689,0
16736,0
16821,0
16899,0
16930,0
16946,0
16976,0
17048,0
17100,0
17153,0
17184,0
17205,0
17255,0
17303,0
17421,0
17472,0
17523,0
17590,0
17607,0
17629,0
17642,0
17789,0
17881,0
17926,0
17953,0
17960,0
18097,0
18114,0
18150,0
18190,0
18287,0
18319,0
18421,0
18484,0
18510,0
18570,0
18584,0
18613,0
18636,0
18762,0
19003,0
19130,0
19204,0
19505,0
19621,0
19658,0
19742,0
19754,0
19931,0
20020,0
20084,0
20106,0
20155,0
20179,0
20193,0
20198,0
20282,0
20317,0
20330,0
20451,0
20453,0
20488,0
20491,0
20508,0
20555,0
20589,0
20591,0
20670,0
20717,0
20739,0
20775,0
20832,0
20916,0
20919,0
20940,0
20940,0
21089,0
21098,0
21163,0
21172,0
21220,0
21271,0
21472,0
21531,0
21553,0
21627,0
21639,0
21670,0
21749,0
21829,0
21923,0
22005,0
22077,0
22244,0
22345,0
22351,0
22431,0
22571,0
22668,0
22669,0
22706,0
22790,0
22805,0
22861,0
22900,0
22961,0
23081,0
23168,0
23275,0
23498,0
23545,0
23585,0
23609,0
23654,0
23725,0
23776,0
23794,0
23797,0
23814,0
23830,0
23863,0
23869,0
23956,0
23972,0
24027,0
24031,0
24061,0
24166,0
24206,0
24330,0
24344,0
24639,0
24678,0
24787,0
24872,0
24936,0
24963,0
25071,0
25081,0
25137,0
25154,0
25255,0
25288,0
25323,0
25376,0
25531,0
25597,0
25609,0
25618,0
25639,0
25653,0
25741,0
25754,0
25787,0
25817,0
25818,0
25896,0
25919,0
25940,0
25941,0
26011,0
26034,0
26076,0
26124,0
26262,0
26305,0
26314,0
26378,0
26409,0
26422,0
26428,0
26556,0
26682,0
26781,0
26808,0
26810,0
26844,0
26904,0
26951,0
26975,0
27001,0
27123,0
27144,0
27154,0
27310,0
27349,0
27399,0
27496,0
27521,0
27546,0
27580,0
27606,0
27623,0
27685,0
27787,0
27911,0
27938,0
27958,0
28049,0
28084,0
28141,0
28201,0
28210,0
28217,0
28296,0
28394,0
28416,0
28418,0
28575,0
28612,0
28617,0
28651,0
28689,0
28726,0
28744,0
28753,0
28762,0
28840,0
28997,0
29118,0
29144,0
29148,0
29152,0
29187,0
29218,0
29259,0
29284,0
29397,0
29399,0
29506,0
29508,0
29558,0
29579,0
29835,0
29856,0
29858,0
29948,0
30097,0
30178,0
30195,0
30222,0
30239,0
30275,0
30363,0
30467,0
30476,0
30515,0
30556,0
30562,0
30573,0
30584,0
30598,0
30730,0
30897,0
30974,0
31043,0
31074,0
31092,0
31218,0
31300,0
31333,0
31346,0
31353,0
31429,0
31754,0
31762,0
31844,0
32054,0
32065,0
32169,0
32180,0
32244,0
32262,0
32386,0
32428,0
32434,0
32473,0
32601,0
32671,0
32689,0
32722,0
32724,0
32732,0
32819,0
32839,0
32852,0
32901,0
32905,0
32914,0
32942,0
32954,0
32955,0
32966,0
32981,0
33150,0
33186,0
33211,0
33284,0
33358,0
33366,0
33542,0
33559,0
33566,0
33576,0
33691,0
33701,0
33787,0
33936,0
34003,0
34053,0
34079,0
34097,0
34163,0
34182,0
34248,0
34254,0
34400,0
34446,0
34560,0
34766,0
34820,0
35026,0
35043,0
35091,0
35094,0
35115,0
35123,0
35342,0
35349,0
35365,0
35441,0
35509,0
35668,0
35687,0
35694,0
35712,0
35723,0
35733,0
35743,0
35824,0
35842,0
35867,0
36008,0
36058,0
36075,0
36082,0
36117,0
36179,0
36251,0
36288,0
36316,0
36334,0
36340,0
36352,0
36427,0
36462,0
36531,0
36543,0
36635,0
36663,0
36728,0
36801,0
36823,0
36883,0
37055,0
37130,0
37386,0
37392,0
37536,0
37545,0
37547,0
37555,0
37610,0
37614,0
37646,0
37654,0
37677,0
37954,0
37966,0
37984,0
38021,0
38041,0
38127,0
38175,0
38349,0
38386,0
38530,0
38613,0
38635,0
38663,0
38831,0
38908,0
38945,0
39010,0
39060,0
39360,0
39367,0
39424,0
39586,0
39618,0
39621,0
39626,0
39671,0
39775,0
39927,0
39968,0
39971,0
39989,0
40156,0
40182,0
40351,0
40355,0
40373,0
40429,0
40471,0
40732,0
40849,0
41329,0
41373,0
41402,0
41429,0
41492,0
41508,0
41560,0
41593,0
41604,0
41622,0
41723,0
41774,0
41805,0
41825,0
41880,0
41906,0
41947,0
41959,0
41989,0
42029,0
42029,0
42047,0
42089,0
42145,0
42147,0
42257,0
42428,0
42521,0
42644,0
42795,0
42857,0
42944,0
42979,0
42988,0
43046,0
43076,0
43195,0
43224,0
43259,0
43305,0
43417,0
43435,0
43485,0
43490,0
43527,0
43569,0
43577,0
43602,0
43638,0
43665,0
43696,0
43757,0
43811,0
44000,0
44027,0
44081,0
44092,0
44258,0
44390,0
44519,0
44628,0
44705,0
44948,0
44998,0
45035,0
45108,0
45146,0
45218,0
45386,0
45411,0
45495,0
45496,0
45562,0
45647,0
45669,0
45767,0
45800,0
45880,0
45880,0
45913,0
46083,0
46086,0
46110,0
46135,0
46158,0
46208,0
46289,0
46295,0
46331,0
46341,0
46388,0
46394,0
46428,0
46478,0
46601,0
46642,0
46664,0
46713,0
46733,0
46770,0
46820,0
46893,0
46902,0
46906,0
46924,0
46960,0
47028,0
47059,0
47079,0
47081,0
47122,0
47139,0
47205,0
47222,0
47224,0
47258,0
47331,0
47476,0
47547,0
47573,0
47671,0
47675,0
47681,0
47716,0
47756,0
47772,0
47805,0
47812,0
47870,0
47873,0
47910,0
48003,0
48014,0
48032,0
48159,0
48309,0
48409,0
48425,0
48449,0
48474,0
48516,0
48545,0
48611,0
48673,0
48710,0
48762,0
49007,0
49049,0
49075,0
49337,0
49440,0
49515,0
49575,0
49626,0
49770,0
49791,0
49803,0
49826,0
49865,0
49912,0
49989,0
49998,0
50065,0
50112,0
50149,0
50152,0
50154,0
50165,0
50205,0
50247,0
50273,0
50452,0
50478,0
50653,0
50714,0
50813,0
50902,0
50956,0
51024,0
51024,0
51152,0
51181,0
51184,0
51284,0
51332,0
51382,0
51437,0
51542,0
51545,0
51553,0
51571,0
51618,0
51780,0
51792,0
51949,0
51960,0
51965,0
52002,0
52095,0
52136,0
52184,0
52194,0
52215,0
52261,0
52288,0
52316,0
52461,0
52528,0
52593,0
52651,0
52651,0
52653,0
52675,0
52789,0
52863,0
52887,0
52954,0
52995,0
53029,0
53104,0
53146,0
53199,0
53215,0
53305,0
53335,0
53372,0
53373,0
53455,0
53515,0
53525,0
53626,0
53645,0
53858,0
54207,0
54249,0
54269,0
54321,0
54322,0
54356,0
54401,0
54469,0
54554,0
54600,0
54621,0
54795,0
54838,0
54998,0
55023,0
55057,0
55110,0
55117,0
55144,0
55157,0
55233,0
55287,0
55348,0
55393,0
55497,0
55562,0
55923,0
55984,0
56080,0
56106,0
56176,0
56196,0
56216,0
56260,0
56294,0
56306,0
56469,0
56514,0
56558,0
56563,0
56619,0
56715,0
56726,0
56803,0
56866,0
56868,0
56884,0
57056,0
57085,0
57125,0
57153,0
57279,0
57387,0
57428,0
57449,0
57470,0
57505,0
57554,0
57605,0
57611,0
57677,0
57701,0
57793,0
57797,0
57803,0
57825,0
57832,0
57905,0
57940,0
57962,0
57974,0
58039,0
58247,0
58375,0
58394,0
58444,0
58499,0
58500,0
58511,0
58586,0
58797,0
58805,0
58939,0
58998,0
59012,0
59020,0
59102,0
59198,0
59226,0
59299,0
59302,0
59341,0
59382,0
59389,0
59456,0
59508,0
59565,0
59595,0
59643,0
59700,0
59767,0
59856,0
59880,0
59920,0
59946,0
59959,0
59965,0
60040,0
60058,0
60100,0
60126,0
60169,0
60192,0
60229,0
60251,0
60274,0
60280,0
60348,0
60407,0
60512,0
60618,0
60676,0
60753,0
60764,0
60812,0
60967,0
61170,0
61326,0
61378,0
61693,0
61776,0
61794,0
61810,0
61827,0
61860,0
61881,0
61887,0
61887,0
62064,0
62127,0
62148,0
62162,0
62232,0
62297,0
62364,0
62447,0
62498,0
62515,0
62562,0
62563,0
62567,0
62592,0
62630,0
62682,0
62715,0
62852,0
62906,0
62930,0
62944,0
63085,0
63086,0
63088,0
63209,0
63409,0
63448,0
63487,0
63650,0
63870,0
63930,0
63934,0
63944,0
63951,0
63969,0
63987,0
64030,0
64042,0
64090,0
64109,0
64164,0
64174,0
64239,0
64265,0
64275,0
64325,0
64383,0
64561,0
64565,0
64591,0
64626,0
64664,0
64823,0
65019,0
65081,0
65095,0
65106,0
65216,0
65354,0
65394,0
65458,0
65504,0
65546,0
65556,0
65581,0
65614,0
65703,0
65713,0
65722,0
65976,0
66014,0
66035,0
66155,0
66294,0
66331,0
66405,0
66462,0
66463,0
66616,0
66618,0
66622,0
66665,0
66725,0
66804,0
66821,0
66846,0
66851,0
66861,0
66895,0
66906,0
66926,0
67113,0
67256,0
67299,0
67313,0
67325,0
67618,0
67627,0
67797,0
67804,0
67905,0
67925,0
67973,0
67975,0
68005,0
68216,0
68236,0
68259,0
68276,0
68356,0
68386,0
68418,0
68486,0
68604,0
68678,0
68679,0
68735,0
68781,0
68785,0
68791,0
68844,0
68850,0
69052,0
69060,0
69070,0
69345,0
69391,0
69398,0
69431,0
69446,0
69498,0
69516,0
69570,0
69578,0
69720,0
69758,0
69801,0
69840,0
69895,0
69954,0
70027,0
70028,0
70070,0
70356,0
70635,0
70652,0
70784,0
70835,0
71009,0
71060,0
71070,0
71075,0
71134,0
71249,0
71483,0
71562,0
71618,0
71632,0
71801,0
71810,0
71867,0
71881,0
71911,0
71963,0
72006,0
72178,0
72211,0
72261,0
72289,0
72572,0
72613,0
72659,0
72743,0
72770,0
72997,0
73005,0
73075,0
73076,0
73107,0
73334,0
73546,0
73549,0
73591,0
73647,0
73681,0
73695,0
73697,0
73778,0
73839,0
73858,0
73896,0
73948,0
73961,0
74040,0
74073,0
74081,0
74092,0
74232,0
74260,0
74333,0
74388,0
74423,0
74576,0
74667,0
74697,0
74707,0
74716,0
74772,0
74822,0
74875,0
74876,0
75080,0
75100,0
75131,0
75278,0
75280,0
75317,0
75365,0
75422,0
75515,0
75528,0
75584,0
75649,0
75661,0
75669,0
75733,0
75771,0
75832,0
75854,0
75922,0
75950,0
76042,0
76054,0
76098,0
76194,0
76275,0
76347,0
76383,0
76408,0
76414,0
76440,0
76468,0
76545,0
76552,0
76667,0
76734,0
76738,0
76742,0
76760,0
76772,0
76815,0
76818,0
76827,0
76856,0
76856,0
76931,0
76963,0
76983,0
77062,0
77151,0
77152,0
77156,0
77158,0
77295,0
77299,0
77460,0
77511,0
77565,0
77597,0
77745,0
77746,0
77868,0
77876,0
77876,0
77878,0
77938,0
77950,0
77959,0
78006,0
78038,0
78044,0
78118,0
78127,0
78134,0
78199,0
78360,0
78430,0
78446,0
78599,0
78644,0
78731,0
78787,0
78955,0
78967,0
79121,0
79194,0
79249,0
79252,0
79308,0
79356,0
79527,0
79667,0
79678,0
79786,0
79868,0
79940,0
80036,0
80419,0
80443,0
80557,0
80588,0
80614,0
80626,0
80645,0
80791,0
80810,0
80957,0
81015,0
81096,0
81125,0
81188,0
81269,0
81282,0
81318,0
81463,0
81471,0
81473,0
81602,0
81626,0
81627,0
81675,0
81695,0
81749,0
81949,0
81964,0
82060,0
82066,0
82073,0
82106,0
82118,0
82119,0
82157,0
82351,0
82439,0
82496,0
82526,0
82579,0
82611,0
82653,0
82796,0
82894,0
83087,0
83107,0
83125,0
83131,0
83241,0
83258,0
83258,0
83284,0
83455,0
83600,0
83670,0
83674,0
83765,0
83899,0
83900,0
84111,0
84181,0
84184,0
84197,0
84204,0
84232,0
84239,0
84258,0
84286,0
84306,0
84426,0
84511,0
84586,0
84587,0
84600,0
84632,0
84677,0
84848,0
84885,0
84931,0
84946,0
85002,0
85024,0
85126,0
85163,0
85216,0
85275,0
85325,0
85329,0
85351,0
85353,0
85355,0
85355,0
85419,0
85507,0
85593,0
85614,0
85654,0
85685,0
85697,0
85720,0
85726,0
85849,0
85858,0
85890,0
85905,0
85905,0
85926,0
85931,0
86092,0
86119,0
86137,0
86145,0
86169,0
86230,0
86297,0
86308,0
86345,0
86350,0
86417,0
86447,0
86471,0
86551,0
86552,0
86588,0
86591,0
86625,0
86646,0
86697,0
86707,0
86739,0
86843,0
86860,0
87067,0
87274,0
87622,0
87672,0
87680,0
87757,0
87812,0
87897,0
87946,0
87988,0
88038,0
88052,0
88137,0
88322,0
88415,0
88439,0
88440,0
88798,0
88914,0
88923,0
88940,0
89044,0
89264,0
89270,0
89291,0
89330,0
89341,0
89413,0
89455,0
89529,0
89609,0
89620,0
89687,0
89760,0
90081,0
90095,0
90111,0
90119,0
90303,0
90506,0
90556,0
90644,0
90711,0
90727,0
90774,0
90881,0
90892,0
90916,0
90971,0
91080,0
91122,0
91134,0
91245,0
91343,0
91394,0
91435,0
91471,0
91510,0
91674,0
91685,0
91737,0
91774,0
91837,0
91841,0
91959,0
92031,0
92067,0
92124,0
92159,0
92324,0
92399,0
92440,0
92446,0
92453,0
92680,0
92749,0
92788,0
92893,0
93011,0
93021,0
93083,0
93115,0
93132,0
93189,0
93199,0
93277,0
93434,0
93553,0
93634,0
93643,0
93709,0
93867,0
93875,0
93926,0
94012,0
94090,0
94187,0
94272,0
94301,0
94341,0
94455,0
94574,0
94810,0
94836,0
94965,0
95069,0
95086,0
95139,0
95155,0
95355,0
95418,0
95431,0
95433,0
95516,0
95528,0
95532,0
95607,0
95688,0
95768,0
95843,0
95919,0
96221,0
96236,0
96249,0
96322,0
96467,0
96561,0
96619,0
96643,0
96716,0
96716,0
96760,0
96817,0
96823,0
96878,0
96899,0
96920,0
97010,0
97067,0
97071,0
97154,0
97220,0
97250,0
97267,0
97306,0
97312,0
97334,0
97457,0
97465,0
97516,0
97659,0
97702,0
97717,0
97731,0
97789,0
97890,0
97949,0
97949,0
98035,0
98062,0
98109,0
98112,0
98114,0
98172,0
98303,0
98389,0
98566,0
98619,0
98694,0
98710,0
98858,0
99016,0
99058,0
99096,0
99164,0
99205,0
99219,0
99303,0
99322,0
99527,0
99620,0
99621,0
99711,0
99726,0
99786,0
99811,0
99903,0
99940,0
99996,0
100005,0
100167,0
100219,0
100462,0
100488,0
100494,0
100559,0
100861,0
100960,0
101091,0
101091,0
101091,0
101134,0
101421,0
101496,0
101626,0
101635,0
101781,0
101787,0
101828,0
101943,0
102054,0
102122,0
102142,0
102169,0
102290,0
102388,0
102399,0
102442,0
102565,0
102618,0
102752,0
102770,0
102802,0
102822,0
102928,0
102965,0
102994,0
102999,0
103073,0
103204,0
103217,0
103258,0
103347,0
103423,0
103428,0
103461,0
103629,0
103727,0
103752,0
103830,0
103856,0
103917,0
103946,0
103996,0
104002,0
104007,0
104043,0
104055,0
104068,0
104158,0
104179,0
104224,0
104237,0
104274,0
104350,0
104403,0
104451,0
104607,0
104668,0
104695,0
104742,0
104753,0
104776,0
104795,0
104906,0
104917,0
104959,0
104993,0
105054,0
105062,0
105068,0
105101,0
105108,0
105157,0
105158,0
105172,0
105193,0
105223,0
105249,0
105295,0
105307,0
105364,0
105400,0
105707,0
105780,0
105788,0
105788,0
105803,0
105856,0
105922,0
105992,0
106015,0
106029,0
106084,0
106095,0
106108,0
106169,0
106194,0
106468,0
106498,0
106579,0
106579,0
106615,0
106739,0
106795,0
106865,0
106921,0
106975,0
107098,0
107106,0
107149,0
107241,0
107372,0
107409,0
107467,0
107543,0
107553,0
107827,0
107949,0
107960,0
107969,0
107998,0
108001,0
108018,0
108048,0
108117,0
108144,0
108188,0
108190,0
108236,0
108298,0
108356,0
108393,0
108440,0
108490,0
108510,0
108557,0
108670,0
108694,0
108790,0
108820,0
108836,0
108846,0
108878,0
109015,0
109033,0
109054,0
109103,0
109170,0
109190,0
109208,0
109226,0
109261,0
109298,0
109331,0
109366,0
109422,0
109714,0
109757,0
109908,0
109914,0
109920,0
109950,0
110110,0
110303,0
110396,0
110502,0
110508,0
110508,0
110689,0
110980,0
110991,0
111058,0
111079,0
111090,0
111105,0
111106,0
111109,0
111113,0
111145,0
111260,0
111332,0
111403,0
111412,0
111513,0
111542,0
111595,0
111784,0
111788,0
111797,0
111835,0
111866,0
111894,0
111949,0
112003,0
112045,0
112161,0
112204,0
112205,0
112364,0
112377,0
112398,0
112515,0
112573,0
112823,0
112986,0
113092,0
113391,0
113459,0
113497,0
113540,0
113613,0
113662,0
113700,0
113840,0
113972,0
114000,0
114012,0
114156,0
114418,0
114433,0
114506,0
114596,0
114601,0
114730,0
114757,0
114767,0
114780,0
114793,0
114838,0
114844,0
114895,0
115082,0
115119,0
115244,0
115279,0
115290,0
115378,0
115385,0
115402,0
115405,0
115466,0
115469,0
115498,0
115597,0
115683,0
115726,0
115729,0
115754,0
115761,0
115848,0
115890,0
115931,0
115982,0
116034,0
116130,0
116158,0
116235,0
116285,0
116309,0
116349,0
116350,0
116362,0
116526,0
116528,0
116534,0
116549,0
116752,0
116899,0
116944,0
117086,0
117192,0
117281,0
117321,0
117556,0
117587,0
117622,0
117709,0
117728,0
117787,0
117844,0
117848,0
117852,0
117883,0
117932,0
117979,0
117991,0
118090,0
118168,0
118233,0
118341,0
118345,0
118355,0
118390,0
118431,0
118444,0
118447,0
118509,0
118652,0
118706,0
118784,0
118792,0
118863,0
118919,0
118935,0
119031,0
119035,0
119198,0
119233,0
119275,0
119311,0
119431,0
119509,0
119657,0
119802,0
119990,0
120035,0
120091,0
120118,0
120163,0
120172,0
120176,0
120412,0
120464,0
120545,0
120638,0
120780,0
120867,0
120875,0
120913,0
121083,0
121139,0
121152,0
121299,0
121304,0
121310,0
121314,0
121330,0
121379,0
121389,0
121423,0
121437,0
121472,0
121587,0
121638,0
121642,0
121646,0
121658,0
121700,0
121703,0
121711,0
121749,0
121781,0
121969,0
122015,0
122068,0
122134,0
122153,0
122192,0
122297,0
122368,0
122383,0
122402,0
122438,0
122485,0
122495,0
122632,0
122640,0
122676,0
122868,0
122990,0
123210,0
123299,0
123472,0
123610,0
123615,0
123630,0
123718,0
123755,0
123941,0
123943,0
123950,0
123974,0
124010,0
124022,0
124033,0
124094,0
124213,0
124226,0
124237,0
124241,0
124448,0
124471,0
124588,0
124616,0
124634,0
124678,0
124753,0
124888,0
124946,0
124954,0
124976,0
125213,0
125292,0
125367,0
125470,0
125477,0
125621,0
125646,0
126041,0
126062,0
126204,0
126215,0
126281,0
126545,0
126605,0
126894,0
126996,0
127072,0
127099,0
127198,0
127199,0
127300,0
127303,0
127306,0
127316,0
127345,0
127361,0
127389,0
127516,0
127690,0
127699,0
127701,0
127720,0
127762,0
127905,0
128067,0
128085,0
128183,0
128236,0
128279,0
128366,0
128471,0
128473,0
128650,0
128653,0
128815,0
128842,0
128972,0
128983,0
129035,0
129051,0
129088,0
129216,0
129244,0
129245,0
129261,0
129266,0
129460,0
129488,0
129513,0
129588,0
129639,0
129659,0
129807,0
129878,0
129915,0
129929,0
129945,0
130097,0
130104,0
130153,0
130166,0
130183,0
130209,0
130259,0
130378,0
130405,0
130443,0
130464,0
130494,0
130497,0
130502,0
130532,0
130640,0
130727,0
130771,0
130868,0
130909,0
130966,0
131026,0
131069,0
131143,0
131181,0
131204,0
131258,0
131439,0
131462,0
131720,0
131751,0
131841,0
131858,0
131877,0
131939,0
131990,0
132000,0
132047,0
132064,0
132185,0
132393,0
132460,0
132488,0
132494,0
132566,0
132576,0
132583,0
132593,0
132693,0
132709,0
132724,0
132788,0
132806,0
132813,0
132859,0
132908,0
133021,0
133213,0
133321,0
133451,0
133464,0
133569,0
133805,0
133873,0
133904,0
134013,0
134227,0
134392,0
134404,0
134409,0
134430,0
134437,0
134449,0
134455,0
134559,0
134617,0
134691,0
134697,0
134734,0
134807,0
134841,0
134854,0
134886,0
134888,0
134958,0
134992,0
135012,0
135044,0
135059,0
135261,0
135334,0
135452,0
135512,0
135514,0
135561,0
135657,0
135709,0
135742,0
135776,0
135781,0
135860,0
135894,0
135933,0
135965,0
136061,0
136081,0
136086,0
136167,0
136258,0
136295,0
136362,0
136376,0
136509,0
136524,0
136568,0
136723,0
136789,0
136832,0
136863,0
136878,0
136902,0
136903,0
137046,0
137101,0
137107,0
137184,0
137246,0
137251,0
137263,0
137310,0
137313,0
137471,0
137520,0
137585,0
137611,0
137689,0
137723,0
137753,0
137754,0
137767,0
137797,0
137821,0
137830,0
137862,0
137910,0
137949,0
137952,0
137975,0
138003,0
138088,0
138340,0
138484,0
138502,0
138591,0
138652,0
138687,0
138738,0
138795,0
138856,0
139035,0
139077,0
139106,0
139176,0
139348,0
139397,0
139408,0
139468,0
139504,0
139679,0
139711,0
139762,0
139808,0
139906,0
139976,0
140048,0
140063,0
140110,0
140145,0
140316,0
140358,0
140508,0
140680,0
140691,0
140699,0
140708,0
140710,0
140781,0
140818,0
140822,0
140877,0
141071,0
141091,0
141117,0
141136,0
141173,0
141183,0
141198,0
141220,0
141261,0
141273,0
141285,0
141382,0
141395,0
141422,0
141524,0
141627,0
141632,0
141699,0
141731,0
141736,0
141752,0
141848,0
141855,0
141910,0
142165,0
142186,0
142196,0
142252,0
142259,0
142272,0
142456,0
142559,0
142560,0
142784,0
142902,0
143290,0
143314,0
143348,0
143416,0
143481,0
143519,0
143565,0
143610,0
143800,0
143805,0
143806,0
143913,0
143934,0
143967,0
143979,0
144158,0
144243,0
144243,0
144351,0
144391,0
144459,0
144524,0
144538,0
144551,0
144554,0
144557,0
144643,0
144659,0
144685,0
144687,0
144706,0
144777,0
144808,0
144846,0
144875,0
144909,0
144992,0
145225,0
145242,0
145244,0
145266,0
145269,0
145323,0
145340,0
145379,0
145571,0
145668,0
145720,0
145760,0
145802,0
145815,0
145894,0
145922,0
145975,0
146046,0
146138,0
146174,0
146337,0
146436,0
146458,0
146497,0
146532,0
146554,0
146563,0
146622,0
146678,0
146720,0
146722,0
146762,0
146907,0
147007,0
147166,0
147209,0
147275,0
147296,0
147357,0
147414,0
147417,0
147459,0
147568,0
147605,0
147765,0
147791,0
147871,0
147896,0
147971,0
148007,0
148024,0
148081,0
148128,0
148136,0
148158,0
148203,0
148228,0
148310,0
148345,0
148471,0
148511,0
148523,0
148767,0
148779,0
148784,0
148919,0
148929,0
149027,0
149043,0
149059,0
149113,0
149134,0
149180,0
149186,0
149206,0
149264,0
149314,0
149384,0
149393,0
149413,0
149576,0
149629,0
149630,0
149647,0
149689,0
149701,0
149713,0
149766,0
149784,0
149822,0
149919,0
150057,0
150115,0
150138,0
150150,0
150233,0
150315,0
150420,0
150424,0
150431,0
150450,0
150469,0
150560,0
150584,0
150753,0
150753,0
150776,0
150807,0
150862,0
150901,0
150913,0
150978,0
151016,0
151129,0
151132,0
151173,0
151175,0
151200,0
151273,0
151314,0
151346,0
151348,0
151366,0
151382,0
151450,0
151594,0
151626,0
151627,0
151644,0
151693,0
151777,0
151939,0
151987,0
152185,0
152337,0
152356,0
152407,0
152431,0
152434,0
152441,0
152470,0
152552,0
152560,0
152576,0
152688,0
152710,0
152879,0
152880,0
152885,0
152891,0
152922,0
152965,0
153064,0
153135,0
153237,0
153283,0
153392,0
153419,0
153448,0
153528,0
153616,0
153624,0
153629,0
153676,0
154027,0
154181,0
154185,0
154191,0
154275,0
154307,0
154430,0
154482,0
154500,0
154589,0
154720,0
154723,0
154789,0
154792,0
154816,0
154837,0
154968,0
155031,0
155132,0
155153,0
155180,0
155212,0
155308,0
155332,0
155357,0
155372,0
155394,0
155402,0
155418,0
155433,0
155649,0
155695,0
155729,0
155736,0
155747,0
155786,0
155809,0
155837,0
155846,0
155976,0
156071,0
156083,0
156175,0
156272,0
156534,0
156620,0
156628,0
156752,0
156813,0
156828,0
156854,0
156877,0
156929,0
156962,0
156989,0
156990,0
157014,0
157102,0
157110,0
157191,0
157317,0
157327,0
157349,0
157440,0
157465,0
157534,0
157610,0
157615,0
157704,0
157814,0
157890,0
157977,0
158215,0
158308,0
158339,0
158415,0
158551,0
158563,0
158614,0
158781,0
158964,0
159000,0
159074,0
159153,0
159256,0
159439,0
159440,0
159479,0
159492,0
159495,0
159534,0
159585,0
159607,0
159655,0
159676,0
159676,0
159683,0
159774,0
159908,0
159964,0
160139,0
160165,0
160210,0
160227,0
160436,0
160461,0
160473,0
160541,0
160581,0
160668,0
160725,0
160726,0
160729,0
160730,0
160967,0
161498,0
161499,0
161573,0
161605,0
161789,0
161869,0
161905,0
161972,0
162001,0
162010,0
162062,0
162085,0
162106,0
162108,0
162122,0
162190,0
162282,0
162363,0
162416,0
162446,0
162469,0
162509,0
162521,0
162858,0
162874,0
163004,0
163140,0
163242,0
163273,0
163294,0
163305,0
163383,0
163423,0
163438,0
163477,0
163551,0
163616,0
163682,0
163806,0
163839,0
163887,0
163889,0
163983,0
163996,0
164101,0
164109,0
164120,0
164154,0
164221,0
164251,0
164305,0
164339,0
164555,0
164605,0
164674,0
164693,0
164706,0
164723,0
164898,0
165013,0
165094,0
165255,0
165272,0
165361,0
165453,0
165523,0
165527,0
165627,0
165709,0
165756,0
165776,0
165810,0
165824,0
165929,0
165935,0
165945,0
166118,0
166200,0
166213,0
166259,0
166378,0
166393,0
166418,0
166420,0
166455,0
166480,0
166501,0
166572,0
166621,0
166630,0
166817,0
166858,0
166931,0
166939,0
166967,0
167100,0
167192,0
167361,0
167445,0
167472,0
167681,0
167721,0
167785,0
167851,0
167904,0
167937,0
167992,0
168031,0
168056,0
168135,0
168164,0
168166,0
168299,0
168360,0
168397,0
168483,0
168575,0
168631,0
168665,0
168670,0
168673,0
168689,0
168772,0
168827,0
168860,0
168886,0
168916,0
168993,0
169061,0
169094,0
169325,0
169339,0
169343,0
169349,0
169418,0
169420,0
169451,0
169457,0
169607,0
169669,0
169671,0
169680,0
169686,0
169896,0
169931,0
170114,0
170126,0
170135,0
170158,0
170262,0
170341,0
170351,0
170396,0
170402,0
170445,0
170507,0
170549,0
170594,0
170597,0
170612,0
170679,0
170685,0
170751,0
170810,0
170831,0
170843,0
171022,0
171086,0
171178,0
171248,0
171362,0
171390,0
171395,0
171434,0
171559,0
171579,0
171627,0
171638,0
171660,0
171747,0
171906,0
172193,0
172327,0
172485,0
172526,0
172688,0
172691,0
172837,0
172902,0
173022,0
173103,0
173110,0
173250,0
173258,0
173272,0
173288,0
173531,0
173563,0
173625,0
173693,0
173868,0
173955,0
174046,0
174097,0
174122,0
174238,0
174266,0
174322,0
174349,0
174351,0
174370,0
174521,0
174654,0
174676,0
174722,0
174754,0
174780,0
174915,0
174996,0
175136,0
175179,0
175224,0
175244,0
175293,0
175297,0
175311,0
175512,0
175604,0
175860,0
175998,0
176014,0
176057,0
176104,0
176154,0
176168,0
176176,0
176237,0
176239,0
176250,0
176261,0
176282,0
176315,0
176317,0
176332,0
176344,0
176353,0
176409,0
176513,0
176520,0
176593,0
176679,0
176681,0
176706,0
176706,0
176741,0
176772,0
176819,0
176919,0
176922,0
176951,0
176990,0
177029,0
177253,0
177459,0
177482,0
177486,0
177500,0
177531,0
177557,0
177656,0
177722,0
177777,0
177777,0
177865,0
177879,0
177936,0
177937,0
177971,0
177984,0
178079,0
178202,0
178225,0
178385,0
178397,0
178403,0
178546,0
178665,0
178784,0
178812,0
178831,0
178887,0
178900,0
178958,0
179001,0
179066,0
179285,0
179355,0
179387,0
179416,0
179607,0
179643,0
179658,0
179804,0
179823,0
179895,0
180021,0
180034,0
180088,0
180137,0
180154,0
180363,0
180377,0
180425,0
180663,0
180691,0
180695,0
180770,0
180932,0
180932,0
180942,0
180948,0
180973,0
180998,0
181022,0
181039,0
181168,0
181191,0
181258,0
181262,0
181337,0
181401,0
181452,0
181461,0
181526,0
181557,0
181559,0
181566,0
181593,0
181604,0
181655,0
181681,0
181744,0
181828,0
181944,0
181956,0
181981,0
182142,0
182148,0
182157,0
182159,0
182284,0
182322,0
182351,0
182477,0
182507,0
182515,0
182672,0
182696,0
182732,0
182738,0
182781,0
182828,0
182858,0
182860,0
182955,0
182957,0
182970,0
183024,0
183103,0
183124,0
183200,0
183228,0
183261,0
183276,0
183303,0
183325,0
183361,0
183369,0
183406,0
183467,0
183636,0
183654,0
183712,0
183745,0
183772,0
183772,0
183782,0
183821,0
183862,0
183885,0
183954,0
183983,0
184023,0
184067,0
184116,0
184218,0
184431,0
184594,0
184664,0
184963,0
184969,0
185216,0
185381,0
185385,0
185405,0
185459,0
185472,0
185482,0
185565,0
185652,0
185675,0
185690,0
185745,0
186027,0
186314,0
186346,0
186352,0
186364,0
186385,0
186471,0
186485,0
186493,0
186507,0
186644,0
186705,0
186856,0
186870,0
186931,0
186995,0
187099,0
187105,0
187124,0
187196,0
187221,0
187254,0
187298,0
187314,0
187320,0
187407,0
187417,0
187424,0
187462,0
187510,0
187659,0
187846,0
187935,0
187956,0
187980,0
188036,0
188043,0
188068,0
188085,0
188100,0
188111,0
188200,0
188246,0
188252,0
188267,0
188283,0
188299,0
188317,0
188319,0
188335,0
188370,0
188372,0
188379,0
188413,0
188434,0
188438,0
188486,0
188492,0
188616,0
188632,0
188639,0
188732,0
188734,0
188736,0
188736,0
188748,0
188770,0
188862,0
188885,0
188890,0
188956,0
188963,0
188976,0
189008,0
189025,0
189098,0
189134,0
189158,0
189354,0
189379,0
189504,0
189506,0
189517,0
189576,0
189767,0
189827,0
189915,0
189935,0
190018,0
190028,0
190093,0
190497,0
190512,0
190654,0
190672,0
190690,0
190724,0
190822,0
190954,0
191025,0
191032,0
191058,0
191142,0
191156,0
191286,0
191317,0
191321,0
191345,0
191385,0
191410,0
191567,0
191611,0
191617,0
191816,0
191841,0
191871,0
192100,0
192223,0
192318,0
192322,0
192338,0
192355,0
192429,0
192435,0
192523,0
192550,0
192590,0
192663,0
192763,0
192770,0
192814,0
192848,0
192857,0
192861,0
192868,0
192941,0
193001,0
193038,0
193063,0
193088,0
193118,0
193167,0
193259,0
193311,0
193342,0
193364,0
193387,0
193406,0
193422,0
193472,0
193494,0
193579,0
193622,0
193688,0
193856,0
193944,0
193951,0
194083,0
194353,0
194362,0
194459,0
194522,0
194579,0
194630,0
194663,0
194694,0
194718,0
194810,0
194890,0
195020,0
195045,0
195222,0
195351,0
195361,0
195423,0
195436,0
195465,0
195505,0
195516,0
195542,0
195552,0
195694,0
195710,0
195754,0
195762,0
195837,0
195867,0
195984,0
196038,0
196041,0
196088,0
196162,0
196183,0
196202,0
196222,0
196232,0
196310,0
196397,0
196483,0
196509,0
196610,0
196618,0
196652,0
196663,0
196705,0
196713,0
196733,0
196755,0
196762,0
196819,0
196835,0
196870,0
196909,0
196932,0
196953,0
196969,0
196974,0
196976,0
197194,0
197241,0
197372,0
197460,0
197461,0
197510,0
197514,0
197605,0
197658,0
197932,0
197955,0
198005,0
198123,0
198175,0
198187,0
198213,0
198227,0
198234,0
198254,0
198268,0
198337,0
198433,0
198546,0
198687,0
198689,0
198702,0
198723,0
198866,0
198880,0
198881,0
198980,0
199072,0
199098,0
199131,0
199137,0
199160,0
199204,0
199370,0
199408,0
199431,0
199508,0
199631,0
199669,0
199671,0
199772,0
199836,0
200045,0
200166,0
200373,0
200384,0
200385,0
200407,0
200427,0
200466,0
200491,0
200648,0
200663,0
200701,0
200709,0
200731,0
200865,0
200910,0
200975,0
201145,0
201236,0
201249,0
201289,0
201311,0
201400,0
201469,0
201560,0
201600,0
201639,0
201699,0
201818,0
201828,0
201907,0
201997,0
202154,0
202160,0
202185,0
202283,0
202333,0
202376,0
202387,0
202462,0
202489,0
202518,0
202594,0
202597,0
202640,0
202820,0
202904,0
202904,0
202972,0
203039,0
203066,0
203091,0
203135,0
203251,0
203328,0
203461,0
203518,0
203530,0
203653,0
203686,0
203731,0
203746,0
203754,0
203769,0
203785,0
203909,0
204075,0
204185,0
204192,0
204224,0
204253,0
204266,0
204285,0
204298,0
204303,0
204319,0
204320,0
204343,0
204367,0
204374,0
204420,0
204422,0
204434,0
204484,0
204506,0
204589,0
204602,0
204675,0
204696,0
204774,0
204825,0
204876,0
204921,0
204939,0
204982,0
204993,0
205003,0
205116,0
205257,0
205274,0
205323,0
205330,0
205345,0
205412,0
205434,0
205487,0
205489,0
205568,0
205584,0
205769,0
205775,0
205809,0
206067,0
206097,0
206143,0
206199,0
206231,0
206240,0
206329,0
206605,0
206676,0
206693,0
206744,0
206853,0
206907,0
206955,0
206961,0
207006,0
207080,0
207086,0
207102,0
207382,0
207489,0
207542,0
207567,0
207723,0
207748,0
207832,0
207919,0
208110,0
208184,0
208225,0
208242,0
208286,0
208361,0
208376,0
208399,0
208539,0
208658,0
208826,0
208828,0
208966,0
208970,0
209130,0
209144,0
209148,0
209272,0
209340,0
209397,0
209414,0
209452,0
209493,0
209578,0
209600,0
209718,0
209755,0
210035,0
210040,0
210099,0
210171,0
210280,0
210304,0
210311,0
210337,0
210375,0
210456,0
210554,0
210568,0
210574,0
210577,0
210660,0
210666,0
210806,0
210810,0
210842,0
210852,0
210871,0
210885,0
210894,0
210906,0
210934,0
211001,0
211033,0
211169,0
211185,0
211211,0
211217,0
211230,0
211275,0
211298,0
211371,0
211430,0
211477,0
211507,0
211537,0
211570,0
211579,0
211684,0
211864,0
211881,0
211957,0
212028,0
212162,0
212169,0
212333,0
212336,0
212352,0
212381,0
212411,0
212420,0
212420,0
212443,0
212466,0
212471,0
212658,0
212700,0
212724,0
212764,0
212980,0
213057,0
213376,0
213406,0
213540,0
213585,0
213663,0
213674,0
213744,0
213751,0
213920,0
213944,0
213985,0
213997,0
214031,0
214259,0
214269,0
214535,0
214607,0
214700,0
215047,0
215109,0
215158,0
215193,0
215258,0
215262,0
215294,0
215382,0
215415,0
215463,0
215505,0
215539,0
215558,0
215625,0
215636,0
215659,0
215707,0
215771,0
215780,0
215793,0
215804,0
215847,0
215871,0
215892,0
215929,0
215971,0
215991,0
216010,0
216050,0
216121,0
216133,0
216197,0
216251,0
216295,0
216380,0
216417,0
216487,0
216499,0
216628,0
216677,0
216682,0
216731,0
216762,0
216865,0
217041,0
217089,0
217223,0
217225,0
217239,0
217352,0
217414,0
217656,0
217662,0
217801,0
217860,0
217883,0
217959,0
218093,0
218100,0
218123,0
218158,0
218272,0
218287,0
218291,0
218322,0
218393,0
218401,0
218449,0
218476,0
218486,0
218523,0
218530,0
218610,0
218690,0
218704,0
218818,0
218848,0
219201,0
219213,0
219239,0
219345,0
219426,0
219470,0
219611,0
219784,0
219816,0
219825,0
219829,0
219914,0
219920,0
219991,0
220113,0
220126,0
220207,0
220285,0
220298,0
220406,0
220431,0
220461,0
220531,0
220630,0
220708,0
220795,0
220871,0
220884,0
220928,0
220945,0
220999,0
221072,0
221099,0
221105,0
221329,0
221334,0
221374,0
221609,0
221618,0
221667,0
221679,0
221696,0
221731,0
221866,0
222020,0
222141,0
222202,0
222211,0
222231,0
222234,0
222254,0
222380,0
222431,0
222527,0
222550,0
222669,0
222812,0
222868,0
222941,0
222988,0
222997,0
222999,0
223102,0
223105,0
223144,0
223171,0
223272,0
223374,0
223450,0
223561,0
223568,0
223597,0
223632,0
223699,0
223754,0
223754,0
223777,0
223815,0
223821,0
224000,0
224012,0
224037,0
224062,0
224140,0
224171,0
224405,0
224429,0
224490,0
224619,0
224622,0
224622,0
224656,0
224750,0
224771,0
224829,0
224829,0
224984,0
225117,0
225160,0
225160,0
225164,0
225231,0
225252,0
225318,0
225385,0
225457,0
225464,0
225492,0
225496,0
225507,0
225511,0
225553,0
225577,0
225657,0
225838,0
225870,0
225876,0
225929,0
225996,0
226022,0
226104,0
226118,0
226261,0
226274,0
226306,0
226523,0
226549,0
226627,0
226679,0
226701,0
226803,0
226915,0
226953,0
226957,0
226966,0
227081,0
227117,0
227132,0
227317,0
227336,0
227751,0
227835,0
227944,0
227954,0
227971,0
228040,0
228053,0
228165,0
228166,0
228170,0
228197,0
228217,0
228357,0
228365,0
228372,0
228436,0
228447,0
228609,0
228682,0
228831,0
228832,0
228865,0
228873,0
228997,0
229026,0
229048,0
229173,0
229177,0
229192,0
229226,0
229256,0
229338,0
229418,0
229436,0
229531,0
229630,0
229630,0
229671,0
229815,0
229823,0
229881,0
229905,0
230028,0
230101,0
230107,0
230127,0
230137,0
230167,0
230217,0
230321,0
230350,0
230362,0
230437,0
230445,0
230495,0
230506,0
230567,0
230586,0
230588,0
230620,0
230673,0
230764,0
230853,0
230909,0
230953,0
230965,0
230991,0
231082,0
231111,0
231200,0
231266,0
231274,0
231312,0
231446,0
231447,0
231517,0
231556,0
231570,0
231589,0
231699,0
231702,0
232095,0
232105,0
232116,0
232120,0
232166,0
232185,0
232194,0
232267,0
232267,0
232290,0
232335,0
232367,0
232463,0
232603,0
232663,0
232865,0
232873,0
232917,0
233041,0
233063,0
233088,0
233174,0
233224,0
233228,0
233261,0
233340,0
233433,0
233456,0
233467,0
233631,0
233632,0
233756,0
233772,0
233803,0
233850,0
233851,0
233870,0
233893,0
233970,0
234130,0
234350,0
234382,0
234398,0
234514,0
234542,0
234563,0
234675,0
234700,0
234761,0
234851,0
234888,0
234919,0
235024,0
235043,0
235128,0
235198,0
235291,0
235314,0
235367,0
235560,0
235595,0
235598,0
235616,0
235758,0
235805,0
235884,0
235992,0
236024,0
236032,0
236271,0
236323,0
236368,0
236388,0
236423,0
236508,0
236511,0
236522,0
236527,0
236531,0
236535,0
236537,0
236565,0
236615,0
236699,0
236708,0
236764,0
236781,0
236954,0
236973,0
237036,0
237054,0
237172,0
237223,0
237252,0
237334,0
237346,0
237490,0
237514,0
237532,0
237642,0
237702,0
237765,0
237877,0
237909,0
237933,0
238058,0
238089,0
238109,0
238190,0
238262,0
238264,0
238408,0
238447,0
238456,0
238463,0
238515,0
238537,0
238569,0
238585,0
238664,0
238667,0
238724,0
238728,0
238812,0
238815,0
238817,0
238846,0
238848,0
238955,0
238959,0
239003,0
239016,0
239063,0
239070,0
239116,0
239200,0
239230,0
239266,0
239289,0
239310,0
239416,0
239450,0
239456,0
239696,0
239720,0
239833,0
239838,0
239852,0
239913,0
239933,0
239939,0
239945,0
240038,0
240072,0
240091,0
240173,0
240188,0
240189,0
240212,0
240237,0
240243,0
240325,0
240353,0
240357,0
240426,0
240566,0
240578,0
240654,0
240781,0
240880,0
241136,0
241174,0
241194,0
241220,0
241226,0
241319,0
241374,0
241401,0
241529,0
241611,0
241668,0
241738,0
241742,0
241855,0
241877,0
241961,0
241987,0
242043,0
242076,0
242081,0
242186,0
242194,0
242216,0
242333,0
242436,0
242512,0
242514,0
242606,0
242638,0
242685,0
242685,0
242738,0
242791,0
242832,0
242878,0
242902,0
242910,0
243008,0
243068,0
243169,0
243260,0
243304,0
243316,0
243345,0
243391,0
243531,0
243619,0
243676,0
243747,0
243861,0
243890,0
243895,0
243899,0
243913,0
243914,0
243966,0
244083,0
244311,0
244403,0
244419,0
244519,0
244525,0
244649,0
244664,0
244743,0
244839,0
244893,0
244988,0
245102,0
245211,0
245264,0
245307,0
245464,0
245518,0
245519,0
245525,0
245527,0
245533,0
245538,0
245629,0
245665,0
245687,0
245752,0
245772,0
245795,0
245892,0
245893,0
245918,0
245919,0
245929,0
245954,0
245967,0
246052,0
246084,0
246197,0
246212,0
246245,0
246282,0
246556,0
246662,0
246716,0
246726,0
246830,0
246926,0
246935,0
247014,0
247031,0
247083,0
247190,0
247206,0
247241,0
247269,0
247314,0
247373,0
247396,0
247577,0
247690,0
247744,0
247898,0
247913,0
247927,0
248048,0
248103,0
248241,0
248289,0
248307,0
248383,0
248389,0
248446,0
248499,0
248555,0
248593,0
248593,0
248619,0
248677,0
248829,0
248882,0
248892,0
248913,0
248936,0
248954,0
248973,0
249118,0
249127,0
249141,0
249178,0
249314,0
249316,0
249330,0
249346,0
249424,0
249449,0
249516,0
249529,0
249577,0
249726,0
249756,0
249815,0
249840,0
249931,0
250160,0
250166,0
250174,0
250210,0
250267,0
250290,0
250337,0
250430,0
250490,0
250631,0
250722,0
250791,0
250935,0
251006,0
251046,0
251100,0
251102,0
251114,0
251114,0
251299,0
251344,0
251630,0
251690,0
251690,0
251890,0
251897,0
251980,0
251988,0
252000,0
252016,0
252052,0
252121,0
252126,0
252181,0
252249,0
252251,0
252279,0
252285,0
252335,0
252386,0
252441,0
252458,0
252483,0
252536,0
252539,0
252637,0
252811,0
252943,0
253008,0
253056,0
253067,0
253089,0
253209,0
253244,0
253247,0
253280,0
253294,0
253406,0
253464,0
253497,0
253505,0
253558,0
253641,0
253741,0
253827,0
253830,0
253911,0
253970,0
253992,0
254115,0
254123,0
254127,0
254204,0
254236,0
254267,0
254442,0
254545,0
254580,0
254647,0
254739,0
254793,0
254807,0
254817,0
254817,0
254821,0
254859,0
254896,0
254957,0
254974,0
254975,0
255008,0
255018,0
255091,0
255105,0
255174,0
255241,0
255286,0
255292,0
255386,0
255389,0
255527,0
255617,0
255778,0
255900,0
255903,0
256077,0
256093,0
256139,0
256158,0
256199,0
256211,0
256279,0
256298,0
256474,0
256497,0
256515,0
256539,0
256540,0
256548,0
256576,0
256602,0
256619,0
256804,0
256905,0
256915,0
257053,0
257112,0
257124,0
257142,0
257235,0
257281,0
257314,0
257339,0
257404,0
257481,0
257591,0
257593,0
257607,0
257669,0
257705,0
257714,0
257892,0
257992,0
258015,0
258062,0
258175,0
258256,0
258338,0
258344,0
258372,0
258412,0
258449,0
258536,0
258615,0
258797,0
258855,0
258951,0
258962,0
259014,0
259050,0
259090,0
259137,0
259211,0
259223,0
259250,0
259293,0
259330,0
259468,0
259473,0
259483,0
259515,0
259586,0
259604,0
259636,0
259639,0
259740,0
259837,0
259852,0
259856,0
259908,0
259982,0
259993,0
260069,0
260087,0
260105,0
260160,0
260183,0
260304,0
260306,0
260337,0
260548,0
260606,0
260687,0
260778,0
261015,0
261016,0
261070,0
261139,0
261169,0
261180,0
261256,0
261257,0
261310,0
261339,0
261384,0
261416,0
261498,0
261537,0
261553,0
261592,0
261606,0
261779,0
261798,0
261838,0
261846,0
262043,0
262115,0
262216,0
262227,0
262287,0
262343,0
262465,0
262520,0
262568,0
262693,0
263298,0
263375,0
263497,0
263503,0
263513,0
263513,0
263545,0
263684,0
263743,0
263745,0
263766,0
263769,0
263865,0
263917,0
263917,0
263981,0
264123,0
264216,0
264246,0
264253,0
264498,0
264596,0
264672,0
264753,0
264789,0
264878,0
264892,0
264984,0
265038,0
265113,0
265249,0
265256,0
265568,0
265655,0
265669,0
265787,0
266013,0
266031,0
266096,0
266106,0
266149,0
266205,0
266211,0
266322,0
266549,0
266572,0
266590,0
266754,0
266759,0
266786,0
266788,0
266844,0
266994,0
267014,0
267033,0
267116,0
267256,0
267270,0
267273,0
267291,0
267471,0
267478,0
267544,0
267569,0
267630,0
267646,0
267704,0
267706,0
267836,0
267840,0
267872,0
267887,0
267923,0
267946,0
267953,0
267983,0
268058,0
268106,0
268124,0
268136,0
268161,0
268227,0
268344,0
268445,0
268493,0
268588,0
268591,0
268636,0
268699,0
268727,0
268756,0
268774,0
268796,0
268831,0
268858,0
268985,0
269087,0
269187,0
269266,0
269348,0
269518,0
269521,0
269683,0
269725,0
269737,0
269746,0
269949,0
269967,0
270008,0
270042,0
270067,0
270140,0
270143,0
270383,0
270384,0
270643,0
270663,0
270711,0
270852,0
270873,0
271024,0
271042,0
271067,0
271071,0
271095,0
271187,0
271290,0
271328,0
271390,0
271465,0
271536,0
271687,0
271745,0
271746,0
271784,0
271829,0
271979,0
271998,0
272029,0
272194,0
272217,0
272233,0
272322,0
272430,0
272459,0
272465,0
272480,0
272579,0
272604,0
272613,0
272647,0
272666,0
272823,0
272882,0
272950,0
273043,0
273060,0
273184,0
273203,0
273205,0
273314,0
273376,0
273379,0
273423,0
273431,0
273451,0
273471,0
273521,0
273547,0
273613,0
273642,0
273682,0
273845,0
273846,0
273875,0
273948,0
274106,0
274124,0
274284,0
274305,0
274328,0
274426,0
274514,0
274518,0
274587,0
274603,0
274659,0
274812,0
274814,0
274855,0
274877,0
274954,0
275062,0
275069,0
275299,0
275330,0
275342,0
275402,0
275466,0
275593,0
275597,0
275666,0
275883,0
275908,0
275919,0
276001,0
276033,0
276044,0
276123,0
276136,0
276190,0
276194,0
276229,0
276286,0
276461,0
276539,0
276576,0
276587,0
276632,0
276669,0
276740,0
276759,0
276901,0
277017,0
277093,0
277135,0
277164,0
277217,0
277230,0
277261,0
277268,0
277307,0
277400,0
277444,0
277476,0
277507,0
277556,0
277601,0
277625,0
277667,0
277778,0
277869,0
277911,0
277914,0
277915,0
277971,0
278028,0
278065,0
278113,0
278147,0
278203,0
278230,0
278296,0
278345,0
278385,0
278412,0
278510,0
278540,0
278668,0
278750,0
278802,0
278818,0
278887,0
278937,0
278939,0
278948,0
279192,0
279240,0
279242,0
279250,0
279514,0
279559,0
279604,0
279667,0
279685,0
279801,0
279895,0
279911,0
279950,0
279967,0
279979,0
280048,0
280254,0
280337,0
280462,0
280469,0
280471,0
280511,0
280516,0
280579,0
280586,0
280594,0
280885,0
281009,0
281041,0
281113,0
281135,0
281205,0
281297,0
281325,0
281370,0
281372,0
281423,0
281463,0
281554,0
281594,0
281654,0
281792,0
281899,0
281901,0
281903,0
281991,0
281994,0
282045,0
282081,0
282143,0
282149,0
282162,0
282210,0
282267,0
282366,0
282429,0
282486,0
282533,0
282616,0
282678,0
282748,0
282915,0
282952,0
283011,0
283060,0
283079,0
283152,0
283296,0
283410,0
283439,0
283558,0
283904,0
283929,0
284019,0
284021,0
284025,0
284118,0
284142,0
284162,0
284171,0
284262,0
284271,0
284308,0
284310,0
284467,0
284562,0
284637,0
284654,0
284756,0
284774,0
284867,0
285035,0
285037,0
285130,0
285170,0
285243,0
285293,0
285337,0
285369,0
285422,0
285529,0
285548,0
285594,0
285614,0
285648,0
285811,0
285828,0
285856,0
285895,0
285951,0
285963,0
286228,0
286245,0
286259,0
286340,0
286395,0
286400,0
286490,0
286540,0
286556,0
286575,0
286579,0
286636,0
286661,0
286662,0
286778,0
286851,0
286878,0
286908,0
287127,0
287153,0
287352,0
287376,0
287396,0
287467,0
287509,0
287622,0
287651,0
287804,0
287823,0
288028,0
288043,0
288057,0
288112,0
288208,0
288222,0
288362,0
288513,0
288516,0
288634,0
288673,0
288862,0
289061,0
289064,0
289070,0
289079,0
289128,0
289139,0
289211,0
289232,0
289445,0
289461,0
289567,0
289676,0
289791,0
289831,0
289836,0
289840,0
289860,0
289865,0
289933,0
290008,0
290030,0
290038,0
290143,0
290229,0
290230,0
290368,0
290404,0
290463,0
290659,0
290679,0
290693,0
290735,0
290738,0
290790,0
290802,0
290824,0
290962,0
290992,0
291191,0
291418,0
291560,0
291586,0
291598,0
291942,0
291943,0
292067,0
292168,0
292171,0
292307,0
292500,0
292510,0
292526,0
292528,0
292549,0
292608,0
292671,0
292689,0
292784,0
292835,0
292855,0
292908,0
292915,0
292954,0
293041,0
293050,0
293234,0
293304,0
293326,0
293333,0
293336,0
293355,0
293412,0
293471,0
293499,0
293546,0
293565,0
