73,0
146,0
348,0
352,0
354,0
489,0
548,0
564,0
582,0
646,0
818,0
823,0
918,0
924,0
952,0
966,0
1018,0
1034,0
1153,0
1160,0
1169,0
1173,0
1269,0
1277,0
1483,0
1518,0
1594,0
1641,0
1670,0
1688,0
1814,0
1839,0
1876,0
1997,0
2030,0
2179,0
2552,0
2602,0
2671,0
2820,0
2904,0
2988,0
3143,0
3268,0
3414,0
3483,0
3513,0
3541,0
3720,0
3728,0
3730,0
3892,0
3894,0
3905,0
4092,0
4437,0
4554,0
4568,0
4648,0
4720,0
4907,0
4923,0
4935,0
4978,0
4989,0
5035,0
5090,0
5092,0
5151,0
5153,0
5215,0
5232,0
5257,0
5266,0
5278,0
5286,0
5431,0
5456,0
5464,0
5468,0
5495,0
5517,0
5525,0
5580,0
5642,0
5681,0
5763,0
5827,0
5850,0
5887,0
5955,0
5988,0
6079,0
6134,0
6169,0
6195,0
6256,0
6262,0
6262,0
6345,0
6376,0
6437,0
6525,0
6569,0
6742,0
6763,0
6767,0
6809,0
6866,0
6957,0
7001,0
7127,0
7137,0
7235,0
7267,0
7397,0
7404,0
7416,0
7439,0
7503,0
7508,0
7564,0
7592,0
7629,0
7634,0
7738,0
7776,0
7796,0
7838,0
7900,0
7906,0
7908,0
7913,0
7916,0
7998,0
8079,0
8120,0
8216,0
8220,0
8259,0
8357,0
8462,0
8548,0
8600,0
8755,0
8806,0
8926,0
8936,0
8949,0
9046,0
9055,0
9117,0
9121,0
9171,0
9218,0
9414,0
9490,0
9518,0
9596,0
9685,0
9717,0
9791,0
9822,0
9894,0
9926,0
9972,0
9978,0
10120,0
10213,0
10339,0
10606,0
10699,0
10748,0
10873,0
10890,0
10936,0
11114,0
11153,0
11286,0
11288,0
11351,0
11710,0
11720,0
11871,0
11950,0
12049,0
12052,0
12079,0
12116,0
12145,0
12212,0
12281,0
12308,0
12340,0
12348,0
12349,0
12370,0
12472,0
12764,0
12782,0
12888,0
12908,0
12948,0
13112,0
13167,0
13232,0
13432,0
13517,0
13521,0
13557,0
13683,0
13715,0
13808,0
13827,0
13827,0
13841,0
13939,0
14033,0
14141,0
14264,0
14291,0
14373,0
14398,0
14455,0
14680,0
14955,0
15076,0
15184,0
15198,0
15269,0
15308,0
15416,0
15437,0
15498,0
15603,0
15660,0
15687,0
15769,0
15909,0
15996,0
16003,0
16091,0
16097,0
16182,0
16195,0
16348,0
16416,0
16508,0
16632,0
16666,0
16692,0
16701,0
16824,0
16827,0
16994,0
17009,0
17095,0
17108,0
17122,0
17138,0
17191,0
17396,0
17405,0
17427,0
17454,0
17519,0
17556,0
17608,0
17619,0
17638,0
17661,0
17687,0
17690,0
17695,0
17697,0
17795,0
17816,0
17833,0
17850,0
17856,0
17912,0
17932,0
17950,0
17976,0
18132,0
18182,0
18233,0
18268,0
18276,0
18487,0
18616,0
18623,0
18658,0
18658,0
18715,0
18727,0
18730,0
18795,0
18833,0
18909,0
18932,0
19029,0
19185,0
19197,0
19256,0
19356,0
19375,0
19389,0
19396,0
19452,0
19563,0
19692,0
19737,0
19769,0
19930,0
20003,0
20055,0
20060,0
20080,0
20109,0
20155,0
20172,0
20242,0
20378,0
20430,0
20469,0
20584,0
20630,0
20648,0
20662,0
20704,0
20813,0
20865,0
20901,0
20909,0
20936,0
21008,0
21041,0
21097,0
21187,0
21321,0
21367,0
21415,0
21424,0
21459,0
21483,0
21529,0
21620,0
21691,0
21739,0
21761,0
21791,0
21878,0
21888,0
21970,0
22043,0
22169,0
22183,0
22221,0
22272,0
22304,0
22328,0
22370,0
22413,0
22443,0
22489,0
22497,0
22507,0
22677,0
22703,0
22706,0
22729,0
22743,0
22758,0
23071,0
23107,0
23171,0
23256,0
23272,0
23280,0
23288,0
23367,0
23373,0
23524,0
23544,0
23547,0
23554,0
23563,0
23629,0
23687,0
23804,0
23808,0
23903,0
23906,0
23950,0
24093,0
24102,0
24291,0
24303,0
24327,0
24438,0
24460,0
24471,0
24508,0
24764,0
24881,0
24885,0
24888,0
24992,0
25006,0
25077,0
25141,0
25156,0
25164,0
25171,0
25182,0
25191,0
25223,0
25269,0
25412,0
25420,0
25624,0
25655,0
25720,0
25739,0
25821,0
25869,0
25883,0
25887,0
26019,0
26114,0
26182,0
26277,0
26300,0
26451,0
26535,0
26732,0
26779,0
26781,0
26902,0
26919,0
26978,0
27007,0
27242,0
27283,0
27354,0
27380,0
27445,0
27486,0
27566,0
27636,0
27645,0
27700,0
27741,0
27768,0
27782,0
27817,0
27858,0
27905,0
27935,0
27967,0
27991,0
27997,0
28037,0
28083,0
28140,0
28220,0
28243,0
28424,0
28486,0
28728,0
28786,0
28905,0
29222,0
29239,0
29253,0
29312,0
29369,0
29385,0
29399,0
29525,0
29689,0
29732,0
29776,0
29871,0
29890,0
29931,0
30030,0
30074,0
30104,0
30129,0
30132,0
30302,0
30306,0
30310,0
30336,0
30374,0
30376,0
30489,0
30603,0
30635,0
30693,0
30806,0
30818,0
30854,0
30886,0
30893,0
30952,0
31096,0
31131,0
31231,0
31234,0
31364,0
31553,0
31666,0
31677,0
31741,0
31798,0
32027,0
32029,0
32177,0
32334,0
32392,0
32520,0
32636,0
32758,0
32841,0
32845,0
32885,0
32936,0
32962,0
33025,0
33120,0
33198,0
33211,0
33243,0
33347,0
33360,0
33457,0
33462,0
33633,0
33650,0
33708,0
33761,0
33801,0
34011,0
34133,0
34154,0
34164,0
34236,0
34256,0
34341,0
34382,0
34422,0
34463,0
34499,0
34506,0
34558,0
34678,0
34700,0
34712,0
34853,0
34912,0
34914,0
35297,0
35331,0
35393,0
35494,0
35668,0
35713,0
35747,0
35823,0
35989,0
36011,0
36123,0
36129,0
36225,0
36311,0
36394,0
36468,0
36601,0
36613,0
36695,0
36870,0
36933,0
36996,0
37044,0
37082,0
37285,0
37350,0
37424,0
37450,0
37469,0
37637,0
37647,0
37650,0
37685,0
37690,0
37703,0
37802,0
37843,0
37946,0
38029,0
38093,0
38143,0
38301,0
38415,0
38454,0
38469,0
38494,0
38576,0
38585,0
38624,0
38699,0
38766,0
38777,0
38897,0
38931,0
39034,0
39047,0
39265,0
39289,0
39419,0
39546,0
39549,0
39727,0
39739,0
39745,0
39813,0
39828,0
40059,0
40064,0
40118,0
40254,0
40263,0
40304,0
40413,0
40415,0
40680,0
40701,0
40719,0
40890,0
40990,0
41083,0
41202,0
41226,0
41319,0
41355,0
41526,0
41557,0
41574,0
41668,0
41705,0
41799,0
41851,0
41889,0
42022,0
42043,0
42079,0
42080,0
42097,0
42113,0
42125,0
42154,0
42227,0
42242,0
42248,0
42310,0
42341,0
42584,0
42587,0
42629,0
42715,0
42722,0
42797,0
42840,0
42942,0
43071,0
43136,0
43140,0
43149,0
43154,0
43176,0
43183,0
43214,0
43292,0
43357,0
43387,0
43461,0
43469,0
43529,0
43626,0
43701,0
43710,0
43750,0
43836,0
43875,0
43904,0
43934,0
43959,0
43974,0
44107,0
44136,0
44140,0
44216,0
44264,0
44359,0
44370,0
44408,0
44505,0
44624,0
44637,0
44692,0
44714,0
44813,0
44829,0
44903,0
44939,0
44992,0
45131,0
45246,0
45253,0
45319,0
45461,0
45501,0
45621,0
45676,0
45980,0
45987,0
45991,0
46084,0
46252,0
46323,0
46334,0
46449,0
46462,0
46503,0
46751,0
46831,0
46904,0
46986,0
46993,0
47032,0
47086,0
47120,0
47145,0
47232,0
47252,0
47271,0
47274,0
47321,0
47374,0
47414,0
47481,0
47669,0
47892,0
47893,0
47979,0
48003,0
48086,0
48111,0
48355,0
48407,0
48494,0
48510,0
48574,0
48661,0
48792,0
48872,0
48931,0
48979,0
49083,0
49087,0
49104,0
49131,0
49145,0
49338,0
49348,0
49397,0
49422,0
49435,0
49471,0
49496,0
49502,0
49520,0
49546,0
49562,0
49613,0
49974,0
50035,0
50053,0
50063,0
50072,0
50242,0
50347,0
50364,0
50457,0
50629,0
50693,0
50796,0
50875,0
50968,0
51077,0
51126,0
51191,0
51333,0
51358,0
51423,0
51471,0
51530,0
51553,0
51581,0
51635,0
51724,0
51837,0
51844,0
51976,0
52027,0
52247,0
52434,0
52446,0
52468,0
52503,0
52665,0
52881,0
52887,0
53066,0
53089,0
53091,0
53114,0
53122,0
53157,0
53164,0
53409,0
53502,0
53512,0
53530,0
53544,0
53595,0
53605,0
53702,0
53771,0
53788,0
53828,0
53831,0
53862,0
53866,0
53942,0
54005,0
54049,0
54104,0
54124,0
54156,0
54176,0
54231,0
54304,0
54323,0
54329,0
54355,0
54388,0
54411,0
54441,0
54480,0
54527,0
54560,0
54632,0
54652,0
54764,0
54815,0
54821,0
54876,0
54880,0
54908,0
54930,0
55124,0
55185,0
55186,0
55211,0
55235,0
55284,0
55294,0
55300,0
55371,0
55399,0
55402,0
55477,0
55565,0
55614,0
55723,0
55932,0
55933,0
56030,0
56065,0
56103,0
56166,0
56446,0
56483,0
56667,0
56740,0
56801,0
56806,0
56991,0
56998,0
57228,0
57314,0
57319,0
57375,0
57437,0
57480,0
57492,0
57546,0
57558,0
57598,0
57628,0
57725,0
57797,0
57845,0
57881,0
57892,0
57956,0
58084,0
58150,0
58153,0
58168,0
58169,0
58197,0
58252,0
58257,0
58280,0
58287,0
58374,0
58382,0
58485,0
58485,0
58554,0
58573,0
58669,0
58700,0
58704,0
58858,0
58937,0
58951,0
59047,0
59048,0
59064,0
59115,0
59185,0
59225,0
59235,0
59447,0
59467,0
59568,0
59611,0
59693,0
59699,0
59733,0
59753,0
59808,0
59958,0
60053,0
60120,0
60196,0
60339,0
60519,0
60522,0
60598,0
60662,0
60667,0
60674,0
60684,0
60718,0
60750,0
60763,0
60842,0
60911,0
60933,0
60941,0
61027,0
61106,0
61268,0
61328,0
61408,0
61508,0
61643,0
61708,0
61780,0
61787,0
61867,0
61970,0
62086,0
62228,0
62463,0
62867,0
62962,0
62976,0
63002,0
63038,0
63184,0
63202,0
63240,0
63315,0
63382,0
63467,0
63470,0
63480,0
63491,0
63610,0
63618,0
63693,0
63842,0
63913,0
63962,0
64015,0
64028,0
64041,0
64159,0
64262,0
64269,0
64298,0
64303,0
64363,0
64383,0
64407,0
64541,0
64556,0
64562,0
64573,0
64702,0
64800,0
64859,0
64868,0
64919,0
65079,0
65225,0
65323,0
65395,0
65459,0
65528,0
65579,0
65606,0
65618,0
65805,0
65847,0
65901,0
66019,0
66090,0
66146,0
66409,0
66484,0
66492,0
66616,0
66695,0
66879,0
66953,0
67039,0
67111,0
67134,0
67151,0
67164,0
67208,0
67283,0
67290,0
67439,0
67468,0
67544,0
67586,0
67587,0
67627,0
67669,0
67729,0
67750,0
67782,0
67835,0
68172,0
68180,0
68237,0
68330,0
68376,0
68472,0
68506,0
68588,0
68594,0
68627,0
68695,0
68781,0
68802,0
68887,0
69167,0
69183,0
69247,0
69362,0
69368,0
69378,0
69502,0
69535,0
69593,0
69691,0
69768,0
69805,0
69867,0
70011,0
70110,0
70114,0
70321,0
70344,0
70358,0
70371,0
70464,0
70561,0
70636,0
70648,0
70665,0
70726,0
70767,0
70772,0
70917,0
70929,0
71061,0
71157,0
71169,0
71198,0
71227,0
71228,0
71312,0
71344,0
71529,0
71551,0
71595,0
71682,0
71706,0
71799,0
71814,0
71816,0
72036,0
72072,0
72093,0
72232,0
72233,0
72335,0
72364,0
72367,0
72429,0
72437,0
72444,0
72484,0
72519,0
72545,0
72580,0
72623,0
72634,0
72654,0
72670,0
72727,0
72834,0
72912,0
72934,0
72968,0
73066,0
73087,0
73143,0
73243,0
73352,0
73455,0
73611,0
73658,0
73660,0
73667,0
73807,0
73824,0
73851,0
73855,0
73914,0
73979,0
74009,0
74241,0
74283,0
74296,0
74385,0
74402,0
74446,0
74474,0
74482,0
74565,0
74578,0
74590,0
74646,0
74655,0
74708,0
74753,0
74846,0
74904,0
74942,0
75153,0
75158,0
75170,0
75341,0
75403,0
75424,0
75500,0
75516,0
75560,0
75604,0
75637,0
75792,0
75841,0
75902,0
75977,0
76025,0
76104,0
76126,0
76142,0
76317,0
76335,0
76415,0
76426,0
76452,0
76507,0
76529,0
76585,0
76624,0
76643,0
76654,0
76683,0
76738,0
76822,0
76828,0
76872,0
76903,0
76943,0
76998,0
77036,0
77053,0
77073,0
77146,0
77172,0
77210,0
77235,0
77323,0
77329,0
77417,0
77470,0
77588,0
77598,0
77625,0
77836,0
77852,0
78008,0
78024,0
78055,0
78127,0
78235,0
78366,0
78389,0
78479,0
78550,0
78786,0
78948,0
79078,0
79091,0
79165,0
79195,0
79197,0
79215,0
79361,0
79721,0
79804,0
79809,0
79810,0
79880,0
79943,0
80198,0
80313,0
80354,0
80397,0
80430,0
80557,0
80584,0
80595,0
80637,0
80674,0
80766,0
80784,0
80837,0
80837,0
80963,0
81101,0
81130,0
81183,0
81220,0
81262,0
81378,0
81420,0
81437,0
81552,0
81554,0
81600,0
81693,0
81706,0
81708,0
81835,0
81845,0
81846,0
81869,0
81952,0
81956,0
81960,0
82076,0
82145,0
82150,0
82179,0
82414,0
82591,0
82715,0
82748,0
82825,0
82829,0
82839,0
82846,0
82889,0
83034,0
83089,0
83173,0
83496,0
83562,0
83566,0
83623,0
83680,0
83711,0
83734,0
83759,0
83775,0
83783,0
83841,0
84150,0
84253,0
84264,0
84305,0
84479,0
84503,0
84519,0
84670,0
84776,0
84860,0
84886,0
84918,0
84967,0
85036,0
85078,0
85086,0
85087,0
85132,0
85370,0
85527,0
85557,0
85564,0
85613,0
85835,0
85842,0
85862,0
85922,0
85944,0
85982,0
86060,0
86081,0
86110,0
86153,0
86175,0
86185,0
86194,0
86210,0
86227,0
86268,0
86412,0
86433,0
86447,0
86487,0
86509,0
86527,0
86542,0
86649,0
86718,0
86739,0
86868,0
86892,0
86904,0
86949,0
86978,0
87012,0
87089,0
87170,0
87198,0
87218,0
87289,0
87300,0
87454,0
87531,0
87559,0
87581,0
87603,0
87631,0
87924,0
87928,0
88069,0
88083,0
88131,0
88272,0
88292,0
88334,0
88348,0
88351,0
88387,0
88409,0
88427,0
88444,0
88616,0
88629,0
88631,0
88641,0
88656,0
88695,0
88701,0
88716,0
88756,0
88768,0
88835,0
88840,0
88884,0
88944,0
88963,0
89010,0
89076,0
89128,0
89148,0
89169,0
89177,0
89211,0
89263,0
89361,0
89370,0
89505,0
89507,0
89526,0
89738,0
89759,0
89790,0
89826,0
89896,0
89929,0
89934,0
89954,0
89974,0
90051,0
90091,0
90168,0
90245,0
90250,0
90253,0
90381,0
90486,0
90606,0
90715,0
90755,0
90830,0
90842,0
90850,0
90862,0
90874,0
90918,0
90937,0
90944,0
91028,0
91037,0
91137,0
91232,0
91239,0
91272,0
91324,0
91342,0
91365,0
91375,0
91531,0
91810,0
91860,0
91884,0
91958,0
91981,0
92121,0
92166,0
92240,0
92328,0
92409,0
92412,0
92490,0
92555,0
92722,0
92783,0
92831,0
92832,0
92876,0
92971,0
93087,0
93218,0
93232,0
93529,0
93553,0
93565,0
93581,0
93597,0
93673,0
93708,0
93783,0
93863,0
93949,0
94001,0
94060,0
94096,0
94202,0
94209,0
94278,0
94310,0
94349,0
94542,0
94544,0
94547,0
94556,0
94744,0
94778,0
94926,0
94994,0
95019,0
95030,0
95043,0
95081,0
95104,0
95338,0
95359,0
95578,0
95609,0
95658,0
95689,0
95717,0
95842,0
96055,0
96106,0
96135,0
96196,0
96203,0
96207,0
96240,0
96449,0
96491,0
96500,0
96536,0
96580,0
96592,0
96642,0
96818,0
96845,0
96926,0
96939,0
96992,0
97150,0
97181,0
97241,0
97241,0
97254,0
97391,0
97519,0
97593,0
97601,0
97696,0
97747,0
97812,0
97967,0
98008,0
98025,0
98067,0
98076,0
98126,0
98128,0
98253,0
98314,0
98344,0
98387,0
98416,0
98531,0
98612,0
98628,0
98658,0
98849,0
98854,0
98892,0
99059,0
99063,0
99065,0
99173,0
99182,0
99186,0
99372,0
99381,0
99511,0
99513,0
99533,0
99642,0
99843,0
99853,0
99914,0
99997,0
100030,0
100049,0
100174,0
100208,0
100251,0
100321,0
100340,0
100734,0
100797,0
100920,0
101175,0
101227,0
101277,0
101327,0
101337,0
101365,0
101393,0
101411,0
101417,0
101611,0
101737,0
101798,0
101838,0
101942,0
101958,0
102127,0
102273,0
102420,0
102495,0
102632,0
102723,0
102744,0
102776,0
102851,0
102956,0
103021,0
103070,0
103134,0
103192,0
103236,0
103319,0
103410,0
103598,0
103601,0
103841,0
103866,0
103900,0
103927,0
103977,0
103984,0
103995,0
104012,0
104083,0
104102,0
104297,0
104303,0
104312,0
104318,0
104368,0
104538,0
104679,0
104718,0
104813,0
104895,0
104933,0
104972,0
105067,0
105109,0
105327,0
105331,0
105382,0
105417,0
105422,0
105460,0
105499,0
105504,0
105525,0
105564,0
105620,0
105632,0
105848,0
105874,0
106046,0
106093,0
106241,0
106292,0
106293,0
106304,0
106315,0
106348,0
106551,0
106556,0
106737,0
106738,0
106763,0
106768,0
106785,0
106974,0
106978,0
107011,0
107046,0
107051,0
107133,0
107226,0
107354,0
107477,0
107546,0
107645,0
107650,0
107795,0
107864,0
107903,0
107984,0
107995,0
108271,0
108273,0
108309,0
108374,0
108405,0
108425,0
108443,0
108494,0
108505,0
108606,0
108608,0
108692,0
108747,0
108800,0
108820,0
109087,0
109093,0
109142,0
109223,0
109278,0
109304,0
109360,0
109486,0
109517,0
109521,0
109532,0
109569,0
109595,0
109882,0
109932,0
109986,0
110003,0
110024,0
110050,0
110065,0
110102,0
110111,0
110211,0
110232,0
110248,0
110334,0
110372,0
110486,0
110504,0
110771,0
110819,0
111038,0
111085,0
111114,0
111227,0
111330,0
111365,0
111447,0
111494,0
111636,0
111693,0
111713,0
111776,0
111793,0
111849,0
111913,0
111930,0
112030,0
112049,0
112063,0
112108,0
112262,0
112451,0
112485,0
112611,0
112693,0
112746,0
112850,0
112873,0
112893,0
112987,0
113022,0
113099,0
113190,0
113295,0
113328,0
113375,0
113459,0
113465,0
113493,0
113536,0
113539,0
113556,0
113591,0
113823,0
113853,0
113898,0
113942,0
113957,0
113969,0
114073,0
114155,0
114461,0
114549,0
114563,0
114618,0
114737,0
114977,0
115044,0
115059,0
115077,0
115096,0
115123,0
115251,0
115389,0
115396,0
115536,0
115586,0
115753,0
115785,0
115856,0
115874,0
116025,0
116033,0
116115,0
116117,0
116130,0
116140,0
116192,0
116197,0
116264,0
116275,0
116326,0
116394,0
116438,0
116490,0
116519,0
116566,0
116587,0
116638,0
116705,0
116814,0
116814,0
116816,0
116903,0
116909,0
117069,0
117276,0
117365,0
117391,0
117551,0
117626,0
117642,0
117750,0
117761,0
117793,0
117879,0
117899,0
117903,0
117913,0
117924,0
117967,0
118063,0
118089,0
118209,0
118243,0
118308,0
118400,0
118418,0
118464,0
118489,0
118503,0
118734,0
118746,0
118783,0
118865,0
118916,0
118948,0
118966,0
119011,0
119039,0
119059,0
119158,0
119176,0
119300,0
119595,0
119770,0
119925,0
119953,0
119970,0
119982,0
120009,0
120013,0
120031,0
120040,0
120121,0
120160,0
120181,0
120193,0
120253,0
120254,0
120256,0
120264,0
120272,0
120292,0
120355,0
120389,0
120389,0
120496,0
120513,0
120707,0
120729,0
120854,0
120855,0
120869,0
120934,0
121250,0
121260,0
121266,0
121274,0
121304,0
121317,0
121355,0
121388,0
121406,0
121448,0
121454,0
121543,0
121814,0
121815,0
121840,0
121888,0
121939,0
121963,0
122023,0
122032,0
122098,0
122111,0
122250,0
122506,0
122517,0
122523,0
122546,0
122569,0
122610,0
122630,0
122691,0
122712,0
122847,0
122927,0
123311,0
123327,0
123426,0
123464,0
123520,0
123595,0
123660,0
123714,0
123755,0
123789,0
123799,0
123863,0
123865,0
123894,0
123965,0
124106,0
124192,0
124228,0
124334,0
124461,0
124474,0
124510,0
124594,0
124597,0
124617,0
124836,0
124860,0
124866,0
124905,0
124911,0
124946,0
124955,0
124998,0
125039,0
125139,0
125160,0
125182,0
125219,0
125237,0
125294,0
125297,0
125357,0
125440,0
125546,0
125629,0
125724,0
125727,0
125748,0
125817,0
125943,0
126001,0
126070,0
126092,0
126135,0
126155,0
126178,0
126193,0
126352,0
126436,0
126513,0
126641,0
126745,0
126832,0
126896,0
126950,0
126962,0
127161,0
127267,0
127279,0
127317,0
127381,0
127442,0
127562,0
127625,0
127655,0
127667,0
127830,0
128077,0
128091,0
128098,0
128143,0
128146,0
128168,0
128193,0
128245,0
128308,0
128510,0
128583,0
128620,0
128736,0
128770,0
128833,0
128892,0
129114,0
129139,0
129156,0
129207,0
129277,0
129332,0
129359,0
129376,0
129379,0
129403,0
129529,0
129640,0
129701,0
129703,0
129782,0
129782,0
129783,0
129785,0
129786,0
129803,0
129844,0
129859,0
129900,0
129918,0
129941,0
129966,0
130001,0
130031,0
130057,0
130189,0
130213,0
130214,0
130229,0
130257,0
130374,0
130420,0
130458,0
130509,0
130522,0
130555,0
130577,0
130638,0
130665,0
130755,0
130803,0
131047,0
131050,0
131050,0
131063,0
131082,0
131212,0
131213,0
131260,0
131491,0
131521,0
131757,0
131899,0
131988,0
131993,0
132038,0
132085,0
132161,0
132203,0
132238,0
132307,0
132338,0
132481,0
132510,0
132556,0
132773,0
132984,0
133010,0
133066,0
133092,0
133130,0
133169,0
133220,0
133255,0
133415,0
133473,0
133570,0
133658,0
133681,0
133682,0
133708,0
133989,0
134101,0
134103,0
134207,0
134209,0
134375,0
134392,0
134407,0
134412,0
134475,0
134510,0
134516,0
134547,0
134562,0
134625,0
134700,0
134705,0
134709,0
134740,0
134771,0
134840,0
134922,0
134973,0
134974,0
135001,0
135046,0
135072,0
135095,0
135321,0
135350,0
135374,0
135382,0
135390,0
135485,0
135496,0
135503,0
135537,0
135576,0
135604,0
135659,0
135665,0
135666,0
135680,0
135828,0
135906,0
135983,0
136131,0
136136,0
136149,0
136345,0
136359,0
136386,0
136521,0
136538,0
136683,0
136738,0
136767,0
136820,0
137027,0
137091,0
137110,0
137182,0
137199,0
137301,0
137321,0
137337,0
137347,0
137349,0
137402,0
137475,0
137630,0
137640,0
137704,0
137793,0
137905,0
138018,0
138024,0
138065,0
138068,0
138081,0
138195,0
138227,0
138247,0
138402,0
138540,0
138608,0
138611,0
138675,0
138686,0
138843,0
138850,0
138889,0
138890,0
138892,0
138948,0
139195,0
139200,0
139337,0
139398,0
139482,0
139559,0
139638,0
139783,0
139794,0
139924,0
139927,0
139930,0
139944,0
139954,0
139979,0
139993,0
139998,0
140058,0
140177,0
140184,0
140357,0
140366,0
140411,0
140532,0
140554,0
140633,0
140835,0
140841,0
140917,0
140929,0
140931,0
140985,0
141089,0
141242,0
141245,0
141291,0
141345,0
141438,0
141469,0
141480,0
141509,0
141531,0
141556,0
141584,0
141602,0
141668,0
141781,0
141787,0
141862,0
141926,0
141972,0
142017,0
142202,0
142310,0
142325,0
142359,0
142408,0
142615,0
142628,0
142649,0
142688,0
142695,0
142713,0
142750,0
142895,0
142927,0
142940,0
142997,0
143074,0
143097,0
143239,0
143375,0
143458,0
143485,0
143573,0
143622,0
143889,0
143896,0
144026,0
144036,0
144303,0
144340,0
144392,0
144441,0
144475,0
144528,0
144568,0
144574,0
144657,0
144686,0
144794,0
144806,0
144818,0
144888,0
144959,0
145048,0
145200,0
145237,0
145420,0
145440,0
145566,0
145679,0
145736,0
145961,0
146003,0
146047,0
146209,0
146284,0
146503,0
146544,0
146568,0
146674,0
146826,0
146943,0
146975,0
146987,0
147175,0
147218,0
147292,0
147314,0
147349,0
147361,0
147523,0
147608,0
147683,0
147788,0
147869,0
148109,0
148260,0
148280,0
148364,0
148372,0
148380,0
148382,0
148387,0
148394,0
148418,0
148426,0
148460,0
148541,0
148551,0
148563,0
148804,0
148811,0
148877,0
148964,0
148990,0
149023,0
149082,0
149192,0
149233,0
149370,0
149450,0
149472,0
149482,0
149627,0
149677,0
149744,0
149815,0
149977,0
150179,0
150179,0
150424,0
150434,0
150445,0
150474,0
150493,0
150526,0
150604,0
150655,0
150665,0
150691,0
150694,0
150716,0
150731,0
150888,0
150933,0
150971,0
151018,0
151291,0
151343,0
151357,0
151379,0
151540,0
151672,0
151726,0
151772,0
151946,0
152077,0
152127,0
152144,0
152152,0
152241,0
152290,0
152371,0
152464,0
152689,0
152790,0
152889,0
153128,0
153221,0
153236,0
153251,0
153303,0
153333,0
153413,0
153481,0
153522,0
153536,0
153636,0
153660,0
153968,0
154027,0
154113,0
154130,0
154339,0
154382,0
154554,0
154690,0
154715,0
154747,0
154811,0
154937,0
154981,0
155134,0
155187,0
155224,0
155350,0
155367,0
155385,0
155651,0
155674,0
155686,0
155720,0
155818,0
156034,0
156093,0
156130,0
156294,0
156330,0
156380,0
156523,0
156564,0
156566,0
156712,0
156727,0
156949,0
156949,0
156958,0
157025,0
157096,0
157123,0
157236,0
157312,0
157444,0
157660,0
157679,0
157767,0
157769,0
157817,0
157819,0
157972,0
158012,0
158062,0
158137,0
158142,0
158187,0
158300,0
158551,0
158656,0
158710,0
158783,0
158822,0
158932,0
159023,0
159032,0
159075,0
159086,0
159094,0
159133,0
159263,0
159441,0
159460,0
159510,0
159545,0
159558,0
159584,0
159629,0
159712,0
159860,0
159862,0
159869,0
159949,0
159984,0
160016,0
160052,0
160395,0
160550,0
160610,0
160634,0
160655,0
160765,0
160766,0
160858,0
160931,0
160975,0
160978,0
161028,0
161152,0
161197,0
161219,0
161219,0
161263,0
161309,0
161335,0
161543,0
161573,0
161574,0
161576,0
161601,0
161605,0
161706,0
161747,0
161770,0
161893,0
162001,0
162005,0
162014,0
162108,0
162170,0
162387,0
162706,0
162728,0
162733,0
162830,0
162882,0
162922,0
162927,0
162941,0
162995,0
163059,0
163071,0
163099,0
163265,0
163438,0
163495,0
163540,0
163582,0
163619,0
163644,0
163664,0
163691,0
163713,0
163754,0
163778,0
163895,0
164110,0
164164,0
164181,0
164284,0
164332,0
164348,0
164385,0
164402,0
164463,0
164464,0
164506,0
164542,0
164659,0
164721,0
164850,0
164889,0
164904,0
165184,0
165271,0
165357,0
165422,0
165486,0
165518,0
165532,0
165550,0
165644,0
165648,0
165659,0
165693,0
165745,0
165798,0
165994,0
166061,0
166129,0
166381,0
166471,0
166493,0
166537,0
166537,0
166714,0
166721,0
166847,0
166922,0
166929,0
167047,0
167224,0
167244,0
167315,0
167350,0
167403,0
167423,0
167433,0
167502,0
167555,0
167719,0
167793,0
167943,0
167989,0
168036,0
168048,0
168092,0
168288,0
168497,0
168521,0
168537,0
168574,0
168637,0
168690,0
168701,0
168736,0
168848,0
168885,0
168890,0
169025,0
169046,0
169161,0
169164,0
169186,0
169203,0
169246,0
169283,0
169328,0
169430,0
169509,0
169744,0
169764,0
169765,0
169775,0
169827,0
169865,0
169902,0
169999,0
170247,0
170339,0
170506,0
170533,0
170554,0
170795,0
170879,0
170965,0
171006,0
171116,0
171140,0
171167,0
171184,0
171235,0
171238,0
171272,0
171360,0
171428,0
171465,0
171479,0
171560,0
171617,0
171673,0
171679,0
171715,0
171737,0
171803,0
171968,0
171991,0
172066,0
172074,0
172092,0
172132,0
172201,0
172251,0
172385,0
172418,0
172703,0
172786,0
172811,0
172872,0
172906,0
172907,0
172977,0
172999,0
173043,0
173224,0
173232,0
173310,0
173338,0
173407,0
173441,0
173480,0
173487,0
173496,0
173522,0
173633,0
173654,0
173657,0
173808,0
173845,0
173905,0
173973,0
174015,0
174017,0
174025,0
174108,0
174179,0
174196,0
174223,0
174261,0
174490,0
174616,0
174627,0
174677,0
174690,0
174721,0
174733,0
174789,0
174952,0
175008,0
175130,0
175289,0
175290,0
175361,0
175489,0
175547,0
175650,0
175731,0
175792,0
175875,0
176261,0
176411,0
176459,0
176606,0
176660,0
176660,0
176820,0
176940,0
177023,0
177122,0
177139,0
177251,0
177253,0
177350,0
177355,0
177431,0
177469,0
177479,0
177525,0
177762,0
177767,0
178117,0
178161,0
178310,0
178341,0
178380,0
178398,0
178405,0
178654,0
178718,0
178754,0
178866,0
178921,0
178999,0
179047,0
179071,0
179459,0
179522,0
179525,0
179534,0
179618,0
179673,0
179694,0
179742,0
180010,0
180098,0
180103,0
180210,0
180223,0
180310,0
180327,0
180387,0
180391,0
180408,0
180523,0
180603,0
180939,0
180952,0
181010,0
181060,0
181677,0
181710,0
181852,0
181884,0
181907,0
181943,0
181956,0
182098,0
182204,0
182307,0
182416,0
182417,0
182538,0
182550,0
182555,0
182649,0
182721,0
182740,0
183029,0
183160,0
183188,0
183231,0
183338,0
183340,0
183400,0
183497,0
183501,0
183535,0
183613,0
183660,0
184010,0
184095,0
184097,0
184162,0
184178,0
184195,0
184366,0
184470,0
184486,0
184582,0
184678,0
184680,0
184739,0
184778,0
184793,0
184798,0
184836,0
185017,0
185045,0
185064,0
185090,0
185158,0
185190,0
185225,0
185413,0
185520,0
185570,0
185574,0
185613,0
185620,0
185690,0
185747,0
185791,0
185914,0
185932,0
185949,0
186072,0
186096,0
186240,0
186374,0
186520,0
186539,0
186876,0
186891,0
186994,0
187005,0
187131,0
187188,0
187441,0
187495,0
187594,0
187658,0
187808,0
188064,0
188072,0
188090,0
188400,0
188408,0
188413,0
188452,0
188460,0
188493,0
188547,0
188575,0
188638,0
188683,0
188717,0
188887,0
188929,0
188937,0
188993,0
189000,0
189145,0
189306,0
189356,0
189375,0
189492,0
189556,0
189668,0
189697,0
189699,0
189839,0
189937,0
190018,0
190039,0
190215,0
190253,0
190268,0
190290,0
190302,0
190417,0
190422,0
190520,0
190530,0
190554,0
190631,0
190645,0
190697,0
190768,0
190897,0
191028,0
191109,0
191337,0
191406,0
191753,0
191833,0
192048,0
192055,0
192076,0
192077,0
192100,0
192108,0
192206,0
192320,0
192357,0
192558,0
192592,0
192686,0
192719,0
192745,0
192800,0
192840,0
192849,0
192973,0
193004,0
193058,0
193088,0
193116,0
193182,0
193290,0
193333,0
193378,0
193497,0
193531,0
193603,0
193655,0
193804,0
193843,0
193845,0
193905,0
193963,0
193972,0
194127,0
194146,0
194189,0
194261,0
194266,0
194376,0
194389,0
194433,0
194458,0
194506,0
194519,0
194538,0
194716,0
194794,0
194844,0
194882,0
195001,0
195181,0
195248,0
195327,0
195439,0
195480,0
195543,0
195582,0
195609,0
195677,0
195683,0
195691,0
195705,0
195895,0
195984,0
196025,0
196258,0
196266,0
196271,0
196374,0
196376,0
196438,0
196542,0
196613,0
196721,0
196912,0
196987,0
197033,0
197114,0
197179,0
197198,0
197250,0
197284,0
197336,0
197337,0
197344,0
197431,0
197687,0
197692,0
197693,0
197827,0
197881,0
197967,0
197973,0
197986,0
198002,0
198036,0
198048,0
198275,0
198358,0
198431,0
198569,0
198646,0
198857,0
198877,0
198887,0
198907,0
198939,0
198947,0
198966,0
199001,0
199011,0
199199,0
199289,0
199440,0
199473,0
199601,0
199673,0
199684,0
199798,0
199853,0
199891,0
199948,0
200001,0
200013,0
200128,0
200130,0
200209,0
200218,0
200310,0
200326,0
200336,0
200357,0
200610,0
200639,0
200687,0
200693,0
200748,0
200752,0
200796,0
200813,0
200827,0
200831,0
200853,0
201016,0
201050,0
201188,0
201197,0
201217,0
201273,0
201273,0
201344,0
201367,0
201369,0
201517,0
201534,0
201698,0
201712,0
201739,0
201879,0
201909,0
201924,0
202020,0
202047,0
202048,0
202133,0
202218,0
202462,0
202519,0
202522,0
202550,0
202615,0
202652,0
202667,0
202670,0
202679,0
202753,0
202805,0
202941,0
202956,0
202961,0
203032,0
203046,0
203064,0
203074,0
203087,0
203180,0
203231,0
203458,0
203513,0
203602,0
203641,0
203672,0
203695,0
203709,0
203818,0
203860,0
203875,0
203914,0
204066,0
204074,0
204105,0
204183,0
204246,0
204384,0
204503,0
204506,0
204540,0
204564,0
204609,0
204667,0
204678,0
204721,0
204727,0
204754,0
204955,0
205014,0
205057,0
205081,0
205156,0
205230,0
205246,0
205257,0
205286,0
205425,0
205532,0
205552,0
205554,0
205644,0
205676,0
205798,0
205979,0
206007,0
206032,0
206041,0
206090,0
206173,0
206236,0
206330,0
206342,0
206387,0
206388,0
206434,0
206469,0
206470,0
206526,0
206588,0
206600,0
206621,0
206662,0
206832,0
206875,0
206903,0
206993,0
207058,0
207124,0
207205,0
207214,0
207433,0
207598,0
207736,0
207775,0
207787,0
207803,0
207815,0
207903,0
207911,0
208040,0
208151,0
208180,0
208252,0
208427,0
208485,0
208506,0
208510,0
208562,0
208621,0
208677,0
208703,0
208822,0
209031,0
209141,0
209152,0
209269,0
209276,0
209372,0
209515,0
209662,0
209730,0
209745,0
209793,0
209848,0
209892,0
210061,0
210071,0
210078,0
210285,0
210426,0
210474,0
210603,0
210629,0
210666,0
210751,0
210782,0
210796,0
211050,0
211204,0
211304,0
211353,0
211443,0
211506,0
211515,0
211525,0
211619,0
211634,0
211687,0
211693,0
211696,0
211779,0
211836,0
211986,0
212010,0
212107,0
212141,0
212269,0
212274,0
212330,0
212337,0
212352,0
212407,0
212558,0
212562,0
212620,0
212625,0
212818,0
212828,0
212831,0
212905,0
212978,0
213012,0
213105,0
213161,0
213180,0
213222,0
213235,0
213240,0
213469,0
213522,0
213539,0
213717,0
213767,0
213808,0
213873,0
213874,0
213952,0
213964,0
214059,0
214073,0
214075,0
214257,0
214343,0
214565,0
214598,0
214923,0
215034,0
215042,0
215069,0
215074,0
215082,0
215092,0
215099,0
215207,0
215209,0
215324,0
215367,0
215385,0
215386,0
215524,0
215575,0
215615,0
215625,0
215630,0
215766,0
215846,0
215892,0
215916,0
216031,0
216039,0
216104,0
216142,0
216150,0
216209,0
216324,0
216375,0
216422,0
216495,0
216499,0
216571,0
216698,0
216726,0
216750,0
216824,0
216855,0
216963,0
217081,0
217111,0
217128,0
217156,0
217182,0
217190,0
217214,0
217341,0
217441,0
217445,0
217533,0
217610,0
217621,0
217638,0
217646,0
217661,0
217688,0
217732,0
217987,0
218040,0
218118,0
218131,0
218167,0
218267,0
218578,0
218632,0
218888,0
218937,0
218937,0
218984,0
219048,0
219083,0
219172,0
219337,0
219340,0
219381,0
219391,0
219482,0
219645,0
219693,0
219764,0
219786,0
219849,0
219871,0
219916,0
220031,0
220043,0
220126,0
220177,0
220215,0
220376,0
220413,0
220432,0
220461,0
220474,0
220556,0
220564,0
220645,0
220674,0
220681,0
220725,0
220737,0
220823,0
220913,0
221074,0
221082,0
221182,0
221208,0
221241,0
221280,0
221299,0
221321,0
221447,0
221476,0
221541,0
221619,0
221627,0
221680,0
221700,0
221868,0
221873,0
221886,0
221970,0
221987,0
221989,0
222018,0
222061,0
222178,0
222354,0
222372,0
222389,0
222391,0
222657,0
222751,0
222761,0
222792,0
222891,0
222961,0
223088,0
223128,0
223144,0
223165,0
223166,0
223264,0
223279,0
223360,0
223378,0
223384,0
223553,0
223563,0
223625,0
223962,0
224014,0
224084,0
224138,0
224294,0
224317,0
224375,0
224458,0
224466,0
224733,0
224861,0
224956,0
224993,0
224996,0
225104,0
225106,0
225169,0
225178,0
225196,0
225237,0
225347,0
225385,0
225401,0
225450,0
225458,0
225524,0
225686,0
225703,0
225821,0
225871,0
225881,0
225892,0
225927,0
225939,0
226042,0
226269,0
226332,0
226357,0
226822,0
226963,0
226974,0
227178,0
227311,0
227348,0
227377,0
227491,0
227532,0
227614,0
227743,0
227761,0
227829,0
227881,0
227883,0
227931,0
228003,0
228060,0
228149,0
228175,0
228263,0
228318,0
228373,0
228381,0
228394,0
228459,0
228528,0
228568,0
228577,0
228581,0
228599,0
228644,0
228649,0
228704,0
228706,0
228732,0
228825,0
228834,0
228849,0
228859,0
228876,0
228921,0
229117,0
229139,0
229163,0
229193,0
229221,0
229254,0
229304,0
229349,0
229393,0
229408,0
229420,0
229444,0
229462,0
229660,0
229669,0
229686,0
229765,0
229819,0
229840,0
229938,0
229965,0
229982,0
230021,0
230079,0
230105,0
230132,0
230168,0
230189,0
230284,0
230314,0
230360,0
230380,0
230393,0
230420,0
230499,0
230508,0
230546,0
230642,0
230657,0
230694,0
230708,0
230824,0
230835,0
230847,0
230900,0
230952,0
231094,0
231200,0
231273,0
231316,0
231330,0
231441,0
231503,0
231553,0
231579,0
231652,0
231657,0
231772,0
231777,0
231822,0
231826,0
231877,0
231995,0
232021,0
232109,0
232109,0
232133,0
232137,0
232153,0
232205,0
232282,0
232379,0
232488,0
232694,0
232712,0
232880,0
232888,0
233070,0
233089,0
233105,0
233158,0
233234,0
233261,0
233321,0
233340,0
233370,0
233482,0
233530,0
233555,0
233624,0
233628,0
233730,0
233769,0
233883,0
234183,0
234241,0
234320,0
234500,0
234535,0
234556,0
234639,0
234708,0
234724,0
234824,0
234925,0
234980,0
235030,0
235098,0
235144,0
235146,0
235196,0
235234,0
235292,0
235392,0
235424,0
235461,0
235577,0
235893,0
235901,0
235940,0
236066,0
236071,0
236090,0
236111,0
236127,0
236168,0
236194,0
236239,0
236311,0
236354,0
236463,0
236606,0
236688,0
236696,0
236709,0
236808,0
236826,0
236838,0
236840,0
236844,0
236845,0
236981,0
237018,0
237108,0
237153,0
237196,0
237245,0
237345,0
237362,0
237444,0
237520,0
237525,0
237543,0
237550,0
237570,0
237603,0
237610,0
237685,0
237686,0
237770,0
237816,0
237904,0
238090,0
238140,0
238141,0
238254,0
238394,0
238420,0
238439,0
238487,0
238513,0
238659,0
238701,0
238751,0
238782,0
238864,0
238908,0
239016,0
239019,0
239203,0
239280,0
239309,0
239316,0
239351,0
239420,0
239481,0
239592,0
239594,0
239632,0
239665,0
239770,0
239770,0
239814,0
239827,0
239854,0
239873,0
239892,0
239935,0
240033,0
240059,0
240176,0
240178,0
240275,0
240301,0
240349,0
240378,0
240390,0
240467,0
240478,0
240591,0
240628,0
240647,0
240695,0
240735,0
240826,0
240841,0
241044,0
241069,0
241193,0
241266,0
241283,0
241398,0
241436,0
241646,0
241673,0
241699,0
241798,0
241831,0
241907,0
241928,0
242005,0
242177,0
242213,0
242257,0
242259,0
242347,0
242378,0
242498,0
242509,0
242969,0
242977,0
243067,0
243076,0
243173,0
243179,0
243272,0
243280,0
243430,0
243434,0
243506,0
243559,0
243567,0
243573,0
243586,0
243603,0
243686,0
243791,0
243825,0
243897,0
243988,0
244032,0
244080,0
244158,0
244374,0
244453,0
244481,0
244521,0
244631,0
244742,0
244895,0
244897,0
244926,0
244999,0
245004,0
245022,0
245270,0
245280,0
245408,0
245500,0
245523,0
245523,0
245546,0
245607,0
245607,0
245780,0
245797,0
245816,0
245866,0
246172,0
246276,0
246330,0
246334,0
246355,0
246368,0
246540,0
246598,0
246675,0
246715,0
246814,0
246936,0
246967,0
246976,0
246982,0
247058,0
247079,0
247086,0
247089,0
247283,0
247285,0
247290,0
247294,0
247351,0
247478,0
247486,0
247566,0
247572,0
247743,0
247802,0
247827,0
247829,0
247945,0
247961,0
247999,0
248006,0
248131,0
248227,0
248389,0
248416,0
248495,0
248547,0
248555,0
248583,0
248636,0
248655,0
248664,0
248726,0
248732,0
248787,0
248789,0
248935,0
248948,0
248981,0
249005,0
249036,0
249110,0
249116,0
249214,0
249331,0
249410,0
249532,0
249559,0
249571,0
249641,0
249669,0
249670,0
249682,0
249687,0
249782,0
249793,0
249818,0
249823,0
249851,0
250021,0
250056,0
250072,0
250123,0
250233,0
250234,0
250287,0
250325,0
250358,0
250438,0
250500,0
250665,0
250690,0
250734,0
250783,0
250868,0
250884,0
250914,0
250943,0
250962,0
250973,0
251297,0
251467,0
251477,0
251493,0
251528,0
251608,0
251664,0
251841,0
251862,0
251926,0
251986,0
252000,0
252089,0
252153,0
252384,0
252412,0
252472,0
252541,0
252778,0
252793,0
252813,0
252897,0
252939,0
253010,0
253147,0
253198,0
253230,0
253272,0
253376,0
253457,0
253521,0
253530,0
253871,0
253906,0
254063,0
254154,0
254261,0
254287,0
254346,0
254366,0
254490,0
254497,0
254505,0
254542,0
254747,0
254782,0
254788,0
254848,0
254879,0
254879,0
254961,0
254966,0
255333,0
255370,0
255468,0
255569,0
255639,0
255726,0
255802,0
255884,0
255918,0
256038,0
256104,0
256130,0
256172,0
256269,0
256372,0
256372,0
256397,0
256445,0
256586,0
256655,0
256697,0
256718,0
256861,0
256899,0
256920,0
256929,0
256949,0
256953,0
256956,0
257170,0
257253,0
257256,0
257269,0
257349,0
257358,0
257361,0
257397,0
257546,0
257556,0
257669,0
257726,0
257764,0
257773,0
257893,0
257937,0
258018,0
258043,0
258061,0
258085,0
258286,0
258328,0
258502,0
258580,0
258745,0
258760,0
258795,0
258889,0
259027,0
259091,0
259182,0
259484,0
259676,0
259693,0
259695,0
259700,0
259717,0
259786,0
259813,0
259827,0
259867,0
259869,0
259908,0
259989,0
260002,0
260018,0
260067,0
260069,0
260110,0
260246,0
260331,0
260373,0
260393,0
260458,0
260632,0
260671,0
260724,0
260806,0
260864,0
260974,0
260982,0
260988,0
260998,0
261023,0
261083,0
261101,0
261228,0
261244,0
261251,0
261258,0
261279,0
261333,0
261366,0
261375,0
261571,0
261654,0
261757,0
261760,0
261926,0
261974,0
262026,0
262240,0
262243,0
262247,0
262285,0
262291,0
262464,0
262544,0
262587,0
262871,0
262898,0
262987,0
263082,0
263121,0
263230,0
263250,0
263566,0
263573,0
263595,0
263628,0
263714,0
263775,0
263787,0
263879,0
263902,0
263950,0
263962,0
264049,0
264075,0
264084,0
264140,0
264257,0
264275,0
264297,0
264470,0
264489,0
264581,0
264675,0
264727,0
264825,0
264924,0
264943,0
264987,0
264990,0
265004,0
265042,0
265078,0
265108,0
265143,0
265265,0
265338,0
265369,0
265444,0
265644,0
265794,0
265829,0
265835,0
265852,0
265858,0
265897,0
265916,0
265996,0
266141,0
266267,0
266287,0
266357,0
266359,0
266453,0
266482,0
266494,0
266512,0
266556,0
266589,0
266666,0
266770,0
266787,0
266794,0
267024,0
267228,0
267321,0
267366,0
267414,0
267520,0
267589,0
267620,0
267701,0
267810,0
267964,0
268055,0
268156,0
268194,0
268220,0
268224,0
268243,0
268305,0
268362,0
268376,0
268418,0
268595,0
268639,0
268645,0
268856,0
269290,0
269345,0
269497,0
269581,0
269593,0
269614,0
269759,0
269767,0
269898,0
269935,0
270009,0
270015,0
270108,0
270122,0
270230,0
270230,0
270234,0
270241,0
270250,0
270301,0
270412,0
270569,0
270672,0
270676,0
270711,0
270786,0
270857,0
270876,0
271096,0
271131,0
271216,0
271234,0
271256,0
271272,0
271328,0
271532,0
271604,0
271733,0
271745,0
271762,0
271921,0
271945,0
271960,0
272136,0
272153,0
272414,0
272511,0
272519,0
272576,0
272594,0
272709,0
272743,0
272870,0
272959,0
273009,0
273396,0
273446,0
273453,0
273471,0
273650,0
273668,0
273696,0
273709,0
273779,0
273868,0
273882,0
274031,0
274044,0
274196,0
274237,0
274321,0
274380,0
274417,0
274422,0
274452,0
274499,0
274605,0
274770,0
274821,0
274968,0
275027,0
275171,0
275176,0
275200,0
275316,0
275342,0
275351,0
275372,0
275374,0
275433,0
275448,0
275453,0
275490,0
275578,0
275579,0
275611,0
275696,0
275756,0
275778,0
275865,0
275948,0
275968,0
275998,0
276088,0
276144,0
276173,0
276352,0
276357,0
276453,0
276536,0
276587,0
276633,0
276990,0
277057,0
277098,0
277121,0
277148,0
277183,0
277195,0
277374,0
277374,0
277375,0
277533,0
277569,0
277667,0
277715,0
277790,0
277814,0
277930,0
278054,0
278109,0
278248,0
278439,0
278465,0
278467,0
278490,0
278502,0
278516,0
278581,0
278636,0
278702,0
278757,0
278899,0
278932,0
278997,0
279121,0
279335,0
279613,0
279659,0
279663,0
279734,0
279767,0
279872,0
279900,0
279959,0
280031,0
280034,0
280129,0
280159,0
280169,0
280171,0
280198,0
280231,0
280234,0
280242,0
280383,0
280393,0
280410,0
280577,0
280614,0
280666,0
280725,0
280850,0
280872,0
280907,0
280914,0
280992,0
281010,0
281111,0
281229,0
281263,0
281274,0
281352,0
281502,0
281508,0
281678,0
281693,0
281720,0
281752,0
281754,0
281962,0
282014,0
282051,0
282063,0
282164,0
282219,0
282241,0
282263,0
282394,0
282435,0
282476,0
282546,0
282653,0
282920,0
282943,0
283002,0
283022,0
283085,0
283114,0
283144,0
283150,0
283165,0
283205,0
283312,0
283315,0
283320,0
283325,0
283512,0
283553,0
283657,0
283664,0
283724,0
283756,0
283771,0
283846,0
283924,0
284259,0
284396,0
284660,0
284671,0
284938,0
284942,0
284984,0
285183,0
285231,0
285249,0
285356,0
285370,0
285430,0
285583,0
285656,0
285857,0
285868,0
285964,0
286067,0
286105,0
286116,0
286131,0
286147,0
286151,0
286166,0
286252,0
286277,0
286550,0
286720,0
286883,0
286903,0
286955,0
287091,0
287163,0
287164,0
287184,0
287227,0
287300,0
287354,0
287508,0
287580,0
287599,0
287629,0
287776,0
287813,0
287829,0
287841,0
287942,0
287965,0
288049,0
288064,0
288138,0
288263,0
288360,0
288384,0
288418,0
288709,0
288713,0
288753,0
288829,0
288957,0
289025,0
289042,0
289048,0
289155,0
289250,0
289281,0
289295,0
289458,0
289484,0
289544,0
289617,0
289767,0
289781,0
289800,0
289905,0
289967,0
289989,0
290050,0
290428,0
290440,0
290567,0
290579,0
290733,0
290804,0
290868,0
291059,0
291151,0
291183,0
291268,0
291303,0
291435,0
291514,0
291581,0
291583,0
291629,0
291661,0
291864,0
291879,0
291910,0
291977,0
292017,0
292029,0
292064,0
292083,0
292100,0
292154,0
292190,0
292304,0
292545,0
292676,0
292680,0
292761,0
292833,0
292913,0
293007,0
293317,0
293498,0
293761,0
293872,0
293970,0
294083,0
294250,0
294386,0
294431,0
294485,0
294561,0
294733,0
294869,0
294963,0
294978,0
295144,0
295198,0
295293,0
295362,0
295670,0
295672,0
295818,0
295819,0
295858,0
295871,0
296031,0
296129,0
296158,0
296177,0
296209,0
296256,0
296457,0
296569,0
296590,0
296721,0
296790,0
296877,0
296879,0
296897,0
296961,0
296999,0
297015,0
297142,0
297155,0
297399,0
297478,0
297531,0
297732,0
297805,0
297820,0
297875,0
297891,0
297982,0
298060,0
298114,0
298188,0
298297,0
298308,0
298347,0
298348,0
298392,0
298433,0
298472,0
298501,0
298577,0
298590,0
298599,0
298609,0
298633,0
298734,0
298759,0
298888,0
298893,0
298898,0
299021,0
299026,0
299027,0
299070,0
299078,0
299202,0
299207,0
299307,0
299326,0
299469,0
299476,0
299581,0
299633,0
299668,0
299802,0
299830,0
299894,0
299914,0
299927,0
299957,0
300005,0
300073,0
300119,0
300149,0
300256,0
300297,0
300506,0
300536,0
300605,0
300650,0
300758,0
300789,0
300832,0
300863,0
301009,0
301059,0
301080,0
301175,0
301263,0
301307,0
301510,0
301521,0
301582,0
301630,0
301661,0
301661,0
301665,0
301726,0
301730,0
301738,0
301799,0
301840,0
301897,0
301943,0
301944,0
301962,0
301973,0
302089,0
302235,0
302325,0
302501,0
302572,0
302700,0
302716,0
302901,0
302928,0
303254,0
303304,0
303393,0
303416,0
303520,0
303596,0
303630,0
303675,0
303763,0
303764,0
303775,0
303777,0
303975,0
303977,0
304077,0
304106,0
304177,0
304197,0
304227,0
304270,0
304275,0
304280,0
304311,0
304331,0
304347,0
304368,0
304600,0
304619,0
304643,0
304745,0
304879,0
304913,0
305129,0
305201,0
305340,0
305476,0
305699,0
305736,0
305791,0
305832,0
305835,0
305853,0
305857,0
305927,0
306091,0
306158,0
306239,0
306547,0
306558,0
306607,0
306645,0
306732,0
306901,0
306945,0
306989,0
307003,0
307067,0
307082,0
307086,0
307105,0
307106,0
307171,0
307202,0
307353,0
307366,0
307445,0
307604,0
307627,0
307631,0
307644,0
307681,0
307786,0
307889,0
307912,0
307997,0
308015,0
308048,0
308102,0
308116,0
308139,0
308173,0
308309,0
308321,0
308342,0
308396,0
308422,0
308577,0
308583,0
308610,0
308636,0
308803,0
308805,0
308891,0
308896,0
308897,0
308973,0
309039,0
309057,0
309171,0
309291,0
309305,0
309317,0
309388,0
309404,0
309564,0
309606,0
309817,0
309829,0
309829,0
309831,0
309842,0
310002,0
310008,0
310028,0
310157,0
310190,0
310343,0
310347,0
310403,0
310579,0
310608,0
310699,0
310717,0
310848,0
310901,0
310943,0
310953,0
311007,0
311279,0
311408,0
311472,0
311493,0
311511,0
311667,0
311677,0
311684,0
311696,0
311731,0
311842,0
311861,0
311895,0
311989,0
312105,0
312170,0
312282,0
312286,0
312302,0
312415,0
312416,0
312505,0
312509,0
312565,0
312716,0
312730,0
312735,0
312785,0
312853,0
312966,0
313041,0
313116,0
313220,0
313253,0
313401,0
313427,0
313454,0
313542,0
313605,0
313634,0
313838,0
313906,0
313968,0
313978,0
314202,0
314296,0
314311,0
314361,0
314365,0
314431,0
314439,0
314475,0
314512,0
314521,0
314540,0
314553,0
314560,0
314570,0
314581,0
314608,0
314637,0
314695,0
314924,0
315139,0
315162,0
315231,0
315238,0
315500,0
315537,0
315646,0
315650,0
315663,0
315873,0
315882,0
316052,0
316143,0
316167,0
316192,0
316268,0
316356,0
316479,0
316517,0
316542,0
316591,0
316592,0
316627,0
316754,0
316800,0
316868,0
316900,0
316924,0
316950,0
317084,0
317159,0
317217,0
317280,0
317333,0
317455,0
317480,0
317495,0
317549,0
317557,0
317625,0
317704,0
317800,0
317825,0
317845,0
317862,0
317888,0
317910,0
318050,0
318193,0
318213,0
318234,0
318243,0
318252,0
318272,0
318285,0
318291,0
318410,0
318414,0
318477,0
318485,0
318552,0
318661,0
318722,0
318755,0
318776,0
318795,0
318855,0
318892,0
319074,0
319117,0
319122,0
319470,0
319706,0
319732,0
320116,0
320120,0
320139,0
320262,0
320412,0
320589,0
320598,0
320636,0
320692,0
320725,0
320802,0
320804,0
320805,0
320905,0
320994,0
321001,0
321043,0
321046,0
321160,0
321192,0
321288,0
321322,0
321517,0
321556,0
321771,0
321798,0
321801,0
321877,0
321889,0
321988,0
322084,0
322207,0
322245,0
322293,0
322426,0
