61,0
186,0
187,0
267,0
306,0
360,0
566,0
599,0
601,0
728,0
798,0
1118,0
1120,0
1254,0
1313,0
1397,0
1440,0
1566,0
1751,0
2016,0
2034,0
2070,0
2075,0
2196,0
2228,0
2309,0
2400,0
2439,0
2506,0
2512,0
2520,0
2580,0
2652,0
2655,0
2690,0
2761,0
2808,0
2974,0
3038,0
3073,0
3113,0
3385,0
3414,0
3428,0
3447,0
3504,0
3517,0
3564,0
3657,0
3661,0
3676,0
3730,0
3780,0
3945,0
4008,0
4070,0
4174,0
4223,0
4282,0
4379,0
4421,0
4448,0
4569,0
4605,0
4669,0
4721,0
4847,0
4856,0
4902,0
4928,0
4932,0
4954,0
4974,0
5049,0
5062,0
5131,0
5138,0
5148,0
5153,0
5160,0
5219,0
5252,0
5282,0
5515,0
5653,0
5664,0
5746,0
5787,0
5874,0
6019,0
6044,0
6219,0
6297,0
6364,0
6528,0
6536,0
6571,0
6616,0
6661,0
6699,0
6739,0
6797,0
6947,0
7169,0
7235,0
7245,0
7318,0
7345,0
7726,0
7769,0
7917,0
7931,0
8050,0
8195,0
8391,0
8570,0
8607,0
8636,0
8642,0
8796,0
8802,0
8813,0
8893,0
8958,0
9000,0
9055,0
9067,0
9224,0
9280,0
9348,0
9460,0
9527,0
9531,0
9541,0
9755,0
9763,0
9940,0
9942,0
10135,0
10180,0
10306,0
10370,0
10406,0
10490,0
10547,0
10589,0
10619,0
10678,0
10793,0
10797,0
10849,0
10889,0
10891,0
10900,0
10969,0
10981,0
11290,0
11297,0
11359,0
11398,0
11529,0
11665,0
11720,0
12069,0
12081,0
12121,0
12211,0
12381,0
12541,0
12578,0
12613,0
12717,0
12718,0
12726,0
12785,0
12896,0
12907,0
13036,0
13068,0
13148,0
13245,0
13250,0
13358,0
13359,0
13378,0
13532,0
13814,0
13843,0
14069,0
14076,0
14100,0
14199,0
14248,0
14322,0
14335,0
14484,0
14495,0
14508,0
14522,0
14622,0
14811,0
14919,0
15016,0
15096,0
15155,0
15201,0
15263,0
15264,0
15431,0
15460,0
15509,0
15550,0
15571,0
15612,0
15664,0
15725,0
15762,0
15767,0
15909,0
16123,0
16153,0
16171,0
16346,0
16426,0
16554,0
16630,0
16922,0
16955,0
17013,0
17049,0
17056,0
17176,0
17415,0
17420,0
17484,0
17594,0
17954,0
17962,0
17963,0
17990,0
17998,0
18085,0
18213,0
18484,0
18510,0
18563,0
18566,0
18640,0
18793,0
18797,0
18957,0
19119,0
19119,0
19123,0
19227,0
19235,0
19284,0
19373,0
19429,0
19448,0
19585,0
19612,0
19613,0
19627,0
19744,0
19762,0
19869,0
20016,0
20051,0
20129,0
20161,0
20284,0
20297,0
20321,0
20354,0
20414,0
20506,0
20528,0
20529,0
20544,0
20593,0
20674,0
20679,0
20748,0
20784,0
20939,0
21012,0
21054,0
21117,0
21157,0
21243,0
21277,0
21409,0
21413,0
22019,0
22019,0
22039,0
22201,0
22444,0
22449,0
22450,0
22467,0
22626,0
22634,0
22807,0
22935,0
22972,0
23034,0
23124,0
23232,0
23247,0
23311,0
23349,0
23352,0
23468,0
23542,0
23570,0
23640,0
23670,0
23672,0
23907,0
23939,0
24081,0
24187,0
24232,0
24245,0
24397,0
24421,0
24448,0
24501,0
24546,0
24547,0
24578,0
24595,0
24638,0
24653,0
24668,0
24702,0
24813,0
24888,0
25134,0
25218,0
25241,0
25350,0
25355,0
25504,0
25524,0
25525,0
25578,0
25595,0
25630,0
25639,0
25647,0
25703,0
25720,0
25725,0
25814,0
25815,0
25817,0
25823,0
25823,0
25849,0
25906,0
25927,0
26093,0
26144,0
26151,0
26214,0
26258,0
26327,0
26422,0
26500,0
26531,0
26643,0
26711,0
26805,0
26827,0
26923,0
26984,0
27124,0
27319,0
27323,0
27342,0
27402,0
27404,0
27493,0
27494,0
27515,0
27520,0
27628,0
27924,0
28201,0
28237,0
28385,0
28809,0
28811,0
28845,0
28966,0
29010,0
29032,0
29113,0
29157,0
29285,0
29594,0
29687,0
29773,0
29856,0
30142,0
30184,0
30259,0
30347,0
30356,0
30405,0
30452,0
30477,0
30555,0
30858,0
30872,0
30900,0
30942,0
31026,0
31038,0
31163,0
31206,0
31225,0
31242,0
31250,0
31487,0
31679,0
31759,0
31779,0
31819,0
31871,0
31897,0
32093,0
32244,0
32327,0
32358,0
32790,0
33030,0
33382,0
33397,0
33676,0
33718,0
33749,0
33809,0
33874,0
33891,0
33943,0
33970,0
34040,0
34113,0
34263,0
34404,0
34455,0
34473,0
34553,0
34691,0
34805,0
34889,0
34946,0
34973,0
35026,0
35232,0
35294,0
35334,0
35698,0
35760,0
35798,0
36053,0
36160,0
36268,0
36294,0
36391,0
36470,0
36730,0
36814,0
36929,0
37028,0
37041,0
37160,0
37299,0
37308,0
37413,0
37422,0
37479,0
37512,0
37585,0
37683,0
37837,0
38017,0
38022,0
38043,0
38158,0
38373,0
38409,0
38460,0
38565,0
38622,0
38680,0
38818,0
38878,0
39020,0
39022,0
39027,0
39319,0
39422,0
39467,0
39527,0
39690,0
39742,0
39764,0
39801,0
39869,0
40003,0
40143,0
40275,0
40369,0
40407,0
40451,0
40642,0
40659,0
40942,0
41078,0
41123,0
41154,0
41204,0
41319,0
41453,0
41529,0
41633,0
41675,0
41724,0
41769,0
41836,0
41924,0
41973,0
42141,0
42298,0
42342,0
42497,0
42538,0
42589,0
42603,0
42667,0
42681,0
42681,0
42694,0
42713,0
42806,0
42978,0
42981,0
43016,0
43033,0
43100,0
43128,0
43128,0
43515,0
43527,0
43592,0
43739,0
43881,0
43978,0
43978,0
43992,0
44046,0
44052,0
44094,0
44225,0
44280,0
44293,0
44380,0
44381,0
44391,0
44476,0
44507,0
44534,0
44536,0
44595,0
44670,0
44677,0
44752,0
44864,0
44911,0
44999,0
45049,0
45060,0
45182,0
45283,0
45395,0
45872,0
45873,0
46093,0
46117,0
46151,0
46192,0
46249,0
46316,0
46345,0
46347,0
46400,0
46563,0
46608,0
46610,0
46649,0
46703,0
46717,0
46720,0
46874,0
46874,0
46930,0
46972,0
46987,0
47032,0
47037,0
47057,0
47062,0
47101,0
47117,0
47375,0
47458,0
47503,0
47619,0
47706,0
47719,0
47808,0
47872,0
48058,0
48067,0
48093,0
48217,0
48256,0
48343,0
48375,0
48376,0
48419,0
48431,0
48555,0
48560,0
48596,0
48623,0
48652,0
48672,0
48775,0
48872,0
48904,0
49037,0
49141,0
49151,0
49156,0
49202,0
49259,0
49342,0
49347,0
49350,0
49439,0
49765,0
49833,0
49857,0
50019,0
50036,0
50073,0
50107,0
50160,0
50243,0
50400,0
50471,0
50618,0
50647,0
50704,0
50773,0
50896,0
50938,0
50965,0
50980,0
51015,0
51210,0
51275,0
51292,0
51379,0
51419,0
51439,0
51481,0
51486,0
51545,0
51554,0
51576,0
51600,0
51628,0
51662,0
51687,0
51756,0
51849,0
51970,0
51976,0
51982,0
52077,0
52100,0
52163,0
52257,0
52311,0
52492,0
52516,0
52589,0
52647,0
52856,0
52986,0
53041,0
53124,0
53274,0
53393,0
53448,0
53586,0
53586,0
53594,0
53631,0
53749,0
53838,0
53898,0
53935,0
53975,0
54194,0
54356,0
54444,0
54531,0
54551,0
54587,0
54667,0
54683,0
54699,0
54718,0
54756,0
54760,0
54788,0
54788,0
54796,0
54821,0
55082,0
55086,0
55091,0
55231,0
55266,0
55432,0
55534,0
55725,0
55792,0
55938,0
56094,0
56160,0
56273,0
56276,0
56280,0
56299,0
56363,0
56481,0
56708,0
56764,0
56768,0
56854,0
56906,0
56958,0
57021,0
57043,0
57124,0
57168,0
57294,0
57340,0
57374,0
57384,0
57540,0
57565,0
57612,0
57644,0
57733,0
57761,0
57786,0
57997,0
58027,0
58031,0
58093,0
58169,0
58305,0
58349,0
58349,0
58482,0
58508,0
58653,0
58699,0
58724,0
58741,0
58759,0
58768,0
58788,0
58814,0
58882,0
58885,0
58906,0
58911,0
58970,0
58991,0
59127,0
59676,0
59685,0
59823,0
59866,0
59887,0
59939,0
59948,0
59951,0
60003,0
60020,0
60060,0
60317,0
60774,0
60803,0
60840,0
60841,0
60899,0
60924,0
61073,0
61084,0
61161,0
61165,0
61271,0
61312,0
61346,0
61386,0
61504,0
61539,0
61543,0
61569,0
61619,0
61704,0
61782,0
61813,0
61918,0
62050,0
62072,0
62095,0
62102,0
62335,0
62370,0
62416,0
62539,0
62590,0
62624,0
62687,0
62777,0
62787,0
62854,0
63088,0
63117,0
63194,0
63195,0
63205,0
63216,0
63354,0
63398,0
63486,0
63536,0
63554,0
63610,0
63686,0
63695,0
63706,0
63725,0
63758,0
63779,0
63847,0
64071,0
64087,0
64110,0
64131,0
64228,0
64261,0
64324,0
64382,0
64423,0
64443,0
64481,0
64485,0
64518,0
64541,0
64844,0
64872,0
64966,0
65181,0
65541,0
65565,0
65688,0
65782,0
65828,0
65852,0
66011,0
66035,0
66159,0
66183,0
66220,0
66385,0
66501,0
66556,0
66558,0
66693,0
66747,0
66775,0
66889,0
66905,0
66908,0
66932,0
66934,0
66974,0
66992,0
67008,0
67200,0
67221,0
67574,0
67601,0
67816,0
67817,0
67931,0
67948,0
67968,0
67984,0
68113,0
68115,0
68217,0
68285,0
68288,0
68312,0
68391,0
68437,0
68572,0
68610,0
68693,0
68792,0
68796,0
68843,0
68892,0
69101,0
69146,0
69162,0
69288,0
69381,0
69429,0
69472,0
69483,0
69558,0
69567,0
69827,0
69862,0
69906,0
69911,0
69944,0
69983,0
69986,0
69999,0
70065,0
70089,0
70097,0
70179,0
70202,0
70275,0
70361,0
70492,0
70610,0
70651,0
70675,0
70717,0
70775,0
70781,0
70782,0
70835,0
70869,0
70880,0
70903,0
70923,0
71227,0
71284,0
71335,0
71411,0
71429,0
71448,0
71609,0
71646,0
71727,0
71787,0
71859,0
71947,0
71950,0
71951,0
72049,0
72203,0
72288,0
72347,0
72695,0
72776,0
72799,0
72858,0
72943,0
72950,0
73035,0
73141,0
73251,0
73263,0
73398,0
73424,0
73429,0
73480,0
73514,0
73542,0
73553,0
73772,0
73792,0
74084,0
74125,0
74465,0
74542,0
74546,0
74632,0
74663,0
74683,0
74782,0
74795,0
74920,0
74923,0
74988,0
75010,0
75141,0
75172,0
75194,0
75270,0
75358,0
75368,0
75474,0
75551,0
75554,0
75597,0
75598,0
75611,0
75637,0
75697,0
75747,0
75775,0
75786,0
75841,0
75971,0
76003,0
76021,0
76168,0
76216,0
76250,0
76273,0
76292,0
76295,0
76363,0
76363,0
76507,0
76518,0
76544,0
76576,0
76601,0
76823,0
76876,0
76888,0
76926,0
76985,0
76996,0
77026,0
77039,0
77216,0
77228,0
77238,0
77351,0
77447,0
77458,0
77473,0
77482,0
77756,0
77763,0
77785,0
77903,0
78107,0
78241,0
78395,0
78444,0
78517,0
78534,0
78584,0
78664,0
78720,0
78742,0
78788,0
79017,0
79165,0
79171,0
79414,0
79418,0
79597,0
79724,0
79736,0
79777,0
79847,0
79853,0
79907,0
79907,0
80088,0
80108,0
80215,0
80219,0
80313,0
80491,0
80562,0
80604,0
80748,0
80779,0
80849,0
80889,0
80946,0
80955,0
80988,0
81009,0
81041,0
81055,0
81066,0
81095,0
81147,0
81170,0
81194,0
81460,0
81493,0
81567,0
81678,0
81720,0
81743,0
81791,0
81827,0
81846,0
81875,0
81989,0
81995,0
82153,0
82171,0
82258,0
82259,0
82401,0
82411,0
82452,0
82558,0
82632,0
82763,0
82793,0
82800,0
82845,0
82865,0
82870,0
82909,0
82951,0
82984,0
83001,0
83027,0
83315,0
83363,0
83452,0
83475,0
83482,0
83579,0
83859,0
83866,0
83996,0
84214,0
84268,0
84390,0
84497,0
84558,0
84580,0
84602,0
84747,0
84797,0
84798,0
84948,0
85252,0
85257,0
85278,0
85341,0
85385,0
85427,0
85613,0
85691,0
85726,0
85783,0
85793,0
86001,0
86028,0
86035,0
86065,0
86076,0
86240,0
86332,0
86392,0
86529,0
86556,0
86573,0
86599,0
86660,0
86801,0
86842,0
86880,0
86977,0
87150,0
87387,0
87435,0
87447,0
87459,0
87865,0
87931,0
87958,0
87967,0
88218,0
88283,0
88289,0
88608,0
88609,0
88773,0
88782,0
88782,0
88903,0
89024,0
89388,0
89553,0
89596,0
89609,0
89656,0
89675,0
89728,0
89806,0
89970,0
90160,0
90200,0
90251,0
90254,0
90355,0
90433,0
90460,0
90474,0
90509,0
90526,0
90906,0
90941,0
91066,0
91305,0
91311,0
91425,0
91459,0
91654,0
91683,0
91759,0
91813,0
91883,0
91896,0
91907,0
91925,0
91940,0
91975,0
92198,0
92279,0
92313,0
92326,0
92330,0
92401,0
92436,0
92671,0
92735,0
92740,0
92791,0
92874,0
92942,0
92954,0
93043,0
93066,0
93086,0
93198,0
93241,0
93294,0
93363,0
93520,0
93606,0
93606,0
93662,0
93763,0
93786,0
93854,0
93877,0
94181,0
94275,0
94279,0
94347,0
94464,0
94550,0
94720,0
94727,0
94783,0
94844,0
95063,0
95110,0
95127,0
95259,0
95290,0
95567,0
95594,0
95632,0
95648,0
95890,0
95949,0
96007,0
96014,0
96081,0
96095,0
96159,0
96187,0
96216,0
96219,0
96247,0
96278,0
96446,0
96563,0
96601,0
96781,0
96953,0
97113,0
97188,0
97345,0
97410,0
97427,0
97439,0
97467,0
97588,0
97628,0
97654,0
97754,0
97869,0
97911,0
97940,0
97976,0
97984,0
98035,0
98036,0
98080,0
98084,0
98263,0
98369,0
98392,0
98417,0
98465,0
98467,0
98487,0
98831,0
98858,0
98864,0
98948,0
98956,0
99011,0
99041,0
99046,0
99131,0
99134,0
99175,0
99228,0
99270,0
99383,0
99449,0
99496,0
99595,0
99597,0
99606,0
99704,0
99748,0
99931,0
100232,0
100256,0
100264,0
100295,0
100329,0
100429,0
100594,0
100641,0
100791,0
100860,0
100885,0
100942,0
101072,0
101084,0
101125,0
101144,0
101197,0
101206,0
101285,0
101547,0
101575,0
101602,0
101631,0
101961,0
102191,0
102447,0
102454,0
102494,0
102607,0
102629,0
102663,0
102667,0
103050,0
103160,0
103205,0
103212,0
103213,0
103238,0
103332,0
103358,0
103547,0
103759,0
103817,0
103852,0
103856,0
103880,0
103907,0
103968,0
104018,0
104092,0
104097,0
104100,0
104173,0
104454,0
104494,0
104577,0
104596,0
104685,0
104745,0
104794,0
104839,0
104850,0
104855,0
104881,0
104964,0
104987,0
105002,0
105085,0
105257,0
105264,0
105461,0
105476,0
105479,0
105487,0
105586,0
105610,0
105677,0
105688,0
105749,0
105809,0
105818,0
105822,0
105932,0
105961,0
106171,0
106172,0
106291,0
106309,0
106397,0
106433,0
106517,0
106546,0
106829,0
106855,0
106923,0
106989,0
107058,0
107109,0
107113,0
107223,0
107311,0
107465,0
107491,0
107610,0
107678,0
107683,0
107694,0
107960,0
108049,0
108055,0
108117,0
108127,0
108149,0
108151,0
108177,0
108202,0
108244,0
108320,0
108334,0
108358,0
108467,0
108476,0
108538,0
108597,0
108833,0
108856,0
108953,0
109051,0
109127,0
109183,0
109197,0
109298,0
109385,0
109474,0
109519,0
109700,0
109832,0
109877,0
110026,0
110034,0
110099,0
110165,0
110221,0
110333,0
110371,0
110473,0
110492,0
110532,0
110568,0
110622,0
110679,0
110684,0
110870,0
111053,0
111110,0
111196,0
111209,0
111418,0
111439,0
111439,0
111468,0
111506,0
111512,0
111669,0
111681,0
111888,0
111896,0
111938,0
111941,0
112158,0
112215,0
112223,0
112248,0
112285,0
112292,0
112308,0
112380,0
112380,0
112387,0
112512,0
112577,0
112654,0
112796,0
112862,0
112904,0
112964,0
113106,0
113155,0
113233,0
113318,0
113415,0
113429,0
113623,0
113630,0
113698,0
113717,0
113731,0
113757,0
113768,0
113778,0
113781,0
113788,0
113878,0
114087,0
114095,0
114124,0
114228,0
114337,0
114427,0
114445,0
114471,0
114553,0
114560,0
114725,0
114735,0
114745,0
114756,0
114786,0
114842,0
114947,0
114961,0
114968,0
114970,0
115013,0
115054,0
115082,0
115129,0
115493,0
115549,0
115600,0
115654,0
115663,0
115674,0
115933,0
116015,0
116069,0
116088,0
116098,0
116113,0
116170,0
116331,0
116434,0
116437,0
116531,0
116533,0
116827,0
116841,0
116908,0
116942,0
116942,0
116970,0
116985,0
117093,0
117153,0
117181,0
117187,0
117190,0
117235,0
117409,0
117410,0
117442,0
117563,0
117574,0
117576,0
117612,0
117683,0
117683,0
117750,0
117796,0
117830,0
117891,0
117902,0
117999,0
118029,0
118395,0
118411,0
118428,0
118443,0
118630,0
118759,0
118778,0
118782,0
118809,0
118865,0
118883,0
118983,0
118988,0
119095,0
119118,0
119191,0
119251,0
119253,0
119260,0
119353,0
119372,0
119452,0
119583,0
119603,0
119679,0
119766,0
120005,0
120171,0
120303,0
120312,0
120427,0
120441,0
120832,0
120841,0
120936,0
121044,0
121045,0
121093,0
121128,0
121165,0
121186,0
121274,0
121327,0
121343,0
121461,0
121502,0
121509,0
121532,0
121682,0
121732,0
121836,0
121980,0
122019,0
122114,0
122116,0
122226,0
122417,0
122520,0
122806,0
122833,0
122950,0
123044,0
123060,0
123115,0
123261,0
123297,0
123343,0
123374,0
123380,0
123415,0
123527,0
123704,0
123741,0
123759,0
123825,0
123836,0
123918,0
123940,0
124092,0
124233,0
124272,0
124283,0
124326,0
124361,0
124462,0
124485,0
124526,0
124562,0
124586,0
124710,0
124721,0
124826,0
124881,0
124992,0
125051,0
125101,0
125125,0
125220,0
125265,0
125319,0
125478,0
125578,0
125682,0
125769,0
125947,0
126015,0
126115,0
126125,0
126228,0
126280,0
126294,0
126311,0
126312,0
126443,0
126454,0
126488,0
126829,0
126866,0
126891,0
127104,0
127113,0
127145,0
127223,0
127282,0
127314,0
127365,0
127404,0
127611,0
127651,0
127702,0
127818,0
127911,0
127967,0
128107,0
128237,0
128327,0
128375,0
128388,0
128405,0
128461,0
128462,0
128524,0
128605,0
128651,0
128671,0
128711,0
128791,0
128840,0
128938,0
129051,0
129100,0
129117,0
129245,0
129295,0
129475,0
129495,0
129502,0
129553,0
129590,0
129623,0
129644,0
129654,0
129728,0
129790,0
129800,0
129856,0
130104,0
130174,0
130232,0
130355,0
130361,0
130433,0
130447,0
130505,0
130572,0
130582,0
130609,0
130618,0
130715,0
130775,0
130817,0
130940,0
130941,0
130951,0
131013,0
131070,0
131118,0
131161,0
131226,0
131329,0
131344,0
131372,0
131391,0
131470,0
131509,0
131577,0
131600,0
131779,0
131782,0
131967,0
132138,0
132261,0
132329,0
132463,0
132550,0
132605,0
132630,0
132727,0
132769,0
132806,0
132838,0
132976,0
133001,0
133059,0
133085,0
133154,0
133170,0
133194,0
133388,0
133847,0
133900,0
133941,0
134025,0
134049,0
134083,0
134189,0
134218,0
134260,0
134552,0
134681,0
134718,0
134745,0
134758,0
134839,0
134861,0
134877,0
134950,0
134958,0
134959,0
135007,0
135212,0
135281,0
135376,0
135462,0
135469,0
135498,0
135502,0
135511,0
135541,0
135550,0
135618,0
135664,0
135696,0
135743,0
135817,0
135899,0
136110,0
136130,0
136138,0
136142,0
136190,0
136270,0
136272,0
136300,0
136408,0
136467,0
136633,0
136654,0
136791,0
136801,0
136904,0
137013,0
137126,0
137128,0
137350,0
137390,0
137429,0
137508,0
137541,0
137584,0
137660,0
137661,0
137746,0
137827,0
137868,0
137979,0
137983,0
138090,0
138207,0
138220,0
138223,0
138241,0
138276,0
138281,0
138300,0
138335,0
138597,0
138853,0
138957,0
138997,0
139197,0
139287,0
139605,0
139630,0
139720,0
139724,0
139763,0
139770,0
139857,0
140086,0
140115,0
140129,0
140163,0
140185,0
140194,0
140242,0
140388,0
140529,0
140627,0
140835,0
141001,0
141013,0
141112,0
141134,0
141285,0
141290,0
141297,0
141334,0
141359,0
141458,0
141525,0
141561,0
141590,0
141596,0
141635,0
141816,0
142167,0
142303,0
142330,0
142412,0
142413,0
142500,0
142573,0
142633,0
142670,0
142714,0
142742,0
142830,0
142878,0
142919,0
142936,0
143016,0
143086,0
143271,0
143577,0
143606,0
143697,0
143741,0
143748,0
143827,0
143885,0
143924,0
143947,0
143968,0
144069,0
144135,0
144313,0
144347,0
144383,0
144726,0
144790,0
144861,0
144984,0
145000,0
145088,0
145146,0
145192,0
145264,0
145326,0
145416,0
145433,0
145570,0
145600,0
145726,0
145743,0
145751,0
145777,0
145845,0
145922,0
146056,0
146156,0
146278,0
146323,0
146334,0
146510,0
146608,0
146622,0
146833,0
146941,0
147038,0
147046,0
147111,0
147146,0
147179,0
147346,0
147450,0
147572,0
147625,0
147745,0
147854,0
147905,0
147944,0
148051,0
148083,0
148115,0
148176,0
148303,0
148307,0
148433,0
148483,0
148658,0
148683,0
148714,0
148745,0
148762,0
148780,0
148919,0
148959,0
148964,0
149115,0
149166,0
149270,0
149485,0
149506,0
149542,0
149545,0
149617,0
149709,0
149740,0
149835,0
149873,0
149875,0
149882,0
149907,0
149952,0
150019,0
150029,0
150329,0
150350,0
150380,0
150444,0
150479,0
150566,0
150580,0
150629,0
150630,0
150648,0
150736,0
150835,0
150950,0
150997,0
151097,0
151130,0
151198,0
151215,0
151262,0
151352,0
151377,0
151477,0
151489,0
151561,0
151689,0
151690,0
151695,0
151819,0
151828,0
151974,0
152178,0
152292,0
152298,0
152317,0
152359,0
152521,0
152552,0
152638,0
152654,0
152903,0
152926,0
153089,0
153125,0
153164,0
153166,0
153315,0
153399,0
153521,0
153854,0
153888,0
153986,0
154285,0
154347,0
154486,0
154537,0
154541,0
154566,0
154627,0
154733,0
154824,0
154860,0
154881,0
155102,0
155113,0
155126,0
155168,0
155349,0
155428,0
155555,0
155597,0
155626,0
155717,0
155753,0
155874,0
155929,0
155976,0
155986,0
155998,0
156015,0
156123,0
156357,0
156392,0
156400,0
156439,0
156502,0
156588,0
156760,0
156765,0
156773,0
156776,0
156803,0
156938,0
156972,0
156994,0
156999,0
157053,0
157067,0
157078,0
157081,0
157145,0
157239,0
157342,0
157353,0
157432,0
157467,0
157626,0
157650,0
157730,0
157787,0
157801,0
157887,0
158012,0
158081,0
158131,0
158213,0
158244,0
158338,0
158426,0
158459,0
158563,0
158596,0
158652,0
158961,0
158974,0
158979,0
159027,0
159030,0
159059,0
159090,0
159151,0
159346,0
159837,0
159872,0
159892,0
159892,0
159895,0
159901,0
160013,0
160340,0
160506,0
160540,0
160694,0
160872,0
160882,0
160970,0
161131,0
161173,0
161194,0
161332,0
161553,0
161563,0
161620,0
161656,0
161686,0
161806,0
161931,0
161946,0
162051,0
162056,0
162111,0
162158,0
162175,0
162328,0
162339,0
162397,0
162476,0
162528,0
162595,0
162666,0
162671,0
162830,0
162845,0
162879,0
163054,0
163375,0
163541,0
163572,0
163634,0
163701,0
163737,0
163769,0
163833,0
163836,0
163849,0
163868,0
163934,0
164019,0
164055,0
164432,0
164482,0
164650,0
164665,0
164681,0
164777,0
164931,0
164984,0
165065,0
165109,0
165170,0
165216,0
165264,0
165272,0
165332,0
165532,0
165589,0
165590,0
165604,0
165744,0
165802,0
165893,0
165899,0
165902,0
165960,0
166006,0
166018,0
166168,0
166282,0
166289,0
166306,0
166325,0
166364,0
166470,0
166491,0
166509,0
166649,0
166702,0
166780,0
166780,0
166802,0
167086,0
167115,0
167198,0
167275,0
167337,0
167353,0
167385,0
167429,0
167445,0
167492,0
167503,0
167617,0
167633,0
167714,0
167859,0
168064,0
168164,0
168277,0
168408,0
168463,0
168504,0
168518,0
168628,0
168681,0
168767,0
169102,0
169183,0
169216,0
169298,0
169362,0
169387,0
169409,0
169497,0
169517,0
169705,0
169766,0
169796,0
169815,0
169918,0
169963,0
170071,0
170113,0
170152,0
170184,0
170186,0
170254,0
170316,0
170360,0
170515,0
170522,0
170562,0
170600,0
170655,0
170734,0
170761,0
170857,0
170860,0
171029,0
171156,0
171250,0
171356,0
171389,0
171658,0
171709,0
172154,0
172268,0
172270,0
172352,0
172364,0
172461,0
172502,0
172545,0
172563,0
172584,0
172654,0
172769,0
172889,0
172891,0
172958,0
172976,0
172999,0
173052,0
173131,0
173137,0
173224,0
173323,0
173346,0
173370,0
173394,0
173406,0
173518,0
173568,0
173776,0
173824,0
173902,0
173937,0
173999,0
174101,0
174535,0
174536,0
174596,0
174597,0
174661,0
174795,0
174818,0
174867,0
175181,0
175228,0
175290,0
175433,0
175450,0
175511,0
175513,0
175515,0
175533,0
175606,0
175690,0
175730,0
175784,0
175895,0
175933,0
175982,0
175991,0
176149,0
176151,0
176478,0
176534,0
176755,0
176774,0
176800,0
176854,0
176883,0
176980,0
176984,0
176993,0
177013,0
177136,0
177146,0
177197,0
177347,0
177492,0
177596,0
177601,0
177655,0
177680,0
177722,0
177736,0
177806,0
177828,0
177929,0
178020,0
178116,0
178216,0
178243,0
178302,0
178330,0
178331,0
178346,0
178372,0
178500,0
178631,0
178708,0
178721,0
178742,0
178801,0
178810,0
178884,0
178901,0
178975,0
179086,0
179119,0
179318,0
179403,0
179443,0
179456,0
179459,0
179763,0
179769,0
179779,0
179962,0
180006,0
180209,0
180271,0
180273,0
180345,0
180477,0
180519,0
180530,0
180721,0
180757,0
180798,0
180807,0
181064,0
181081,0
181091,0
181117,0
181205,0
181278,0
181322,0
181511,0
181532,0
181550,0
181580,0
181801,0
181976,0
181993,0
182089,0
182194,0
182232,0
182249,0
182251,0
182387,0
182432,0
182460,0
182477,0
182682,0
182692,0
182726,0
182784,0
182796,0
183076,0
183222,0
183433,0
183507,0
183632,0
183633,0
183639,0
183719,0
183865,0
183915,0
183948,0
183959,0
183959,0
184005,0
184037,0
184057,0
184104,0
184139,0
184289,0
184336,0
184462,0
184508,0
184577,0
184626,0
184739,0
184820,0
184897,0
184923,0
185139,0
185141,0
185260,0
185279,0
185311,0
185342,0
185448,0
185619,0
185684,0
185863,0
185885,0
185930,0
186009,0
186111,0
186129,0
186287,0
186434,0
186442,0
186750,0
186794,0
187027,0
187044,0
187152,0
187175,0
187295,0
187329,0
187346,0
187369,0
187429,0
187432,0
187492,0
187621,0
187631,0
187911,0
187937,0
188239,0
188379,0
188383,0
188461,0
188474,0
188526,0
188532,0
188564,0
188576,0
188619,0
188650,0
188666,0
188681,0
188788,0
188790,0
188830,0
188885,0
188923,0
189124,0
189231,0
189252,0
189298,0
189360,0
189404,0
189450,0
189477,0
189568,0
189661,0
189672,0
189704,0
189855,0
189924,0
189925,0
190026,0
190130,0
190187,0
190270,0
190299,0
190305,0
190338,0
190407,0
190408,0
190484,0
190671,0
190680,0
190730,0
190744,0
190883,0
190894,0
190916,0
190999,0
191080,0
191109,0
191193,0
191195,0
191208,0
191247,0
191323,0
191363,0
191446,0
191454,0
191510,0
191652,0
191970,0
192123,0
192186,0
192233,0
192243,0
192326,0
192327,0
192374,0
192397,0
192405,0
192426,0
192460,0
192465,0
192624,0
192752,0
192840,0
192927,0
193000,0
193007,0
193046,0
193089,0
193211,0
193350,0
193358,0
193495,0
193504,0
193506,0
193512,0
193521,0
193581,0
193615,0
193628,0
193710,0
193848,0
193872,0
194037,0
194059,0
194060,0
194084,0
194137,0
194203,0
194423,0
194430,0
194444,0
194492,0
194504,0
194521,0
194689,0
194805,0
194911,0
194952,0
194990,0
195173,0
195569,0
195580,0
195752,0
195788,0
195849,0
195920,0
195926,0
195931,0
196165,0
196187,0
196195,0
196291,0
196449,0
196700,0
196764,0
196779,0
196817,0
196898,0
196927,0
197126,0
197213,0
197271,0
197343,0
197357,0
197398,0
197486,0
197528,0
197531,0
197696,0
197719,0
197791,0
197824,0
197825,0
197837,0
197884,0
197898,0
197906,0
197940,0
197979,0
198121,0
198129,0
198141,0
198458,0
198536,0
198541,0
198688,0
198763,0
198805,0
199010,0
199048,0
199148,0
199211,0
199271,0
199331,0
199406,0
199530,0
199613,0
199887,0
199925,0
199965,0
200083,0
200158,0
200180,0
200188,0
200243,0
200386,0
200646,0
200685,0
200844,0
201086,0
201134,0
201196,0
201277,0
201339,0
201500,0
201515,0
201537,0
201563,0
201565,0
201609,0
201702,0
201851,0
201888,0
201927,0
201936,0
201987,0
202043,0
202094,0
202096,0
202153,0
202185,0
202219,0
202220,0
202263,0
202398,0
202437,0
202446,0
202519,0
202772,0
202869,0
202928,0
202957,0
202982,0
203006,0
203039,0
203070,0
203183,0
203190,0
203267,0
203268,0
203332,0
203758,0
203771,0
203863,0
203937,0
204014,0
204030,0
204050,0
204108,0
204110,0
204117,0
204252,0
204304,0
204359,0
204364,0
204417,0
204493,0
204533,0
204562,0
204565,0
204619,0
204700,0
204799,0
204977,0
204986,0
205107,0
205150,0
205287,0
205288,0
205294,0
205359,0
205399,0
205445,0
205586,0
205728,0
205769,0
205953,0
206199,0
206220,0
206351,0
206375,0
206387,0
206438,0
206484,0
206552,0
206643,0
206651,0
206680,0
206894,0
207070,0
207134,0
207166,0
207439,0
207518,0
207520,0
207523,0
207533,0
207603,0
207701,0
207812,0
207917,0
208090,0
208111,0
208340,0
208418,0
208500,0
208505,0
208543,0
208854,0
209078,0
209147,0
209180,0
209191,0
209222,0
209229,0
209324,0
209374,0
209431,0
209451,0
209486,0
209503,0
209510,0
209571,0
209575,0
209595,0
209786,0
209918,0
209978,0
209981,0
210020,0
210035,0
210056,0
210276,0
210316,0
210337,0
210456,0
210492,0
210582,0
210611,0
210621,0
210642,0
210698,0
210718,0
210729,0
210741,0
210745,0
210759,0
210862,0
210925,0
210972,0
211076,0
211115,0
211271,0
211277,0
211294,0
211312,0
211330,0
211349,0
211361,0
211425,0
211460,0
211551,0
211628,0
211653,0
211673,0
211729,0
212095,0
212207,0
212314,0
212629,0
212689,0
212758,0
212835,0
212996,0
213281,0
213299,0
213394,0
213426,0
213437,0
213507,0
213523,0
213632,0
213756,0
213771,0
213791,0
213811,0
213883,0
213981,0
214066,0
214067,0
214100,0
214151,0
214262,0
214395,0
214447,0
214543,0
214599,0
214637,0
214810,0
214888,0
215000,0
215010,0
215190,0
215299,0
215452,0
215458,0
215511,0
215543,0
215624,0
215795,0
216293,0
216320,0
216464,0
216610,0
216689,0
216762,0
216785,0
216910,0
216916,0
216932,0
216935,0
216941,0
216963,0
217006,0
217014,0
217051,0
217061,0
217204,0
217211,0
217236,0
217281,0
217286,0
217322,0
217365,0
217380,0
217389,0
217461,0
217471,0
217490,0
217496,0
217522,0
217611,0
217656,0
217781,0
217899,0
217967,0
217996,0
218008,0
218021,0
218148,0
218284,0
218290,0
218348,0
218378,0
218580,0
218588,0
218590,0
218652,0
218660,0
218726,0
218767,0
218987,0
218988,0
219005,0
219014,0
219025,0
219181,0
219223,0
219272,0
219282,0
219382,0
219382,0
219436,0
219451,0
219454,0
219532,0
219593,0
219632,0
219717,0
219733,0
219959,0
219990,0
220024,0
220067,0
220083,0
220091,0
220102,0
220316,0
220438,0
220532,0
220581,0
220595,0
220635,0
220678,0
220735,0
220774,0
220854,0
220922,0
220944,0
221056,0
221092,0
221092,0
221151,0
221425,0
221465,0
221520,0
221656,0
221763,0
221773,0
221789,0
221881,0
221962,0
221965,0
222058,0
222161,0
222175,0
222292,0
222345,0
222358,0
222527,0
222565,0
222571,0
222581,0
222632,0
222691,0
222739,0
222818,0
222854,0
223057,0
223099,0
223149,0
223442,0
223487,0
223515,0
223544,0
223556,0
223578,0
223695,0
223751,0
223769,0
223872,0
223875,0
223901,0
223972,0
224040,0
224077,0
224181,0
224250,0
224285,0
224563,0
224601,0
224680,0
224699,0
224883,0
224944,0
225048,0
225191,0
225311,0
225486,0
225495,0
225504,0
225672,0
225683,0
225689,0
225727,0
225747,0
225815,0
225930,0
226081,0
226115,0
226155,0
226176,0
226182,0
226404,0
226419,0
226440,0
226444,0
226542,0
226545,0
226558,0
226663,0
226756,0
226822,0
226838,0
226924,0
227052,0
227110,0
227117,0
227119,0
227258,0
227387,0
227394,0
227457,0
227518,0
227576,0
227613,0
227983,0
228029,0
228083,0
228141,0
228256,0
228296,0
228558,0
228945,0
228950,0
228963,0
229194,0
229218,0
229240,0
229392,0
229639,0
229640,0
229685,0
229850,0
230112,0
230158,0
230275,0
230292,0
230318,0
230407,0
230410,0
230518,0
230531,0
230592,0
230593,0
230641,0
230711,0
230774,0
230985,0
231042,0
231090,0
231160,0
231165,0
231234,0
231385,0
231517,0
231524,0
231709,0
231969,0
232019,0
232024,0
232112,0
232177,0
232250,0
232265,0
232266,0
232364,0
232380,0
232397,0
232578,0
232740,0
232886,0
232939,0
233160,0
233162,0
233203,0
233244,0
233245,0
233283,0
233387,0
233486,0
233537,0
233584,0
233625,0
233739,0
233814,0
233839,0
233846,0
234106,0
234171,0
234223,0
234513,0
234519,0
234611,0
234638,0
234749,0
234755,0
234763,0
234765,0
234825,0
235004,0
235393,0
235427,0
235447,0
235466,0
235466,0
235476,0
235618,0
235618,0
235742,0
235746,0
235759,0
235823,0
235885,0
235953,0
235986,0
236075,0
236091,0
236127,0
236200,0
236201,0
236210,0
236258,0
236466,0
236489,0
236505,0
236550,0
236755,0
236795,0
236808,0
236834,0
236920,0
236966,0
237016,0
237065,0
237075,0
237181,0
237395,0
237433,0
237509,0
237511,0
237573,0
237574,0
237618,0
237749,0
237800,0
237861,0
237984,0
238144,0
238245,0
238255,0
238264,0
238442,0
238472,0
238631,0
238712,0
238770,0
238887,0
238922,0
238961,0
239019,0
239032,0
239136,0
239140,0
239264,0
239343,0
239348,0
239351,0
239391,0
239428,0
239485,0
239532,0
239608,0
239624,0
239661,0
239688,0
239725,0
239733,0
239771,0
239911,0
239992,0
240056,0
240092,0
240160,0
240181,0
240435,0
240519,0
240557,0
240567,0
240607,0
240618,0
240631,0
240673,0
240679,0
240718,0
240722,0
240755,0
240788,0
240831,0
240898,0
240935,0
240995,0
241015,0
241031,0
241252,0
241542,0
241561,0
241804,0
241936,0
242041,0
242114,0
242148,0
242173,0
242250,0
242299,0
242398,0
242422,0
242433,0
242670,0
242688,0
242766,0
242809,0
242824,0
242969,0
242971,0
243016,0
243029,0
243049,0
243056,0
243126,0
243312,0
243365,0
243454,0
243508,0
243570,0
243591,0
243592,0
243639,0
243679,0
243844,0
243858,0
243871,0
243931,0
243987,0
243995,0
244014,0
244020,0
244079,0
244094,0
244158,0
244212,0
244221,0
244401,0
244516,0
244543,0
244725,0
244863,0
244945,0
245296,0
245355,0
245434,0
245568,0
245600,0
245617,0
245780,0
245786,0
245799,0
245877,0
245879,0
245899,0
246167,0
246176,0
246274,0
246429,0
246496,0
246515,0
246518,0
246532,0
246598,0
246607,0
246854,0
246856,0
246899,0
246980,0
247148,0
247208,0
247494,0
247596,0
247702,0
247747,0
247748,0
247902,0
248008,0
248186,0
248188,0
248209,0
248284,0
248307,0
248375,0
248401,0
248646,0
249094,0
249136,0
249140,0
249234,0
249254,0
249267,0
249268,0
249371,0
249428,0
249493,0
249649,0
249680,0
249715,0
249724,0
249750,0
249873,0
249903,0
249997,0
250008,0
250024,0
250101,0
250128,0
250166,0
250190,0
250274,0
250330,0
250330,0
250438,0
250519,0
250554,0
250674,0
250846,0
250885,0
250940,0
251007,0
251041,0
251068,0
251091,0
251105,0
251109,0
251112,0
251170,0
251433,0
251448,0
251523,0
251585,0
251675,0
251818,0
251819,0
251878,0
251933,0
252082,0
252178,0
252283,0
252342,0
252429,0
252437,0
252439,0
252448,0
252451,0
252573,0
252587,0
252640,0
252659,0
252681,0
252726,0
252846,0
252868,0
252966,0
253064,0
253081,0
253159,0
253161,0
253174,0
253179,0
253235,0
253253,0
253267,0
253348,0
253405,0
253446,0
253539,0
253671,0
253789,0
253799,0
253856,0
253867,0
253929,0
253964,0
253982,0
253987,0
254051,0
254246,0
254359,0
254364,0
254368,0
254401,0
254474,0
254491,0
254616,0
254731,0
254732,0
254886,0
254890,0
255179,0
255238,0
255308,0
255449,0
255515,0
255525,0
255826,0
255826,0
255880,0
255901,0
255921,0
255929,0
256096,0
256216,0
256306,0
256412,0
256484,0
256484,0
256560,0
256781,0
257068,0
257105,0
257113,0
257130,0
257146,0
257196,0
257265,0
257274,0
257372,0
257415,0
257559,0
257684,0
257740,0
257833,0
257860,0
257860,0
257875,0
257882,0
257882,0
257904,0
258135,0
258139,0
258337,0
258394,0
258433,0
258485,0
258567,0
258725,0
258821,0
258839,0
258895,0
258975,0
259057,0
259146,0
259161,0
259554,0
259599,0
259621,0
259638,0
259740,0
259777,0
259961,0
260002,0
260075,0
260100,0
260125,0
260167,0
260220,0
260260,0
260323,0
260343,0
260523,0
260623,0
260699,0
260736,0
260741,0
260911,0
260925,0
260974,0
260999,0
261084,0
261155,0
261173,0
261179,0
261287,0
261307,0
261395,0
261510,0
261586,0
261628,0
261710,0
261747,0
261848,0
261965,0
262066,0
262069,0
262092,0
262130,0
262168,0
262186,0
262209,0
262225,0
262282,0
262312,0
262352,0
262492,0
262986,0
262987,0
263003,0
263044,0
263253,0
263300,0
263367,0
263593,0
263598,0
263626,0
263653,0
264032,0
264033,0
264092,0
264187,0
264205,0
264266,0
264278,0
264291,0
264351,0
264353,0
264354,0
264710,0
264751,0
264784,0
264787,0
264809,0
264917,0
264963,0
264974,0
265037,0
265040,0
265103,0
265105,0
265289,0
265425,0
265521,0
265537,0
265578,0
265649,0
265677,0
265683,0
265712,0
265844,0
265859,0
265875,0
266063,0
266209,0
266301,0
266341,0
266381,0
266412,0
266516,0
266610,0
266720,0
266757,0
266827,0
266844,0
266978,0
267036,0
267083,0
267172,0
267192,0
267238,0
267319,0
267515,0
267565,0
267796,0
267876,0
267917,0
267953,0
267982,0
267993,0
268127,0
268185,0
268271,0
268333,0
268498,0
268514,0
268544,0
268605,0
268666,0
268777,0
268814,0
268884,0
268890,0
268962,0
269142,0
269209,0
269245,0
269375,0
269395,0
269401,0
269443,0
269481,0
269504,0
269531,0
269657,0
269816,0
269959,0
269963,0
270004,0
270024,0
270035,0
270127,0
270140,0
270144,0
270267,0
270299,0
270371,0
270401,0
270665,0
270669,0
270672,0
270715,0
270792,0
270792,0
270891,0
270987,0
271080,0
271083,0
271325,0
271333,0
271442,0
271462,0
271553,0
271586,0
271761,0
271877,0
271881,0
271893,0
272099,0
272144,0
272170,0
272260,0
272267,0
272330,0
272418,0
272507,0
272530,0
272562,0
272563,0
272599,0
272629,0
272770,0
272825,0
273084,0
273169,0
273194,0
273254,0
273322,0
273354,0
273386,0
273407,0
273456,0
273503,0
273516,0
273522,0
273556,0
273562,0
273624,0
273651,0
273705,0
273732,0
273799,0
273819,0
273821,0
273921,0
273927,0
273941,0
274007,0
274020,0
274049,0
274170,0
274268,0
274306,0
274490,0
274530,0
274633,0
274752,0
274764,0
274979,0
275017,0
275018,0
275057,0
275104,0
275290,0
275372,0
275545,0
275626,0
275710,0
275728,0
275763,0
275783,0
275786,0
275829,0
275937,0
276006,0
276012,0
276032,0
276159,0
276236,0
276295,0
276312,0
276416,0
276630,0
276645,0
276693,0
276722,0
276804,0
276913,0
276994,0
277100,0
277133,0
277350,0
277419,0
277475,0
277517,0
277534,0
277551,0
277565,0
277676,0
277821,0
277901,0
277902,0
277976,0
277976,0
277996,0
278117,0
278155,0
278161,0
278224,0
278795,0
278809,0
278922,0
278993,0
279137,0
279204,0
279444,0
279455,0
279463,0
279468,0
279513,0
279648,0
279693,0
279727,0
280045,0
280068,0
280070,0
280086,0
280134,0
280176,0
280214,0
280247,0
280295,0
280335,0
280385,0
280402,0
280407,0
280419,0
280437,0
280525,0
280538,0
280558,0
280661,0
280858,0
280884,0
281151,0
281232,0
281255,0
281345,0
281387,0
281614,0
281824,0
281911,0
282157,0
282157,0
282199,0
282363,0
282385,0
282386,0
282390,0
282441,0
282497,0
282508,0
282528,0
282688,0
282751,0
282793,0
282826,0
282840,0
282862,0
282911,0
282968,0
283151,0
283244,0
283269,0
283282,0
283331,0
283372,0
283529,0
283533,0
283546,0
283563,0
283769,0
283826,0
283879,0
284061,0
284211,0
284271,0
284321,0
284323,0
284328,0
284382,0
284653,0
284752,0
284770,0
284906,0
285121,0
285194,0
285259,0
285511,0
285730,0
285794,0
285813,0
286148,0
286188,0
286257,0
286319,0
286352,0
286533,0
286575,0
286662,0
286691,0
286886,0
286933,0
287079,0
287122,0
287147,0
287193,0
287207,0
287209,0
287368,0
287609,0
287988,0
288016,0
288021,0
288071,0
288085,0
288099,0
288102,0
288107,0
288431,0
288440,0
288473,0
288505,0
288512,0
288572,0
288807,0
288813,0
288831,0
288840,0
288841,0
288864,0
288899,0
288929,0
288941,0
289026,0
289070,0
289086,0
289143,0
289369,0
289423,0
289428,0
289646,0
289691,0
289696,0
289749,0
289763,0
289835,0
289869,0
290095,0
290156,0
290270,0
290283,0
290344,0
290388,0
290436,0
290602,0
290670,0
290710,0
290790,0
290814,0
290819,0
290964,0
290985,0
290991,0
291001,0
291032,0
291128,0
291243,0
291327,0
291359,0
291506,0
291518,0
291544,0
291569,0
291629,0
291676,0
291683,0
291751,0
291766,0
291799,0
291811,0
291867,0
291890,0
291924,0
291983,0
292034,0
292056,0
292155,0
292273,0
292276,0
292285,0
292321,0
292344,0
292425,0
292449,0
292476,0
292520,0
292641,0
292671,0
292855,0
292876,0
292907,0
292921,0
293055,0
293063,0
293291,0
293340,0
293368,0
293399,0
293469,0
293482,0
293655,0
293733,0
293878,0
293916,0
293936,0
294041,0
294173,0
294313,0
294346,0
294371,0
294486,0
294651,0
294684,0
294710,0
294717,0
294809,0
294815,0
294837,0
295007,0
295021,0
295029,0
295098,0
295209,0
295295,0
295310,0
295472,0
295487,0
295663,0
295970,0
296081,0
296121,0
296153,0
296186,0
296202,0
296229,0
296235,0
296253,0
296254,0
296293,0
296332,0
296393,0
296446,0
296464,0
296701,0
296727,0
296810,0
296937,0
297070,0
297129,0
297187,0
297216,0
297219,0
297365,0
297378,0
297393,0
297400,0
297438,0
297554,0
297581,0
297617,0
297656,0
297735,0
297757,0
297870,0
298000,0
298064,0
298125,0
298130,0
298159,0
298163,0
298257,0
298284,0
298388,0
298390,0
298465,0
298521,0
298635,0
298841,0
299000,0
299176,0
299184,0
299260,0
299274,0
299501,0
299601,0
299719,0
299719,0
299743,0
299761,0
299857,0
299871,0
299897,0
300018,0
300093,0
300236,0
300289,0
300437,0
300494,0
300775,0
301073,0
301225,0
301322,0
301402,0
301455,0
301460,0
301486,0
301504,0
301558,0
301735,0
301788,0
301853,0
301891,0
301902,0
301947,0
301991,0
302022,0
302070,0
302120,0
302125,0
302178,0
302258,0
302380,0
302413,0
302472,0
302591,0
302705,0
302707,0
302740,0
302760,0
302894,0
302920,0
302942,0
302970,0
303127,0
303174,0
303193,0
303231,0
303332,0
303480,0
303549,0
303858,0
304071,0
304164,0
304209,0
304221,0
304265,0
304286,0
304371,0
304448,0
304487,0
304545,0
304572,0
304588,0
304617,0
304628,0
304756,0
304761,0
304848,0
304979,0
305130,0
305221,0
305453,0
305549,0
305572,0
305632,0
305682,0
305695,0
305709,0
305790,0
306314,0
306352,0
306430,0
306492,0
306497,0
306588,0
306610,0
306698,0
306842,0
306964,0
307101,0
307186,0
307265,0
307278,0
307319,0
307338,0
307499,0
307577,0
307661,0
307681,0
307740,0
307830,0
307894,0
307909,0
307934,0
307938,0
307945,0
307956,0
307959,0
308005,0
308082,0
308294,0
308334,0
308371,0
308387,0
308595,0
308637,0
308692,0
308720,0
308756,0
308835,0
308862,0
309028,0
309053,0
309173,0
309215,0
309224,0
309360,0
309437,0
309523,0
309535,0
309657,0
309683,0
309703,0
309822,0
309866,0
310014,0
310142,0
310164,0
310175,0
310238,0
310253,0
310281,0
310290,0
310439,0
310504,0
310548,0
310558,0
310699,0
310727,0
310893,0
310929,0
311022,0
311071,0
311113,0
311261,0
311266,0
311276,0
311288,0
311326,0
311339,0
311353,0
311358,0
311366,0
311464,0
311488,0
311596,0
311654,0
311789,0
311844,0
311929,0
311969,0
312102,0
312119,0
312258,0
312261,0
312362,0
312526,0
312582,0
312717,0
312727,0
312768,0
312802,0
312809,0
312903,0
312925,0
312946,0
312997,0
313044,0
313104,0
313127,0
313231,0
313374,0
313388,0
313456,0
313574,0
313634,0
313860,0
314021,0
314046,0
314088,0
314107,0
314152,0
314328,0
314472,0
314486,0
314534,0
314572,0
314673,0
314743,0
314766,0
314776,0
314851,0
314912,0
314936,0
315087,0
315232,0
315252,0
315445,0
315802,0
315819,0
315824,0
315883,0
315943,0
316057,0
316076,0
316078,0
316209,0
316227,0
316323,0
316455,0
316627,0
316667,0
316696,0
316749,0
316816,0
316823,0
316859,0
317157,0
317182,0
317271,0
317294,0
317496,0
317545,0
317767,0
317901,0
317903,0
317935,0
317974,0
318035,0
318045,0
318207,0
318294,0
318381,0
318382,0
318407,0
318498,0
318513,0
318535,0
318720,0
318834,0
318848,0
318857,0
318914,0
318919,0
318977,0
319022,0
319103,0
319125,0
319152,0
319162,0
319209,0
319219,0
319244,0
319307,0
319311,0
319503,0
319588,0
319736,0
319743,0
319769,0
320041,0
320228,0
320235,0
320277,0
320305,0
320365,0
320366,0
320588,0
320664,0
320726,0
320739,0
320851,0
320905,0
320984,0
320998,0
321050,0
321128,0
321176,0
321387,0
321414,0
321606,0
321658,0
321792,0
321834,0
321885,0
321895,0
321905,0
322040,0
322233,0
322331,0
322363,0
322380,0
322419,0
322460,0
322477,0
322695,0
322740,0
322754,0
322864,0
322937,0
323090,0
323150,0
323215,0
323254,0
323277,0
323332,0
323434,0
323525,0
323556,0
323579,0
323609,0
323631,0
323696,0
323757,0
324081,0
324083,0
324170,0
324230,0
324256,0
324307,0
324326,0
324417,0
324621,0
324673,0
325073,0
325170,0
325324,0
325375,0
325417,0
325434,0
325439,0
325450,0
325497,0
325640,0
325644,0
325701,0
325793,0
325826,0
325924,0
325999,0
326074,0
326093,0
326238,0
326319,0
326331,0
326529,0
326591,0
326684,0
326895,0
326932,0
326949,0
326961,0
326967,0
326990,0
327000,0
327002,0
327119,0
327198,0
327363,0
327535,0
327561,0
327563,0
327795,0
328092,0
328207,0
328417,0
328425,0
328535,0
328543,0
328598,0
328858,0
328883,0
328941,0
329110,0
329161,0
329203,0
329350,0
329357,0
329430,0
329449,0
329483,0
329686,0
329760,0
329965,0
330000,0
330004,0
330053,0
330080,0
330080,0
330201,0
330231,0
330250,0
330257,0
330339,0
330491,0
330611,0
330618,0
330652,0
330705,0
330719,0
330846,0
330926,0
330932,0
330959,0
330961,0
331009,0
331033,0
331187,0
331234,0
331259,0
331392,0
331657,0
331704,0
331715,0
331730,0
331743,0
331761,0
331899,0
331985,0
332085,0
332114,0
332166,0
332224,0
332275,0
332387,0
332511,0
332659,0
332663,0
332709,0
332717,0
332766,0
332784,0
332834,0
332896,0
332989,0
333050,0
333055,0
333256,0
333299,0
333471,0
333471,0
333654,0
333728,0
333768,0
333845,0
333852,0
333879,0
333920,0
334136,0
334201,0
334206,0
334291,0
334353,0
334374,0
334377,0
334437,0
334451,0
334533,0
334537,0
334552,0
334561,0
334615,0
334653,0
334738,0
334909,0
334915,0
334961,0
334994,0
335031,0
335246,0
335322,0
335534,0
335553,0
335605,0
335733,0
335747,0
335781,0
335878,0
335898,0
335970,0
336049,0
336078,0
336114,0
336247,0
336317,0
336499,0
336577,0
336628,0
336876,0
336889,0
337042,0
337113,0
337116,0
337142,0
337209,0
337293,0
337326,0
337335,0
337338,0
337434,0
337457,0
337475,0
337542,0
337832,0
337835,0
337888,0
337908,0
337930,0
338037,0
338040,0
338158,0
338168,0
338190,0
338206,0
338246,0
338362,0
338365,0
338378,0
338429,0
338546,0
338601,0
338604,0
338799,0
338803,0
338970,0
339190,0
339290,0
339353,0
339361,0
339417,0
339591,0
339720,0
339747,0
339877,0
340108,0
340157,0
340232,0
340354,0
340365,0
340404,0
340842,0
340865,0
340879,0
340908,0
340935,0
340936,0
341024,0
341036,0
341079,0
341100,0
341107,0
341179,0
341290,0
341299,0
341405,0
341531,0
341771,0
342062,0
342175,0
342263,0
342265,0
342296,0
342364,0
342453,0
342515,0
342796,0
342917,0
343093,0
343109,0
343109,0
343178,0
343226,0
343263,0
343334,0
343398,0
343404,0
343458,0
343498,0
343504,0
343562,0
343720,0
343757,0
343931,0
343965,0
343991,0
344015,0
344069,0
344202,0
344239,0
344250,0
344328,0
344356,0
344370,0
344492,0
344574,0
344577,0
344588,0
344681,0
344685,0
344742,0
344744,0
344750,0
344848,0
344923,0
345009,0
345094,0
345111,0
345213,0
345216,0
345238,0
345247,0
345269,0
345376,0
345450,0
345521,0
345570,0
345713,0
345772,0
345788,0
345821,0
345907,0
345993,0
346001,0
346033,0
346118,0
346226,0
346269,0
346385,0
346491,0
346532,0
346598,0
346629,0
346723,0
346874,0
347146,0
347182,0
347252,0
347298,0
347299,0
347391,0
347415,0
347416,0
347423,0
347599,0
347678,0
347770,0
347846,0
347866,0
348013,0
348035,0
348046,0
348073,0
348087,0
348090,0
348125,0
348213,0
348391,0
348446,0
348483,0
348533,0
348536,0
348544,0
348604,0
348635,0
348760,0
348814,0
348969,0
349103,0
349207,0
349238,0
349255,0
349278,0
349396,0
349401,0
349447,0
349468,0
349579,0
349721,0
349802,0
349870,0
349900,0
350024,0
350096,0
350279,0
350416,0
350492,0
350497,0
350529,0
350756,0
350778,0
350811,0
350841,0
350872,0
350907,0
350931,0
351079,0
351114,0
351167,0
351241,0
351254,0
351305,0
351409,0
351514,0
351558,0
351589,0
351679,0
351750,0
351769,0
351782,0
351878,0
351886,0
351917,0
352005,0
352011,0
352153,0
352168,0
352319,0
352463,0
352561,0
352627,0
352708,0
352809,0
352888,0
352986,0
353015,0
353039,0
353097,0
353132,0
353145,0
353157,0
353202,0
353258,0
353326,0
353395,0
353602,0
353603,0
353710,0
353794,0
353831,0
353875,0
353885,0
353921,0
353996,0
354025,0
354030,0
354097,0
354353,0
354359,0
354387,0
354417,0
354451,0
354488,0
354617,0
354669,0
354713,0
354805,0
354812,0
354842,0
354877,0
