254,0
338,0
416,0
437,0
698,0
727,0
814,0
857,0
882,0
909,0
923,0
950,0
986,0
1012,0
1015,0
1137,0
1185,0
1191,0
1193,0
1249,0
1256,0
1281,0
1440,0
1453,0
1510,0
1569,0
1681,0
1879,0
1918,0
1945,0
1980,0
2087,0
2137,0
2306,0
2358,0
2566,0
2682,0
2765,0
3085,0
3109,0
3127,0
3136,0
3397,0
3399,0
3465,0
3553,0
3616,0
3718,0
3786,0
3793,0
3816,0
3825,0
3877,0
3975,0
4277,0
4290,0
4366,0
4390,0
4403,0
4529,0
4544,0
4547,0
4606,0
4653,0
4748,0
4857,0
4892,0
4916,0
5147,0
5461,0
5666,0
5763,0
5775,0
5904,0
6279,0
6297,0
6314,0
6377,0
6479,0
6651,0
6718,0
6764,0
6768,0
6773,0
6855,0
7073,0
7125,0
7130,0
7250,0
7278,0
7407,0
7431,0
7512,0
7607,0
7711,0
7904,0
7937,0
8305,0
8322,0
8452,0
8508,0
8676,0
8750,0
8768,0
8813,0
8839,0
8893,0
8940,0
9051,0
9179,0
9238,0
9446,0
9462,0
9466,0
9652,0
9710,0
9788,0
9789,0
9924,0
9961,0
10003,0
10028,0
10071,0
10107,0
10166,0
10270,0
10331,0
10395,0
10441,0
10444,0
10535,0
10585,0
10598,0
10653,0
10687,0
10688,0
10987,0
11135,0
11163,0
11178,0
11203,0
11322,0
11407,0
11555,0
11667,0
11698,0
11734,0
12011,0
12027,0
12122,0
12221,0
12259,0
12312,0
12323,0
12400,0
12406,0
12519,0
12581,0
12964,0
13290,0
13326,0
13342,0
13494,0
13561,0
13910,0
13916,0
13929,0
13930,0
14018,0
14129,0
14159,0
14196,0
14204,0
14228,0
14460,0
14472,0
14533,0
14547,0
14551,0
14556,0
14583,0
14612,0
14679,0
14797,0
14831,0
15096,0
15118,0
15152,0
15214,0
15218,0
15484,0
15499,0
15513,0
15642,0
15782,0
15811,0
15848,0
15892,0
15898,0
15932,0
15955,0
15989,0
16023,0
16101,0
16368,0
16407,0
16446,0
16508,0
16522,0
16612,0
16712,0
16728,0
16741,0
16781,0
16829,0
16865,0
16910,0
16914,0
16935,0
17052,0
17115,0
17126,0
17207,0
17391,0
17460,0
17462,0
17475,0
17571,0
17738,0
17765,0
17782,0
17785,0
17998,0
18053,0
18086,0
18145,0
18146,0
18158,0
18280,0
18322,0
18598,0
18745,0
18897,0
18909,0
18989,0
19301,0
19387,0
19450,0
19478,0
19491,0
19653,0
19678,0
19709,0
19876,0
19898,0
20000,0
20022,0
20158,0
20233,0
20340,0
20393,0
20424,0
20443,0
20538,0
20596,0
20633,0
20670,0
20681,0
20860,0
20880,0
21042,0
21391,0
21392,0
21562,0
21602,0
21615,0
21620,0
21636,0
21813,0
21855,0
21899,0
21930,0
21982,0
22014,0
22059,0
22060,0
22067,0
22079,0
22135,0
22231,0
22265,0
22268,0
22275,0
22355,0
22377,0
22386,0
22410,0
22472,0
22505,0
22585,0
22675,0
22704,0
22795,0
22859,0
22874,0
22978,0
22984,0
22997,0
23075,0
23255,0
23366,0
23405,0
23488,0
23502,0
23611,0
23713,0
23716,0
23911,0
23945,0
23980,0
24158,0
24215,0
24391,0
24406,0
24426,0
24462,0
24767,0
24771,0
24785,0
24855,0
24894,0
24903,0
24951,0
25016,0
25022,0
25175,0
25272,0
25287,0
25287,0
25294,0
25430,0
25442,0
25446,0
25539,0
25571,0
25636,0
25640,0
25812,0
25878,0
25897,0
25901,0
25904,0
25930,0
26038,0
26191,0
26504,0
26529,0
26539,0
26572,0
26618,0
26835,0
26956,0
26962,0
27290,0
27565,0
27687,0
27834,0
27865,0
27895,0
27973,0
27977,0
28029,0
28043,0
28073,0
28115,0
28287,0
28296,0
28301,0
28341,0
28395,0
28461,0
28488,0
28546,0
28574,0
28654,0
28689,0
28730,0
28742,0
28811,0
28942,0
29010,0
29089,0
29103,0
29154,0
29204,0
29263,0
29318,0
29370,0
29417,0
29459,0
29551,0
29560,0
29777,0
29856,0
29976,0
30008,0
30084,0
30125,0
30206,0
30225,0
30357,0
30497,0
30638,0
30976,0
31025,0
31170,0
31235,0
31289,0
31317,0
31338,0
31415,0
31467,0
31480,0
31537,0
31658,0
31669,0
31736,0
32010,0
32059,0
32085,0
32125,0
32267,0
32312,0
32345,0
32376,0
32418,0
32511,0
32605,0
32610,0
32648,0
32788,0
32806,0
32811,0
32813,0
33056,0
33110,0
33143,0
33167,0
33265,0
33307,0
33549,0
33550,0
33759,0
33811,0
33934,0
33974,0
34027,0
34155,0
34207,0
34238,0
34372,0
34439,0
34500,0
34526,0
34541,0
34716,0
34723,0
34824,0
34849,0
35087,0
35136,0
35374,0
35388,0
35388,0
35533,0
35543,0
35708,0
35796,0
35876,0
35885,0
36016,0
36021,0
36234,0
36256,0
36339,0
36401,0
36437,0
36561,0
36587,0
36796,0
36926,0
36934,0
37062,0
37080,0
37169,0
37225,0
37285,0
37299,0
37337,0
37475,0
37520,0
37585,0
37651,0
37675,0
37740,0
37759,0
37857,0
37889,0
37994,0
38092,0
38118,0
38143,0
38285,0
38459,0
38493,0
38546,0
38624,0
38712,0
38883,0
38933,0
38944,0
39339,0
39404,0
39533,0
39596,0
39739,0
39787,0
39859,0
39865,0
39941,0
39942,0
39947,0
40160,0
40406,0
40420,0
40712,0
40804,0
40809,0
40824,0
40854,0
41010,0
41095,0
41116,0
41247,0
41254,0
41329,0
41372,0
41393,0
41577,0
41684,0
41690,0
41909,0
41930,0
42077,0
42230,0
42249,0
42354,0
42401,0
42534,0
42561,0
42741,0
42877,0
43115,0
43217,0
43230,0
43390,0
43394,0
43663,0
43709,0
43711,0
43899,0
44120,0
44151,0
44192,0
44227,0
44280,0
44296,0
44372,0
44473,0
44573,0
44626,0
44710,0
44717,0
44742,0
44773,0
44789,0
44876,0
44987,0
45121,0
45171,0
45183,0
45265,0
45291,0
45337,0
45416,0
45489,0
45616,0
45655,0
45675,0
45688,0
45700,0
45712,0
45716,0
45916,0
45975,0
46070,0
46185,0
46226,0
46288,0
46389,0
46433,0
46506,0
46524,0
46529,0
46593,0
47101,0
47259,0
47277,0
47310,0
47479,0
47482,0
47675,0
47873,0
48025,0
48092,0
48328,0
48354,0
48461,0
48523,0
48575,0
48640,0
48661,0
48687,0
48737,0
48903,0
48963,0
49139,0
49151,0
49187,0
49217,0
49300,0
49349,0
49350,0
49415,0
49518,0
49562,0
49647,0
49827,0
49901,0
49980,0
50064,0
50252,0
50402,0
50447,0
50496,0
50526,0
50617,0
50725,0
50819,0
50871,0
50922,0
50987,0
51014,0
51042,0
51087,0
51088,0
51106,0
51143,0
51165,0
51192,0
51274,0
51281,0
51350,0
51397,0
51439,0
51463,0
51567,0
51592,0
51663,0
51674,0
51692,0
51771,0
51853,0
51882,0
51959,0
51962,0
52064,0
52067,0
52289,0
52348,0
52365,0
52395,0
52408,0
52498,0
52559,0
52671,0
52691,0
52725,0
52735,0
52818,0
52865,0
52918,0
53016,0
53060,0
53213,0
53314,0
53543,0
53547,0
53569,0
53696,0
53860,0
53950,0
53981,0
54077,0
54153,0
54171,0
54181,0
54212,0
54318,0
54407,0
54421,0
54466,0
54617,0
54644,0
54763,0
54825,0
55227,0
55374,0
55462,0
55584,0
55781,0
55891,0
55892,0
55899,0
56272,0
56600,0
56752,0
56794,0
56817,0
56977,0
57017,0
57023,0
57079,0
57346,0
57423,0
57588,0
57877,0
57979,0
57997,0
58157,0
58158,0
58207,0
58271,0
58448,0
58451,0
58472,0
58488,0
58521,0
58563,0
58633,0
58676,0
58879,0
58987,0
58988,0
59026,0
59101,0
59165,0
59185,0
59201,0
59332,0
59354,0
59440,0
59513,0
59670,0
59777,0
59861,0
59892,0
59956,0
59966,0
60074,0
60167,0
60208,0
60310,0
60341,0
60586,0
60633,0
60726,0
60760,0
60774,0
60831,0
61116,0
61167,0
61171,0
61229,0
61248,0
61358,0
61390,0
61523,0
61614,0
61712,0
61815,0
61849,0
61967,0
62022,0
62123,0
62195,0
62289,0
62503,0
62671,0
62708,0
62874,0
62986,0
63073,0
63116,0
63167,0
63300,0
63398,0
63415,0
63574,0
63631,0
63766,0
63821,0
63849,0
64091,0
64429,0
64538,0
64606,0
64626,0
64874,0
64920,0
64965,0
65148,0
65166,0
65285,0
65424,0
65496,0
65599,0
65704,0
65705,0
65717,0
65778,0
65790,0
65861,0
65889,0
65958,0
66044,0
66205,0
66225,0
66281,0
66392,0
66411,0
66634,0
66665,0
66707,0
66759,0
66835,0
66853,0
66926,0
67046,0
67067,0
67258,0
67317,0
67473,0
67518,0
67537,0
67646,0
67677,0
67812,0
67838,0
67876,0
67891,0
68125,0
68148,0
68218,0
68228,0
68310,0
68392,0
68404,0
68437,0
68600,0
68633,0
68700,0
68709,0
68759,0
68771,0
68906,0
68976,0
68999,0
68999,0
69056,0
69148,0
69190,0
69196,0
69207,0
69244,0
69567,0
69719,0
69873,0
70171,0
70226,0
70253,0
70321,0
70510,0
70553,0
70722,0
70732,0
70747,0
70826,0
70986,0
71069,0
71146,0
71340,0
71355,0
71463,0
71479,0
71492,0
71630,0
71637,0
71675,0
71724,0
71727,0
71876,0
71887,0
71971,0
72087,0
72089,0
72138,0
72186,0
72190,0
72235,0
72357,0
72428,0
72455,0
72515,0
72663,0
72684,0
72687,0
72692,0
72701,0
72715,0
72969,0
72990,0
73090,0
73101,0
73185,0
73299,0
73354,0
73417,0
73422,0
73492,0
73612,0
73873,0
74116,0
74138,0
74144,0
74363,0
74486,0
74512,0
74519,0
74557,0
74620,0
74638,0
74794,0
74816,0
74832,0
74870,0
75059,0
75099,0
75114,0
75267,0
75339,0
75521,0
75573,0
75611,0
75616,0
75637,0
75642,0
75682,0
75696,0
75780,0
75818,0
75829,0
76048,0
76143,0
76465,0
76531,0
76559,0
76668,0
76692,0
76697,0
76719,0
76736,0
76848,0
76850,0
76896,0
76902,0
76926,0
77009,0
77017,0
77033,0
77057,0
77196,0
77394,0
77397,0
77492,0
77759,0
77806,0
77864,0
77927,0
78245,0
78294,0
78381,0
78611,0
78611,0
78639,0
78641,0
78818,0
78820,0
78914,0
79009,0
79076,0
79087,0
79138,0
79166,0
79225,0
79239,0
79306,0
79352,0
79532,0
79585,0
79644,0
79691,0
79908,0
79947,0
80225,0
80373,0
80426,0
80694,0
80713,0
80740,0
80824,0
80880,0
80899,0
81063,0
81328,0
81401,0
81469,0
81489,0
81602,0
81657,0
81720,0
81813,0
81844,0
81850,0
81954,0
82037,0
82203,0
82209,0
82313,0
82350,0
82355,0
82364,0
82402,0
82417,0
82447,0
82510,0
82515,0
82540,0
82615,0
82968,0
83171,0
83224,0
83235,0
83369,0
83377,0
83391,0
83531,0
83532,0
83609,0
83643,0
83659,0
83668,0
83711,0
83714,0
83791,0
83825,0
84049,0
84050,0
84148,0
84153,0
84185,0
84200,0
84270,0
84309,0
84358,0
84380,0
84441,0
84639,0
84662,0
84713,0
84743,0
84804,0
84919,0
84925,0
84943,0
84944,0
84972,0
84982,0
84997,0
85078,0
85082,0
85337,0
85339,0
85521,0
85580,0
85663,0
85676,0
85741,0
85753,0
85772,0
85928,0
85961,0
85994,0
86102,0
86110,0
86153,0
86181,0
86214,0
86221,0
86249,0
86279,0
86448,0
86476,0
86500,0
86528,0
86641,0
86677,0
86678,0
86680,0
86727,0
86762,0
86777,0
86946,0
87129,0
87171,0
87175,0
87186,0
87211,0
87220,0
87292,0
87423,0
87535,0
87547,0
87549,0
87567,0
87624,0
87652,0
87683,0
87705,0
87723,0
87725,0
87739,0
87871,0
88043,0
88145,0
88176,0
88188,0
88235,0
88242,0
88283,0
88307,0
88458,0
88563,0
88692,0
88743,0
88783,0
88783,0
88856,0
88938,0
89167,0
89216,0
89220,0
89254,0
89278,0
89322,0
89451,0
89533,0
89579,0
89596,0
89670,0
89827,0
89945,0
90052,0
90116,0
90132,0
90302,0
90311,0
90353,0
90438,0
90485,0
90507,0
90555,0
90597,0
90792,0
90847,0
90886,0
90943,0
90987,0
91008,0
91107,0
91118,0
91191,0
91240,0
91288,0
91473,0
91491,0
91501,0
91583,0
91629,0
91886,0
92016,0
92037,0
92094,0
92157,0
92231,0
92282,0
92299,0
92396,0
92538,0
92727,0
92775,0
92783,0
92792,0
92862,0
93009,0
93009,0
93112,0
93167,0
93177,0
93237,0
93249,0
93336,0
93465,0
93499,0
93616,0
93667,0
93744,0
93828,0
93902,0
93968,0
93977,0
94171,0
94249,0
94338,0
94357,0
94357,0
94363,0
94400,0
94435,0
94441,0
94481,0
94535,0
94584,0
94809,0
94844,0
94886,0
94899,0
94920,0
95015,0
95032,0
95191,0
95233,0
95454,0
95482,0
95508,0
95511,0
95589,0
95696,0
95725,0
95741,0
95810,0
95856,0
95898,0
96164,0
96169,0
96298,0
96541,0
96600,0
96702,0
96859,0
96898,0
96983,0
96994,0
97020,0
97092,0
97135,0
97141,0
97169,0
97280,0
97425,0
97470,0
97733,0
97789,0
97873,0
97891,0
97983,0
98000,0
98002,0
98177,0
98193,0
98286,0
98481,0
98605,0
98763,0
98836,0
99279,0
99385,0
99412,0
99421,0
99443,0
99784,0
99791,0
99871,0
99939,0
99965,0
100077,0
100168,0
100179,0
100286,0
100428,0
100575,0
100738,0
100798,0
100868,0
101004,0
101070,0
101289,0
101340,0
101384,0
101443,0
101517,0
101547,0
101630,0
101753,0
101763,0
101822,0
101916,0
101961,0
102210,0
102306,0
102336,0
102681,0
102695,0
102767,0
102772,0
102887,0
102904,0
102925,0
102928,0
103339,0
103359,0
103482,0
103508,0
103690,0
103700,0
103802,0
103861,0
103903,0
104010,0
104011,0
104147,0
104457,0
104532,0
104561,0
104580,0
104583,0
104785,0
104822,0
105043,0
105098,0
105320,0
105430,0
105571,0
105712,0
105776,0
105954,0
106083,0
106085,0
106102,0
106245,0
106276,0
106396,0
106472,0
106638,0
106668,0
106748,0
106909,0
107011,0
107031,0
107141,0
107169,0
107178,0
107206,0
107217,0
107287,0
107322,0
107421,0
107502,0
107542,0
107542,0
107636,0
107675,0
107675,0
107800,0
107985,0
108042,0
108050,0
108353,0
108368,0
108416,0
108420,0
108439,0
108489,0
108500,0
108530,0
108620,0
108672,0
108698,0
108701,0
108840,0
108909,0
108924,0
108957,0
109086,0
109147,0
109345,0
109351,0
109378,0
109432,0
109593,0
109725,0
109839,0
110229,0
110350,0
110483,0
110715,0
110821,0
110847,0
110921,0
111119,0
111252,0
111291,0
111362,0
111493,0
111584,0
111724,0
111832,0
111833,0
111882,0
111953,0
111982,0
111994,0
112059,0
112104,0
112122,0
112176,0
112349,0
112376,0
112760,0
112779,0
112818,0
112845,0
112904,0
113006,0
113094,0
113106,0
113106,0
113120,0
113159,0
113308,0
113414,0
113430,0
113515,0
113533,0
113792,0
113897,0
113918,0
113979,0
114007,0
114031,0
114230,0
114281,0
114384,0
114485,0
114513,0
114519,0
114529,0
114561,0
114675,0
114683,0
114684,0
114705,0
114768,0
115071,0
115187,0
115391,0
115595,0
115690,0
115824,0
115985,0
116025,0
116125,0
116128,0
116324,0
116388,0
116405,0
116471,0
116499,0
116592,0
116602,0
116646,0
116690,0
116784,0
116795,0
116844,0
116898,0
116913,0
116993,0
117003,0
117019,0
117040,0
117151,0
117159,0
117187,0
117293,0
117399,0
117407,0
117535,0
117604,0
117663,0
117777,0
117793,0
117824,0
118030,0
118053,0
118080,0
118463,0
118621,0
118633,0
118680,0
118689,0
118710,0
118730,0
118759,0
118842,0
118898,0
118923,0
119072,0
119185,0
119226,0
119426,0
119436,0
119451,0
119490,0
119587,0
119620,0
119689,0
119725,0
119772,0
119849,0
120010,0
120184,0
120548,0
120576,0
120585,0
120653,0
120663,0
120756,0
120798,0
120866,0
120909,0
120991,0
121089,0
121149,0
121200,0
121353,0
121510,0
121659,0
121823,0
121860,0
121991,0
122002,0
122045,0
122077,0
122102,0
122702,0
122710,0
122726,0
122851,0
123164,0
123193,0
123246,0
123255,0
123429,0
123443,0
123453,0
123564,0
123662,0
123668,0
123712,0
123900,0
124078,0
124082,0
124082,0
124107,0
124154,0
124206,0
124229,0
124255,0
124258,0
124374,0
124394,0
124429,0
124524,0
124550,0
124579,0
124606,0
124607,0
124633,0
124775,0
124905,0
124935,0
124949,0
124971,0
125107,0
125158,0
125334,0
125335,0
125363,0
125407,0
125409,0
125467,0
125624,0
125685,0
125700,0
125710,0
125727,0
125774,0
126052,0
126132,0
126185,0
126202,0
126516,0
126557,0
126616,0
126642,0
126677,0
126712,0
126823,0
126906,0
126955,0
127099,0
127126,0
127200,0
127232,0
127275,0
127296,0
127349,0
127399,0
127404,0
127409,0
127468,0
127507,0
127507,0
127653,0
127740,0
127930,0
128054,0
128133,0
128212,0
128241,0
128272,0
128655,0
128856,0
128901,0
128913,0
128988,0
129021,0
129069,0
129078,0
129138,0
129193,0
129305,0
129529,0
129588,0
129635,0
129661,0
129739,0
129762,0
129786,0
129844,0
129905,0
129949,0
130076,0
130178,0
130277,0
130344,0
130361,0
130371,0
130377,0
130385,0
130453,0
130470,0
130651,0
130654,0
130878,0
131003,0
131060,0
131127,0
131150,0
131186,0
131208,0
131345,0
131426,0
131441,0
131732,0
131790,0
131930,0
132112,0
132129,0
132311,0
132311,0
132401,0
132777,0
132945,0
132957,0
132972,0
132985,0
133026,0
133110,0
133277,0
133427,0
133473,0
133554,0
133596,0
133624,0
133808,0
134145,0
134259,0
134308,0
134367,0
134597,0
134637,0
134684,0
134775,0
134779,0
134803,0
134840,0
134943,0
135102,0
135153,0
135418,0
135507,0
135547,0
135640,0
135641,0
135781,0
136153,0
136180,0
136213,0
136272,0
136416,0
136498,0
136551,0
136566,0
136640,0
136676,0
136835,0
136972,0
137013,0
137122,0
137206,0
137297,0
137730,0
137799,0
137934,0
137936,0
137984,0
138070,0
138108,0
138184,0
138387,0
138462,0
138656,0
138672,0
138705,0
138811,0
138947,0
138956,0
138983,0
139236,0
139247,0
139307,0
139429,0
139603,0
139623,0
139707,0
139719,0
139869,0
139934,0
140111,0
140113,0
140134,0
140160,0
140254,0
140260,0
140683,0
140747,0
140798,0
140798,0
140839,0
140973,0
140999,0
141016,0
141046,0
141066,0
141102,0
141127,0
141134,0
141161,0
141175,0
141191,0
141192,0
141215,0
141282,0
141290,0
141292,0
141299,0
141643,0
141732,0
141786,0
141853,0
141910,0
142039,0
142217,0
142316,0
142347,0
142355,0
142538,0
142551,0
142610,0
142676,0
142772,0
142907,0
143018,0
143105,0
143224,0
143340,0
143386,0
143423,0
143427,0
143726,0
143760,0
143883,0
143933,0
143974,0
143990,0
144067,0
144120,0
144151,0
144162,0
144172,0
144216,0
144289,0
144381,0
144621,0
144666,0
144745,0
144750,0
144758,0
144767,0
144772,0
144906,0
145114,0
145124,0
145196,0
145379,0
145495,0
145584,0
145598,0
145762,0
145789,0
145812,0
145848,0
145998,0
146008,0
146335,0
146362,0
146391,0
146476,0
146578,0
146630,0
146675,0
146811,0
146838,0
146846,0
146923,0
146940,0
146966,0
147081,0
147088,0
147115,0
147116,0
147209,0
147362,0
147397,0
147428,0
147521,0
147527,0
147643,0
147727,0
147821,0
148025,0
148031,0
148077,0
148105,0
148178,0
148192,0
148381,0
148406,0
148413,0
148482,0
148515,0
148581,0
148591,0
148684,0
148688,0
148860,0
148881,0
148948,0
148997,0
149063,0
149077,0
149135,0
149417,0
149496,0
149530,0
149652,0
149720,0
149846,0
149865,0
149938,0
149955,0
149996,0
150099,0
150180,0
150333,0
150425,0
150435,0
150491,0
150538,0
150547,0
150558,0
150581,0
150598,0
150606,0
150616,0
150639,0
150683,0
150791,0
150839,0
151012,0
151017,0
151082,0
151173,0
151178,0
151268,0
151335,0
151362,0
151364,0
151427,0
151476,0
151522,0
151808,0
151875,0
151930,0
151943,0
152004,0
152009,0
152011,0
152070,0
152131,0
152372,0
152554,0
152575,0
152609,0
152627,0
152630,0
152684,0
152748,0
152778,0
152899,0
152978,0
153088,0
153219,0
153306,0
153343,0
153371,0
153424,0
153440,0
153544,0
153584,0
153803,0
153826,0
153898,0
153976,0
153977,0
153979,0
154009,0
154106,0
154118,0
154128,0
154185,0
154204,0
154320,0
154355,0
154357,0
154509,0
154874,0
154917,0
154994,0
155133,0
155227,0
155314,0
155320,0
155539,0
155549,0
155563,0
155666,0
155681,0
155764,0
155837,0
155859,0
155877,0
156007,0
156046,0
156058,0
156094,0
156197,0
156219,0
156338,0
156369,0
156399,0
156491,0
156502,0
156568,0
156570,0
156661,0
156676,0
156812,0
156954,0
156987,0
157071,0
157102,0
157139,0
157340,0
157392,0
157416,0
157453,0
157492,0
157682,0
157871,0
157933,0
157950,0
158050,0
158193,0
158266,0
158325,0
158569,0
158886,0
158944,0
159085,0
159127,0
159140,0
159205,0
159244,0
159259,0
159302,0
159330,0
159412,0
159495,0
159630,0
159706,0
159763,0
159771,0
159805,0
159994,0
160112,0
160145,0
160176,0
160190,0
160268,0
160385,0
160549,0
160675,0
160703,0
160796,0
161346,0
161346,0
161348,0
161594,0
161614,0
161737,0
161953,0
162016,0
162242,0
162275,0
162329,0
162369,0
162489,0
162495,0
162499,0
162539,0
162575,0
162635,0
162642,0
162649,0
162668,0
162711,0
162722,0
162732,0
162734,0
162783,0
162798,0
162905,0
163015,0
163054,0
163111,0
163164,0
163370,0
163465,0
163529,0
163604,0
163609,0
163787,0
163844,0
163872,0
163896,0
164100,0
164286,0
164315,0
164365,0
164419,0
164541,0
164599,0
164752,0
164953,0
165098,0
165267,0
165318,0
165476,0
165678,0
165711,0
165742,0
165939,0
165975,0
166110,0
166176,0
166300,0
166313,0
166347,0
166423,0
166512,0
166516,0
166529,0
166683,0
166849,0
166914,0
167024,0
167058,0
167125,0
167157,0
167305,0
167402,0
167434,0
167500,0
167579,0
167624,0
167651,0
167710,0
167715,0
167816,0
167955,0
167956,0
167990,0
168154,0
168232,0
168343,0
168374,0
168453,0
168500,0
168549,0
168560,0
168569,0
168729,0
168766,0
168832,0
168926,0
168966,0
169000,0
169040,0
169128,0
169138,0
169164,0
169243,0
169267,0
169464,0
169506,0
169772,0
169775,0
169775,0
169812,0
169834,0
169942,0
169990,0
169991,0
170023,0
170061,0
170205,0
170220,0
170241,0
170357,0
170443,0
170472,0
170640,0
170672,0
171053,0
171406,0
171624,0
171788,0
171902,0
171915,0
171925,0
171970,0
172033,0
172054,0
172091,0
172108,0
172175,0
172230,0
172277,0
172326,0
172488,0
172553,0
172618,0
172655,0
172896,0
172961,0
172990,0
173052,0
173056,0
173299,0
173316,0
173635,0
173662,0
173691,0
173736,0
173824,0
173846,0
173908,0
173910,0
173928,0
174001,0
174065,0
174300,0
174309,0
174343,0
174365,0
174375,0
174519,0
174594,0
174684,0
174761,0
174787,0
174814,0
174973,0
175103,0
175175,0
175349,0
175389,0
175416,0
175467,0
175478,0
175512,0
175513,0
175525,0
175574,0
175605,0
175634,0
175758,0
175803,0
175809,0
175860,0
175864,0
175866,0
175906,0
175938,0
176043,0
176077,0
176109,0
176132,0
176185,0
176459,0
176471,0
176701,0
176706,0
176717,0
176821,0
177044,0
177093,0
177101,0
177167,0
177167,0
177209,0
177249,0
177300,0
177342,0
177624,0
177760,0
177804,0
177886,0
177935,0
178400,0
178413,0
178428,0
178484,0
178548,0
178632,0
178725,0
178758,0
178940,0
178967,0
179003,0
179102,0
179115,0
179425,0
179481,0
179485,0
179520,0
179652,0
179668,0
179693,0
179761,0
179937,0
179975,0
180099,0
180241,0
180259,0
180458,0
180485,0
180603,0
180624,0
180646,0
180654,0
180674,0
180693,0
180696,0
180715,0
180744,0
180753,0
180862,0
180925,0
180990,0
181008,0
181110,0
181121,0
181136,0
181405,0
181417,0
181434,0
181435,0
181519,0
181569,0
181610,0
181645,0
181664,0
181683,0
181735,0
181794,0
181869,0
181880,0
181961,0
181976,0
182140,0
182153,0
182199,0
182324,0
182476,0
182551,0
182585,0
182595,0
182641,0
182657,0
182958,0
183044,0
183215,0
183253,0
183289,0
183439,0
183568,0
183577,0
183603,0
183727,0
183853,0
183925,0
183933,0
184000,0
184032,0
184040,0
184093,0
184134,0
184186,0
184220,0
184282,0
184568,0
184625,0
184645,0
184801,0
184963,0
185228,0
185255,0
185297,0
185316,0
185410,0
185438,0
185498,0
185570,0
185695,0
185741,0
185815,0
185862,0
185958,0
186067,0
186115,0
186399,0
186413,0
186612,0
186752,0
186765,0
186840,0
186853,0
186902,0
186987,0
187027,0
187029,0
187124,0
187288,0
187533,0
187615,0
187664,0
187723,0
187724,0
187996,0
188045,0
188058,0
188177,0
188264,0
188276,0
188331,0
188351,0
188382,0
188392,0
188435,0
188556,0
188756,0
188766,0
188783,0
188799,0
188801,0
188844,0
188904,0
188923,0
188991,0
189048,0
189066,0
189073,0
189145,0
189219,0
189220,0
189299,0
189484,0
189485,0
189538,0
189599,0
189603,0
189829,0
190061,0
190078,0
190094,0
190263,0
190335,0
190399,0
190400,0
190411,0
190447,0
190485,0
190502,0
190577,0
190669,0
190676,0
190858,0
191002,0
191008,0
191011,0
191082,0
191108,0
191240,0
191260,0
191276,0
191318,0
191446,0
191480,0
191503,0
191829,0
191849,0
191873,0
191898,0
191996,0
192214,0
192278,0
192280,0
192415,0
192457,0
192588,0
192605,0
192606,0
192621,0
192814,0
192891,0
192920,0
193010,0
193039,0
193050,0
193129,0
193150,0
193184,0
193352,0
193455,0
193477,0
193496,0
193517,0
193537,0
193660,0
193699,0
193781,0
193848,0
193932,0
193968,0
194035,0
194169,0
194175,0
194179,0
194234,0
194290,0
194319,0
194419,0
194492,0
194582,0
194587,0
194689,0
194699,0
194737,0
194881,0
194889,0
194933,0
194955,0
195052,0
195065,0
195124,0
195223,0
195317,0
195341,0
195399,0
195555,0
195579,0
195589,0
195620,0
195662,0
195684,0
195687,0
195768,0
195873,0
195883,0
195933,0
195940,0
195960,0
195989,0
196106,0
196161,0
196250,0
196262,0
196301,0
196317,0
196347,0
196449,0
196545,0
196545,0
196571,0
196619,0
196668,0
196856,0
196871,0
196945,0
196969,0
196986,0
197342,0
197343,0
197383,0
197389,0
197422,0
197472,0
197472,0
197646,0
197669,0
197691,0
197723,0
197800,0
197816,0
197832,0
197854,0
197977,0
198119,0
198123,0
198138,0
198138,0
198377,0
198464,0
198544,0
198644,0
198690,0
199114,0
199172,0
199403,0
199409,0
199499,0
199510,0
199639,0
199645,0
199681,0
199756,0
199842,0
199943,0
199945,0
199946,0
199967,0
200020,0
200046,0
200064,0
200074,0
200090,0
200247,0
200256,0
200339,0
200378,0
200480,0
200724,0
200801,0
200860,0
200898,0
200921,0
200950,0
201005,0
201046,0
201203,0
201278,0
201408,0
201489,0
201556,0
201573,0
201613,0
201811,0
201941,0
201976,0
201983,0
202087,0
202124,0
202266,0
202312,0
202318,0
202402,0
202409,0
202427,0
202461,0
202529,0
202687,0
202826,0
202833,0
202984,0
203320,0
203371,0
203454,0
203473,0
203479,0
203509,0
203563,0
203604,0
203737,0
203755,0
203774,0
203784,0
203843,0
203916,0
203939,0
203946,0
203950,0
204011,0
204058,0
204060,0
204128,0
204286,0
204488,0
204491,0
204502,0
204573,0
204730,0
204743,0
204790,0
204796,0
204968,0
205087,0
205113,0
205259,0
205300,0
205328,0
205480,0
205516,0
205577,0
205587,0
205643,0
205680,0
205773,0
205808,0
205911,0
206048,0
206183,0
206206,0
206259,0
206263,0
206424,0
206430,0
206533,0
206544,0
206545,0
206570,0
206588,0
206618,0
206675,0
206685,0
206719,0
206839,0
206925,0
207016,0
207217,0
207230,0
207244,0
207276,0
207373,0
207375,0
207508,0
207605,0
207748,0
207807,0
207912,0
208042,0
208192,0
208224,0
208255,0
208255,0
208459,0
208591,0
208853,0
208991,0
209002,0
209047,0
209169,0
209210,0
209220,0
209248,0
209327,0
209330,0
209520,0
209521,0
209604,0
209610,0
209631,0
209660,0
209682,0
209847,0
209906,0
209957,0
209967,0
210033,0
210172,0
210282,0
210308,0
210354,0
210386,0
210459,0
210512,0
210517,0
210533,0
210606,0
210700,0
210723,0
210807,0
210841,0
210854,0
210855,0
210937,0
211019,0
211058,0
211175,0
211217,0
211282,0
211519,0
211692,0
211732,0
211809,0
211822,0
212067,0
212084,0
212088,0
212095,0
212203,0
212209,0
212232,0
212370,0
212377,0
212396,0
212456,0
212542,0
212728,0
213301,0
213394,0
213616,0
213652,0
213688,0
213757,0
213781,0
213834,0
213895,0
213992,0
213998,0
214031,0
214066,0
214175,0
214358,0
214435,0
214520,0
214553,0
214577,0
214735,0
214952,0
215066,0
215072,0
215101,0
215185,0
215228,0
215295,0
215386,0
215426,0
215488,0
215572,0
215579,0
215716,0
215856,0
215926,0
215975,0
216065,0
216078,0
216134,0
216147,0
216366,0
216370,0
216468,0
216484,0
216578,0
216617,0
216764,0
216842,0
216869,0
216914,0
216923,0
216928,0
216942,0
217045,0
217096,0
217115,0
217220,0
217261,0
217463,0
217473,0
217566,0
217666,0
217766,0
217807,0
217860,0
217937,0
217957,0
217999,0
218042,0
218056,0
218067,0
218192,0
218237,0
218278,0
218340,0
218396,0
218405,0
218460,0
218512,0
218589,0
218635,0
218681,0
218748,0
218922,0
218953,0
218961,0
219015,0
219077,0
219111,0
219177,0
219203,0
219340,0
219397,0
219402,0
219459,0
220248,0
220333,0
220373,0
220444,0
220474,0
220612,0
220718,0
221002,0
221022,0
221159,0
221206,0
221226,0
221311,0
221433,0
221786,0
221807,0
221837,0
221891,0
221973,0
221992,0
222165,0
222172,0
222217,0
222258,0
222419,0
222631,0
222633,0
222711,0
222839,0
222941,0
222975,0
223088,0
223177,0
223252,0
223359,0
223632,0
223827,0
223903,0
224024,0
224085,0
224135,0
224202,0
224245,0
224353,0
224399,0
224418,0
224453,0
224504,0
224526,0
224535,0
224648,0
224648,0
224707,0
224774,0
224791,0
224929,0
225069,0
225116,0
225183,0
225210,0
225285,0
225320,0
225337,0
225418,0
225434,0
225499,0
225520,0
225535,0
225625,0
225668,0
225711,0
225751,0
225769,0
225954,0
225995,0
226060,0
226064,0
226134,0
226193,0
226277,0
226298,0
226317,0
226349,0
226385,0
226486,0
227095,0
227213,0
227284,0
227423,0
227443,0
227592,0
227601,0
227619,0
227790,0
227849,0
227856,0
227949,0
228048,0
228102,0
228193,0
228196,0
228196,0
228307,0
228488,0
228501,0
228539,0
228742,0
228912,0
228937,0
229000,0
229065,0
229125,0
229394,0
229517,0
229566,0
229570,0
229626,0
229640,0
229946,0
230004,0
230165,0
230394,0
230418,0
230437,0
230491,0
230622,0
230670,0
230758,0
230905,0
230941,0
230973,0
231075,0
231086,0
231098,0
231131,0
231173,0
231192,0
231308,0
231321,0
231451,0
231472,0
231497,0
231542,0
231634,0
231669,0
231701,0
231715,0
231754,0
231827,0
231857,0
231972,0
232076,0
232082,0
232124,0
232210,0
232408,0
232434,0
232517,0
232585,0
232622,0
232741,0
232746,0
233016,0
233030,0
233044,0
233096,0
233305,0
233322,0
233381,0
233495,0
233555,0
233609,0
233744,0
233763,0
233777,0
233821,0
233950,0
234002,0
234005,0
234645,0
234670,0
234800,0
234961,0
235047,0
235048,0
235504,0
235543,0
235570,0
235589,0
235965,0
235975,0
236004,0
236089,0
236177,0
236184,0
236231,0
236309,0
236324,0
236448,0
236496,0
236665,0
236705,0
236727,0
236733,0
236745,0
236861,0
236923,0
236992,0
237141,0
237261,0
237727,0
237735,0
237751,0
237796,0
237945,0
237959,0
238001,0
238092,0
238302,0
238385,0
238521,0
238586,0
238594,0
238645,0
238737,0
238742,0
238862,0
238892,0
238982,0
239014,0
239052,0
239166,0
239224,0
239245,0
239263,0
239273,0
239286,0
239316,0
239332,0
239637,0
239792,0
239874,0
239883,0
239901,0
239941,0
239957,0
240027,0
240102,0
240208,0
240212,0
240218,0
240269,0
240285,0
240373,0
240390,0
240579,0
240611,0
240720,0
240722,0
240825,0
240968,0
241055,0
241229,0
241285,0
241377,0
241434,0
241567,0
241574,0
241684,0
241779,0
241825,0
241870,0
242283,0
242399,0
242567,0
242610,0
242616,0
242666,0
242832,0
242906,0
242997,0
243040,0
243115,0
243230,0
243313,0
243439,0
243463,0
243507,0
243710,0
243812,0
243883,0
243908,0
244091,0
244264,0
244315,0
244601,0
244696,0
244735,0
244848,0
244914,0
244952,0
245065,0
245072,0
245167,0
245272,0
245454,0
245525,0
245527,0
245790,0
245792,0
245824,0
245827,0
245889,0
246075,0
246189,0
246282,0
246395,0
246400,0
246516,0
246584,0
246723,0
246963,0
247020,0
247061,0
247252,0
247262,0
247364,0
247401,0
247470,0
247500,0
247618,0
247773,0
247838,0
248033,0
248073,0
248075,0
248094,0
248138,0
248194,0
248211,0
248236,0
248363,0
248469,0
248506,0
248544,0
248556,0
248590,0
248619,0
248633,0
248753,0
248758,0
248863,0
248989,0
249005,0
249040,0
249217,0
249389,0
249455,0
249666,0
249723,0
249733,0
249752,0
249813,0
249843,0
249889,0
250003,0
250021,0
250044,0
250055,0
250113,0
250278,0
250367,0
250423,0
250458,0
250504,0
250548,0
250589,0
250654,0
250656,0
250706,0
250728,0
250740,0
250803,0
250892,0
250912,0
250926,0
250973,0
251244,0
251381,0
251392,0
251560,0
251579,0
251610,0
251677,0
251682,0
251683,0
251808,0
251834,0
252221,0
252284,0
252324,0
252642,0
252688,0
252789,0
252808,0
252834,0
252878,0
252903,0
252926,0
252950,0
253064,0
253238,0
253396,0
253474,0
253482,0
253491,0
253711,0
253897,0
253919,0
254052,0
254234,0
254434,0
254614,0
254883,0
254923,0
255079,0
255091,0
255125,0
255194,0
255270,0
255375,0
255481,0
255953,0
256043,0
256051,0
256082,0
256099,0
256114,0
256236,0
256397,0
256452,0
256542,0
256602,0
256710,0
256813,0
256956,0
256959,0
257004,0
257091,0
257130,0
257207,0
257214,0
257287,0
257437,0
257442,0
257462,0
257488,0
257568,0
257696,0
257829,0
257859,0
257977,0
257992,0
257995,0
258002,0
258016,0
258144,0
258389,0
258488,0
258557,0
258669,0
258679,0
258740,0
258762,0
258831,0
258834,0
258877,0
258929,0
258962,0
258970,0
258995,0
259176,0
259253,0
259400,0
259462,0
259580,0
259581,0
259624,0
259640,0
259778,0
259810,0
259873,0
259965,0
260177,0
260222,0
260226,0
260468,0
260492,0
260671,0
260800,0
260916,0
260951,0
261024,0
261066,0
261134,0
261175,0
261307,0
261317,0
261455,0
261490,0
261554,0
261573,0
261748,0
261929,0
262058,0
262060,0
262119,0
262176,0
262212,0
262265,0
262268,0
262330,0
262334,0
262439,0
262736,0
262783,0
262821,0
262872,0
262983,0
263026,0
263160,0
263188,0
263241,0
263241,0
263253,0
263375,0
263406,0
263476,0
263572,0
263577,0
263585,0
263623,0
263648,0
263696,0
263726,0
263811,0
263888,0
263905,0
263941,0
264033,0
264111,0
264138,0
264173,0
264240,0
264442,0
264481,0
264584,0
264673,0
264680,0
264745,0
264824,0
264861,0
264886,0
264998,0
265029,0
265050,0
265058,0
265083,0
265189,0
265207,0
265262,0
265269,0
265284,0
265365,0
265372,0
265390,0
265462,0
265497,0
265528,0
265563,0
265599,0
265607,0
265646,0
265786,0
265801,0
265860,0
265874,0
266084,0
266302,0
266445,0
266448,0
266475,0
266502,0
266526,0
266548,0
266549,0
266583,0
266597,0
266627,0
266717,0
266720,0
266790,0
266885,0
267101,0
267311,0
267326,0
267369,0
267397,0
267408,0
267563,0
267717,0
267785,0
267875,0
267919,0
267951,0
267955,0
268058,0
268131,0
268281,0
268378,0
268401,0
268448,0
268450,0
268604,0
268630,0
268939,0
268957,0
269032,0
269119,0
269127,0
269192,0
269214,0
269252,0
269273,0
269315,0
269324,0
269684,0
269751,0
269957,0
269993,0
270105,0
270205,0
270210,0
270210,0
270217,0
270326,0
270362,0
270404,0
270480,0
270558,0
270588,0
270746,0
270806,0
270907,0
270911,0
270966,0
270978,0
271066,0
271140,0
271196,0
271200,0
271245,0
271295,0
271406,0
271435,0
271514,0
271529,0
271536,0
271541,0
271558,0
271569,0
271586,0
271614,0
271744,0
271870,0
271876,0
271959,0
271968,0
271985,0
272018,0
272033,0
272039,0
272045,0
272059,0
272234,0
272466,0
272519,0
272526,0
272837,0
272869,0
272884,0
272887,0
273159,0
273171,0
273310,0
273532,0
273587,0
273606,0
273691,0
273743,0
273762,0
273818,0
273941,0
274014,0
274026,0
274065,0
274110,0
274150,0
274166,0
274189,0
274247,0
274322,0
274377,0
274494,0
274900,0
274951,0
274960,0
275012,0
275127,0
275185,0
275347,0
275402,0
275544,0
275950,0
276011,0
276125,0
276143,0
276172,0
276292,0
276351,0
276390,0
276434,0
276634,0
276719,0
276902,0
276945,0
277033,0
277043,0
277113,0
277145,0
277147,0
277223,0
277229,0
277297,0
277336,0
277351,0
277359,0
277417,0
277483,0
277521,0
277633,0
277697,0
277803,0
277937,0
277960,0
278227,0
278337,0
278461,0
278527,0
278606,0
278613,0
278671,0
278733,0
278802,0
278855,0
278911,0
278969,0
278997,0
279015,0
279208,0
279252,0
279398,0
279564,0
279592,0
279740,0
279822,0
279879,0
279987,0
280000,0
280073,0
280077,0
280216,0
280429,0
280459,0
280482,0
280509,0
280689,0
280698,0
280718,0
280815,0
281058,0
281143,0
281184,0
281203,0
281301,0
281331,0
281367,0
281417,0
281443,0
281525,0
281591,0
281663,0
281777,0
281941,0
281977,0
282037,0
282179,0
282219,0
282296,0
282588,0
282623,0
282674,0
282683,0
282790,0
282942,0
283056,0
283220,0
283251,0
283433,0
283467,0
283473,0
283476,0
283522,0
283755,0
283783,0
283974,0
284091,0
284146,0
284223,0
284884,0
285014,0
285047,0
285088,0
285122,0
285158,0
285164,0
285410,0
285449,0
285617,0
285675,0
285887,0
285933,0
285951,0
285954,0
286032,0
286054,0
286070,0
286177,0
286178,0
286205,0
286385,0
286471,0
286501,0
286625,0
286847,0
286915,0
287095,0
287155,0
287189,0
287212,0
287242,0
287266,0
287287,0
287288,0
287303,0
287736,0
287763,0
287771,0
288052,0
288061,0
288116,0
288145,0
288271,0
288286,0
288363,0
288502,0
288523,0
288648,0
288652,0
288667,0
288778,0
288850,0
288853,0
288924,0
289031,0
289055,0
289082,0
289117,0
289117,0
289149,0
289329,0
289359,0
289378,0
289457,0
289471,0
289497,0
289507,0
289552,0
289571,0
289572,0
289605,0
289666,0
289889,0
289905,0
289916,0
289983,0
290085,0
290093,0
290200,0
290312,0
290676,0
290678,0
290682,0
290698,0
290714,0
290949,0
290956,0
290967,0
291008,0
291164,0
291223,0
291261,0
291306,0
291377,0
291607,0
291858,0
291867,0
291939,0
291944,0
291997,0
292064,0
292072,0
292099,0
292115,0
292181,0
292290,0
292303,0
292437,0
292488,0
292510,0
292520,0
292520,0
292563,0
292621,0
292629,0
292740,0
292808,0
292939,0
292972,0
293185,0
293240,0
293240,0
293250,0
293301,0
293310,0
293318,0
293344,0
293402,0
293457,0
293528,0
293557,0
293638,0
293710,0
293737,0
293852,0
293981,0
293984,0
294067,0
294192,0
294394,0
294397,0
294439,0
294511,0
294727,0
294837,0
294859,0
294872,0
294915,0
294935,0
295070,0
295104,0
295135,0
295154,0
295168,0
295170,0
295189,0
295415,0
295443,0
295540,0
295542,0
295613,0
295666,0
295670,0
295692,0
295765,0
295775,0
295849,0
296003,0
296134,0
296204,0
296235,0
296276,0
296382,0
296452,0
296537,0
296735,0
296764,0
296790,0
296818,0
296830,0
296984,0
297295,0
297309,0
297380,0
297483,0
297608,0
297866,0
297930,0
298023,0
298034,0
298159,0
298212,0
298289,0
298399,0
298399,0
298514,0
298600,0
298678,0
298923,0
298926,0
298929,0
299035,0
299291,0
299479,0
299481,0
299518,0
299612,0
299842,0
299995,0
300030,0
300046,0
300052,0
300186,0
300245,0
300260,0
300271,0
300427,0
300526,0
300564,0
300616,0
300749,0
300817,0
300840,0
300842,0
300843,0
300929,0
301163,0
301216,0
301250,0
301272,0
301476,0
301490,0
301513,0
301588,0
301806,0
301845,0
302135,0
302183,0
302252,0
302407,0
302575,0
302656,0
302736,0
302776,0
302889,0
302906,0
303034,0
303190,0
303282,0
303305,0
303430,0
303466,0
303506,0
303576,0
303730,0
303805,0
303845,0
303965,0
303996,0
303999,0
304207,0
304409,0
304448,0
304484,0
304491,0
304576,0
304616,0
304660,0
304677,0
304737,0
304854,0
305051,0
305070,0
305174,0
305377,0
305406,0
305432,0
305556,0
305570,0
305597,0
305661,0
305692,0
305841,0
305958,0
306012,0
306036,0
306039,0
306083,0
306150,0
306339,0
306356,0
306560,0
306927,0
307154,0
307178,0
307198,0
307323,0
307381,0
307579,0
307672,0
307884,0
307897,0
307903,0
307908,0
307962,0
308007,0
308148,0
308168,0
308199,0
308483,0
308622,0
308736,0
308789,0
309003,0
309138,0
309214,0
309256,0
309291,0
309303,0
309307,0
309372,0
309396,0
309407,0
309515,0
309553,0
309579,0
309775,0
309889,0
309907,0
309927,0
310010,0
310037,0
310076,0
310220,0
310233,0
310271,0
310351,0
310565,0
310702,0
310725,0
310770,0
310889,0
310919,0
310986,0
311054,0
311133,0
311193,0
311305,0
311383,0
311477,0
311691,0
311718,0
311879,0
311965,0
311998,0
312230,0
312232,0
312255,0
312358,0
312403,0
312464,0
312492,0
312532,0
312648,0
312682,0
312755,0
312788,0
312875,0
312915,0
313016,0
313134,0
313172,0
313192,0
313259,0
313343,0
313356,0
313372,0
313395,0
313445,0
313483,0
313612,0
313626,0
313635,0
313699,0
313941,0
314052,0
314194,0
314273,0
314370,0
314376,0
314539,0
314576,0
314582,0
314597,0
314764,0
314852,0
314881,0
314902,0
314962,0
315024,0
315048,0
315060,0
315081,0
315190,0
315231,0
315243,0
315706,0
315822,0
316100,0
316133,0
316180,0
316292,0
316389,0
316486,0
316588,0
316599,0
316632,0
316837,0
316979,0
317038,0
317048,0
317316,0
317337,0
317377,0
317529,0
317585,0
317607,0
317687,0
317738,0
317930,0
317940,0
317969,0
317996,0
318056,0
318153,0
318191,0
318252,0
318419,0
318517,0
318549,0
318602,0
318776,0
318938,0
318967,0
319023,0
319072,0
319108,0
319259,0
319357,0
319440,0
319500,0
319558,0
319919,0
319962,0
319995,0
320027,0
320174,0
320282,0
320306,0
320341,0
320450,0
320530,0
320696,0
320935,0
321010,0
321043,0
321126,0
321185,0
321194,0
321274,0
321362,0
321365,0
321508,0
321595,0
321672,0
321786,0
321812,0
321928,0
321936,0
322010,0
322028,0
322032,0
322228,0
322305,0
322314,0
322366,0
322473,0
322563,0
322598,0
322615,0
322616,0
322681,0
322722,0
322811,0
322927,0
322964,0
322965,0
322974,0
323094,0
323186,0
323260,0
323262,0
323264,0
323279,0
323360,0
323406,0
323547,0
323749,0
323758,0
323911,0
323931,0
324093,0
324100,0
324157,0
324175,0
324220,0
324387,0
324437,0
324622,0
324624,0
324732,0
324759,0
324807,0
324908,0
324957,0
325030,0
325032,0
325135,0
325286,0
325340,0
325456,0
325478,0
325481,0
325534,0
325558,0
325701,0
325809,0
326135,0
326192,0
326278,0
326294,0
326339,0
326445,0
326522,0
326597,0
326682,0
326685,0
326859,0
326875,0
327016,0
327107,0
327198,0
327205,0
327315,0
327402,0
327425,0
327472,0
327581,0
327715,0
327748,0
327756,0
327773,0
327842,0
328148,0
328175,0
328227,0
328281,0
328351,0
328375,0
328428,0
328598,0
328659,0
328665,0
328674,0
328734,0
328805,0
328870,0
328905,0
328978,0
329270,0
329308,0
329352,0
329387,0
329411,0
329563,0
329583,0
329745,0
329817,0
329881,0
329919,0
329921,0
329960,0
329966,0
330397,0
330401,0
330534,0
330605,0
330870,0
330909,0
331026,0
331076,0
331269,0
331275,0
331354,0
331394,0
331481,0
331637,0
331713,0
331793,0
332057,0
332099,0
332130,0
332162,0
332163,0
332285,0
332308,0
332459,0
332562,0
332737,0
332746,0
332832,0
333031,0
333033,0
333109,0
333137,0
333177,0
333178,0
333231,0
333308,0
333315,0
333448,0
333510,0
333515,0
333546,0
333762,0
333791,0
333954,0
334069,0
334079,0
334271,0
334301,0
334407,0
334525,0
334662,0
334858,0
334874,0
334896,0
334972,0
335128,0
335171,0
335185,0
335186,0
335350,0
335360,0
335408,0
335440,0
335633,0
335722,0
335755,0
335758,0
335793,0
335907,0
336131,0
336185,0
336238,0
336249,0
336352,0
336400,0
336553,0
336739,0
336858,0
336888,0
337017,0
337123,0
337227,0
337299,0
337306,0
337313,0
337336,0
337563,0
337564,0
337595,0
337643,0
337695,0
337716,0
337800,0
337805,0
338039,0
338096,0
338117,0
338138,0
338138,0
338308,0
338423,0
338464,0
338586,0
338629,0
338730,0
338812,0
338866,0
339112,0
339167,0
339271,0
339395,0
339453,0
339613,0
339634,0
339726,0
339729,0
339934,0
339976,0
340011,0
340223,0
340237,0
340264,0
340303,0
340315,0
340463,0
340535,0
340537,0
340593,0
340672,0
340690,0
340814,0
340942,0
341010,0
341023,0
341152,0
341201,0
341209,0
341223,0
341232,0
341233,0
341253,0
341311,0
341388,0
341437,0
341472,0
341500,0
341524,0
341633,0
341859,0
341893,0
341910,0
342096,0
342181,0
342234,0
342261,0
342311,0
342342,0
342386,0
342397,0
342422,0
342427,0
342489,0
342567,0
342584,0
342615,0
342621,0
342674,0
342747,0
342915,0
343040,0
343141,0
343154,0
343238,0
343240,0
343313,0
343377,0
343397,0
343486,0
343528,0
343629,0
343775,0
343807,0
343939,0
343975,0
344010,0
344050,0
344051,0
344141,0
344414,0
344433,0
344463,0
344470,0
344559,0
344580,0
344684,0
344797,0
344813,0
345039,0
345078,0
345175,0
345207,0
345219,0
345389,0
345540,0
345548,0
345610,0
345677,0
345752,0
345767,0
345800,0
345943,0
346025,0
346044,0
346088,0
346281,0
346377,0
346493,0
346499,0
346527,0
346540,0
346711,0
346750,0
347027,0
347033,0
347121,0
347261,0
347294,0
347311,0
347357,0
347477,0
347501,0
347561,0
347710,0
347737,0
347806,0
347831,0
347862,0
348001,0
348030,0
348088,0
348153,0
348352,0
348373,0
348401,0
348428,0
348542,0
348772,0
348845,0
348883,0
348992,0
349076,0
349167,0
349328,0
349564,0
349851,0
349910,0
349939,0
350078,0
350390,0
350423,0
350534,0
350549,0
350673,0
350708,0
350744,0
350774,0
350785,0
350812,0
350931,0
350977,0
351021,0
351067,0
351268,0
351285,0
351368,0
351401,0
351470,0
351514,0
351549,0
351642,0
351657,0
351692,0
351850,0
351885,0
351953,0
351972,0
352042,0
352082,0
352163,0
352197,0
352386,0
352432,0
352617,0
352727,0
352738,0
352754,0
352962,0
353017,0
353190,0
353347,0
353527,0
353634,0
353836,0
353886,0
353925,0
353964,0
353974,0
354008,0
354290,0
354515,0
354563,0
354655,0
354854,0
354855,0
355100,0
355131,0
355361,0
355374,0
355389,0
355437,0
355448,0
355486,0
355487,0
355751,0
355805,0
355848,0
355904,0
355912,0
356027,0
356051,0
356067,0
356113,0
356140,0
356233,0
356233,0
356261,0
356386,0
356475,0
356485,0
356687,0
356710,0
356755,0
356852,0
357161,0
357170,0
357219,0
357261,0
357296,0
357522,0
357523,0
357835,0
357987,0
358120,0
358150,0
358284,0
358308,0
358324,0
358392,0
358481,0
358515,0
358586,0
358588,0
358590,0
358603,0
358672,0
358820,0
358949,0
359026,0
359133,0
359204,0
359322,0
359332,0
359379,0
359420,0
359462,0
359489,0
359599,0
359600,0
359902,0
360044,0
360045,0
360071,0
360177,0
360328,0
360345,0
360508,0
360604,0
360614,0
360642,0
360642,0
360690,0
360781,0
360899,0
360908,0
360926,0
361101,0
361137,0
361148,0
361193,0
361373,0
361483,0
361511,0
361559,0
361604,0
361633,0
361643,0
361846,0
361865,0
362037,0
362050,0
362105,0
362413,0
362414,0
362492,0
362602,0
362709,0
362712,0
362857,0
362874,0
362922,0
362931,0
362964,0
362995,0
363183,0
363202,0
363206,0
363282,0
363350,0
363476,0
363571,0
363611,0
363655,0
363709,0
364052,0
364068,0
364185,0
364271,0
364673,0
364681,0
364711,0
365029,0
365173,0
365364,0
365425,0
365609,0
365697,0
365707,0
365735,0
365825,0
365943,0
366028,0
366038,0
366048,0
366074,0
366095,0
366148,0
366372,0
366491,0
366533,0
366560,0
366606,0
366673,0
366706,0
366811,0
366826,0
366832,0
366848,0
366898,0
367111,0
367115,0
367251,0
367276,0
367322,0
367329,0
367366,0
367493,0
367529,0
367709,0
367716,0
368004,0
368023,0
368107,0
368147,0
368166,0
368578,0
368864,0
368868,0
368871,0
369205,0
369264,0
369279,0
369454,0
369504,0
369517,0
369956,0
369970,0
370028,0
370052,0
370094,0
370286,0
370318,0
370336,0
370375,0
370456,0
370503,0
370618,0
370739,0
370860,0
371091,0
371181,0
371474,0
371583,0
371711,0
371784,0
371790,0
371903,0
372010,0
372019,0
372045,0
372213,0
372226,0
372249,0
372320,0
372346,0
372358,0
372395,0
372424,0
372501,0
372794,0
372822,0
372838,0
372871,0
373007,0
373036,0
373160,0
373177,0
373214,0
373280,0
373404,0
373440,0
373505,0
373521,0
373590,0
373825,0
373827,0
373835,0
374155,0
374156,0
374182,0
374252,0
374271,0
374318,0
374318,0
374400,0
374413,0
374485,0
374499,0
374581,0
374612,0
374737,0
374798,0
374817,0
374856,0
374980,0
374995,0
375395,0
375421,0
375514,0
375664,0
375705,0
375806,0
375820,0
375909,0
375930,0
375959,0
375983,0
375984,0
376017,0
376062,0
376189,0
376224,0
376239,0
376289,0
376379,0
376383,0
376402,0
376736,0
376759,0
376843,0
376859,0
377063,0
377177,0
377260,0
377260,0
377318,0
377417,0
377429,0
377451,0
377510,0
377521,0
377549,0
377597,0
377685,0
377700,0
377782,0
377800,0
377972,0
377975,0
378033,0
378060,0
378074,0
378130,0
378135,0
378177,0
378222,0
378280,0
378341,0
378351,0
378428,0
378486,0
378494,0
378561,0
378761,0
378763,0
378787,0
378875,0
378934,0
378977,0
379013,0
379038,0
379091,0
379134,0
379173,0
379180,0
379320,0
379407,0
379441,0
379446,0
379559,0
379574,0
