71,0
200,0
208,0
272,0
300,0
423,0
489,0
609,0
756,0
826,0
891,0
978,0
997,0
1125,0
1141,0
1144,0
1206,0
1395,0
1429,0
1639,0
1873,0
1966,0
1972,0
2105,0
2154,0
2177,0
2203,0
2250,0
2360,0
2605,0
2635,0
2679,0
2742,0
2756,0
2817,0
3014,0
3039,0
3056,0
3204,0
3349,0
3396,0
3482,0
3671,0
3692,0
3854,0
3900,0
4038,0
4056,0
4092,0
4217,0
4308,0
4410,0
4663,0
4799,0
4835,0
4909,0
4948,0
5012,0
5124,0
5196,0
5402,0
5423,0
5656,0
5842,0
6087,0
6137,0
6239,0
6274,0
6567,0
6582,0
6604,0
6618,0
6643,0
6868,0
7004,0
7137,0
7233,0
7333,0
7441,0
7462,0
7690,0
7723,0
7833,0
7952,0
8138,0
8139,0
8206,0
8255,0
8364,0
8431,0
8507,0
8567,0
8661,0
8689,0
8738,0
9069,0
9173,0
9333,0
9363,0
9624,0
9917,0
10017,0
10087,0
10213,0
10266,0
10313,0
10339,0
10394,0
10509,0
10572,0
10756,0
10767,0
11189,0
11197,0
11240,0
11262,0
11388,0
11775,0
11899,0
11935,0
12262,0
12280,0
12329,0
12378,0
12383,0
12410,0
12447,0
12460,0
12504,0
12554,0
12730,0
12838,0
12858,0
13136,0
13241,0
13251,0
13363,0
13371,0
13372,0
13497,0
13532,0
13576,0
13728,0
13739,0
13791,0
13918,0
14139,0
14152,0
14164,0
14165,0
14267,0
14317,0
14440,0
14480,0
14512,0
14532,0
14611,0
14657,0
14658,0
14684,0
14763,0
14917,0
15000,0
15027,0
15144,0
15176,0
15205,0
15226,0
15319,0
15321,0
15392,0
15642,0
15663,0
15671,0
15680,0
15861,0
15874,0
16092,0
16214,0
16293,0
16384,0
16535,0
16639,0
16656,0
16678,0
16699,0
16700,0
16762,0
16912,0
16930,0
17072,0
17179,0
17286,0
17469,0
17526,0
17578,0
17668,0
17686,0
17842,0
17919,0
17952,0
17963,0
17998,0
18033,0
18201,0
18249,0
18345,0
18477,0
18495,0
18500,0
18580,0
18594,0
18653,0
18730,0
18823,0
18896,0
18897,0
19354,0
19375,0
19466,0
19514,0
19559,0
19780,0
19788,0
19861,0
19883,0
19926,0
20034,0
20041,0
20120,0
20227,0
20286,0
20443,0
20506,0
20586,0
20701,0
20729,0
20999,0
21013,0
21083,0
21171,0
21237,0
21357,0
21406,0
21524,0
21554,0
21645,0
21682,0
21727,0
21750,0
21795,0
21822,0
21827,0
21999,0
22102,0
22119,0
22241,0
22274,0
22291,0
22338,0
22421,0
22832,0
22839,0
22900,0
22973,0
23139,0
23169,0
23241,0
23267,0
23580,0
23824,0
23950,0
23956,0
23958,0
24057,0
24148,0
24177,0
24184,0
24259,0
24318,0
24374,0
24377,0
24391,0
24416,0
24561,0
24567,0
24926,0
25056,0
25228,0
25255,0
25278,0
25371,0
25569,0
25649,0
25865,0
25895,0
25908,0
25987,0
26070,0
26152,0
26465,0
26478,0
26514,0
26562,0
26690,0
26729,0
26783,0
26932,0
26979,0
27037,0
27088,0
27095,0
27101,0
27112,0
27165,0
27180,0
27214,0
27345,0
27404,0
27439,0
27488,0
27546,0
27575,0
27617,0
27630,0
27650,0
27713,0
27929,0
27936,0
27942,0
27953,0
28066,0
28172,0
28177,0
28243,0
28312,0
28336,0
28397,0
28427,0
28447,0
28452,0
28512,0
28582,0
28636,0
28829,0
28995,0
29019,0
29078,0
29091,0
29097,0
29138,0
29144,0
29276,0
29325,0
29326,0
29453,0
29486,0
29533,0
29557,0
29589,0
29592,0
29623,0
29664,0
29827,0
29836,0
29876,0
29905,0
29990,0
30085,0
30396,0
30513,0
30574,0
30631,0
30679,0
30746,0
30915,0
31023,0
31061,0
31131,0
31320,0
31420,0
31455,0
31468,0
31489,0
31574,0
31593,0
31680,0
31745,0
31919,0
31966,0
32009,0
32116,0
32197,0
32205,0
32340,0
32401,0
32404,0
32600,0
32623,0
32634,0
32641,0
32739,0
32827,0
32892,0
32910,0
32955,0
32958,0
33240,0
33269,0
33278,0
33384,0
33747,0
33761,0
33802,0
33900,0
33918,0
33927,0
33990,0
34011,0
34152,0
34291,0
34292,0
34388,0
34412,0
34415,0
34490,0
34546,0
34581,0
34609,0
34828,0
34985,0
35146,0
35298,0
35387,0
35414,0
35438,0
35569,0
35656,0
35778,0
35814,0
35894,0
36055,0
36206,0
36260,0
36463,0
36498,0
36922,0
36949,0
36967,0
36976,0
37056,0
37074,0
37169,0
37225,0
37559,0
37559,0
37717,0
37723,0
37747,0
37946,0
38115,0
38379,0
38587,0
38611,0
38691,0
38876,0
38920,0
39043,0
39136,0
39222,0
39409,0
39423,0
39465,0
39554,0
39577,0
39634,0
39657,0
39767,0
39775,0
39977,0
40096,0
40225,0
40246,0
40352,0
40541,0
40552,0
40564,0
40569,0
40674,0
40679,0
40768,0
41210,0
41225,0
41291,0
41330,0
41333,0
41373,0
41467,0
41473,0
41510,0
41567,0
41714,0
41716,0
41859,0
41890,0
41953,0
42153,0
42416,0
42455,0
42581,0
42702,0
42791,0
42816,0
42870,0
42876,0
43216,0
43275,0
43278,0
43364,0
43448,0
43461,0
43529,0
43541,0
43603,0
43630,0
43692,0
43718,0
43728,0
43850,0
43891,0
43922,0
43976,0
43987,0
43988,0
44048,0
44124,0
44170,0
44171,0
44434,0
44472,0
44547,0
44612,0
44627,0
44719,0
44782,0
44810,0
44822,0
44862,0
44935,0
44943,0
44949,0
44950,0
45018,0
45275,0
45414,0
45419,0
45456,0
45489,0
45497,0
45584,0
45803,0
45934,0
45993,0
46040,0
46064,0
46080,0
46093,0
46219,0
46271,0
46320,0
46422,0
46599,0
46607,0
46649,0
46770,0
46889,0
46893,0
47115,0
47294,0
47488,0
47536,0
47543,0
47556,0
47782,0
47811,0
47947,0
47977,0
48120,0
48140,0
48247,0
48281,0
48398,0
48493,0
48528,0
48652,0
48666,0
48701,0
48758,0
48806,0
48830,0
49006,0
49080,0
49120,0
49375,0
49548,0
49562,0
49581,0
49612,0
49697,0
49744,0
49791,0
49940,0
49951,0
49954,0
50112,0
50213,0
50342,0
50381,0
50394,0
50685,0
50685,0
50705,0
50770,0
50829,0
51016,0
51101,0
51200,0
51319,0
51348,0
51363,0
51704,0
51756,0
51814,0
51840,0
51902,0
51940,0
51975,0
52046,0
52101,0
52237,0
52237,0
52314,0
52389,0
52463,0
52521,0
52592,0
52926,0
52945,0
53000,0
53084,0
53285,0
53369,0
53463,0
53468,0
53484,0
53561,0
53602,0
53638,0
53715,0
53763,0
53869,0
53871,0
54023,0
54102,0
54202,0
54397,0
54399,0
54502,0
54625,0
54650,0
54679,0
54765,0
54822,0
54825,0
54930,0
55073,0
55183,0
55287,0
55305,0
55320,0
55340,0
55340,0
55461,0
55510,0
55743,0
55946,0
56008,0
56395,0
56496,0
56509,0
56522,0
56633,0
56702,0
56806,0
56817,0
56874,0
56928,0
56964,0
57121,0
57251,0
57373,0
57392,0
57474,0
57545,0
57765,0
57796,0
57817,0
57874,0
57896,0
57931,0
58007,0
58073,0
58091,0
58264,0
58338,0
58518,0
58532,0
58722,0
58747,0
58776,0
59031,0
59130,0
59242,0
59400,0
59484,0
59499,0
59667,0
59704,0
59797,0
59903,0
59971,0
60108,0
60207,0
60255,0
60363,0
60378,0
60431,0
60460,0
60544,0
60567,0
60594,0
60609,0
60690,0
60701,0
60813,0
60843,0
61045,0
61072,0
61159,0
61227,0
61276,0
61318,0
61509,0
61513,0
61651,0
61711,0
61732,0
62081,0
62128,0
62177,0
62213,0
62304,0
62403,0
62717,0
62721,0
62773,0
62780,0
62844,0
62978,0
63016,0
63017,0
63051,0
63063,0
63088,0
63110,0
63325,0
63484,0
63506,0
63550,0
63577,0
63605,0
63741,0
64021,0
64198,0
64314,0
64410,0
64573,0
64745,0
64827,0
64990,0
65097,0
65158,0
65202,0
65214,0
65256,0
65271,0
65439,0
65463,0
65533,0
65591,0
65608,0
65630,0
65676,0
65703,0
65727,0
65811,0
65825,0
65898,0
65940,0
65961,0
66033,0
66059,0
66265,0
66332,0
66396,0
66612,0
66618,0
66669,0
66772,0
66900,0
66970,0
67011,0
67033,0
67294,0
67333,0
67398,0
67482,0
67802,0
68123,0
68130,0
68291,0
68338,0
68473,0
68565,0
68584,0
68784,0
68832,0
68855,0
68866,0
68891,0
68934,0
68936,0
68992,0
68994,0
69004,0
69239,0
69338,0
69498,0
69535,0
69621,0
69747,0
69770,0
69917,0
69924,0
70025,0
70028,0
70131,0
70299,0
70442,0
70464,0
70485,0
70520,0
70541,0
70569,0
70638,0
70652,0
70684,0
70806,0
70876,0
70919,0
70936,0
70973,0
70973,0
71056,0
71089,0
71097,0
71113,0
71117,0
71238,0
71285,0
71365,0
71391,0
71562,0
71982,0
72142,0
72198,0
72225,0
72261,0
72262,0
72554,0
72774,0
73039,0
73060,0
73083,0
73092,0
73148,0
73168,0
73223,0
73403,0
73578,0
73841,0
73924,0
73934,0
74142,0
74293,0
74452,0
74530,0
74636,0
74701,0
74720,0
74784,0
75081,0
75089,0
75247,0
75282,0
75289,0
75361,0
75375,0
75517,0
75550,0
75559,0
75575,0
75675,0
75794,0
75834,0
75920,0
76007,0
76012,0
76014,0
76015,0
76074,0
76085,0
76095,0
76095,0
76200,0
76220,0
76294,0
76403,0
76434,0
76643,0
76678,0
76886,0
76891,0
77021,0
77092,0
77143,0
77187,0
77306,0
77423,0
77468,0
77495,0
77551,0
77585,0
77739,0
77982,0
78074,0
78176,0
78334,0
78354,0
78397,0
78742,0
78792,0
79024,0
79047,0
79088,0
79221,0
79249,0
79314,0
79329,0
79455,0
79761,0
79943,0
80026,0
80040,0
80267,0
80371,0
80488,0
80696,0
80814,0
80832,0
80854,0
80988,0
81117,0
81288,0
81617,0
81617,0
81645,0
81656,0
81709,0
81777,0
81827,0
81844,0
81910,0
81955,0
82094,0
82120,0
82139,0
82265,0
82289,0
82414,0
82433,0
82539,0
82562,0
82797,0
82814,0
82969,0
83233,0
83238,0
83241,0
83336,0
83344,0
83436,0
83443,0
83672,0
83700,0
83731,0
83949,0
84035,0
84080,0
84185,0
84267,0
84465,0
84572,0
84644,0
84722,0
84801,0
84918,0
84926,0
84974,0
85041,0
85083,0
85198,0
85250,0
85251,0
85326,0
85530,0
85538,0
85587,0
85721,0
85934,0
85995,0
86013,0
86127,0
86145,0
86169,0
86423,0
86430,0
86505,0
86536,0
86573,0
86607,0
86801,0
86830,0
86929,0
87100,0
87103,0
87113,0
87139,0
87193,0
87265,0
87291,0
87305,0
87336,0
87433,0
87454,0
87470,0
87694,0
87739,0
87822,0
87830,0
87887,0
87904,0
87968,0
87985,0
88060,0
88184,0
88318,0
88643,0
88849,0
88941,0
89007,0
89018,0
89040,0
89062,0
89149,0
89167,0
89331,0
89361,0
89366,0
89423,0
89690,0
89820,0
89871,0
89920,0
89977,0
90005,0
90058,0
90067,0
90182,0
90276,0
90494,0
90514,0
90650,0
90688,0
90757,0
90766,0
90799,0
90835,0
91014,0
91085,0
91087,0
91100,0
91143,0
91167,0
91208,0
91212,0
91220,0
91282,0
91365,0
91370,0
91390,0
91398,0
91836,0
91994,0
92080,0
92212,0
92315,0
92327,0
92431,0
92576,0
92750,0
92814,0
92893,0
93020,0
93039,0
93050,0
93079,0
93132,0
93136,0
93290,0
93560,0
93744,0
93797,0
93966,0
93967,0
94007,0
94133,0
94180,0
94226,0
94458,0
94528,0
94563,0
94654,0
94856,0
95150,0
95186,0
95196,0
95260,0
95276,0
95315,0
95318,0
95515,0
95570,0
95615,0
95752,0
95759,0
95844,0
95857,0
96018,0
96032,0
96044,0
96071,0
96095,0
96226,0
96266,0
96309,0
96399,0
96456,0
96475,0
96598,0
96816,0
97221,0
97250,0
97275,0
97316,0
97319,0
97372,0
97395,0
97409,0
97620,0
97853,0
97946,0
98070,0
98250,0
98291,0
98312,0
98324,0
98488,0
98530,0
98613,0
98635,0
98742,0
98753,0
99032,0
99034,0
99077,0
99094,0
99173,0
99214,0
99291,0
99391,0
99447,0
99544,0
99642,0
99762,0
99823,0
99824,0
100008,0
100078,0
100105,0
100144,0
100167,0
100275,0
100443,0
100454,0
100455,0
100475,0
100580,0
100752,0
100949,0
100960,0
100995,0
101053,0
101073,0
101166,0
101168,0
101266,0
101266,0
101361,0
101430,0
101441,0
101519,0
101619,0
101650,0
101820,0
101919,0
101927,0
101940,0
101967,0
102014,0
102045,0
102079,0
102084,0
102100,0
102135,0
102136,0
102277,0
102520,0
102579,0
102591,0
102736,0
102881,0
102929,0
102944,0
102950,0
103162,0
103166,0
103211,0
103231,0
103338,0
103355,0
103376,0
103495,0
103519,0
103584,0
103633,0
103641,0
103748,0
103780,0
103934,0
104065,0
104210,0
104392,0
104526,0
104848,0
105296,0
105422,0
105448,0
105584,0
105620,0
105726,0
105782,0
105889,0
106030,0
106085,0
106096,0
106121,0
106148,0
106262,0
106283,0
106319,0
106327,0
106340,0
106419,0
106590,0
106771,0
106818,0
106886,0
107036,0
107040,0
107132,0
107165,0
107237,0
107239,0
107428,0
107430,0
107524,0
107546,0
107577,0
107643,0
107703,0
107755,0
107827,0
107834,0
107929,0
107939,0
108099,0
108108,0
108130,0
108176,0
108179,0
108226,0
108313,0
108321,0
108446,0
108580,0
108598,0
108702,0
108710,0
108761,0
108908,0
108926,0
108941,0
109152,0
109168,0
109170,0
109209,0
109324,0
109344,0
109365,0
109529,0
109534,0
109542,0
109777,0
109780,0
109880,0
109885,0
109960,0
110022,0
110025,0
110086,0
110354,0
110371,0
110455,0
110463,0
110473,0
110640,0
110647,0
110787,0
110796,0
111086,0
111106,0
111316,0
111341,0
111534,0
111595,0
111616,0
111673,0
111691,0
111940,0
112004,0
112043,0
112056,0
112137,0
112217,0
112223,0
112432,0
112463,0
112602,0
112663,0
112670,0
112704,0
112751,0
112804,0
112817,0
112891,0
113328,0
113379,0
113407,0
113659,0
113756,0
113821,0
113870,0
114006,0
114011,0
114023,0
114043,0
114167,0
114194,0
114241,0
114260,0
114318,0
114443,0
114597,0
114599,0
114661,0
114709,0
114845,0
114877,0
114953,0
114972,0
114976,0
115009,0
115118,0
115133,0
115153,0
115161,0
115293,0
115359,0
115542,0
115563,0
115588,0
115784,0
115798,0
115940,0
116080,0
116151,0
116164,0
116301,0
116321,0
116356,0
116370,0
116396,0
116426,0
116613,0
116613,0
116624,0
116631,0
116695,0
116761,0
116764,0
116844,0
116873,0
116945,0
116952,0
116980,0
117055,0
117075,0
117249,0
117254,0
117331,0
117443,0
117563,0
117856,0
117887,0
117909,0
117945,0
118147,0
118277,0
118320,0
118412,0
118551,0
118556,0
118605,0
118761,0
118805,0
119060,0
119069,0
119079,0
119143,0
119220,0
119256,0
119370,0
119451,0
119480,0
119489,0
119687,0
119842,0
119926,0
119947,0
120146,0
120196,0
120259,0
120404,0
120440,0
120586,0
120593,0
120674,0
120693,0
120743,0
120746,0
120941,0
120999,0
121074,0
121087,0
121114,0
121205,0
121234,0
121328,0
121378,0
121452,0
121472,0
121600,0
121734,0
121973,0
121974,0
122000,0
122076,0
122100,0
122160,0
122339,0
122473,0
122531,0
122636,0
122737,0
122792,0
122986,0
123015,0
123131,0
123140,0
123247,0
123258,0
123268,0
123281,0
123349,0
123356,0
123818,0
123893,0
123900,0
124022,0
124085,0
124287,0
124314,0
124315,0
124449,0
124453,0
124490,0
124664,0
124713,0
124815,0
125075,0
125102,0
125119,0
125343,0
125441,0
125681,0
125818,0
125959,0
125971,0
126051,0
126088,0
126151,0
126221,0
126318,0
126320,0
126377,0
126452,0
126518,0
126550,0
126618,0
126701,0
126712,0
126725,0
126790,0
126814,0
126882,0
126995,0
127007,0
127064,0
127134,0
127200,0
127210,0
127271,0
127307,0
127376,0
127399,0
127612,0
127842,0
127893,0
127984,0
128102,0
128186,0
128210,0
128276,0
128592,0
128635,0
128735,0
128748,0
128955,0
129063,0
129109,0
129185,0
129242,0
129395,0
129473,0
129579,0
129584,0
129829,0
129857,0
129898,0
129920,0
129958,0
130010,0
130017,0
130233,0
130329,0
130392,0
130396,0
130406,0
130529,0
130590,0
130600,0
130614,0
130694,0
130868,0
130960,0
131267,0
131378,0
131439,0
131504,0
131561,0
131617,0
131738,0
131772,0
131821,0
131870,0
131922,0
131937,0
132107,0
132124,0
132264,0
132287,0
132364,0
132435,0
132441,0
132563,0
132636,0
132732,0
132798,0
132851,0
132891,0
132922,0
132954,0
132965,0
133000,0
133021,0
133134,0
133226,0
133265,0
133308,0
133396,0
133410,0
133461,0
133533,0
133621,0
133632,0
133880,0
133969,0
133990,0
134017,0
134080,0
134121,0
134157,0
134161,0
134194,0
134212,0
134237,0
134427,0
134443,0
134498,0
134499,0
134529,0
134529,0
134557,0
134611,0
134947,0
135006,0
135018,0
135035,0
135070,0
135210,0
135211,0
135254,0
135260,0
135406,0
135536,0
135570,0
135598,0
135715,0
135757,0
136007,0
136051,0
136199,0
136232,0
136351,0
136353,0
136408,0
136424,0
136510,0
136600,0
136608,0
136620,0
136642,0
136711,0
136799,0
136845,0
136937,0
136947,0
136963,0
137183,0
137189,0
137240,0
137254,0
137311,0
137341,0
137378,0
137383,0
137430,0
137455,0
137478,0
137552,0
137669,0
137674,0
137853,0
137903,0
137928,0
137946,0
138070,0
138172,0
138633,0
138697,0
138842,0
138847,0
138947,0
138962,0
139170,0
139173,0
139250,0
139284,0
139387,0
139497,0
139673,0
139686,0
139714,0
139747,0
139763,0
139771,0
139803,0
139894,0
139919,0
139956,0
140022,0
140168,0
140274,0
140330,0
140334,0
140349,0
140567,0
140630,0
140649,0
140654,0
140729,0
140845,0
141147,0
141158,0
141224,0
141284,0
141342,0
141372,0
141401,0
141422,0
141514,0
141540,0
141664,0
141703,0
141817,0
141877,0
141878,0
141935,0
142002,0
142058,0
142232,0
142266,0
142308,0
142616,0
142644,0
142858,0
142908,0
142944,0
142955,0
142980,0
143183,0
143211,0
143415,0
143631,0
143706,0
143722,0
143825,0
143918,0
144045,0
144118,0
144134,0
144213,0
144507,0
144580,0
144768,0
144785,0
144831,0
144870,0
144915,0
145144,0
145219,0
145390,0
145447,0
145559,0
145566,0
145639,0
145640,0
145657,0
145699,0
145748,0
145787,0
145865,0
145943,0
145953,0
146056,0
146149,0
146397,0
146407,0
146506,0
146519,0
146618,0
146664,0
146678,0
146779,0
146853,0
146928,0
146945,0
147026,0
147081,0
147131,0
147373,0
147404,0
147427,0
147442,0
147531,0
147573,0
147882,0
148024,0
148129,0
148205,0
148211,0
148349,0
148617,0
148717,0
148850,0
148857,0
148967,0
148993,0
149073,0
149102,0
149211,0
149251,0
149402,0
149483,0
149559,0
149671,0
149687,0
149708,0
149870,0
149940,0
149970,0
150105,0
150430,0
150445,0
150534,0
150605,0
150734,0
150738,0
150753,0
150773,0
150805,0
150935,0
150935,0
151248,0
151317,0
151323,0
151338,0
151486,0
151622,0
151634,0
151639,0
151646,0
151694,0
151721,0
151980,0
152117,0
152315,0
152318,0
152445,0
152471,0
152675,0
152694,0
152714,0
152724,0
152727,0
152748,0
152978,0
153022,0
153268,0
153302,0
153343,0
153413,0
153485,0
153500,0
153728,0
153760,0
153878,0
153969,0
154040,0
154193,0
154209,0
154283,0
154450,0
154458,0
154510,0
154554,0
154699,0
154728,0
154749,0
154770,0
154824,0
154899,0
155142,0
155210,0
155302,0
155321,0
155402,0
155408,0
155455,0
155476,0
155524,0
155573,0
155573,0
155596,0
155635,0
155640,0
155718,0
155887,0
155993,0
156048,0
156139,0
156148,0
156192,0
156369,0
156418,0
156489,0
156497,0
156503,0
156536,0
156675,0
156680,0
156681,0
156701,0
156717,0
156760,0
156802,0
156852,0
156899,0
156921,0
156984,0
157053,0
157060,0
157078,0
157192,0
157207,0
157210,0
157322,0
157561,0
157573,0
157854,0
158208,0
158282,0
158331,0
158355,0
158399,0
158409,0
158422,0
158455,0
158468,0
158653,0
158661,0
158777,0
158918,0
158919,0
159082,0
159324,0
159325,0
159406,0
159508,0
159783,0
159792,0
159818,0
159956,0
159993,0
160194,0
160312,0
160499,0
160508,0
160588,0
160780,0
160891,0
160893,0
160976,0
161047,0
161135,0
161174,0
161327,0
161454,0
161487,0
161496,0
161562,0
161593,0
161631,0
161637,0
161770,0
161809,0
162179,0
162272,0
162287,0
162309,0
162483,0
162688,0
162737,0
163393,0
163397,0
163400,0
163408,0
163493,0
163689,0
163710,0
163743,0
163750,0
163859,0
163874,0
163914,0
164027,0
164078,0
164127,0
164157,0
164170,0
164210,0
164266,0
164525,0
164899,0
165011,0
165049,0
165066,0
165155,0
165292,0
165323,0
165369,0
165431,0
165654,0
165678,0
165757,0
165832,0
165870,0
166178,0
166204,0
166278,0
166317,0
166330,0
166392,0
166415,0
166466,0
166560,0
166597,0
166620,0
166679,0
166737,0
166798,0
166826,0
166869,0
166935,0
166994,0
167001,0
167112,0
167134,0
167327,0
167336,0
167382,0
167504,0
167520,0
167574,0
167588,0
167760,0
167861,0
167974,0
168070,0
168122,0
168161,0
168189,0
168449,0
168532,0
168542,0
168555,0
168973,0
169019,0
169144,0
169178,0
169345,0
169471,0
169609,0
169670,0
169719,0
169732,0
169867,0
169952,0
170088,0
170412,0
170417,0
170579,0
170625,0
170690,0
170710,0
170818,0
170887,0
170960,0
171012,0
171142,0
171148,0
171305,0
171378,0
171417,0
171487,0
171547,0
171641,0
171680,0
171687,0
171765,0
171837,0
171868,0
171928,0
172069,0
172142,0
172167,0
172180,0
172594,0
172613,0
172698,0
172882,0
172900,0
172950,0
172978,0
173037,0
173135,0
173257,0
173296,0
173545,0
173602,0
173772,0
174307,0
174320,0
174369,0
174405,0
174458,0
174483,0
174597,0
174720,0
174754,0
174769,0
174808,0
174837,0
174905,0
174905,0
174932,0
175172,0
175173,0
175174,0
175254,0
175280,0
175483,0
175524,0
175531,0
175540,0
175578,0
175672,0
175681,0
175946,0
176011,0
176147,0
176264,0
176298,0
176359,0
176407,0
176411,0
176545,0
176565,0
176589,0
176837,0
176888,0
177076,0
177088,0
177101,0
177329,0
177384,0
177429,0
177583,0
177608,0
177609,0
177760,0
178005,0
178012,0
178039,0
178068,0
178122,0
178217,0
178222,0
178244,0
178308,0
178316,0
178541,0
178561,0
178676,0
178690,0
178746,0
178756,0
178830,0
178880,0
178984,0
179074,0
179291,0
179334,0
179405,0
179519,0
179533,0
179581,0
179902,0
180016,0
180179,0
180179,0
180337,0
180607,0
180661,0
180752,0
180809,0
180894,0
180896,0
180976,0
181112,0
181276,0
181296,0
181345,0
181391,0
181461,0
181467,0
181720,0
181727,0
181735,0
181893,0
181910,0
182020,0
182058,0
182063,0
182088,0
182107,0
182133,0
182142,0
182210,0
182233,0
182370,0
182398,0
182410,0
182414,0
182462,0
182585,0
182619,0
182642,0
182722,0
182748,0
182761,0
182823,0
182874,0
182963,0
182983,0
183017,0
183025,0
183038,0
183055,0
183103,0
183225,0
183228,0
183238,0
183344,0
183411,0
183424,0
183480,0
183571,0
183574,0
183717,0
183886,0
183930,0
183955,0
183976,0
184164,0
184299,0
184340,0
184380,0
184387,0
184454,0
184467,0
184678,0
184726,0
184739,0
184898,0
185198,0
185280,0
185382,0
185388,0
185538,0
185576,0
185696,0
185732,0
185759,0
185766,0
185904,0
185909,0
185941,0
185964,0
186131,0
186246,0
186311,0
186387,0
186430,0
186446,0
186502,0
186517,0
186540,0
186570,0
186610,0
186670,0
186691,0
186869,0
186931,0
186955,0
187107,0
187129,0
187170,0
187244,0
187538,0
187715,0
187737,0
187811,0
188018,0
188077,0
188110,0
188165,0
188336,0
188349,0
188521,0
188835,0
188873,0
189011,0
189031,0
189113,0
189205,0
189219,0
189272,0
189313,0
189344,0
189411,0
189922,0
189967,0
190062,0
190191,0
190240,0
190247,0
190269,0
190307,0
190326,0
190381,0
190428,0
190481,0
190497,0
190661,0
190870,0
190901,0
191192,0
191337,0
191404,0
191434,0
191516,0
191609,0
191628,0
191648,0
191698,0
191722,0
191978,0
191990,0
192124,0
192143,0
192158,0
192225,0
192231,0
192335,0
192344,0
192394,0
192408,0
192421,0
192441,0
192514,0
192610,0
192693,0
192949,0
192978,0
193025,0
193086,0
193304,0
193414,0
193426,0
193548,0
193567,0
193610,0
193612,0
193613,0
193912,0
194118,0
194163,0
194213,0
194348,0
194449,0
194835,0
194893,0
194983,0
195206,0
195206,0
195306,0
195318,0
195370,0
195451,0
195530,0
195559,0
195605,0
195673,0
195822,0
195856,0
196060,0
196485,0
196564,0
196642,0
196772,0
196776,0
196889,0
196916,0
196944,0
196986,0
197055,0
197139,0
197168,0
197268,0
197284,0
197510,0
197576,0
197632,0
197646,0
197701,0
197742,0
197939,0
198022,0
198090,0
198312,0
198331,0
198457,0
198462,0
198813,0
198846,0
198863,0
199011,0
199174,0
199487,0
199560,0
199638,0
199708,0
199718,0
199872,0
200241,0
200252,0
200257,0
200420,0
200500,0
200540,0
200542,0
200744,0
200790,0
200974,0
201197,0
201340,0
201359,0
201378,0
201397,0
201543,0
201660,0
201844,0
202071,0
202215,0
202220,0
202235,0
202288,0
202453,0
202709,0
202719,0
202728,0
202754,0
202817,0
202825,0
202836,0
202949,0
203047,0
203072,0
203084,0
203109,0
203125,0
203213,0
203224,0
203233,0
203292,0
203297,0
203307,0
203346,0
203469,0
203648,0
203843,0
203890,0
204067,0
204142,0
204198,0
204261,0
204275,0
204305,0
204387,0
204521,0
204559,0
204567,0
204709,0
204777,0
204808,0
204820,0
204838,0
204889,0
204916,0
205292,0
205307,0
205309,0
205346,0
205350,0
205417,0
205552,0
205585,0
205655,0
205775,0
205778,0
205855,0
206018,0
206026,0
206046,0
206186,0
206375,0
206476,0
206593,0
206673,0
206676,0
206763,0
206907,0
207093,0
207110,0
207132,0
207176,0
207178,0
207320,0
207326,0
207406,0
207518,0
207580,0
207618,0
207631,0
207858,0
207900,0
207902,0
207933,0
207944,0
208083,0
208113,0
208113,0
208135,0
208291,0
208421,0
208447,0
208503,0
208566,0
208793,0
208812,0
208812,0
208896,0
209101,0
209178,0
209226,0
209378,0
209422,0
209513,0
209617,0
209623,0
209689,0
209794,0
209843,0
209957,0
210040,0
210057,0
210175,0
210506,0
210587,0
210631,0
210634,0
210683,0
210730,0
210765,0
210809,0
210859,0
210865,0
211056,0
211128,0
211226,0
211266,0
211283,0
211414,0
211607,0
211660,0
211674,0
211727,0
211867,0
211968,0
211972,0
211973,0
212020,0
212493,0
212568,0
212637,0
212659,0
212852,0
213037,0
213045,0
213099,0
213294,0
213321,0
213348,0
213402,0
213415,0
213489,0
213573,0
213591,0
213673,0
213675,0
213678,0
213875,0
213889,0
214201,0
214329,0
214438,0
214599,0
214675,0
215167,0
215169,0
215230,0
215464,0
215610,0
215616,0
215627,0
215653,0
215748,0
215841,0
215937,0
216032,0
216062,0
216084,0
216246,0
216321,0
216390,0
216471,0
216539,0
216595,0
216617,0
216690,0
216931,0
216976,0
217130,0
217188,0
217257,0
217261,0
217310,0
217356,0
217382,0
217473,0
217494,0
217560,0
217674,0
217689,0
217760,0
217764,0
218193,0
218284,0
218367,0
218674,0
218846,0
218957,0
218957,0
219146,0
219176,0
219280,0
219288,0
219469,0
219606,0
219696,0
219731,0
219910,0
219982,0
220081,0
220105,0
220137,0
220515,0
220807,0
220847,0
220877,0
221004,0
221060,0
221090,0
221206,0
221220,0
221296,0
221440,0
221561,0
221686,0
221817,0
221905,0
221911,0
221998,0
222078,0
222161,0
222215,0
222268,0
222304,0
222504,0
222626,0
222649,0
222904,0
222911,0
222942,0
223091,0
223314,0
223464,0
223464,0
223485,0
223581,0
223619,0
223644,0
223684,0
223686,0
223713,0
223744,0
223840,0
223937,0
224095,0
224152,0
224161,0
224177,0
224252,0
224448,0
224544,0
224721,0
224734,0
224805,0
224813,0
224975,0
224993,0
225006,0
225135,0
225186,0
225272,0
225293,0
225374,0
225533,0
225562,0
225588,0
225642,0
225660,0
225718,0
225747,0
225762,0
225822,0
225862,0
225903,0
225915,0
225962,0
225981,0
226058,0
226105,0
226202,0
226210,0
226269,0
226316,0
226327,0
226531,0
226638,0
226790,0
226797,0
226951,0
227011,0
227080,0
227134,0
227257,0
227359,0
227496,0
227648,0
227680,0
227691,0
227708,0
227725,0
227732,0
227735,0
227803,0
227817,0
228019,0
228143,0
228220,0
228507,0
228537,0
228553,0
228842,0
228906,0
228996,0
228999,0
229034,0
229114,0
229189,0
229264,0
229435,0
229439,0
229456,0
229559,0
229774,0
229775,0
230062,0
230104,0
230284,0
230364,0
230508,0
230521,0
230525,0
230645,0
230714,0
230729,0
230875,0
230880,0
231048,0
231175,0
231336,0
231379,0
231383,0
231493,0
231648,0
231656,0
231659,0
231711,0
231740,0
231818,0
231857,0
231893,0
232038,0
232044,0
232138,0
232163,0
232247,0
232259,0
232262,0
232358,0
232390,0
232431,0
232448,0
232486,0
232501,0
232552,0
232755,0
232788,0
232794,0
232796,0
232832,0
232869,0
232879,0
232991,0
233031,0
233101,0
233210,0
233373,0
233442,0
233525,0
233646,0
233700,0
233742,0
233770,0
233843,0
233872,0
233890,0
233942,0
233974,0
234094,0
234202,0
234337,0
234401,0
234420,0
234613,0
234657,0
234800,0
234803,0
234948,0
234991,0
235005,0
235149,0
235334,0
235373,0
235462,0
235589,0
235783,0
236013,0
236280,0
236402,0
236435,0
236444,0
236468,0
236470,0
236541,0
236707,0
236722,0
236740,0
236794,0
236826,0
236867,0
236871,0
236893,0
236899,0
237011,0
237035,0
237039,0
237125,0
237206,0
237225,0
237281,0
237363,0
237425,0
237442,0
237465,0
237804,0
237882,0
238040,0
238091,0
238113,0
238114,0
238337,0
238347,0
238422,0
238479,0
238501,0
238553,0
238564,0
238607,0
238680,0
238803,0
238879,0
238912,0
239056,0
239168,0
239255,0
239301,0
239340,0
239382,0
239514,0
239557,0
239593,0
239866,0
239897,0
239943,0
239955,0
239962,0
240155,0
240247,0
240399,0
240428,0
240496,0
240506,0
240557,0
240651,0
240665,0
240707,0
240750,0
240776,0
240837,0
240840,0
240867,0
240938,0
241000,0
241011,0
241035,0
241115,0
241126,0
241137,0
241228,0
241345,0
241385,0
241397,0
241529,0
241874,0
241884,0
242003,0
242180,0
242495,0
242531,0
242542,0
242602,0
242679,0
242689,0
242763,0
242898,0
243069,0
243165,0
243197,0
243228,0
243294,0
243409,0
243410,0
243522,0
243564,0
243676,0
243782,0
243995,0
244004,0
244020,0
244026,0
244055,0
244085,0
244133,0
244162,0
244173,0
244254,0
244328,0
244339,0
244346,0
244449,0
244503,0
244516,0
244583,0
244599,0
244646,0
244686,0
244690,0
244694,0
244872,0
245339,0
245389,0
245409,0
245430,0
245436,0
245476,0
245550,0
245570,0
245610,0
245729,0
245744,0
245813,0
245825,0
245877,0
245879,0
245912,0
245948,0
246094,0
246163,0
246194,0
246269,0
246464,0
246483,0
246505,0
246588,0
246641,0
246740,0
246753,0
246846,0
246956,0
247047,0
247066,0
247090,0
247091,0
247093,0
247255,0
247277,0
247374,0
247384,0
247470,0
247735,0
247758,0
247838,0
247853,0
248110,0
248212,0
248252,0
248300,0
248306,0
248325,0
248500,0
248573,0
248589,0
248599,0
248621,0
248756,0
248807,0
248920,0
249001,0
249105,0
249174,0
249300,0
249476,0
249513,0
249532,0
249589,0
249595,0
249674,0
250074,0
250109,0
250132,0
250147,0
250171,0
250184,0
250345,0
250346,0
250422,0
250488,0
250521,0
250551,0
250597,0
250668,0
250760,0
250787,0
250947,0
250963,0
251135,0
251151,0
251305,0
251363,0
251416,0
251434,0
251500,0
251529,0
251584,0
251592,0
251616,0
251693,0
251702,0
251815,0
251820,0
251966,0
252090,0
252197,0
252268,0
252369,0
252476,0
252521,0
252634,0
252651,0
252697,0
252805,0
252845,0
252923,0
252966,0
252975,0
253353,0
253408,0
253475,0
253602,0
253835,0
253900,0
253930,0
254107,0
254248,0
254258,0
254312,0
254365,0
254378,0
254426,0
254431,0
254433,0
254472,0
254495,0
254536,0
254582,0
254602,0
254798,0
254880,0
254881,0
254888,0
254975,0
255067,0
255085,0
255134,0
255142,0
255181,0
255338,0
255376,0
255390,0
255399,0
255453,0
255474,0
255672,0
255672,0
255680,0
255737,0
255755,0
255840,0
255850,0
255861,0
256004,0
256056,0
256059,0
256085,0
256096,0
256247,0
256374,0
256474,0
256475,0
256501,0
256544,0
256583,0
256619,0
256628,0
256642,0
256717,0
256800,0
256880,0
256900,0
256917,0
256953,0
257139,0
257199,0
257262,0
257272,0
257295,0
257401,0
257532,0
257645,0
257657,0
257823,0
257870,0
257913,0
257941,0
257944,0
257953,0
257983,0
257992,0
258079,0
258112,0
258176,0
258193,0
258222,0
258554,0
258607,0
258693,0
258721,0
258752,0
258754,0
258843,0
258985,0
259055,0
259174,0
259407,0
259463,0
259738,0
259809,0
259851,0
260133,0
260133,0
260402,0
260424,0
260592,0
260675,0
260826,0
260941,0
260966,0
260976,0
260995,0
261302,0
261337,0
261575,0
261735,0
262005,0
262008,0
262010,0
262071,0
262480,0
262557,0
262614,0
262667,0
263272,0
263479,0
263670,0
263671,0
263801,0
263836,0
263848,0
263953,0
263953,0
264118,0
264174,0
264298,0
264334,0
264335,0
264386,0
264488,0
264532,0
264539,0
264545,0
264608,0
264619,0
264654,0
264760,0
264783,0
264809,0
264837,0
264981,0
265016,0
265137,0
265455,0
265499,0
265601,0
265623,0
265649,0
265815,0
265842,0
265890,0
266209,0
266220,0
266242,0
266319,0
266492,0
266681,0
266711,0
266808,0
266825,0
266834,0
266883,0
266899,0
266979,0
267058,0
267151,0
267221,0
267224,0
267269,0
267297,0
267391,0
267490,0
267546,0
267575,0
267726,0
267736,0
267741,0
267778,0
267778,0
267798,0
268138,0
268367,0
268381,0
268415,0
268579,0
268593,0
268606,0
268704,0
268805,0
268827,0
268861,0
268897,0
268999,0
269022,0
269152,0
269284,0
269442,0
269462,0
269506,0
269854,0
270207,0
270220,0
270345,0
270371,0
270387,0
270448,0
270483,0
270545,0
270735,0
270958,0
271005,0
271239,0
271283,0
271384,0
271450,0
271451,0
271629,0
271645,0
271660,0
271702,0
271784,0
271852,0
271855,0
271867,0
271989,0
272246,0
272367,0
272397,0
272416,0
272438,0
272453,0
272582,0
272757,0
272903,0
272955,0
273140,0
273198,0
273225,0
273309,0
273318,0
273331,0
273385,0
273405,0
273424,0
273525,0
273582,0
273699,0
273847,0
273890,0
273971,0
273998,0
274193,0
274219,0
274438,0
274680,0
274859,0
274880,0
274898,0
274979,0
275226,0
275310,0
275312,0
275327,0
275358,0
275489,0
275597,0
275605,0
275609,0
275641,0
275654,0
275699,0
275749,0
275810,0
275850,0
275947,0
275978,0
275979,0
276188,0
276193,0
276240,0
276278,0
276319,0
276538,0
276549,0
276604,0
276615,0
276713,0
276747,0
276862,0
276905,0
276971,0
277061,0
277066,0
277068,0
277175,0
277175,0
277183,0
277287,0
277339,0
277361,0
277605,0
277723,0
277745,0
277885,0
277912,0
277987,0
278019,0
278045,0
278104,0
278154,0
278155,0
278184,0
278253,0
278259,0
278345,0
278350,0
278423,0
278496,0
278561,0
278584,0
278590,0
278629,0
278642,0
278716,0
278776,0
278805,0
278949,0
279018,0
279434,0
279507,0
279544,0
279688,0
279881,0
279912,0
280028,0
280070,0
280225,0
280236,0
280253,0
280414,0
280552,0
280584,0
280602,0
280700,0
280742,0
280914,0
280927,0
281002,0
281088,0
281341,0
281353,0
281418,0
281483,0
281518,0
281646,0
281675,0
281698,0
281736,0
281819,0
281996,0
282032,0
282034,0
282144,0
282352,0
282383,0
282484,0
282763,0
282912,0
282988,0
283091,0
283223,0
283250,0
283375,0
283415,0
283506,0
283786,0
283863,0
283884,0
283887,0
283998,0
284025,0
284028,0
284245,0
284247,0
284502,0
284620,0
284635,0
284640,0
284686,0
284761,0
284790,0
284915,0
284924,0
284925,0
284968,0
285010,0
285200,0
285316,0
285372,0
285380,0
285458,0
285471,0
285502,0
285578,0
285622,0
285641,0
285642,0
285684,0
285816,0
286003,0
286090,0
286162,0
286228,0
286291,0
286294,0
286320,0
286357,0
286471,0
286484,0
286498,0
286499,0
286540,0
286550,0
286611,0
286620,0
286711,0
286809,0
286814,0
286958,0
287000,0
287096,0
287127,0
287133,0
287305,0
287310,0
287315,0
287351,0
287364,0
287368,0
287403,0
287775,0
287786,0
287793,0
287891,0
287943,0
288136,0
288187,0
288242,0
288258,0
288295,0
288445,0
288750,0
288823,0
289163,0
289206,0
289319,0
289332,0
289640,0
289645,0
289689,0
289693,0
289724,0
289790,0
289848,0
289870,0
289897,0
289917,0
290062,0
290295,0
290356,0
290414,0
290442,0
290544,0
290757,0
290847,0
290944,0
290945,0
290989,0
291028,0
291234,0
291259,0
291326,0
291559,0
291562,0
291760,0
291764,0
291769,0
291813,0
291880,0
291975,0
292045,0
292146,0
292221,0
292353,0
292375,0
292375,0
292465,0
292596,0
292647,0
292804,0
292843,0
292879,0
293017,0
293202,0
293223,0
293270,0
293295,0
293452,0
293461,0
293510,0
293598,0
293794,0
293797,0
293874,0
294085,0
294113,0
294368,0
294374,0
294379,0
294386,0
294438,0
294509,0
294722,0
294789,0
294790,0
294828,0
294926,0
295110,0
295209,0
295259,0
295356,0
295433,0
295440,0
295489,0
295494,0
295523,0
295547,0
295939,0
296308,0
296431,0
296530,0
296612,0
296621,0
296665,0
296693,0
296715,0
296740,0
296929,0
297009,0
297010,0
297133,0
297344,0
297349,0
297477,0
297622,0
297644,0
297673,0
297731,0
297764,0
297781,0
297841,0
297909,0
298043,0
298086,0
298123,0
298141,0
298205,0
298265,0
298307,0
298441,0
298622,0
298894,0
298946,0
298986,0
299060,0
299087,0
299162,0
299208,0
299210,0
299246,0
299364,0
299550,0
299667,0
299679,0
299916,0
300063,0
300174,0
300256,0
300457,0
300535,0
300571,0
301037,0
301100,0
301146,0
301223,0
301296,0
301383,0
301664,0
301776,0
301780,0
301854,0
301895,0
301910,0
301933,0
302001,0
302051,0
302059,0
302087,0
302095,0
302218,0
302260,0
302299,0
302320,0
302622,0
302685,0
302695,0
302776,0
302802,0
302810,0
302865,0
302879,0
303008,0
303022,0
303253,0
303273,0
303279,0
303392,0
303562,0
303692,0
303812,0
303837,0
303847,0
303852,0
303981,0
303990,0
304014,0
304093,0
304115,0
304191,0
304279,0
304280,0
304390,0
304414,0
304631,0
304698,0
304817,0
305001,0
305037,0
305116,0
305231,0
305315,0
305346,0
305398,0
305971,0
305977,0
305980,0
305984,0
305989,0
306027,0
306057,0
306083,0
306442,0
306473,0
306872,0
306956,0
307208,0
307399,0
307559,0
307626,0
307651,0
307694,0
307709,0
307842,0
307855,0
307920,0
308114,0
308129,0
308202,0
308302,0
308417,0
308663,0
308684,0
309009,0
309034,0
309108,0
309186,0
309198,0
309345,0
309419,0
309452,0
309486,0
309505,0
309682,0
309727,0
309846,0
309946,0
309964,0
309969,0
309983,0
310027,0
310299,0
310831,0
310842,0
310974,0
310976,0
311104,0
311145,0
311245,0
311436,0
311448,0
311506,0
311551,0
311616,0
311741,0
311777,0
311839,0
311862,0
311867,0
311903,0
311981,0
311982,0
312174,0
312189,0
312365,0
312366,0
312443,0
312445,0
312465,0
312542,0
312577,0
312758,0
312910,0
313029,0
313095,0
313248,0
313298,0
313367,0
313525,0
313609,0
313725,0
313739,0
313766,0
313784,0
313879,0
314111,0
314119,0
314204,0
314386,0
314573,0
314664,0
314725,0
314746,0
314766,0
314793,0
314850,0
314903,0
315016,0
315315,0
315408,0
315516,0
315520,0
315628,0
315871,0
315876,0
315920,0
315941,0
315943,0
315969,0
316131,0
316137,0
316164,0
316236,0
316349,0
316535,0
316539,0
316576,0
316600,0
316752,0
316898,0
316974,0
317090,0
317115,0
317138,0
317158,0
317194,0
317357,0
317619,0
317674,0
317769,0
317909,0
317961,0
317982,0
317997,0
318153,0
318383,0
318392,0
318491,0
318584,0
318644,0
318663,0
318804,0
319039,0
319155,0
319235,0
319251,0
319459,0
319683,0
319745,0
319746,0
319781,0
319801,0
319810,0
319857,0
319880,0
319886,0
319989,0
319997,0
320065,0
320280,0
320323,0
320328,0
320352,0
320583,0
320615,0
320635,0
320661,0
321239,0
321294,0
321314,0
321703,0
321763,0
321778,0
321853,0
321987,0
321989,0
322014,0
322028,0
322108,0
322544,0
322559,0
322621,0
322685,0
322813,0
322884,0
322963,0
323174,0
323184,0
323432,0
323535,0
323667,0
323771,0
323774,0
323778,0
323859,0
323877,0
323891,0
324014,0
324056,0
324057,0
324094,0
324113,0
324171,0
324205,0
324398,0
324422,0
324614,0
324642,0
324661,0
324725,0
324735,0
324799,0
325073,0
325136,0
325406,0
325476,0
325594,0
325755,0
325776,0
326063,0
326145,0
326251,0
326328,0
326360,0
326365,0
326415,0
326661,0
326730,0
326792,0
326841,0
326907,0
326914,0
326962,0
327002,0
327019,0
327060,0
327178,0
327263,0
327299,0
327341,0
327414,0
327418,0
327551,0
327726,0
327829,0
327851,0
327876,0
327906,0
327970,0
328021,0
328036,0
328047,0
328066,0
328098,0
328179,0
328407,0
328407,0
328461,0
328493,0
328501,0
328680,0
328705,0
328956,0
328968,0
329105,0
329178,0
329213,0
329243,0
329268,0
329395,0
329479,0
329505,0
329527,0
329680,0
329686,0
329724,0
329874,0
329977,0
330059,0
330065,0
330079,0
330132,0
330234,0
330377,0
330395,0
330572,0
330621,0
330986,0
330991,0
331212,0
331212,0
331221,0
331470,0
331478,0
331668,0
331684,0
331691,0
331792,0
331891,0
332072,0
332208,0
332384,0
332390,0
332561,0
332605,0
332842,0
332856,0
332962,0
333052,0
333215,0
333242,0
333271,0
333275,0
333479,0
333560,0
333600,0
333633,0
334128,0
334164,0
334307,0
334314,0
334744,0
334790,0
334844,0
335372,0
335396,0
335545,0
335648,0
335693,0
335724,0
335734,0
335758,0
335877,0
335948,0
336154,0
336218,0
336255,0
336315,0
336542,0
336870,0
336874,0
336884,0
336925,0
337096,0
337104,0
337356,0
337406,0
337450,0
337557,0
337704,0
337927,0
338048,0
338067,0
338077,0
338195,0
338268,0
338271,0
338536,0
338604,0
338646,0
338731,0
338757,0
338904,0
338908,0
338910,0
339151,0
339244,0
339363,0
339379,0
339411,0
339430,0
339434,0
339499,0
339624,0
339717,0
339766,0
339816,0
339819,0
339984,0
340188,0
340197,0
340234,0
340524,0
340740,0
340747,0
340763,0
340945,0
341018,0
341143,0
341170,0
341244,0
341317,0
341317,0
341328,0
341425,0
341446,0
341498,0
341532,0
341548,0
341605,0
341877,0
341901,0
341989,0
342008,0
342121,0
342155,0
342614,0
342671,0
342864,0
342925,0
342942,0
342966,0
343033,0
343065,0
343247,0
343261,0
343265,0
343500,0
343500,0
343565,0
343695,0
343711,0
343715,0
343764,0
343886,0
343990,0
344019,0
344039,0
344100,0
344164,0
344168,0
344203,0
344207,0
344223,0
344243,0
344270,0
344316,0
344390,0
344532,0
344552,0
344578,0
344632,0
344672,0
344734,0
344735,0
344741,0
344742,0
344787,0
344899,0
344906,0
344929,0
344962,0
344973,0
345137,0
345202,0
345206,0
345216,0
345225,0
345253,0
345409,0
345648,0
345675,0
345754,0
345888,0
345902,0
345935,0
346131,0
346332,0
346445,0
346474,0
346505,0
346625,0
346636,0
346688,0
346702,0
346726,0
346811,0
346869,0
346987,0
347057,0
347085,0
347196,0
347259,0
347378,0
347529,0
347533,0
347541,0
347650,0
347723,0
347790,0
347818,0
347922,0
347932,0
348065,0
348067,0
348090,0
348097,0
348134,0
348136,0
348206,0
348278,0
348305,0
348373,0
348375,0
348433,0
348657,0
348674,0
348683,0
349084,0
349139,0
349163,0
349208,0
349209,0
349248,0
349319,0
349330,0
349720,0
349733,0
349769,0
349776,0
349834,0
349973,0
349990,0
350027,0
350042,0
350222,0
350236,0
350270,0
350353,0
350376,0
350649,0
350671,0
350731,0
350846,0
350862,0
351078,0
351506,0
351561,0
351653,0
351726,0
351870,0
351949,0
352034,0
352107,0
352127,0
352142,0
352226,0
352354,0
352894,0
352940,0
352989,0
353056,0
353321,0
353427,0
353453,0
353528,0
353575,0
353672,0
353739,0
354012,0
354039,0
354116,0
354258,0
354261,0
354277,0
354284,0
354433,0
354495,0
354685,0
354764,0
354836,0
354869,0
354879,0
354892,0
354910,0
354979,0
355015,0
355033,0
355202,0
355212,0
355231,0
355377,0
355566,0
355579,0
355588,0
355648,0
355676,0
355979,0
356108,0
356233,0
356509,0
356558,0
356849,0
356906,0
356969,0
356976,0
357173,0
357764,0
357947,0
358090,0
358202,0
358258,0
358381,0
358389,0
358457,0
358468,0
358614,0
358669,0
359084,0
359178,0
359288,0
359308,0
359329,0
359370,0
359398,0
359506,0
359535,0
359802,0
359817,0
359851,0
359874,0
359906,0
359913,0
359931,0
359950,0
359995,0
360018,0
360149,0
360188,0
360230,0
360456,0
360466,0
360529,0
360597,0
360688,0
360757,0
360758,0
360784,0
360849,0
361050,0
361082,0
361102,0
361309,0
361353,0
361596,0
361781,0
362082,0
362181,0
362563,0
362693,0
362742,0
363260,0
363407,0
363579,0
363656,0
363723,0
363770,0
363796,0
363837,0
363894,0
363939,0
363977,0
363981,0
364032,0
364117,0
364295,0
364386,0
364452,0
364542,0
364573,0
364680,0
364872,0
364900,0
364955,0
364963,0
365054,0
365110,0
365318,0
365616,0
365668,0
365723,0
365770,0
366028,0
366079,0
366144,0
366463,0
366510,0
366601,0
366710,0
366784,0
366878,0
366885,0
366943,0
367064,0
367135,0
367142,0
367284,0
367440,0
367560,0
367583,0
367609,0
367640,0
367648,0
367673,0
367700,0
367756,0
368086,0
368090,0
368106,0
368232,0
368379,0
368465,0
368523,0
368588,0
368667,0
368696,0
368868,0
368910,0
368999,0
369102,0
369135,0
369379,0
369392,0
369395,0
369416,0
369469,0
369545,0
369554,0
369562,0
369602,0
369785,0
369789,0
369888,0
370069,0
370103,0
370178,0
370437,0
370508,0
370699,0
370739,0
370845,0
370870,0
370968,0
371044,0
371220,0
371287,0
371529,0
371751,0
371838,0
371920,0
371960,0
372009,0
372029,0
372041,0
372126,0
372128,0
372145,0
372650,0
372686,0
372761,0
372766,0
372892,0
373023,0
373065,0
373372,0
373603,0
373819,0
373921,0
373936,0
373941,0
374042,0
374043,0
374146,0
374181,0
374190,0
374266,0
374273,0
374292,0
374316,0
374430,0
374439,0
374441,0
374560,0
374661,0
374669,0
374896,0
374896,0
375011,0
375065,0
375085,0
375382,0
375501,0
375522,0
375547,0
375552,0
375704,0
375711,0
375776,0
375864,0
375923,0
376067,0
376186,0
376201,0
376252,0
376295,0
376329,0
376345,0
376482,0
376493,0
376537,0
376714,0
376730,0
376733,0
376833,0
376855,0
376968,0
377036,0
377221,0
377318,0
377361,0
377536,0
377572,0
377724,0
377839,0
378053,0
378056,0
378451,0
378540,0
378621,0
378684,0
378689,0
378809,0
378830,0
379011,0
379012,0
379048,0
379054,0
379323,0
379425,0
379647,0
379822,0
379845,0
379847,0
379861,0
379993,0
380021,0
380154,0
380380,0
380494,0
380517,0
380696,0
380870,0
380914,0
380944,0
381025,0
381055,0
381125,0
381141,0
381377,0
381465,0
381538,0
381685,0
381717,0
381770,0
381774,0
381865,0
381883,0
382076,0
382171,0
382280,0
382303,0
382311,0
382316,0
382352,0
382477,0
382491,0
382515,0
382530,0
382951,0
382985,0
383032,0
383471,0
383606,0
383753,0
383842,0
383982,0
384002,0
384045,0
384195,0
384245,0
384367,0
384501,0
384520,0
384595,0
384631,0
384824,0
384904,0
384967,0
385008,0
385013,0
385046,0
385094,0
385164,0
385174,0
385292,0
385374,0
385518,0
385675,0
385689,0
385743,0
385789,0
385837,0
385936,0
386022,0
386072,0
386148,0
386176,0
386263,0
386357,0
386593,0
386667,0
386700,0
386787,0
387028,0
387256,0
387299,0
387426,0
387504,0
387565,0
387568,0
387619,0
387652,0
387773,0
387829,0
387955,0
387972,0
388009,0
388087,0
388112,0
388165,0
388225,0
388352,0
388365,0
388563,0
388573,0
388600,0
388620,0
388774,0
388800,0
388900,0
389014,0
389185,0
389199,0
389652,0
389682,0
389966,0
390000,0
390007,0
390242,0
390300,0
390356,0
390357,0
390380,0
390443,0
390571,0
390606,0
390627,0
390716,0
390731,0
390784,0
390898,0
390944,0
391081,0
391120,0
391219,0
391458,0
391497,0
391525,0
391641,0
391733,0
392138,0
392207,0
392425,0
392520,0
392566,0
392805,0
392807,0
392852,0
392907,0
392914,0
393046,0
393049,0
393153,0
393443,0
393513,0
393534,0
393591,0
393857,0
393874,0
393924,0
393943,0
393973,0
394119,0
394219,0
394224,0
394290,0
394332,0
394384,0
394386,0
394400,0
394580,0
394758,0
394909,0
394972,0
394984,0
395101,0
395120,0
395252,0
395329,0
395405,0
395429,0
395527,0
395666,0
395682,0
395695,0
395801,0
395962,0
395987,0
396149,0
396420,0
396866,0
396883,0
397015,0
397078,0
397222,0
397289,0
397350,0
397373,0
397412,0
397418,0
397636,0
397655,0
397876,0
397973,0
398038,0
398108,0
398143,0
398157,0
398241,0
398244,0
398363,0
398471,0
398522,0
398586,0
398636,0
398930,0
399162,0
399195,0
399217,0
399446,0
399553,0
399797,0
400017,0
400021,0
400380,0
400431,0
400465,0
400498,0
400588,0
400619,0
400646,0
400687,0
400900,0
400947,0
400961,0
400967,0
401069,0
401077,0
401113,0
401124,0
401153,0
401173,0
401260,0
401380,0
401427,0
401449,0
401504,0
401556,0
401659,0
401821,0
401869,0
402095,0
402214,0
402277,0
402278,0
402321,0
402325,0
402345,0
402377,0
402470,0
402555,0
402594,0
402716,0
402836,0
403090,0
403323,0
403743,0
403764,0
403774,0
403847,0
403915,0
403947,0
404044,0
404108,0
404195,0
404254,0
404482,0
404489,0
404541,0
404541,0
404579,0
404631,0
404784,0
404802,0
404802,0
404810,0
404866,0
404954,0
405128,0
405466,0
405807,0
405871,0
406056,0
406082,0
406082,0
406190,0
406286,0
406315,0
406397,0
