17,0
482,0
483,0
488,0
531,0
539,0
611,0
636,0
690,0
786,0
815,0
921,0
967,0
1024,0
1161,0
1176,0
1229,0
1235,0
1309,0
1367,0
1391,0
1516,0
1541,0
1815,0
1959,0
2082,0
2087,0
2110,0
2116,0
2143,0
2276,0
2317,0
2325,0
2477,0
2506,0
2588,0
2609,0
2666,0
2746,0
2919,0
2948,0
2987,0
3000,0
3001,0
3098,0
3099,0
3520,0
3710,0
3751,0
3802,0
3812,0
3979,0
4008,0
4075,0
4174,0
4284,0
4291,0
4459,0
4801,0
4824,0
4867,0
5116,0
5214,0
5339,0
5376,0
5620,0
5663,0
5845,0
5855,0
5915,0
5923,0
5925,0
6023,0
6037,0
6085,0
6208,0
6221,0
6249,0
6513,0
6531,0
6638,0
6848,0
7039,0
7078,0
7336,0
7374,0
7494,0
7585,0
7681,0
7777,0
7793,0
7828,0
7843,0
8048,0
8313,0
8603,0
8708,0
8809,0
8983,0
9002,0
9095,0
9128,0
9203,0
9268,0
9327,0
9421,0
9448,0
9592,0
9644,0
9679,0
9694,0
9722,0
9788,0
9861,0
10072,0
10152,0
10242,0
10462,0
10632,0
10725,0
10770,0
10804,0
10853,0
10888,0
10954,0
11005,0
11225,0
11298,0
11367,0
11403,0
11454,0
11464,0
11493,0
11536,0
11552,0
11625,0
11636,0
11764,0
11811,0
11862,0
12104,0
12165,0
12310,0
12359,0
12414,0
12429,0
12483,0
12499,0
12534,0
12603,0
12703,0
12707,0
12777,0
12859,0
12915,0
13018,0
13112,0
13119,0
13125,0
13145,0
13202,0
13232,0
13403,0
13633,0
13645,0
13706,0
13764,0
13795,0
13844,0
13948,0
14002,0
14025,0
14071,0
14081,0
14107,0
14192,0
14524,0
14611,0
14691,0
14727,0
14728,0
14789,0
14851,0
14887,0
15010,0
15130,0
15359,0
15389,0
15493,0
15500,0
15662,0
15688,0
15712,0
15773,0
15803,0
15804,0
15974,0
16238,0
16292,0
16309,0
16414,0
16466,0
16503,0
16598,0
16619,0
16698,0
16712,0
17083,0
17261,0
17289,0
17513,0
17528,0
17542,0
17624,0
17650,0
17681,0
17735,0
17740,0
17979,0
18043,0
18097,0
18108,0
18155,0
18240,0
18346,0
18380,0
18706,0
18762,0
19231,0
19259,0
19300,0
19391,0
19645,0
19710,0
19801,0
19802,0
19861,0
19870,0
19896,0
19934,0
19969,0
19990,0
20226,0
20354,0
20402,0
20649,0
20738,0
20795,0
20973,0
20978,0
21071,0
21129,0
21150,0
21289,0
21425,0
21477,0
21505,0
21533,0
21567,0
21581,0
21585,0
21594,0
21652,0
21704,0
21743,0
21818,0
21913,0
22078,0
22083,0
22324,0
22351,0
22375,0
22450,0
22509,0
22614,0
22639,0
22655,0
22681,0
22715,0
22848,0
22854,0
22930,0
22961,0
23053,0
23089,0
23188,0
23238,0
23261,0
23365,0
23395,0
23593,0
23606,0
23625,0
23655,0
23687,0
23707,0
24099,0
24127,0
24277,0
24490,0
24514,0
24568,0
24616,0
24620,0
24692,0
24722,0
24986,0
25035,0
25126,0
25392,0
25453,0
25533,0
25597,0
25623,0
25823,0
25827,0
25894,0
25947,0
26028,0
26069,0
26193,0
26202,0
26218,0
26440,0
26510,0
26529,0
26614,0
26633,0
26690,0
26707,0
26728,0
26794,0
27067,0
27081,0
27134,0
27255,0
27286,0
27430,0
27493,0
27513,0
27542,0
27597,0
27652,0
27829,0
27866,0
27889,0
27963,0
28000,0
28104,0
28156,0
28182,0
28307,0
28617,0
28698,0
28769,0
28869,0
28894,0
29066,0
29318,0
29394,0
29402,0
29514,0
29540,0
29917,0
30399,0
30426,0
30664,0
30703,0
30834,0
30882,0
30910,0
31010,0
31124,0
31177,0
31357,0
31367,0
31460,0
31467,0
31511,0
31579,0
31627,0
31845,0
31945,0
32104,0
32181,0
32231,0
32296,0
32465,0
32484,0
32519,0
32637,0
32956,0
33003,0
33165,0
33332,0
33439,0
33532,0
33600,0
33673,0
33771,0
33813,0
33817,0
33942,0
33961,0
33963,0
34111,0
34422,0
34471,0
34616,0
34633,0
34803,0
34990,0
35105,0
35173,0
35314,0
35354,0
35355,0
35372,0
35405,0
35474,0
35551,0
35643,0
35732,0
35908,0
36002,0
36121,0
36149,0
36318,0
36396,0
36440,0
36474,0
36551,0
36669,0
36802,0
36821,0
36842,0
36868,0
36889,0
37145,0
37195,0
37230,0
37397,0
37434,0
37446,0
37519,0
37670,0
37827,0
37838,0
37841,0
37886,0
37938,0
38014,0
38036,0
38098,0
38145,0
38233,0
38252,0
38473,0
38484,0
38539,0
38563,0
38604,0
38705,0
38819,0
38896,0
38912,0
39075,0
39165,0
39195,0
39198,0
39261,0
39510,0
39542,0
39576,0
39621,0
39682,0
39744,0
39746,0
39749,0
39935,0
39989,0
40015,0
40028,0
40074,0
40181,0
40212,0
40256,0
40256,0
40291,0
40398,0
40482,0
40528,0
40619,0
40785,0
40853,0
40860,0
40931,0
41216,0
41291,0
41329,0
41392,0
41495,0
41526,0
41531,0
41562,0
41647,0
41708,0
41834,0
41851,0
42039,0
42201,0
42249,0
42264,0
42271,0
42294,0
42368,0
42492,0
42522,0
42614,0
42614,0
42725,0
42806,0
42889,0
42900,0
42939,0
43075,0
43092,0
43158,0
43205,0
43206,0
43270,0
43277,0
43386,0
43398,0
43455,0
43560,0
43657,0
43807,0
43957,0
44002,0
44061,0
44205,0
44262,0
44330,0
44390,0
44589,0
44751,0
44784,0
44801,0
44833,0
44839,0
44859,0
44872,0
44875,0
44979,0
44997,0
45362,0
45362,0
45427,0
45541,0
45820,0
45857,0
45948,0
46061,0
46114,0
46156,0
46205,0
46245,0
46458,0
46474,0
46510,0
46548,0
46603,0
46639,0
46681,0
46962,0
47042,0
47105,0
47106,0
47287,0
47495,0
47516,0
47550,0
47572,0
47604,0
47619,0
47654,0
47663,0
47730,0
47743,0
47775,0
47777,0
47809,0
47880,0
47886,0
48192,0
48232,0
48345,0
48422,0
48490,0
48853,0
48877,0
48956,0
49014,0
49048,0
49081,0
49321,0
49422,0
49435,0
49516,0
49685,0
50011,0
50214,0
50230,0
50260,0
50288,0
50397,0
50414,0
50560,0
50592,0
50643,0
50751,0
50804,0
51202,0
51327,0
51453,0
51454,0
51459,0
51474,0
51476,0
51535,0
51542,0
51618,0
51699,0
51729,0
51866,0
51968,0
52083,0
52358,0
52359,0
52371,0
52402,0
52480,0
52495,0
52504,0
52621,0
52632,0
52684,0
52788,0
52854,0
52907,0
52992,0
53231,0
53276,0
53293,0
53308,0
53495,0
53564,0
53690,0
53720,0
53795,0
54020,0
54321,0
54359,0
54392,0
54595,0
54626,0
54700,0
54720,0
54990,0
55132,0
55302,0
55423,0
55513,0
55604,0
55635,0
55639,0
55716,0
55882,0
55945,0
56035,0
56222,0
56290,0
56347,0
56459,0
56485,0
56632,0
56848,0
56949,0
57152,0
57178,0
57215,0
57249,0
57280,0
57346,0
57450,0
57466,0
57696,0
57714,0
57715,0
57804,0
57825,0
58045,0
58186,0
58216,0
58283,0
58324,0
58399,0
58405,0
58535,0
58627,0
58788,0
58930,0
58959,0
59057,0
59155,0
59205,0
59319,0
59321,0
59397,0
59576,0
59585,0
59595,0
59769,0
59850,0
59887,0
59932,0
59951,0
59982,0
60006,0
60023,0
60166,0
60257,0
60359,0
60369,0
60370,0
60380,0
60547,0
60582,0
60702,0
60748,0
60759,0
60874,0
60875,0
60897,0
61023,0
61209,0
61290,0
61322,0
61399,0
61400,0
61535,0
61537,0
61542,0
61588,0
61684,0
61960,0
61995,0
62122,0
62249,0
62358,0
62363,0
62708,0
62721,0
62832,0
62853,0
62863,0
63181,0
63394,0
63409,0
63532,0
63555,0
63661,0
63749,0
63829,0
64143,0
64407,0
64415,0
64682,0
64723,0
64763,0
64888,0
65115,0
65211,0
65221,0
65314,0
65333,0
65392,0
65499,0
65676,0
65787,0
65967,0
66028,0
66051,0
66071,0
66078,0
66097,0
66131,0
66159,0
66329,0
66347,0
66543,0
67063,0
67097,0
67156,0
67259,0
67542,0
67586,0
67604,0
67690,0
67731,0
67835,0
68071,0
68086,0
68112,0
68187,0
68381,0
68420,0
68450,0
68456,0
68552,0
68689,0
68702,0
68721,0
68737,0
68747,0
68798,0
68799,0
69031,0
69133,0
69137,0
69180,0
69193,0
69198,0
69216,0
69314,0
69405,0
69522,0
69535,0
69721,0
69745,0
69919,0
70001,0
70050,0
70123,0
70237,0
70368,0
70499,0
70531,0
70855,0
70883,0
70922,0
70923,0
70934,0
71172,0
71492,0
71570,0
72328,0
72403,0
72414,0
72523,0
72552,0
72608,0
72644,0
72714,0
73056,0
73063,0
73085,0
73139,0
73294,0
73420,0
73557,0
73656,0
73726,0
73747,0
73769,0
73788,0
73869,0
73931,0
74029,0
74035,0
74304,0
74306,0
74322,0
74541,0
74558,0
74697,0
74880,0
74909,0
74962,0
74993,0
75201,0
75588,0
75673,0
75762,0
75816,0
75869,0
75895,0
76066,0
76107,0
76169,0
76195,0
76251,0
76356,0
76515,0
76520,0
76521,0
76545,0
76655,0
76679,0
76764,0
76907,0
76983,0
77144,0
77188,0
77479,0
77573,0
77580,0
77599,0
77620,0
77622,0
77707,0
77778,0
77932,0
78088,0
78228,0
78291,0
78447,0
78482,0
78542,0
78593,0
78663,0
78677,0
78758,0
78882,0
78888,0
78948,0
78957,0
79053,0
79111,0
79139,0
79175,0
79256,0
79264,0
79299,0
79755,0
79767,0
79910,0
80133,0
80324,0
80377,0
80395,0
80404,0
80453,0
80501,0
80590,0
80649,0
80672,0
80862,0
80872,0
80952,0
81053,0
81117,0
81434,0
81482,0
81526,0
81577,0
81601,0
81670,0
81782,0
81818,0
81824,0
81837,0
81858,0
81869,0
82038,0
82048,0
82146,0
82434,0
82445,0
82535,0
82647,0
82834,0
82846,0
83004,0
83190,0
83215,0
83270,0
83374,0
83574,0
83625,0
83876,0
84134,0
84143,0
84232,0
84288,0
84501,0
84598,0
84614,0
84692,0
84848,0
84948,0
84983,0
85185,0
85397,0
85432,0
85499,0
85532,0
85540,0
85663,0
85731,0
85911,0
86126,0
86139,0
86142,0
86196,0
86203,0
86401,0
86434,0
86454,0
86511,0
86528,0
86632,0
86635,0
86655,0
86689,0
86943,0
86976,0
87015,0
87082,0
87211,0
87324,0
87614,0
87616,0
87632,0
87941,0
88020,0
88254,0
88260,0
88339,0
88389,0
88455,0
88670,0
88754,0
88771,0
88933,0
88996,0
89054,0
89119,0
89221,0
89228,0
89317,0
89357,0
89361,0
89388,0
89489,0
89673,0
89685,0
89702,0
89752,0
89780,0
89893,0
89913,0
90039,0
90162,0
90458,0
90537,0
90685,0
90723,0
90748,0
90785,0
90835,0
91102,0
91209,0
91311,0
91464,0
91491,0
91621,0
91695,0
91961,0
91967,0
92068,0
92215,0
92283,0
92463,0
92493,0
92507,0
92533,0
92606,0
92652,0
92661,0
92696,0
92842,0
93019,0
93224,0
93243,0
93446,0
93503,0
93506,0
93605,0
93627,0
93627,0
93655,0
93714,0
93800,0
93975,0
94071,0
94073,0
94083,0
94136,0
94162,0
94180,0
94193,0
94210,0
94367,0
94449,0
94456,0
94483,0
94508,0
94537,0
94563,0
94587,0
94751,0
94802,0
94910,0
94919,0
95101,0
95192,0
95248,0
95340,0
95462,0
95670,0
96053,0
96140,0
96388,0
96435,0
96520,0
96529,0
96546,0
96623,0
96851,0
96857,0
96895,0
96972,0
97076,0
97149,0
97191,0
97218,0
97227,0
97263,0
97421,0
97432,0
97661,0
97746,0
97830,0
97876,0
98066,0
98096,0
98181,0
98261,0
98265,0
98389,0
98428,0
98462,0
98864,0
98978,0
99028,0
99191,0
99385,0
99402,0
99589,0
99835,0
99853,0
99890,0
99973,0
100070,0
100137,0
100142,0
100229,0
100328,0
100346,0
100500,0
100540,0
100554,0
100634,0
100639,0
100788,0
100806,0
100832,0
100868,0
100917,0
100935,0
101228,0
101383,0
101534,0
101561,0
101724,0
101925,0
101952,0
102089,0
102156,0
102177,0
102286,0
102368,0
102381,0
102415,0
102471,0
102590,0
102825,0
102851,0
103057,0
103138,0
103153,0
103182,0
103229,0
103232,0
103264,0
103283,0
103496,0
103767,0
103843,0
103889,0
103902,0
103954,0
104104,0
104270,0
104289,0
104350,0
104381,0
104416,0
104462,0
104650,0
104672,0
104780,0
104792,0
105070,0
105221,0
105233,0
105266,0
105376,0
105552,0
105554,0
105578,0
105587,0
105640,0
105792,0
105846,0
105892,0
105988,0
105989,0
106113,0
106150,0
106166,0
106217,0
106381,0
106423,0
106551,0
106717,0
106785,0
106786,0
106908,0
106915,0
106940,0
106979,0
107018,0
107035,0
107050,0
107188,0
107369,0
107557,0
107567,0
107740,0
107910,0
108000,0
108041,0
108069,0
108149,0
108191,0
108377,0
108512,0
108825,0
108837,0
108901,0
108916,0
108974,0
109009,0
109035,0
109097,0
109188,0
109371,0
109390,0
109698,0
109853,0
109971,0
110034,0
110126,0
110527,0
110586,0
110880,0
111096,0
111109,0
111245,0
111246,0
111307,0
111435,0
111472,0
111539,0
111545,0
111570,0
111572,0
111796,0
111851,0
112018,0
112151,0
112168,0
112188,0
112209,0
112426,0
112472,0
112528,0
112542,0
112643,0
113152,0
113216,0
113294,0
113590,0
113660,0
113754,0
114053,0
114199,0
114322,0
114426,0
114631,0
114798,0
114844,0
114898,0
114969,0
115056,0
115096,0
115097,0
115176,0
115188,0
115259,0
115263,0
115315,0
115434,0
115469,0
115471,0
115508,0
115611,0
115613,0
115657,0
115855,0
115968,0
116158,0
116182,0
116188,0
116221,0
116236,0
116252,0
116258,0
116278,0
116301,0
116452,0
116556,0
116565,0
116650,0
116656,0
116760,0
116854,0
116929,0
116989,0
117177,0
117267,0
117299,0
117331,0
117355,0
117462,0
117515,0
117536,0
117641,0
117717,0
117737,0
117971,0
118018,0
118033,0
118163,0
118197,0
118207,0
118243,0
118431,0
118441,0
118441,0
118486,0
118543,0
118592,0
118731,0
118733,0
118757,0
118799,0
118898,0
119031,0
119103,0
119176,0
119215,0
119233,0
119283,0
119323,0
119474,0
119485,0
119543,0
119552,0
119701,0
119811,0
119821,0
119826,0
119827,0
119844,0
119991,0
120233,0
120284,0
120333,0
120338,0
120664,0
120825,0
121017,0
121030,0
121127,0
121147,0
121240,0
121561,0
121765,0
121770,0
121846,0
122018,0
122037,0
122038,0
122095,0
122203,0
122257,0
122283,0
122424,0
122435,0
122469,0
122492,0
122595,0
122623,0
122688,0
122887,0
122968,0
123006,0
123010,0
123124,0
123170,0
123235,0
123290,0
123299,0
123304,0
123339,0
123370,0
123372,0
123390,0
123498,0
123518,0
123559,0
123722,0
123773,0
123917,0
124020,0
124023,0
124039,0
124071,0
124472,0
124488,0
124575,0
124575,0
124676,0
124829,0
124869,0
124917,0
124994,0
125150,0
125240,0
125288,0
125363,0
125449,0
125696,0
125723,0
125745,0
125786,0
126165,0
126217,0
126241,0
126253,0
126332,0
126341,0
126384,0
126399,0
126456,0
126465,0
126532,0
126632,0
126633,0
126757,0
126852,0
126879,0
126887,0
126957,0
126961,0
127016,0
127042,0
127120,0
127211,0
127307,0
127541,0
127764,0
127893,0
127933,0
127937,0
128264,0
128265,0
128385,0
128396,0
128471,0
128566,0
128667,0
128762,0
128960,0
128980,0
129190,0
129318,0
129339,0
129367,0
129384,0
129424,0
129451,0
129451,0
129713,0
129758,0
129822,0
129844,0
129875,0
130023,0
130025,0
130074,0
130117,0
130340,0
130542,0
130573,0
130579,0
130702,0
130726,0
130868,0
130898,0
130931,0
131056,0
131112,0
131220,0
131309,0
131393,0
131465,0
131698,0
131698,0
131703,0
131954,0
131954,0
131994,0
132193,0
132193,0
132380,0
132469,0
132476,0
132567,0
132771,0
132815,0
132830,0
132859,0
133092,0
133105,0
133119,0
133194,0
133392,0
133430,0
133763,0
133815,0
133843,0
133969,0
134037,0
134167,0
134353,0
134391,0
134420,0
134436,0
134557,0
134611,0
134616,0
134639,0
134816,0
134885,0
135020,0
135183,0
135334,0
135425,0
135526,0
135554,0
135565,0
135577,0
135640,0
135831,0
135946,0
136017,0
136041,0
136350,0
136406,0
136643,0
136678,0
136682,0
136878,0
136896,0
137061,0
137085,0
137154,0
137163,0
137210,0
137296,0
137503,0
137578,0
137715,0
137781,0
137810,0
137926,0
138069,0
138083,0
138188,0
138271,0
138294,0
138399,0
138410,0
138487,0
138561,0
138653,0
138700,0
138869,0
138952,0
139039,0
139045,0
139207,0
139230,0
139346,0
139540,0
139556,0
139608,0
139851,0
140259,0
140265,0
140299,0
140413,0
140430,0
140512,0
140524,0
140537,0
140550,0
140623,0
140635,0
140687,0
140793,0
140793,0
140832,0
140879,0
140905,0
140976,0
141009,0
141057,0
141062,0
141210,0
141315,0
141347,0
141418,0
141545,0
141566,0
141578,0
141632,0
141686,0
141705,0
141715,0
141801,0
141949,0
142116,0
142336,0
142395,0
142444,0
142458,0
142548,0
142687,0
142792,0
142877,0
143135,0
143268,0
143316,0
143319,0
143421,0
143444,0
143521,0
143547,0
143840,0
144228,0
144449,0
144510,0
144571,0
144573,0
144673,0
144773,0
144787,0
144894,0
144933,0
144938,0
144958,0
144999,0
145000,0
145132,0
145144,0
145155,0
145232,0
145348,0
145384,0
145419,0
145489,0
145545,0
145579,0
145586,0
145615,0
145631,0
145658,0
145756,0
145795,0
145930,0
145934,0
146014,0
146323,0
146438,0
146514,0
146598,0
146857,0
146891,0
146920,0
147132,0
147190,0
147299,0
147413,0
147436,0
147451,0
147500,0
147702,0
147742,0
147800,0
147869,0
147898,0
147980,0
147987,0
148083,0
148261,0
148319,0
148326,0
148344,0
148461,0
148475,0
148518,0
148554,0
148556,0
148594,0
148619,0
148875,0
148893,0
148917,0
148989,0
149074,0
149088,0
149158,0
149216,0
149372,0
149382,0
149414,0
149415,0
149475,0
149491,0
149531,0
149731,0
149771,0
149835,0
150088,0
150125,0
150247,0
150269,0
150563,0
150641,0
150667,0
150807,0
150973,0
150990,0
151041,0
151097,0
151121,0
151190,0
151255,0
151324,0
151338,0
151480,0
151503,0
151510,0
151675,0
151695,0
151918,0
152039,0
152048,0
152243,0
152466,0
152623,0
152661,0
152673,0
152759,0
152937,0
153265,0
153300,0
153328,0
153376,0
153558,0
153689,0
153761,0
153772,0
153831,0
154039,0
154110,0
154261,0
154344,0
154615,0
154662,0
154790,0
154807,0
154811,0
154954,0
155022,0
155160,0
155173,0
155208,0
155227,0
155234,0
155256,0
155258,0
155301,0
155369,0
155393,0
155430,0
155577,0
155606,0
155713,0
155799,0
155900,0
155946,0
156267,0
156560,0
156567,0
156767,0
156821,0
156859,0
156901,0
157146,0
157321,0
157430,0
157535,0
157544,0
157572,0
157743,0
157768,0
157950,0
158023,0
158280,0
158338,0
158572,0
158677,0
158690,0
158998,0
159072,0
159099,0
159105,0
159155,0
159297,0
159309,0
159424,0
159458,0
159470,0
159588,0
159626,0
159652,0
159659,0
159704,0
159739,0
159750,0
159918,0
160162,0
160192,0
160353,0
160354,0
160409,0
160611,0
160688,0
160725,0
160773,0
160930,0
160965,0
160970,0
161064,0
161284,0
161363,0
161381,0
161469,0
161516,0
161724,0
161740,0
161756,0
161896,0
161967,0
162019,0
162075,0
162146,0
162164,0
162207,0
162562,0
162611,0
162638,0
162744,0
162835,0
162846,0
162961,0
162989,0
163264,0
163398,0
163431,0
163572,0
163616,0
163658,0
163806,0
163888,0
163893,0
163934,0
164160,0
164190,0
164455,0
164484,0
164492,0
164596,0
164615,0
164640,0
164666,0
164683,0
164715,0
164750,0
164784,0
164799,0
164974,0
165139,0
165145,0
165153,0
165161,0
165197,0
165198,0
165261,0
165382,0
165493,0
165521,0
165545,0
165792,0
165863,0
165868,0
165893,0
166004,0
166063,0
166285,0
166337,0
166449,0
166501,0
166603,0
166754,0
166853,0
166876,0
167032,0
167033,0
167045,0
167064,0
167076,0
167123,0
167125,0
167345,0
167465,0
167688,0
167865,0
168044,0
168061,0
168269,0
168352,0
168480,0
168489,0
168740,0
168743,0
168800,0
168840,0
168846,0
168907,0
169010,0
169147,0
169158,0
169300,0
169356,0
169455,0
169560,0
169597,0
169680,0
169719,0
169732,0
169734,0
169742,0
169902,0
169992,0
170123,0
170158,0
170188,0
170194,0
170372,0
170430,0
170515,0
170568,0
170644,0
170925,0
170977,0
171007,0
171021,0
171089,0
171110,0
171191,0
171280,0
171454,0
171516,0
171542,0
171558,0
171605,0
171688,0
171854,0
171876,0
171939,0
172072,0
172320,0
172378,0
172492,0
172501,0
172533,0
172581,0
172711,0
172774,0
172833,0
172947,0
172968,0
173006,0
173024,0
173129,0
173230,0
173273,0
173293,0
173332,0
173442,0
173486,0
173517,0
173587,0
173889,0
173899,0
173932,0
173942,0
174101,0
174151,0
174216,0
174426,0
174436,0
174555,0
174633,0
174819,0
174905,0
174989,0
175031,0
175236,0
175272,0
175300,0
175337,0
175367,0
175452,0
175678,0
175729,0
175732,0
175779,0
175798,0
175847,0
175979,0
176017,0
176112,0
176431,0
176469,0
176680,0
176727,0
176921,0
176989,0
177030,0
177082,0
177102,0
177126,0
177195,0
177434,0
177544,0
177548,0
177744,0
177928,0
177960,0
177989,0
178054,0
178138,0
178279,0
178297,0
178426,0
178450,0
178660,0
178806,0
178826,0
178906,0
178917,0
178944,0
178964,0
179030,0
179054,0
179144,0
179279,0
179442,0
179449,0
179578,0
180287,0
180303,0
180334,0
180495,0
180589,0
180631,0
180646,0
180666,0
180948,0
180994,0
181115,0
181191,0
181289,0
181315,0
181321,0
181373,0
181389,0
181534,0
181587,0
181626,0
181700,0
181737,0
181779,0
181783,0
181811,0
181859,0
181876,0
182045,0
182112,0
182299,0
182310,0
182381,0
182479,0
182493,0
182563,0
182602,0
182641,0
182695,0
182842,0
182846,0
182954,0
183046,0
183133,0
183200,0
183208,0
183230,0
183245,0
183246,0
183538,0
183731,0
184336,0
184353,0
184369,0
184430,0
184610,0
184720,0
184836,0
184850,0
184899,0
185117,0
185167,0
185317,0
185345,0
185394,0
185508,0
185813,0
185930,0
185980,0
186021,0
186091,0
186120,0
186173,0
186341,0
186415,0
186417,0
186484,0
186541,0
186633,0
186636,0
186667,0
186821,0
186864,0
186892,0
186994,0
187054,0
187181,0
187214,0
187354,0
187378,0
187408,0
187548,0
187605,0
187628,0
187829,0
187878,0
187974,0
188237,0
188252,0
188423,0
188445,0
188491,0
188494,0
188520,0
188619,0
188621,0
188689,0
188692,0
188780,0
188934,0
189018,0
189055,0
189095,0
189198,0
189318,0
189415,0
189605,0
189771,0
189963,0
189992,0
190107,0
190142,0
190144,0
190161,0
190269,0
190342,0
190385,0
190403,0
190463,0
190607,0
190614,0
190650,0
190668,0
190686,0
190765,0
190916,0
190970,0
191087,0
191146,0
191213,0
191377,0
191396,0
191472,0
191550,0
191895,0
192014,0
192045,0
192059,0
192077,0
192159,0
192278,0
192306,0
192340,0
192391,0
192564,0
192654,0
192655,0
192655,0
192903,0
192956,0
193175,0
193450,0
193478,0
193513,0
193615,0
193750,0
193792,0
193910,0
193930,0
193959,0
194029,0
194072,0
194274,0
194301,0
194324,0
194335,0
194353,0
194403,0
194550,0
194704,0
195058,0
195106,0
195169,0
195237,0
195362,0
195374,0
195407,0
195428,0
195612,0
195731,0
195747,0
195902,0
196102,0
196208,0
196370,0
196401,0
196427,0
196575,0
196637,0
196687,0
196774,0
196878,0
197067,0
197079,0
197090,0
197153,0
197180,0
197206,0
197242,0
197282,0
197419,0
197477,0
197490,0
197738,0
197893,0
197966,0
198082,0
198233,0
198330,0
198370,0
198434,0
198707,0
198715,0
198746,0
198756,0
198779,0
198827,0
198979,0
198992,0
199106,0
199131,0
199202,0
199205,0
199295,0
199298,0
199442,0
199544,0
199633,0
199707,0
199722,0
199736,0
199775,0
199934,0
199944,0
200018,0
200075,0
200125,0
200191,0
200268,0
200606,0
200611,0
200798,0
200850,0
201018,0
201175,0
201276,0
201416,0
201487,0
201537,0
201560,0
201605,0
201649,0
201678,0
201766,0
201887,0
201929,0
202125,0
202125,0
202135,0
202203,0
202216,0
202451,0
202525,0
202626,0
202939,0
202949,0
203269,0
203363,0
203480,0
203549,0
203683,0
203731,0
203807,0
203870,0
204087,0
204090,0
204120,0
204167,0
204239,0
204283,0
204338,0
204453,0
204481,0
204506,0
204514,0
204529,0
204553,0
204667,0
204700,0
204787,0
204790,0
204804,0
204811,0
204833,0
204874,0
204931,0
204979,0
204980,0
205055,0
205094,0
205164,0
205456,0
205477,0
205661,0
205836,0
205956,0
206004,0
206125,0
206213,0
206213,0
206335,0
206401,0
206493,0
206828,0
206947,0
206970,0
207078,0
207109,0
207121,0
207162,0
207183,0
207428,0
207432,0
207478,0
207616,0
207721,0
207738,0
207750,0
207802,0
207885,0
207959,0
208131,0
208148,0
208163,0
208426,0
208468,0
208521,0
208607,0
208711,0
208841,0
208925,0
209016,0
209032,0
209104,0
209304,0
209325,0
209358,0
209378,0
209408,0
209505,0
209588,0
209877,0
209882,0
209942,0
209994,0
210130,0
210200,0
210240,0
210365,0
210490,0
210518,0
210621,0
211032,0
211119,0
211177,0
211238,0
211253,0
211272,0
211384,0
211632,0
211659,0
211795,0
212005,0
212048,0
212068,0
212327,0
212333,0
212354,0
212361,0
212383,0
212433,0
212440,0
212569,0
212589,0
212663,0
212790,0
212848,0
212875,0
213131,0
213157,0
213217,0
213415,0
213502,0
213616,0
213713,0
213741,0
213881,0
214040,0
214186,0
214403,0
214502,0
214557,0
214645,0
214668,0
214712,0
214715,0
214718,0
214732,0
214887,0
214932,0
214940,0
214974,0
215083,0
215149,0
215149,0
215207,0
215251,0
215304,0
215310,0
215426,0
215439,0
215454,0
215489,0
215517,0
215525,0
215694,0
215770,0
215863,0
215867,0
215902,0
215971,0
216002,0
216214,0
216291,0
216449,0
216564,0
216723,0
216839,0
216841,0
217000,0
217317,0
217346,0
217395,0
217550,0
217552,0
217574,0
217644,0
217680,0
217906,0
217913,0
217966,0
217977,0
217985,0
218068,0
218095,0
218112,0
218198,0
218325,0
218337,0
218387,0
218398,0
218538,0
218550,0
218664,0
218674,0
218689,0
218785,0
218845,0
218876,0
218909,0
218955,0
218961,0
218967,0
219006,0
219007,0
219309,0
219405,0
219428,0
219862,0
219864,0
220072,0
220186,0
220193,0
220247,0
220321,0
220361,0
220435,0
220555,0
220575,0
220605,0
220638,0
220747,0
220823,0
220916,0
220935,0
220968,0
220991,0
221032,0
221062,0
221101,0
221137,0
221451,0
221554,0
221589,0
221639,0
221663,0
221671,0
221771,0
221927,0
222034,0
222142,0
222289,0
222298,0
222543,0
222582,0
222613,0
222754,0
222791,0
222829,0
222837,0
222913,0
223006,0
223078,0
223132,0
223216,0
223241,0
223478,0
223582,0
223666,0
223773,0
223838,0
223899,0
223916,0
224121,0
224152,0
224338,0
224513,0
224517,0
224601,0
224700,0
224934,0
224941,0
225068,0
225155,0
225263,0
225331,0
225453,0
225533,0
225628,0
225633,0
225646,0
225659,0
225679,0
225760,0
225797,0
225917,0
225920,0
225996,0
226003,0
226077,0
226197,0
226215,0
226263,0
226279,0
226411,0
226456,0
226569,0
226580,0
226609,0
226646,0
226668,0
226689,0
226731,0
226810,0
226981,0
227028,0
227051,0
227106,0
227113,0
227266,0
227322,0
227408,0
227534,0
227553,0
227614,0
227646,0
227972,0
228076,0
228113,0
228133,0
228306,0
228307,0
228431,0
228436,0
228581,0
228652,0
228688,0
228742,0
228981,0
229072,0
229176,0
229301,0
229315,0
229374,0
229703,0
229776,0
229851,0
229859,0
229883,0
229894,0
229955,0
230001,0
230155,0
230160,0
230239,0
230256,0
230555,0
230717,0
230781,0
230824,0
230848,0
231008,0
231012,0
231057,0
231070,0
231123,0
231272,0
231332,0
231551,0
231620,0
231725,0
231908,0
231922,0
232009,0
232156,0
232622,0
232647,0
232790,0
232873,0
232944,0
232995,0
232996,0
233110,0
233123,0
233229,0
233230,0
233324,0
233494,0
233515,0
233529,0
233712,0
233807,0
234015,0
234075,0
234141,0
234219,0
234257,0
234265,0
234271,0
234304,0
234322,0
234342,0
234403,0
234434,0
234459,0
234487,0
234546,0
234809,0
234818,0
234944,0
235210,0
235228,0
235259,0
235358,0
235467,0
235494,0
235616,0
235668,0
236006,0
236205,0
236246,0
236307,0
236314,0
236359,0
236373,0
236457,0
236551,0
236589,0
236615,0
236925,0
236948,0
237054,0
237083,0
237166,0
237256,0
237336,0
237360,0
237363,0
237400,0
237597,0
237609,0
237621,0
237699,0
237714,0
237766,0
237854,0
238076,0
238147,0
238247,0
238256,0
238281,0
238303,0
238326,0
238653,0
238716,0
238908,0
239404,0
239415,0
239520,0
239585,0
239637,0
239691,0
239800,0
239867,0
239989,0
240053,0
240311,0
240444,0
240567,0
240589,0
240659,0
240673,0
240678,0
240680,0
240723,0
240758,0
240768,0
240861,0
240957,0
240970,0
241015,0
241189,0
241278,0
241450,0
241491,0
241512,0
241524,0
241574,0
241616,0
241650,0
241857,0
242001,0
242036,0
242080,0
242304,0
242330,0
242415,0
242547,0
242737,0
242828,0
242863,0
243082,0
243123,0
243128,0
243132,0
243153,0
243168,0
243291,0
243307,0
243326,0
243776,0
243901,0
244032,0
244095,0
244106,0
244107,0
244136,0
244286,0
244359,0
244387,0
244398,0
244440,0
244517,0
244596,0
244677,0
244685,0
244749,0
244774,0
244828,0
244871,0
244893,0
244975,0
245066,0
245098,0
245141,0
245144,0
245379,0
245399,0
245435,0
245610,0
245686,0
245747,0
245912,0
245987,0
246028,0
246049,0
246138,0
246211,0
246221,0
246356,0
246402,0
246439,0
246475,0
246610,0
246617,0
246637,0
246664,0
246696,0
246777,0
246844,0
246918,0
246990,0
247081,0
247082,0
247117,0
247349,0
247425,0
247921,0
248018,0
248083,0
248219,0
248531,0
248590,0
248633,0
248648,0
248856,0
248908,0
248917,0
248921,0
248922,0
248952,0
249000,0
249045,0
249047,0
249098,0
249111,0
249190,0
249359,0
249373,0
249413,0
249415,0
249553,0
249684,0
249731,0
249809,0
249868,0
250078,0
250114,0
250118,0
250299,0
250368,0
250380,0
250487,0
250591,0
250625,0
250755,0
250758,0
250761,0
250780,0
250871,0
250893,0
250993,0
250995,0
251053,0
251067,0
251140,0
251153,0
251199,0
251211,0
251290,0
251328,0
251380,0
251570,0
251667,0
251719,0
251723,0
251767,0
251772,0
251805,0
251808,0
251824,0
251860,0
251972,0
252032,0
252073,0
252204,0
252206,0
252261,0
252316,0
252342,0
252508,0
252623,0
252687,0
252721,0
252773,0
253002,0
253019,0
253696,0
253732,0
253808,0
253886,0
253898,0
253925,0
254135,0
254194,0
254254,0
254259,0
254300,0
254348,0
254378,0
254647,0
254793,0
254847,0
254876,0
254972,0
254993,0
255038,0
255066,0
255317,0
255399,0
255442,0
255490,0
255517,0
255556,0
255981,0
256031,0
256100,0
256167,0
256257,0
256305,0
256313,0
256377,0
256437,0
256642,0
256685,0
256799,0
257018,0
257111,0
257175,0
257230,0
257571,0
258245,0
258282,0
258323,0
258345,0
258394,0
258594,0
258647,0
258700,0
258706,0
258974,0
259024,0
259069,0
259085,0
259106,0
259117,0
259153,0
259154,0
259214,0
259308,0
259330,0
259355,0
259358,0
259372,0
259470,0
259583,0
259592,0
259662,0
259682,0
259709,0
259713,0
259745,0
259810,0
259811,0
259855,0
259983,0
259990,0
260149,0
260187,0
260198,0
260275,0
260315,0
260478,0
260562,0
260576,0
260602,0
260737,0
260834,0
260972,0
261022,0
261042,0
261116,0
261170,0
261228,0
261313,0
261555,0
261725,0
261803,0
261837,0
261896,0
261937,0
262003,0
262004,0
262050,0
262138,0
262163,0
262168,0
262343,0
262363,0
262400,0
262455,0
262503,0
262640,0
262749,0
262786,0
262857,0
262942,0
263093,0
263170,0
263313,0
263322,0
263371,0
263495,0
263501,0
263544,0
263759,0
263773,0
263795,0
263843,0
263876,0
263953,0
263959,0
263991,0
264118,0
264147,0
264200,0
264277,0
264545,0
264552,0
264619,0
264811,0
264890,0
264923,0
265008,0
265091,0
265183,0
265250,0
265339,0
265718,0
265733,0
265794,0
265945,0
265957,0
265976,0
266246,0
266290,0
266307,0
266446,0
266522,0
266547,0
266601,0
266659,0
266670,0
266722,0
266858,0
266985,0
267228,0
267321,0
267630,0
267843,0
267911,0
267956,0
268121,0
268169,0
268272,0
268474,0
268502,0
268591,0
268595,0
268672,0
268724,0
268785,0
268786,0
268905,0
268985,0
269035,0
269087,0
269092,0
269119,0
269190,0
269281,0
269303,0
269778,0
269781,0
269782,0
269819,0
269978,0
270068,0
270148,0
270247,0
270248,0
270436,0
270555,0
270610,0
270921,0
271091,0
271143,0
271298,0
271485,0
271617,0
271721,0
271746,0
271887,0
271907,0
271957,0
271994,0
272013,0
272099,0
272119,0
272194,0
272478,0
272587,0
272860,0
273069,0
273106,0
273168,0
273291,0
273336,0
273772,0
273784,0
273973,0
274159,0
274250,0
274513,0
274728,0
274811,0
274919,0
274950,0
275077,0
275130,0
275176,0
275185,0
275436,0
275473,0
275637,0
275647,0
275723,0
275762,0
275904,0
276024,0
276120,0
276147,0
276284,0
276369,0
276523,0
276535,0
276670,0
276683,0
276685,0
276797,0
276833,0
276976,0
277074,0
277087,0
277161,0
277206,0
277509,0
277598,0
277632,0
277645,0
277730,0
277800,0
277871,0
277933,0
277983,0
278096,0
278176,0
278327,0
278360,0
278478,0
278524,0
278684,0
278753,0
278837,0
278891,0
278990,0
279028,0
279091,0
279139,0
279226,0
279265,0
279329,0
279402,0
279428,0
279680,0
279734,0
279894,0
279905,0
280015,0
280047,0
280067,0
280155,0
280337,0
280369,0
280653,0
280697,0
280782,0
280791,0
280810,0
280827,0
280870,0
280959,0
281023,0
281095,0
281150,0
281249,0
281304,0
281315,0
281504,0
281533,0
281580,0
281652,0
281682,0
281684,0
281701,0
281735,0
281816,0
281993,0
282013,0
282021,0
282075,0
282207,0
282300,0
282368,0
282475,0
282485,0
282489,0
282612,0
282853,0
283001,0
283003,0
283163,0
283525,0
283566,0
283909,0
283934,0
284103,0
284147,0
284475,0
284580,0
284612,0
284777,0
285031,0
285203,0
285227,0
285403,0
285462,0
285521,0
285561,0
285717,0
285758,0
285889,0
285997,0
286242,0
286254,0
286397,0
286472,0
286492,0
286608,0
286830,0
286901,0
286944,0
287117,0
287203,0
287390,0
287496,0
287525,0
287719,0
287848,0
287868,0
288144,0
288245,0
288468,0
288573,0
288578,0
288631,0
288631,0
288817,0
288835,0
288878,0
288949,0
288974,0
288987,0
289009,0
289110,0
289121,0
289228,0
289296,0
289390,0
289416,0
289470,0
289625,0
289749,0
289755,0
289838,0
289927,0
289950,0
290106,0
290110,0
290231,0
290486,0
290489,0
290516,0
290564,0
290995,0
291014,0
291054,0
291084,0
291089,0
291139,0
291232,0
291307,0
291358,0
291417,0
291463,0
291831,0
291860,0
291862,0
291887,0
291997,0
292079,0
292339,0
292461,0
292564,0
292651,0
292658,0
292922,0
293032,0
293106,0
293137,0
293139,0
293150,0
293192,0
293256,0
293299,0
293344,0
293426,0
293631,0
293733,0
293778,0
293818,0
293927,0
293983,0
294139,0
294139,0
294175,0
294232,0
294264,0
294289,0
294305,0
294377,0
294405,0
294547,0
294746,0
294794,0
294795,0
294852,0
295216,0
295264,0
295608,0
296026,0
296177,0
296202,0
296296,0
296308,0
296330,0
296359,0
296360,0
296371,0
296652,0
296755,0
296822,0
296840,0
296881,0
296956,0
296983,0
297014,0
297065,0
297085,0
297145,0
297161,0
297276,0
297393,0
297477,0
297496,0
297542,0
297598,0
297806,0
297995,0
298241,0
298355,0
298395,0
298435,0
298604,0
298918,0
298929,0
299065,0
299110,0
299382,0
299515,0
299770,0
299777,0
299970,0
300049,0
300270,0
300275,0
300439,0
300448,0
300548,0
300592,0
300631,0
300639,0
300704,0
300784,0
300799,0
300830,0
300835,0
300865,0
300877,0
300914,0
300952,0
301110,0
301228,0
301254,0
301506,0
301670,0
301816,0
301853,0
301931,0
301972,0
302278,0
302286,0
302396,0
302417,0
302495,0
302584,0
302648,0
302773,0
302888,0
302918,0
303224,0
303244,0
303247,0
303272,0
303405,0
303514,0
303554,0
303678,0
303719,0
303872,0
303955,0
304038,0
304144,0
304158,0
304288,0
304333,0
304340,0
304391,0
304455,0
304512,0
304537,0
304579,0
304611,0
304698,0
304733,0
304744,0
304939,0
304948,0
305018,0
305030,0
305371,0
305397,0
305399,0
305499,0
305566,0
305743,0
305877,0
305903,0
305906,0
305934,0
305939,0
305944,0
305958,0
306058,0
306071,0
306128,0
306448,0
306509,0
306648,0
306688,0
306794,0
306868,0
306982,0
306985,0
307060,0
307067,0
307171,0
307333,0
307503,0
307510,0
307600,0
307703,0
307761,0
307837,0
308014,0
308022,0
308228,0
308323,0
308567,0
308574,0
308787,0
308810,0
308981,0
309276,0
309303,0
309350,0
309376,0
309600,0
309622,0
309654,0
309707,0
309732,0
309866,0
309872,0
309886,0
309954,0
310006,0
310048,0
310156,0
310239,0
310321,0
310386,0
310422,0
310484,0
310643,0
310676,0
310705,0
310749,0
311093,0
311115,0
311140,0
311143,0
311486,0
311603,0
311619,0
311647,0
311685,0
311788,0
312007,0
312011,0
312048,0
312083,0
312116,0
312119,0
312263,0
312284,0
312345,0
312431,0
312544,0
312694,0
312709,0
312748,0
312749,0
312799,0
312895,0
313033,0
313082,0
313084,0
313142,0
313387,0
313478,0
313792,0
313856,0
313890,0
313992,0
314195,0
314279,0
314530,0
314643,0
314799,0
314901,0
314960,0
315003,0
315252,0
315254,0
315278,0
315303,0
315498,0
315596,0
315615,0
315724,0
315766,0
315767,0
316025,0
316093,0
316265,0
316412,0
316412,0
316529,0
316555,0
316668,0
316703,0
316718,0
316793,0
316828,0
316853,0
316993,0
317634,0
317903,0
317994,0
318190,0
318424,0
318523,0
318533,0
318646,0
318838,0
318848,0
318869,0
318904,0
318974,0
319292,0
319473,0
319509,0
319628,0
319671,0
319725,0
319753,0
319894,0
319969,0
319975,0
319995,0
320086,0
320187,0
320188,0
320191,0
320231,0
320271,0
320437,0
320448,0
320503,0
320758,0
320766,0
320935,0
320992,0
321039,0
321047,0
321163,0
321247,0
321508,0
321521,0
321545,0
321652,0
321676,0
321691,0
321712,0
321791,0
321850,0
322000,0
322041,0
322080,0
322346,0
322522,0
322682,0
322706,0
322706,0
322709,0
322768,0
322795,0
322815,0
322859,0
322895,0
323050,0
323253,0
323283,0
323462,0
323519,0
323558,0
323611,0
323617,0
323789,0
324125,0
324276,0
324355,0
324475,0
324526,0
324569,0
324618,0
324624,0
324705,0
324757,0
324923,0
324979,0
325460,0
325479,0
325539,0
325546,0
325690,0
325702,0
325748,0
325795,0
325949,0
325998,0
326223,0
326283,0
326488,0
326550,0
326710,0
326744,0
326751,0
326754,0
326761,0
326993,0
327232,0
327452,0
327483,0
327502,0
327519,0
327562,0
327563,0
327836,0
327901,0
327983,0
328106,0
328107,0
328141,0
328209,0
328417,0
328469,0
328481,0
328575,0
328596,0
328599,0
328689,0
328732,0
329080,0
329288,0
329341,0
329353,0
329414,0
329440,0
329612,0
329673,0
329678,0
329876,0
330054,0
330162,0
330405,0
330489,0
330603,0
330679,0
330692,0
330698,0
330750,0
330751,0
330820,0
330952,0
331101,0
331109,0
331247,0
331278,0
331292,0
331369,0
331480,0
331568,0
331574,0
331715,0
331733,0
331920,0
331939,0
331948,0
332121,0
332232,0
332352,0
332389,0
332412,0
332433,0
332524,0
332579,0
332681,0
332797,0
332912,0
333166,0
333242,0
333317,0
333373,0
333464,0
333490,0
333493,0
333502,0
333564,0
333624,0
333639,0
333639,0
333685,0
333820,0
333949,0
334248,0
334330,0
334359,0
334364,0
334412,0
334452,0
334482,0
334501,0
334534,0
334691,0
334918,0
334935,0
334947,0
334953,0
334994,0
335017,0
335135,0
335263,0
335315,0
335461,0
335517,0
335528,0
335592,0
335609,0
335738,0
335767,0
335809,0
335834,0
335857,0
336118,0
336180,0
336405,0
336409,0
336444,0
336487,0
336807,0
336878,0
336924,0
336983,0
337078,0
337125,0
337135,0
337156,0
337184,0
337206,0
337253,0
337279,0
337348,0
337424,0
337448,0
337457,0
337476,0
337537,0
337928,0
337932,0
337935,0
338012,0
338069,0
338201,0
338296,0
338413,0
338476,0
338687,0
338862,0
338876,0
338981,0
339041,0
339479,0
339533,0
339656,0
339665,0
339967,0
340035,0
340169,0
340392,0
340436,0
340453,0
340593,0
340807,0
340922,0
340931,0
341069,0
341110,0
341216,0
341278,0
341303,0
341398,0
341418,0
341429,0
341513,0
341722,0
341736,0
341754,0
341763,0
341843,0
341923,0
342200,0
342202,0
342247,0
342282,0
342290,0
342445,0
342469,0
342500,0
342548,0
342687,0
342905,0
343074,0
343294,0
343318,0
343381,0
343527,0
343577,0
343735,0
343764,0
343927,0
343940,0
344042,0
344045,0
344064,0
344119,0
344292,0
344385,0
344394,0
344449,0
344508,0
344645,0
344659,0
344662,0
344669,0
344762,0
344768,0
344853,0
344904,0
345105,0
345136,0
345144,0
345170,0
345196,0
345234,0
345241,0
345273,0
345461,0
345495,0
345664,0
345891,0
345932,0
345934,0
345955,0
346247,0
346286,0
346316,0
346355,0
346382,0
346389,0
346504,0
346548,0
346575,0
346582,0
346643,0
346655,0
346729,0
346741,0
346750,0
346794,0
346809,0
346812,0
346840,0
346860,0
346953,0
346982,0
347118,0
347159,0
347224,0
347389,0
347460,0
347520,0
347526,0
347598,0
347802,0
347860,0
347967,0
348113,0
348259,0
348272,0
348274,0
348624,0
348787,0
348791,0
349082,0
349170,0
349205,0
349255,0
349257,0
349352,0
349360,0
349413,0
349414,0
349549,0
349551,0
349613,0
349918,0
350018,0
350044,0
350060,0
350221,0
350488,0
350751,0
350800,0
350934,0
350978,0
351210,0
351245,0
351344,0
351411,0
351549,0
351588,0
351798,0
351892,0
351930,0
352155,0
352169,0
352486,0
352558,0
352618,0
352653,0
352662,0
352686,0
352773,0
352875,0
353020,0
353093,0
353099,0
353117,0
353142,0
353203,0
353325,0
353368,0
353401,0
353479,0
353506,0
353574,0
353591,0
353613,0
353651,0
353721,0
353724,0
353752,0
353856,0
353864,0
354051,0
354066,0
354066,0
354129,0
354178,0
354187,0
354188,0
354229,0
354453,0
354457,0
354649,0
354656,0
354674,0
354802,0
354911,0
354999,0
355146,0
355147,0
355225,0
355601,0
355648,0
355876,0
355939,0
355946,0
356134,0
356206,0
356256,0
356369,0
356413,0
356457,0
356591,0
356784,0
356823,0
356853,0
356898,0
357166,0
357191,0
357276,0
357400,0
357485,0
357611,0
357634,0
357788,0
357931,0
358023,0
358220,0
358235,0
358284,0
358536,0
358594,0
358643,0
358663,0
358716,0
358731,0
358874,0
359088,0
359121,0
359572,0
359619,0
359666,0
359756,0
359904,0
359918,0
359950,0
360111,0
360191,0
360344,0
360397,0
360412,0
360449,0
360471,0
360541,0
360554,0
360722,0
360731,0
360830,0
360843,0
360914,0
360979,0
361026,0
361171,0
361287,0
361311,0
361481,0
361515,0
361718,0
361730,0
361792,0
361792,0
361878,0
362004,0
362015,0
362017,0
362051,0
362128,0
362140,0
362164,0
362240,0
362242,0
362321,0
362339,0
362412,0
362441,0
362540,0
362581,0
362711,0
362866,0
363209,0
363214,0
363321,0
363443,0
363444,0
363499,0
363547,0
363587,0
363604,0
363657,0
363842,0
363913,0
364011,0
364245,0
364293,0
364445,0
364720,0
364776,0
364778,0
364820,0
364970,0
365059,0
365096,0
365122,0
365133,0
365205,0
365536,0
365605,0
365640,0
365676,0
365737,0
365871,0
366016,0
366065,0
366099,0
366323,0
366347,0
366549,0
366667,0
366776,0
366835,0
366863,0
366971,0
366995,0
367068,0
367116,0
367180,0
367237,0
367277,0
367368,0
367579,0
367610,0
367707,0
367783,0
367796,0
367858,0
367979,0
368024,0
368110,0
368306,0
368359,0
368385,0
368480,0
368667,0
368711,0
368717,0
368729,0
368751,0
368768,0
368776,0
368826,0
369159,0
369253,0
369719,0
369740,0
369741,0
369870,0
369969,0
370039,0
370110,0
370190,0
370228,0
370273,0
370311,0
370477,0
370539,0
370617,0
370656,0
370708,0
370757,0
370774,0
370788,0
370861,0
370935,0
370945,0
370959,0
370961,0
371009,0
371086,0
371228,0
371260,0
371357,0
371397,0
371489,0
371520,0
371531,0
371613,0
371698,0
371706,0
371734,0
371736,0
371802,0
371893,0
371938,0
371974,0
372053,0
372107,0
372108,0
372315,0
372339,0
372363,0
372385,0
372531,0
372563,0
372592,0
372646,0
372687,0
372731,0
372810,0
372935,0
372971,0
373041,0
373082,0
373136,0
373156,0
373177,0
373220,0
373385,0
373437,0
373530,0
373542,0
373574,0
373678,0
373794,0
373817,0
373853,0
373884,0
373925,0
373964,0
374071,0
374131,0
374255,0
374423,0
374448,0
374511,0
374527,0
374531,0
374540,0
374545,0
374833,0
374909,0
375059,0
375417,0
375511,0
375668,0
375833,0
375919,0
375959,0
376064,0
376331,0
376475,0
376488,0
376550,0
376568,0
376736,0
376955,0
377027,0
377172,0
377187,0
377196,0
377206,0
377281,0
377336,0
377362,0
377487,0
377605,0
377796,0
378043,0
378135,0
378211,0
378280,0
378353,0
378396,0
378401,0
378451,0
378478,0
378665,0
378666,0
378703,0
378972,0
379089,0
379422,0
379437,0
379457,0
379479,0
379563,0
379749,0
379814,0
379814,0
379883,0
380008,0
380240,0
380285,0
380375,0
380387,0
380519,0
380561,0
380720,0
380828,0
380847,0
380927,0
381049,0
381090,0
381118,0
381243,0
381384,0
381391,0
381488,0
381528,0
381529,0
381550,0
381563,0
381779,0
381825,0
382049,0
382239,0
382261,0
382307,0
382333,0
382474,0
382529,0
382574,0
382583,0
382685,0
382812,0
382831,0
382854,0
382909,0
382917,0
382997,0
383001,0
383067,0
383081,0
383180,0
383251,0
383296,0
383389,0
383525,0
383563,0
383573,0
383741,0
383769,0
383770,0
383894,0
384287,0
384446,0
384487,0
384559,0
384696,0
384737,0
384788,0
384870,0
385019,0
385191,0
385227,0
385287,0
385432,0
385752,0
385903,0
386000,0
386044,0
386050,0
386156,0
386358,0
386408,0
386444,0
386558,0
386746,0
386921,0
386996,0
387006,0
387115,0
387117,0
387168,0
387482,0
387690,0
387729,0
387731,0
387875,0
388034,0
388173,0
388248,0
388414,0
388443,0
388480,0
388530,0
388586,0
388633,0
388655,0
388731,0
388787,0
388844,0
388879,0
388933,0
388957,0
389094,0
389127,0
389177,0
389308,0
389441,0
389550,0
389576,0
389837,0
389870,0
389999,0
390050,0
390160,0
390308,0
390414,0
390420,0
390890,0
391149,0
391263,0
391269,0
391344,0
391568,0
391585,0
391594,0
391645,0
391652,0
391735,0
391917,0
391921,0
392021,0
392062,0
392105,0
392115,0
392160,0
392185,0
392317,0
392319,0
392321,0
392348,0
392378,0
392395,0
392499,0
392547,0
392608,0
392676,0
392838,0
393032,0
393064,0
393171,0
393277,0
393289,0
393316,0
393365,0
393382,0
393537,0
393594,0
393608,0
393621,0
393661,0
393662,0
393758,0
393779,0
393934,0
393936,0
393968,0
394099,0
394188,0
394262,0
394302,0
394478,0
394484,0
394607,0
394619,0
394814,0
394884,0
394889,0
394945,0
395011,0
395040,0
395102,0
395167,0
395191,0
395233,0
395256,0
395483,0
395489,0
395522,0
395531,0
395587,0
395699,0
395712,0
395797,0
395867,0
395946,0
396024,0
396083,0
396156,0
396263,0
396503,0
396744,0
397010,0
397125,0
397167,0
397230,0
397256,0
397295,0
397394,0
397452,0
397527,0
397608,0
397623,0
397664,0
397713,0
397811,0
397875,0
397965,0
398082,0
398211,0
398234,0
398409,0
398668,0
398980,0
399059,0
399150,0
399236,0
399255,0
399312,0
399432,0
399442,0
399652,0
399931,0
400097,0
400153,0
400385,0
400465,0
400511,0
400573,0
400577,0
400644,0
400681,0
400731,0
400743,0
400760,0
401127,0
401216,0
401410,0
401614,0
401704,0
401720,0
402001,0
402166,0
402205,0
402291,0
402293,0
402315,0
402336,0
402371,0
402443,0
402496,0
402610,0
402690,0
402710,0
402714,0
402735,0
403034,0
403153,0
403268,0
403278,0
403354,0
403365,0
403571,0
403620,0
403641,0
403828,0
403990,0
404142,0
404274,0
404528,0
404583,0
404851,0
405219,0
405252,0
405412,0
405618,0
405685,0
405792,0
405861,0
405876,0
405934,0
406214,0
406258,0
406309,0
406630,0
406639,0
406722,0
406763,0
406831,0
406933,0
407275,0
407276,0
407281,0
407558,0
407574,0
407632,0
407711,0
407765,0
407852,0
407876,0
407925,0
407939,0
407944,0
408141,0
408227,0
408300,0
408321,0
408419,0
408529,0
408557,0
408566,0
408573,0
408663,0
408745,0
408815,0
408840,0
408958,0
409133,0
409187,0
409208,0
409272,0
409324,0
409465,0
409479,0
409518,0
409564,0
409636,0
409754,0
409863,0
409864,0
409900,0
410049,0
410080,0
410148,0
410166,0
410217,0
410339,0
410348,0
410627,0
410642,0
410708,0
410807,0
410826,0
410916,0
410927,0
410959,0
410982,0
410985,0
411185,0
411416,0
411711,0
411726,0
411739,0
411771,0
412006,0
412363,0
412382,0
412803,0
412909,0
412952,0
413015,0
413130,0
413131,0
413271,0
413317,0
413723,0
413777,0
413803,0
413913,0
413930,0
413937,0
414126,0
414203,0
414238,0
414242,0
414335,0
414429,0
414461,0
414482,0
414531,0
414665,0
414687,0
414884,0
414906,0
415163,0
415187,0
415242,0
415557,0
415595,0
415635,0
415679,0
415741,0
415743,0
415787,0
415790,0
415893,0
415972,0
415976,0
416069,0
416218,0
416247,0
416313,0
416384,0
416407,0
416509,0
416512,0
416551,0
416583,0
416588,0
416653,0
416701,0
417080,0
417080,0
417223,0
417333,0
417416,0
417432,0
417578,0
417749,0
417829,0
417885,0
417899,0
417966,0
417995,0
418238,0
418328,0
418372,0
418377,0
418382,0
418429,0
418493,0
418514,0
418542,0
418599,0
418742,0
418764,0
418777,0
418792,0
418898,0
418999,0
419040,0
419074,0
419115,0
419224,0
419277,0
419426,0
419438,0
419509,0
419586,0
419850,0
420195,0
420286,0
420334,0
420534,0
420556,0
420560,0
420613,0
