54,0
81,0
107,0
212,0
221,0
309,0
491,0
542,0
632,0
642,0
770,0
846,0
848,0
852,0
1162,0
1181,0
1348,0
1358,0
1372,0
1427,0
1441,0
1509,0
1541,0
1627,0
1808,0
1895,0
1896,0
1987,0
2028,0
2084,0
2120,0
2287,0
2367,0
2450,0
2466,0
2474,0
2488,0
2531,0
2672,0
2749,0
2776,0
2825,0
2833,0
3177,0
3211,0
3326,0
3499,0
3542,0
3602,0
3648,0
3749,0
3850,0
4024,0
4105,0
4234,0
4251,0
4424,0
4454,0
4458,0
4463,0
4518,0
4550,0
4560,0
4600,0
4788,0
5058,0
5173,0
5287,0
5380,0
5433,0
5440,0
5495,0
5613,0
5626,0
5706,0
5767,0
5891,0
5892,0
5913,0
6089,0
6648,0
6767,0
6774,0
7054,0
7362,0
7685,0
7842,0
7879,0
7918,0
7952,0
7987,0
8160,0
8311,0
8334,0
8482,0
8736,0
8771,0
8966,0
8979,0
8989,0
9138,0
9381,0
9406,0
9430,0
9431,0
9947,0
10061,0
10079,0
10118,0
10160,0
10316,0
10405,0
10424,0
10425,0
10428,0
10455,0
10718,0
10881,0
10920,0
10965,0
10985,0
10993,0
11009,0
11159,0
11187,0
11273,0
11343,0
11428,0
11454,0
11622,0
11637,0
11785,0
11796,0
11890,0
12080,0
12328,0
12395,0
12399,0
12439,0
12468,0
12518,0
12561,0
12694,0
12762,0
12766,0
12851,0
12885,0
12922,0
12997,0
13088,0
13186,0
13257,0
13318,0
13348,0
13431,0
13449,0
13454,0
13483,0
13833,0
14004,0
14038,0
14295,0
14461,0
14588,0
14599,0
14694,0
14747,0
15000,0
15222,0
15378,0
15423,0
15512,0
15522,0
15744,0
15799,0
15919,0
15927,0
16225,0
16321,0
16342,0
16440,0
16600,0
16640,0
16750,0
16783,0
16822,0
16846,0
16912,0
17253,0
17256,0
17258,0
17416,0
17486,0
17724,0
17734,0
17743,0
17869,0
17941,0
18113,0
18185,0
18273,0
18473,0
18714,0
18757,0
18841,0
18885,0
18909,0
19010,0
19019,0
19264,0
19528,0
19742,0
19745,0
19819,0
19825,0
19827,0
19849,0
19884,0
20133,0
20173,0
20225,0
20436,0
20458,0
20525,0
20591,0
20642,0
20659,0
20685,0
20729,0
20793,0
20795,0
20915,0
20958,0
21101,0
21132,0
21183,0
21397,0
21464,0
21818,0
21860,0
21919,0
22001,0
22064,0
22107,0
22154,0
22428,0
22470,0
22498,0
22513,0
22556,0
22662,0
22666,0
22856,0
22862,0
22988,0
23047,0
23072,0
23312,0
23333,0
23431,0
23433,0
23460,0
23480,0
23492,0
23520,0
23645,0
23690,0
23744,0
23888,0
23999,0
24043,0
24329,0
24354,0
24380,0
24451,0
24588,0
24590,0
24695,0
24976,0
24977,0
25194,0
25225,0
25281,0
25301,0
25375,0
25426,0
25538,0
25559,0
25613,0
25640,0
25650,0
25825,0
25839,0
25877,0
25976,0
26346,0
26409,0
26423,0
26425,0
26436,0
26481,0
26594,0
26654,0
26932,0
26934,0
26988,0
26992,0
26995,0
27003,0
27202,0
27249,0
27378,0
27510,0
27555,0
27585,0
27700,0
27706,0
27774,0
27913,0
27994,0
28033,0
28076,0
28272,0
28273,0
28315,0
28355,0
28404,0
28430,0
28492,0
28504,0
28555,0
28702,0
28836,0
28958,0
28982,0
29140,0
29145,0
29257,0
29294,0
29361,0
29419,0
29747,0
29885,0
29999,0
30414,0
30448,0
30449,0
30583,0
30638,0
30713,0
30770,0
30869,0
31052,0
31123,0
31193,0
31382,0
31395,0
31598,0
31604,0
31611,0
31669,0
31864,0
31915,0
32004,0
32021,0
32081,0
32103,0
32192,0
32232,0
32339,0
32351,0
32423,0
32454,0
32471,0
32613,0
32827,0
32954,0
33014,0
33189,0
33210,0
33294,0
33357,0
33478,0
33479,0
33560,0
33573,0
33624,0
33768,0
33782,0
33908,0
33936,0
34181,0
34207,0
34220,0
34298,0
34417,0
34505,0
34677,0
34824,0
34971,0
35012,0
35141,0
35252,0
35289,0
35567,0
35580,0
35658,0
35672,0
35803,0
35913,0
35970,0
36119,0
36120,0
36319,0
36437,0
36506,0
36510,0
36510,0
36524,0
36577,0
36616,0
36631,0
36642,0
36725,0
36725,0
36751,0
36927,0
37111,0
37139,0
37157,0
37199,0
37215,0
37464,0
37523,0
37660,0
37774,0
38071,0
38141,0
38307,0
38352,0
38357,0
38557,0
38633,0
38714,0
38768,0
38795,0
38897,0
39059,0
39076,0
39080,0
39129,0
39169,0
39180,0
39551,0
39644,0
39694,0
39722,0
39792,0
39823,0
39845,0
39924,0
39940,0
40030,0
40293,0
40384,0
40438,0
40874,0
40909,0
40929,0
41160,0
41196,0
41204,0
41245,0
41264,0
41302,0
41337,0
41362,0
41419,0
41458,0
41668,0
41812,0
41972,0
42030,0
42089,0
42297,0
42388,0
42609,0
42661,0
42752,0
42783,0
43227,0
43260,0
43312,0
43332,0
43380,0
43539,0
43554,0
43585,0
43782,0
43789,0
43893,0
43909,0
43952,0
44060,0
44076,0
44148,0
44158,0
44525,0
44599,0
44678,0
44879,0
44936,0
44978,0
45220,0
45317,0
45408,0
45424,0
45565,0
45942,0
46054,0
46099,0
46172,0
46182,0
46293,0
46295,0
46366,0
46512,0
46530,0
46769,0
46787,0
47017,0
47041,0
47075,0
47165,0
47166,0
47310,0
47404,0
47408,0
47437,0
47454,0
47517,0
47549,0
47552,0
47677,0
47725,0
47958,0
47977,0
48093,0
48416,0
48505,0
48506,0
48593,0
48893,0
48939,0
48963,0
49138,0
49199,0
49292,0
49463,0
49471,0
49562,0
50007,0
50017,0
50254,0
50381,0
50418,0
50481,0
50544,0
50741,0
50761,0
50925,0
51007,0
51050,0
51259,0
51332,0
51478,0
51601,0
51689,0
51723,0
51762,0
51876,0
51906,0
51937,0
52055,0
52238,0
52343,0
52372,0
52429,0
52515,0
52696,0
52706,0
52792,0
52901,0
53148,0
53162,0
53180,0
53214,0
53215,0
53227,0
53438,0
53606,0
53923,0
53945,0
53960,0
53992,0
54009,0
54033,0
54061,0
54071,0
54123,0
54135,0
54191,0
54320,0
54521,0
54538,0
54543,0
54544,0
54631,0
54634,0
55123,0
55179,0
55373,0
55375,0
55405,0
55408,0
55499,0
55608,0
55685,0
55802,0
55878,0
55937,0
56055,0
56143,0
56181,0
56302,0
56320,0
56347,0
56370,0
56538,0
56563,0
56721,0
56863,0
56897,0
56995,0
57025,0
57064,0
57210,0
57311,0
57386,0
57479,0
57634,0
57664,0
57798,0
57815,0
57827,0
57959,0
58231,0
58273,0
58401,0
58423,0
58435,0
58768,0
58904,0
58961,0
59237,0
59245,0
59326,0
59460,0
59509,0
59625,0
59658,0
59886,0
59894,0
59942,0
59953,0
60130,0
60204,0
60305,0
60459,0
60797,0
60968,0
61020,0
61092,0
61281,0
61626,0
61651,0
61759,0
61879,0
62004,0
62178,0
62244,0
62334,0
62353,0
62542,0
62554,0
62613,0
62698,0
62724,0
62746,0
62892,0
62977,0
63045,0
63207,0
63318,0
63322,0
63435,0
63509,0
63524,0
63675,0
63732,0
63785,0
63880,0
63898,0
63903,0
63999,0
64008,0
64019,0
64021,0
64122,0
64164,0
64322,0
64331,0
64407,0
64645,0
64739,0
64822,0
64891,0
64948,0
65220,0
65320,0
65458,0
65470,0
65705,0
65951,0
66020,0
66091,0
66093,0
66134,0
66439,0
66476,0
66518,0
66598,0
66634,0
66683,0
66845,0
66866,0
66913,0
67070,0
67113,0
67257,0
67309,0
67325,0
67339,0
67369,0
67484,0
67700,0
67805,0
67986,0
68005,0
68042,0
68477,0
68642,0
68756,0
68836,0
69019,0
69140,0
69145,0
69146,0
69159,0
69239,0
69275,0
69450,0
69505,0
69539,0
69547,0
69552,0
69601,0
69636,0
69789,0
69858,0
69889,0
69929,0
69973,0
69988,0
70017,0
70127,0
70226,0
70227,0
70270,0
70387,0
70509,0
70516,0
70598,0
70714,0
70762,0
70857,0
70911,0
71012,0
71035,0
71471,0
71569,0
71697,0
71722,0
72074,0
72110,0
72123,0
72138,0
72643,0
72651,0
72687,0
72715,0
72733,0
72786,0
72860,0
73334,0
73334,0
73335,0
73335,0
73371,0
73511,0
73514,0
73719,0
73822,0
73944,0
74002,0
74016,0
74085,0
74103,0
74364,0
74372,0
74608,0
74610,0
74957,0
74972,0
74981,0
74983,0
74998,0
75110,0
75250,0
75373,0
75419,0
75460,0
75575,0
75673,0
75694,0
75762,0
76003,0
76192,0
76286,0
76374,0
76568,0
76607,0
76651,0
76695,0
76724,0
76836,0
77036,0
77166,0
77235,0
77277,0
77452,0
77464,0
77514,0
77561,0
77585,0
77586,0
77747,0
77823,0
77875,0
77901,0
77912,0
77926,0
77976,0
78129,0
78173,0
78184,0
78208,0
78216,0
78263,0
78391,0
78975,0
79234,0
79554,0
79670,0
79681,0
79729,0
79822,0
79892,0
79912,0
79959,0
80105,0
80110,0
80179,0
80256,0
80301,0
80308,0
80312,0
80478,0
80821,0
80967,0
81117,0
81388,0
81419,0
81492,0
81586,0
81664,0
81725,0
81735,0
81807,0
81842,0
81850,0
81916,0
81932,0
82104,0
82427,0
82487,0
82604,0
82606,0
82887,0
83009,0
83010,0
83167,0
83185,0
83368,0
83684,0
83781,0
83831,0
83835,0
83892,0
83955,0
83985,0
84000,0
84123,0
84617,0
84648,0
84713,0
84767,0
84782,0
84786,0
84893,0
84950,0
85002,0
85009,0
85098,0
85155,0
85294,0
85354,0
85495,0
85562,0
85726,0
85801,0
86031,0
86062,0
86081,0
86160,0
86265,0
86335,0
86378,0
86408,0
86545,0
86603,0
86735,0
86846,0
86897,0
86997,0
87082,0
87101,0
87106,0
87272,0
87389,0
87585,0
87593,0
87676,0
87684,0
87740,0
87880,0
88081,0
88104,0
88244,0
88457,0
88473,0
88520,0
88557,0
88697,0
88790,0
88793,0
88914,0
88969,0
89005,0
89022,0
89127,0
89220,0
89252,0
89522,0
89537,0
89664,0
89861,0
89901,0
89956,0
90119,0
90188,0
90298,0
90321,0
90346,0
90444,0
90453,0
90566,0
90784,0
90946,0
91109,0
91213,0
91281,0
91309,0
91421,0
91536,0
91682,0
91712,0
91733,0
91761,0
91861,0
91869,0
91898,0
92056,0
92331,0
92477,0
92745,0
92768,0
92904,0
93056,0
93131,0
93200,0
93261,0
93338,0
93463,0
93479,0
93527,0
93674,0
93700,0
93732,0
93754,0
93775,0
93878,0
93881,0
93898,0
93912,0
93929,0
93930,0
94180,0
94360,0
94408,0
94412,0
94675,0
94756,0
94757,0
94782,0
94903,0
94918,0
94933,0
95109,0
95156,0
95191,0
95231,0
95334,0
95373,0
95475,0
95604,0
95607,0
95713,0
95884,0
95988,0
96009,0
96088,0
96125,0
96152,0
96212,0
96257,0
96400,0
96478,0
96510,0
96519,0
96535,0
96680,0
96829,0
96898,0
96935,0
97000,0
97320,0
97369,0
97382,0
97429,0
97462,0
97468,0
97560,0
97611,0
97915,0
98033,0
98273,0
98319,0
98368,0
98394,0
98407,0
98505,0
98680,0
98921,0
99171,0
99311,0
99388,0
99496,0
99500,0
99532,0
99685,0
99695,0
99716,0
100057,0
100122,0
100136,0
100148,0
100287,0
100633,0
100664,0
100832,0
100956,0
101008,0
101017,0
101020,0
101061,0
101072,0
101078,0
101170,0
101170,0
101399,0
101521,0
101532,0
101792,0
101820,0
101858,0
102028,0
102104,0
102149,0
102482,0
102527,0
102802,0
102848,0
103018,0
103169,0
103187,0
103327,0
103348,0
103387,0
103399,0
103416,0
103498,0
103500,0
103639,0
103644,0
103711,0
103716,0
103843,0
104106,0
104106,0
104213,0
104442,0
104565,0
104661,0
105123,0
105149,0
105217,0
105259,0
105302,0
105342,0
105447,0
105629,0
105661,0
105662,0
105665,0
105670,0
105675,0
105715,0
105755,0
105922,0
105986,0
106082,0
106083,0
106224,0
106340,0
106406,0
106408,0
106485,0
106531,0
106715,0
106748,0
106770,0
106822,0
106930,0
106956,0
106987,0
107054,0
107492,0
107521,0
107592,0
107607,0
107768,0
107896,0
108310,0
108337,0
108458,0
108490,0
108519,0
108772,0
108794,0
108908,0
108921,0
109018,0
109062,0
109273,0
109289,0
109293,0
109354,0
109393,0
109425,0
109435,0
109684,0
109731,0
109739,0
109775,0
109788,0
109793,0
109820,0
109828,0
109943,0
110036,0
110083,0
110230,0
110389,0
110556,0
110693,0
110752,0
110783,0
110787,0
111295,0
111397,0
111462,0
111481,0
111560,0
111573,0
111634,0
111699,0
111784,0
111830,0
111836,0
111912,0
111924,0
111995,0
112133,0
112177,0
112270,0
112407,0
112430,0
112731,0
112976,0
113017,0
113066,0
113172,0
113188,0
113285,0
113286,0
113444,0
113608,0
113649,0
113656,0
113680,0
113874,0
114108,0
114233,0
114279,0
114292,0
114308,0
114326,0
114497,0
115112,0
115204,0
115256,0
115337,0
115342,0
115451,0
115535,0
115560,0
115848,0
115877,0
115882,0
116040,0
116147,0
116151,0
116242,0
116265,0
116278,0
116279,0
116382,0
116515,0
116597,0
116772,0
116775,0
116858,0
116873,0
116916,0
116969,0
117044,0
117089,0
117125,0
117137,0
117194,0
117199,0
117213,0
117217,0
117254,0
117328,0
117369,0
117451,0
117459,0
117505,0
117546,0
117614,0
117636,0
117694,0
117839,0
118236,0
118384,0
118397,0
118505,0
118528,0
118571,0
118652,0
118681,0
118721,0
119057,0
119060,0
119135,0
119162,0
119185,0
119289,0
119363,0
119553,0
119602,0
119636,0
119660,0
119704,0
119758,0
120081,0
120093,0
120103,0
120166,0
120233,0
120339,0
120374,0
120616,0
120776,0
120824,0
121127,0
121241,0
121465,0
121471,0
121486,0
121625,0
121653,0
121691,0
121880,0
121893,0
121928,0
121934,0
122127,0
122221,0
122388,0
122412,0
122445,0
122555,0
122686,0
122757,0
122766,0
122815,0
122924,0
123002,0
123159,0
123450,0
123484,0
123498,0
123529,0
123652,0
123763,0
123964,0
124038,0
124210,0
124233,0
124239,0
124264,0
124267,0
124454,0
124457,0
124520,0
124531,0
124608,0
124691,0
124697,0
124794,0
124914,0
124995,0
125131,0
125145,0
125243,0
125302,0
125367,0
125450,0
125655,0
125682,0
125694,0
125895,0
125904,0
125930,0
125996,0
126155,0
126267,0
126391,0
126440,0
126469,0
126492,0
126547,0
126648,0
126716,0
126787,0
126807,0
126927,0
126929,0
127125,0
127140,0
127184,0
127185,0
127259,0
127370,0
127434,0
127660,0
127804,0
127904,0
128002,0
128085,0
128371,0
128477,0
128488,0
128589,0
128639,0
129023,0
129036,0
129088,0
129196,0
129225,0
129462,0
129467,0
129545,0
129548,0
129654,0
129702,0
129956,0
130018,0
130310,0
130364,0
130573,0
130764,0
130774,0
131021,0
131092,0
131134,0
131209,0
131285,0
131348,0
131480,0
131635,0
131661,0
131682,0
131902,0
132044,0
132134,0
132207,0
132304,0
132313,0
132330,0
132386,0
132431,0
132459,0
132481,0
132686,0
132788,0
132844,0
132851,0
132851,0
132909,0
132969,0
132980,0
133018,0
133089,0
133220,0
133574,0
133596,0
133663,0
133703,0
133707,0
133807,0
133916,0
134046,0
134047,0
134195,0
134243,0
134400,0
134603,0
134644,0
134686,0
134748,0
134819,0
134868,0
134902,0
135007,0
135140,0
135321,0
135324,0
135385,0
135389,0
135439,0
135472,0
135539,0
135638,0
135724,0
135784,0
136017,0
136136,0
136289,0
136570,0
136571,0
136576,0
136695,0
136739,0
136787,0
136816,0
136818,0
136916,0
136996,0
137097,0
137121,0
137176,0
137466,0
137496,0
137558,0
137597,0
137696,0
137785,0
137798,0
138081,0
138127,0
138197,0
138224,0
138346,0
138374,0
138457,0
138588,0
138750,0
138812,0
138981,0
139055,0
139290,0
139292,0
139392,0
139409,0
139473,0
139492,0
139549,0
139614,0
139725,0
139727,0
139729,0
139773,0
139950,0
140017,0
140504,0
141019,0
141120,0
141280,0
141283,0
141362,0
141515,0
141565,0
141725,0
141766,0
141874,0
141880,0
141886,0
141965,0
142007,0
142213,0
142286,0
142313,0
142395,0
142443,0
142668,0
142793,0
142928,0
143028,0
143123,0
143216,0
143289,0
143350,0
143422,0
143554,0
143647,0
143695,0
143712,0
143966,0
144017,0
144021,0
144079,0
144143,0
144320,0
144434,0
144522,0
144597,0
144635,0
144826,0
144849,0
144915,0
144950,0
145093,0
145097,0
145248,0
145444,0
145742,0
145747,0
145882,0
146048,0
146388,0
146450,0
146493,0
146504,0
146532,0
146577,0
146595,0
146604,0
146605,0
146723,0
146733,0
146781,0
146803,0
146914,0
146994,0
147160,0
147186,0
147192,0
147228,0
147344,0
147348,0
147459,0
147666,0
147688,0
147741,0
147783,0
147798,0
147933,0
147994,0
148033,0
148131,0
148206,0
148317,0
148403,0
148460,0
148584,0
149410,0
149442,0
149544,0
149546,0
149774,0
149952,0
149956,0
149964,0
149971,0
150157,0
150437,0
150479,0
150483,0
150560,0
150678,0
150830,0
150876,0
150882,0
151077,0
151156,0
151355,0
151360,0
151744,0
151748,0
151775,0
151782,0
151837,0
151881,0
151922,0
151997,0
152025,0
152262,0
152361,0
152440,0
152544,0
152556,0
152636,0
152788,0
152871,0
153014,0
153070,0
153104,0
153125,0
153188,0
153217,0
153260,0
153368,0
153382,0
153462,0
153610,0
153676,0
153682,0
153744,0
153974,0
154048,0
154102,0
154107,0
154155,0
154176,0
154216,0
154234,0
154294,0
154376,0
154480,0
154493,0
154580,0
154688,0
154849,0
154928,0
154948,0
154961,0
155073,0
155089,0
155167,0
155207,0
155215,0
155335,0
155456,0
155596,0
155608,0
155610,0
155662,0
155931,0
156119,0
156601,0
156625,0
156697,0
156908,0
156949,0
156991,0
157003,0
157100,0
157161,0
157330,0
157365,0
157430,0
157668,0
157674,0
157816,0
157866,0
157974,0
158037,0
158040,0
158065,0
158395,0
158608,0
158625,0
158731,0
158734,0
158977,0
159012,0
159062,0
159087,0
159179,0
159310,0
159389,0
159552,0
159633,0
159719,0
159768,0
159784,0
159858,0
159900,0
160063,0
160089,0
160104,0
160133,0
160175,0
160228,0
160256,0
160282,0
160282,0
160283,0
160393,0
160505,0
160707,0
160712,0
160743,0
160758,0
160768,0
160819,0
160970,0
160977,0
161101,0
161321,0
161404,0
161488,0
161566,0
161582,0
161614,0
161673,0
161747,0
161787,0
161870,0
161990,0
161998,0
162021,0
162109,0
162150,0
162206,0
162396,0
162463,0
162572,0
162587,0
162641,0
162914,0
162940,0
162978,0
162996,0
163105,0
163162,0
163164,0
163195,0
163198,0
163345,0
163648,0
163690,0
163745,0
163814,0
163997,0
164002,0
164037,0
164040,0
164233,0
164242,0
164370,0
164498,0
164607,0
164639,0
164969,0
165248,0
165319,0
165390,0
165435,0
165502,0
165644,0
165678,0
165789,0
165908,0
166035,0
166087,0
166118,0
166180,0
166188,0
166739,0
166774,0
167249,0
167467,0
167505,0
167560,0
167574,0
167632,0
167646,0
167801,0
167819,0
167952,0
168078,0
168211,0
168355,0
168380,0
168438,0
168465,0
168617,0
168855,0
168897,0
168952,0
168961,0
169119,0
169221,0
169251,0
169290,0
169303,0
169377,0
169388,0
169436,0
169498,0
169515,0
169557,0
169596,0
169854,0
169987,0
170062,0
170069,0
170079,0
170155,0
170283,0
170379,0
170458,0
170552,0
170660,0
170669,0
170873,0
170926,0
170943,0
170968,0
171025,0
171058,0
171070,0
171089,0
171250,0
171514,0
171682,0
171841,0
171992,0
172199,0
172327,0
172362,0
172533,0
172672,0
172680,0
172739,0
172747,0
172769,0
172877,0
172910,0
172921,0
172928,0
173005,0
173019,0
173123,0
173517,0
173535,0
173536,0
173658,0
173771,0
173773,0
173791,0
173915,0
173979,0
174021,0
174048,0
174064,0
174105,0
174159,0
174208,0
174310,0
174547,0
174578,0
174663,0
174910,0
174971,0
174999,0
174999,0
175074,0
175140,0
175154,0
175407,0
175506,0
175530,0
175602,0
175722,0
175755,0
175793,0
175969,0
175988,0
176095,0
176118,0
176243,0
176371,0
176461,0
176785,0
176816,0
176839,0
176867,0
176904,0
176916,0
177023,0
177049,0
177082,0
177239,0
177610,0
177688,0
177813,0
177848,0
177856,0
177934,0
177975,0
178020,0
178076,0
178108,0
178172,0
178352,0
178533,0
178647,0
178667,0
178748,0
178867,0
179035,0
179038,0
179044,0
179171,0
179259,0
179386,0
179550,0
179605,0
179680,0
179761,0
179789,0
179998,0
180019,0
180072,0
180303,0
180408,0
180430,0
180562,0
180645,0
180653,0
180683,0
180687,0
180769,0
180796,0
180805,0
180845,0
180900,0
180954,0
181000,0
181084,0
181146,0
181221,0
181449,0
181482,0
181687,0
181692,0
181733,0
181900,0
181914,0
181918,0
181970,0
181981,0
181986,0
181998,0
182044,0
182052,0
182054,0
182415,0
182423,0
182447,0
182494,0
182548,0
182611,0
182729,0
183048,0
183217,0
183222,0
183294,0
183307,0
183500,0
183538,0
183589,0
183681,0
183700,0
183711,0
183791,0
183807,0
183817,0
183903,0
183970,0
184036,0
184052,0
184132,0
184145,0
184174,0
184192,0
184309,0
184350,0
184432,0
184572,0
184748,0
184764,0
184821,0
184839,0
184986,0
185019,0
185023,0
185128,0
185171,0
185376,0
185388,0
185425,0
185487,0
185534,0
185613,0
185725,0
185810,0
185889,0
186136,0
186167,0
186199,0
186205,0
186373,0
186457,0
186466,0
186697,0
186753,0
186947,0
187000,0
187000,0
187189,0
187259,0
187336,0
187441,0
187507,0
187512,0
187584,0
187589,0
187699,0
187922,0
187929,0
187938,0
188121,0
188312,0
188313,0
188417,0
188596,0
188695,0
188812,0
189084,0
189099,0
189114,0
189119,0
189151,0
189210,0
189237,0
189505,0
189620,0
189643,0
189804,0
189817,0
189868,0
189947,0
189979,0
190056,0
190229,0
190277,0
190284,0
190479,0
190634,0
190653,0
190667,0
190748,0
190882,0
190987,0
191090,0
191119,0
191122,0
191242,0
191258,0
191390,0
191461,0
191501,0
191529,0
191574,0
191622,0
191844,0
191867,0
191910,0
191917,0
191923,0
191925,0
191956,0
191969,0
191995,0
192052,0
192065,0
192074,0
192080,0
192086,0
192149,0
192200,0
192291,0
192354,0
192512,0
192623,0
192806,0
192918,0
193108,0
193124,0
193183,0
193246,0
193330,0
193401,0
193572,0
193601,0
193663,0
193721,0
193773,0
194152,0
194259,0
194301,0
194320,0
194340,0
194509,0
194566,0
194740,0
194758,0
194771,0
194774,0
194799,0
194856,0
194882,0
194950,0
194999,0
195068,0
195118,0
195220,0
195225,0
195228,0
195235,0
195340,0
195630,0
195695,0
195775,0
195878,0
195935,0
195967,0
195979,0
196386,0
196460,0
196488,0
196511,0
196515,0
196541,0
196559,0
196638,0
196702,0
196817,0
196962,0
197020,0
197052,0
197138,0
197158,0
197198,0
197229,0
197530,0
197578,0
197656,0
197721,0
197897,0
198058,0
198078,0
198118,0
198168,0
198390,0
198588,0
198765,0
198848,0
198862,0
199004,0
199086,0
199092,0
199128,0
199139,0
199177,0
199240,0
199416,0
199658,0
199747,0
199911,0
199918,0
199959,0
200009,0
200019,0
200024,0
200070,0
200109,0
200208,0
200380,0
200426,0
200587,0
200690,0
200696,0
200725,0
200797,0
200973,0
200989,0
201101,0
201255,0
201362,0
201411,0
201411,0
201483,0
201512,0
201546,0
201726,0
201851,0
201867,0
201950,0
201955,0
202043,0
202118,0
202151,0
202271,0
202313,0
202624,0
202656,0
202682,0
202811,0
202877,0
202884,0
202937,0
202958,0
202972,0
203104,0
203137,0
203281,0
203401,0
203446,0
203500,0
203581,0
203609,0
203625,0
203658,0
203705,0
203760,0
203769,0
203905,0
203910,0
203928,0
203999,0
204059,0
204090,0
204154,0
204157,0
204211,0
204334,0
204379,0
204400,0
204467,0
204674,0
204712,0
204826,0
204943,0
205054,0
205092,0
205107,0
205127,0
205162,0
205178,0
205199,0
205204,0
205209,0
205229,0
205284,0
205598,0
205735,0
205855,0
205909,0
206167,0
206348,0
206350,0
206381,0
206489,0
206529,0
206602,0
206605,0
206764,0
206801,0
206867,0
207197,0
207311,0
207387,0
207388,0
207425,0
207626,0
207992,0
208078,0
208091,0
208206,0
208325,0
208327,0
208343,0
208371,0
208541,0
208756,0
208933,0
209075,0
209083,0
209146,0
209201,0
209227,0
209342,0
209594,0
209600,0
209610,0
209824,0
209898,0
209922,0
209954,0
210007,0
210207,0
210211,0
210247,0
210350,0
210566,0
210714,0
210730,0
210788,0
211023,0
211069,0
211104,0
211246,0
211577,0
211713,0
211718,0
211850,0
211859,0
211868,0
211934,0
212012,0
212067,0
212181,0
212347,0
212519,0
212600,0
212672,0
212788,0
213232,0
213362,0
213497,0
213573,0
213608,0
213635,0
213640,0
213648,0
213651,0
213691,0
213702,0
213774,0
213777,0
213817,0
213916,0
213959,0
214249,0
214332,0
214353,0
214357,0
214450,0
214474,0
214499,0
214518,0
214564,0
214834,0
214882,0
214893,0
215015,0
215020,0
215155,0
215335,0
215420,0
215455,0
215820,0
215825,0
216157,0
216274,0
216283,0
216343,0
216375,0
216389,0
216552,0
216640,0
216652,0
216681,0
216781,0
216911,0
217338,0
217374,0
217530,0
217540,0
217623,0
217841,0
217853,0
217977,0
218077,0
218142,0
218186,0
218401,0
218676,0
218781,0
218966,0
219006,0
219062,0
219129,0
219209,0
219292,0
219610,0
219813,0
219821,0
219881,0
219913,0
219920,0
220048,0
220173,0
220328,0
220610,0
221240,0
221427,0
221487,0
221588,0
221615,0
221705,0
221747,0
222181,0
222533,0
222665,0
222675,0
222816,0
222954,0
223097,0
223193,0
223341,0
223364,0
223371,0
223512,0
223518,0
223759,0
223789,0
223921,0
223965,0
224177,0
224191,0
224211,0
224316,0
224360,0
224466,0
224572,0
224709,0
224735,0
224749,0
224979,0
225029,0
225154,0
225163,0
225377,0
225405,0
225481,0
225523,0
225637,0
225705,0
225878,0
225928,0
225989,0
226090,0
226114,0
226154,0
226236,0
226282,0
226360,0
226472,0
226527,0
226699,0
226953,0
227049,0
227253,0
227435,0
227659,0
227691,0
227738,0
227757,0
227766,0
227926,0
227979,0
227999,0
228030,0
228037,0
228124,0
228128,0
228223,0
228307,0
228715,0
228808,0
228862,0
229067,0
229270,0
229287,0
229304,0
229343,0
229353,0
229386,0
229432,0
229551,0
229574,0
229621,0
229632,0
229633,0
229669,0
229819,0
229888,0
230009,0
230160,0
230202,0
230208,0
230411,0
230873,0
230956,0
230969,0
231091,0
231267,0
231283,0
231368,0
231599,0
231611,0
231755,0
231782,0
231924,0
232228,0
232323,0
232364,0
232443,0
232475,0
232489,0
232537,0
232578,0
232630,0
232743,0
232899,0
233031,0
233158,0
233172,0
233214,0
233294,0
233317,0
233332,0
233446,0
233511,0
233744,0
233752,0
233753,0
233779,0
233849,0
234076,0
234242,0
234313,0
234320,0
234356,0
234481,0
234503,0
234506,0
234733,0
234799,0
234945,0
234946,0
234999,0
235109,0
235141,0
235147,0
235297,0
235320,0
235376,0
235396,0
235422,0
235432,0
235498,0
235576,0
235628,0
235676,0
235723,0
235765,0
235821,0
235970,0
236073,0
236118,0
236204,0
236294,0
236356,0
236368,0
236389,0
236417,0
236517,0
236590,0
236766,0
236926,0
237061,0
237276,0
237398,0
237490,0
237496,0
237503,0
237633,0
237678,0
237735,0
237835,0
238175,0
238236,0
238246,0
238291,0
238407,0
238443,0
238555,0
238636,0
238819,0
239018,0
239075,0
239210,0
239235,0
239314,0
239376,0
239385,0
239455,0
239688,0
239760,0
239786,0
239891,0
239897,0
239916,0
239926,0
239946,0
240120,0
240147,0
240284,0
240315,0
240421,0
240485,0
240488,0
240610,0
240634,0
240713,0
240738,0
240857,0
240912,0
241159,0
241304,0
241316,0
241662,0
241787,0
241833,0
242135,0
242368,0
242415,0
242575,0
242680,0
243076,0
243093,0
243143,0
243203,0
243224,0
243234,0
243334,0
243377,0
243661,0
243682,0
244122,0
244158,0
244177,0
244208,0
244266,0
244398,0
244400,0
244486,0
244545,0
244560,0
244654,0
244918,0
244966,0
245022,0
245043,0
245576,0
245778,0
245880,0
245887,0
246020,0
246158,0
246404,0
246500,0
246582,0
246880,0
247279,0
247297,0
247310,0
247442,0
247512,0
247827,0
247950,0
248063,0
248071,0
248207,0
248215,0
248408,0
248561,0
248963,0
249011,0
249342,0
249460,0
249535,0
249629,0
249854,0
249868,0
249914,0
250011,0
250217,0
250275,0
250323,0
250337,0
250473,0
250540,0
250550,0
250593,0
250620,0
250706,0
250861,0
250887,0
250914,0
251102,0
251335,0
251423,0
251628,0
251630,0
251706,0
251736,0
251798,0
252209,0
252392,0
252459,0
252632,0
252641,0
252689,0
252834,0
252863,0
253045,0
253128,0
253356,0
253368,0
253465,0
254079,0
254108,0
254237,0
254304,0
254335,0
254391,0
254419,0
254536,0
254808,0
254906,0
255090,0
255131,0
255427,0
255536,0
255545,0
255723,0
255821,0
255957,0
256054,0
256084,0
256370,0
256544,0
256565,0
256767,0
256988,0
257023,0
257029,0
257107,0
257236,0
257436,0
257600,0
257708,0
257796,0
257958,0
258053,0
258055,0
258185,0
258212,0
258221,0
258339,0
258344,0
258395,0
258403,0
258566,0
258635,0
258677,0
258874,0
258906,0
258907,0
258918,0
258940,0
258958,0
259036,0
259189,0
259359,0
259467,0
259542,0
259550,0
259598,0
259789,0
259970,0
260004,0
260059,0
260246,0
260259,0
260407,0
260418,0
260431,0
260433,0
260456,0
260485,0
260630,0
260696,0
260775,0
260889,0
260898,0
261141,0
261196,0
261232,0
261358,0
261405,0
261506,0
261528,0
261586,0
261603,0
261609,0
261687,0
261688,0
261705,0
262121,0
262210,0
262227,0
262346,0
262423,0
262483,0
262651,0
262679,0
262769,0
262810,0
262969,0
263014,0
263092,0
263108,0
263115,0
263201,0
263335,0
263448,0
263661,0
263666,0
263716,0
263909,0
264049,0
264221,0
264222,0
264288,0
264301,0
264354,0
264372,0
264512,0
264539,0
264585,0
264628,0
264644,0
264773,0
264907,0
264936,0
265008,0
265045,0
265234,0
265560,0
265870,0
265908,0
265945,0
265996,0
266155,0
266259,0
266665,0
266705,0
266728,0
266793,0
266844,0
266938,0
267018,0
267022,0
267107,0
267162,0
267230,0
267238,0
267266,0
267340,0
267355,0
267415,0
267448,0
267504,0
267557,0
267582,0
267615,0
267618,0
267621,0
267648,0
267654,0
267830,0
267853,0
267913,0
268006,0
268105,0
268256,0
268375,0
268405,0
268418,0
268443,0
268566,0
268671,0
268848,0
268891,0
268899,0
269054,0
269081,0
269111,0
269507,0
269632,0
269729,0
269732,0
269770,0
269906,0
269940,0
270294,0
270525,0
270587,0
270651,0
270860,0
270984,0
271034,0
271049,0
271117,0
271179,0
271490,0
271793,0
271802,0
271805,0
271864,0
271946,0
271985,0
272005,0
272086,0
272100,0
272105,0
272176,0
272180,0
272255,0
272353,0
272367,0
272450,0
272511,0
272567,0
272726,0
272753,0
272869,0
272922,0
272988,0
273039,0
273055,0
273152,0
273159,0
273185,0
273437,0
273532,0
273664,0
273673,0
273675,0
273720,0
273743,0
274033,0
274188,0
274197,0
274317,0
274439,0
274463,0
274594,0
274628,0
274787,0
274853,0
274958,0
275011,0
275017,0
275158,0
275193,0
275215,0
275277,0
275343,0
275627,0
275643,0
275708,0
275796,0
275802,0
275907,0
276083,0
276215,0
276348,0
276501,0
276566,0
276597,0
276602,0
276738,0
276915,0
276917,0
276928,0
276981,0
276986,0
277044,0
277192,0
277310,0
277357,0
277374,0
277426,0
277528,0
277539,0
277666,0
277676,0
277779,0
277911,0
278048,0
278245,0
278278,0
278301,0
278347,0
278435,0
278454,0
278518,0
278539,0
278580,0
278661,0
278768,0
278780,0
278853,0
278977,0
279048,0
279155,0
279224,0
279276,0
279305,0
279484,0
279547,0
279596,0
279802,0
279823,0
279877,0
279941,0
279942,0
280047,0
280143,0
280244,0
280408,0
280408,0
280500,0
280759,0
280835,0
280867,0
280895,0
280941,0
281119,0
281150,0
281154,0
281258,0
281452,0
281606,0
281615,0
281846,0
281886,0
282258,0
282440,0
282460,0
282514,0
282652,0
282945,0
282983,0
283145,0
283429,0
283480,0
283500,0
283521,0
283756,0
283861,0
283938,0
284050,0
284099,0
284231,0
284409,0
284423,0
284434,0
284495,0
284597,0
284723,0
284781,0
284860,0
284882,0
285027,0
285028,0
285075,0
285128,0
285179,0
285181,0
285308,0
285375,0
285383,0
285453,0
285543,0
285689,0
285885,0
285995,0
286010,0
286175,0
286204,0
286262,0
286594,0
286617,0
286732,0
286813,0
286921,0
286981,0
287004,0
287014,0
287099,0
287272,0
287395,0
287460,0
287477,0
287625,0
287720,0
287836,0
288103,0
288162,0
288233,0
288340,0
288380,0
288479,0
288717,0
288778,0
288782,0
288903,0
289085,0
289231,0
289331,0
289345,0
289486,0
289521,0
289529,0
289547,0
289579,0
289593,0
289605,0
289632,0
289683,0
289687,0
289748,0
289834,0
289898,0
289909,0
290010,0
290113,0
290267,0
290333,0
290386,0
290664,0
290732,0
290751,0
290757,0
290791,0
290839,0
290929,0
290954,0
291032,0
291093,0
291373,0
291480,0
291551,0
291639,0
291674,0
291965,0
292006,0
292214,0
292285,0
292759,0
292767,0
292790,0
292931,0
292977,0
292982,0
293077,0
293083,0
293105,0
293107,0
293298,0
293332,0
293351,0
293390,0
293523,0
293595,0
293711,0
293754,0
293963,0
294005,0
294124,0
294199,0
294284,0
294323,0
294502,0
294504,0
294561,0
294568,0
294574,0
294616,0
294970,0
295011,0
295054,0
295078,0
295164,0
295217,0
295339,0
295551,0
295585,0
295590,0
295745,0
295844,0
295937,0
295984,0
295987,0
296092,0
296204,0
296234,0
296611,0
296783,0
296865,0
296865,0
296931,0
296935,0
296964,0
296980,0
297270,0
297320,0
297364,0
297490,0
297498,0
297553,0
297691,0
297746,0
297786,0
297943,0
298215,0
298220,0
298271,0
298274,0
298360,0
298367,0
298401,0
298417,0
298435,0
298474,0
298710,0
298736,0
298831,0
298897,0
298917,0
298927,0
298947,0
299034,0
299196,0
299271,0
299288,0
299439,0
299486,0
299861,0
300022,0
300117,0
300164,0
300222,0
300267,0
300350,0
300430,0
300497,0
300551,0
300584,0
300805,0
300878,0
300898,0
300919,0
300930,0
300947,0
301031,0
301495,0
301585,0
301672,0
301816,0
301865,0
301872,0
302075,0
302088,0
302225,0
302550,0
302598,0
302600,0
302624,0
303034,0
303063,0
303150,0
303212,0
303231,0
303276,0
303336,0
303419,0
303457,0
303486,0
303512,0
303547,0
303565,0
303578,0
303678,0
303905,0
303941,0
303961,0
303968,0
304059,0
304072,0
304088,0
304090,0
304162,0
304451,0
304485,0
304690,0
304881,0
304905,0
304977,0
304992,0
305003,0
305035,0
305078,0
305079,0
305087,0
305140,0
305320,0
305330,0
305462,0
305476,0
305565,0
305798,0
305912,0
305958,0
306130,0
306212,0
306402,0
306435,0
306441,0
306443,0
306445,0
306506,0
306618,0
306681,0
306744,0
306750,0
306793,0
306801,0
306813,0
306878,0
306976,0
306982,0
306991,0
307074,0
307279,0
307318,0
307642,0
307652,0
307792,0
307894,0
307941,0
307993,0
308127,0
308155,0
308295,0
308433,0
308454,0
308458,0
308528,0
308609,0
308647,0
308729,0
308741,0
308780,0
308967,0
309036,0
309220,0
309311,0
309349,0
309496,0
309539,0
309834,0
309856,0
309859,0
310055,0
310086,0
310388,0
310508,0
310552,0
310583,0
310613,0
310703,0
310850,0
310873,0
311135,0
311151,0
311196,0
311579,0
311615,0
311742,0
311836,0
311839,0
311924,0
311997,0
312042,0
312083,0
312088,0
312161,0
312180,0
312198,0
312233,0
312244,0
312276,0
312280,0
312303,0
312335,0
312382,0
312386,0
312641,0
312807,0
312875,0
312886,0
312921,0
313091,0
313144,0
313422,0
313468,0
313530,0
313786,0
313830,0
314116,0
314217,0
314294,0
314326,0
314362,0
314389,0
314409,0
314435,0
314485,0
314624,0
314634,0
314635,0
314665,0
314761,0
314772,0
314877,0
314964,0
315024,0
315028,0
315053,0
315075,0
315123,0
315242,0
315304,0
315376,0
315485,0
315674,0
315762,0
316473,0
316495,0
316811,0
316942,0
317026,0
317137,0
317193,0
317231,0
317382,0
317407,0
317417,0
317492,0
317508,0
317528,0
317543,0
317657,0
317800,0
317805,0
317807,0
317884,0
318001,0
318006,0
318089,0
318143,0
318527,0
318629,0
318642,0
318721,0
318765,0
318942,0
319010,0
319356,0
319410,0
319411,0
319525,0
319971,0
320027,0
320099,0
320159,0
320274,0
320328,0
320349,0
320379,0
320429,0
320675,0
320994,0
321293,0
321305,0
321390,0
321469,0
321516,0
321530,0
321692,0
321733,0
321808,0
321979,0
322013,0
322138,0
322348,0
322406,0
322418,0
322456,0
322625,0
322993,0
323067,0
323120,0
323169,0
323546,0
323564,0
323580,0
323604,0
323702,0
323744,0
323844,0
323917,0
324295,0
324457,0
324542,0
324569,0
324595,0
324659,0
324700,0
324736,0
324741,0
325030,0
325611,0
325642,0
325755,0
325932,0
325974,0
326085,0
326121,0
326171,0
326277,0
326290,0
326308,0
326312,0
326321,0
326405,0
326480,0
326520,0
326577,0
326595,0
326632,0
326785,0
326864,0
327404,0
327485,0
327489,0
327540,0
327576,0
327814,0
328129,0
328279,0
328442,0
328515,0
328537,0
328592,0
328653,0
328661,0
328733,0
328918,0
328958,0
328982,0
329039,0
329295,0
329369,0
329441,0
329599,0
329601,0
329706,0
329707,0
329781,0
329836,0
329851,0
329854,0
329907,0
330046,0
330076,0
330077,0
330097,0
330262,0
330391,0
330425,0
330486,0
330525,0
330646,0
330697,0
331062,0
331090,0
331309,0
331318,0
331345,0
331444,0
331500,0
331502,0
331529,0
331645,0
331807,0
332323,0
332333,0
332342,0
332347,0
332458,0
332562,0
332714,0
332795,0
332839,0
332857,0
332963,0
333060,0
333510,0
333520,0
333534,0
333828,0
333902,0
333936,0
334646,0
334812,0
335002,0
335106,0
335120,0
335339,0
335363,0
335370,0
335397,0
335442,0
335448,0
335526,0
335869,0
335918,0
336116,0
336147,0
336397,0
336412,0
336443,0
336573,0
336763,0
336811,0
336946,0
337089,0
337187,0
337299,0
337321,0
337447,0
337449,0
337610,0
337790,0
337807,0
337935,0
338121,0
338154,0
338198,0
338481,0
338573,0
338674,0
338711,0
338810,0
338839,0
338860,0
338907,0
338946,0
339020,0
339142,0
339172,0
339390,0
339436,0
339475,0
339587,0
339631,0
339664,0
339993,0
340014,0
340078,0
340200,0
340245,0
340307,0
340429,0
340474,0
340497,0
340548,0
340576,0
340580,0
340718,0
340736,0
340804,0
340810,0
340856,0
340862,0
340871,0
341017,0
341412,0
341750,0
341856,0
341901,0
342009,0
342222,0
342257,0
342294,0
342353,0
342430,0
342441,0
342506,0
342696,0
342963,0
343199,0
343250,0
343259,0
343359,0
343461,0
343473,0
343691,0
344092,0
344130,0
344212,0
344368,0
344382,0
344424,0
344484,0
344493,0
344632,0
344780,0
344948,0
345124,0
345163,0
345206,0
345642,0
345713,0
345753,0
345994,0
346014,0
346046,0
346104,0
346151,0
346217,0
346298,0
346362,0
346523,0
346578,0
346859,0
346868,0
346918,0
347018,0
347198,0
347317,0
347425,0
347449,0
347458,0
347626,0
347691,0
347724,0
347749,0
347796,0
347821,0
347863,0
347931,0
347942,0
348042,0
348082,0
348196,0
348228,0
348233,0
348270,0
348331,0
348353,0
348377,0
348437,0
348478,0
348585,0
348763,0
348814,0
349007,0
349020,0
349163,0
349462,0
349475,0
349574,0
349578,0
349580,0
349633,0
349635,0
349671,0
349708,0
349709,0
349806,0
349943,0
350072,0
350092,0
350212,0
350300,0
350314,0
350357,0
350433,0
350449,0
350610,0
350629,0
350658,0
350868,0
350993,0
351133,0
351273,0
351288,0
351699,0
351729,0
351781,0
351836,0
352082,0
352213,0
352294,0
352325,0
352338,0
352404,0
352463,0
352586,0
352608,0
352646,0
352830,0
352879,0
352931,0
353082,0
353097,0
353133,0
353215,0
353284,0
353441,0
353489,0
353744,0
354291,0
354321,0
354372,0
354875,0
354971,0
355092,0
355157,0
355195,0
355210,0
355245,0
355250,0
355416,0
355433,0
355472,0
355483,0
355750,0
355785,0
355959,0
356120,0
356176,0
356341,0
356504,0
356608,0
356641,0
356667,0
356797,0
356943,0
357141,0
357280,0
357361,0
357461,0
357509,0
357545,0
357597,0
357674,0
357741,0
357748,0
357824,0
357934,0
357948,0
358001,0
358042,0
358150,0
358196,0
358339,0
358412,0
358467,0
358716,0
358740,0
358818,0
358948,0
358976,0
358996,0
359100,0
359151,0
359174,0
359182,0
359223,0
359403,0
359441,0
359457,0
359579,0
359627,0
359741,0
359833,0
359871,0
359973,0
360262,0
360440,0
360857,0
360937,0
361128,0
361233,0
361460,0
361508,0
361596,0
361765,0
361790,0
361941,0
361989,0
362047,0
362160,0
362223,0
362294,0
362468,0
362476,0
362504,0
362511,0
362553,0
362650,0
362695,0
363013,0
363051,0
363263,0
363286,0
363368,0
363502,0
363615,0
363869,0
364182,0
364197,0
364223,0
364237,0
364243,0
364362,0
364478,0
364481,0
364510,0
364535,0
364547,0
364591,0
364654,0
364729,0
364771,0
364813,0
364832,0
365100,0
365138,0
365232,0
365265,0
365267,0
365328,0
365378,0
365446,0
365520,0
365570,0
365646,0
365651,0
365751,0
365769,0
365798,0
366116,0
366120,0
366202,0
366213,0
366556,0
366714,0
366764,0
366808,0
366820,0
366973,0
367047,0
367194,0
367200,0
367290,0
367372,0
367712,0
367746,0
367759,0
367804,0
367947,0
368008,0
368068,0
368094,0
368177,0
368197,0
368213,0
368266,0
368548,0
368549,0
368707,0
368758,0
368886,0
368926,0
368938,0
368959,0
369149,0
369188,0
369331,0
369363,0
369384,0
369388,0
369450,0
369515,0
369535,0
369562,0
369785,0
369958,0
370202,0
370233,0
370438,0
370480,0
370526,0
370581,0
370717,0
370776,0
370825,0
370877,0
371029,0
371069,0
371251,0
371284,0
371435,0
371539,0
371634,0
371716,0
371935,0
371992,0
372116,0
372389,0
372496,0
372534,0
372628,0
372752,0
372794,0
372866,0
372957,0
372980,0
373129,0
373152,0
373173,0
373214,0
373220,0
373230,0
373250,0
373394,0
373398,0
373460,0
373490,0
373501,0
373536,0
373609,0
373874,0
373883,0
373939,0
374101,0
374151,0
374175,0
374364,0
374492,0
374514,0
374519,0
374547,0
374564,0
374574,0
374634,0
374659,0
374694,0
374766,0
374945,0
375011,0
375051,0
375098,0
375335,0
375411,0
375455,0
375506,0
375844,0
375956,0
376056,0
376160,0
376324,0
376389,0
376433,0
376516,0
376734,0
376776,0
376845,0
377066,0
377178,0
377308,0
377519,0
377634,0
377648,0
377687,0
377907,0
378008,0
378177,0
378188,0
378205,0
378210,0
378353,0
378470,0
378507,0
378626,0
378663,0
378697,0
378849,0
378871,0
378903,0
378911,0
378911,0
378920,0
379111,0
379271,0
379277,0
379482,0
379533,0
379643,0
379705,0
379887,0
379997,0
380012,0
380053,0
380090,0
380140,0
380221,0
380308,0
380432,0
380457,0
380662,0
380666,0
380765,0
380928,0
380946,0
381005,0
381143,0
381190,0
381218,0
381441,0
381461,0
381622,0
381658,0
381660,0
381717,0
381810,0
381931,0
382156,0
382306,0
382332,0
382458,0
382586,0
382719,0
382972,0
382987,0
382990,0
383065,0
383227,0
383372,0
383413,0
383571,0
383875,0
383934,0
384020,0
384049,0
384090,0
384194,0
384243,0
384331,0
384423,0
384439,0
384493,0
384497,0
384498,0
384517,0
384569,0
384695,0
384859,0
384913,0
384986,0
385063,0
385099,0
385111,0
385293,0
385316,0
385350,0
385397,0
385493,0
385586,0
385608,0
385699,0
385752,0
385874,0
385967,0
385978,0
385979,0
385989,0
386048,0
386415,0
386479,0
386782,0
386981,0
387127,0
387261,0
387312,0
387372,0
387417,0
387484,0
387840,0
387976,0
388009,0
388080,0
388195,0
388206,0
388219,0
388291,0
388349,0
388508,0
388569,0
388643,0
388675,0
388782,0
388989,0
389116,0
389181,0
389188,0
389222,0
389323,0
389371,0
389434,0
389502,0
389524,0
389635,0
389659,0
389927,0
390086,0
390098,0
390243,0
390402,0
390525,0
390900,0
390950,0
390995,0
391019,0
391036,0
391047,0
391051,0
391126,0
391196,0
391234,0
391470,0
391633,0
391688,0
391850,0
392105,0
392146,0
392314,0
392403,0
392422,0
392575,0
392648,0
392675,0
392778,0
392820,0
393065,0
393104,0
393129,0
393132,0
393168,0
393269,0
393374,0
393375,0
393400,0
393543,0
394115,0
394260,0
394289,0
394474,0
394496,0
394521,0
394632,0
394703,0
394923,0
394929,0
395015,0
395402,0
395461,0
395677,0
395708,0
396209,0
396245,0
396252,0
396256,0
396416,0
396560,0
396596,0
396620,0
396657,0
396664,0
396868,0
396875,0
396924,0
396996,0
397037,0
397039,0
397090,0
397101,0
397109,0
397142,0
397190,0
397664,0
397892,0
397918,0
397956,0
397965,0
398072,0
398074,0
398209,0
398223,0
398322,0
398460,0
398495,0
398590,0
398639,0
398672,0
398746,0
398847,0
398859,0
398904,0
398945,0
398965,0
399084,0
399154,0
399167,0
399270,0
399275,0
399392,0
399419,0
399648,0
399678,0
399679,0
399721,0
399770,0
399788,0
400030,0
400154,0
400358,0
400479,0
400523,0
400613,0
400679,0
400854,0
400864,0
400920,0
401044,0
401144,0
401355,0
401374,0
401819,0
401899,0
401978,0
401996,0
402239,0
402435,0
402452,0
402604,0
402809,0
402840,0
402979,0
402989,0
402999,0
403006,0
403058,0
403126,0
403142,0
403181,0
403197,0
403279,0
403315,0
403360,0
403424,0
403455,0
403516,0
403517,0
403762,0
403946,0
403963,0
404154,0
404159,0
404434,0
404462,0
404468,0
404527,0
404646,0
404917,0
405075,0
405180,0
405201,0
405236,0
405412,0
405476,0
405586,0
405705,0
406184,0
406222,0
406278,0
406304,0
406391,0
406462,0
406631,0
406776,0
406929,0
406959,0
407140,0
407153,0
407405,0
407432,0
407770,0
407771,0
407820,0
408064,0
408191,0
408222,0
408290,0
408298,0
408551,0
408656,0
408697,0
408731,0
408765,0
408930,0
408951,0
409244,0
409275,0
409280,0
409388,0
409402,0
409446,0
409556,0
409584,0
409653,0
409748,0
409765,0
409790,0
409957,0
410030,0
410057,0
410158,0
410311,0
410555,0
410741,0
410756,0
410796,0
411023,0
411032,0
411119,0
411248,0
411356,0
411434,0
411647,0
411673,0
411683,0
411779,0
411807,0
411836,0
411901,0
411909,0
412007,0
412206,0
412209,0
412218,0
412229,0
412277,0
412351,0
412471,0
412572,0
412713,0
412748,0
412852,0
412893,0
412933,0
413021,0
413063,0
413071,0
413095,0
413100,0
413157,0
413221,0
413232,0
413258,0
413327,0
413416,0
413659,0
413659,0
413673,0
413748,0
413784,0
413814,0
413834,0
413876,0
413881,0
413964,0
413988,0
413990,0
414376,0
414408,0
414430,0
414444,0
414504,0
414634,0
414749,0
414754,0
414763,0
414785,0
414835,0
414979,0
414988,0
415269,0
415374,0
415390,0
415465,0
415502,0
415580,0
415727,0
415769,0
415890,0
416083,0
416241,0
416318,0
416382,0
416421,0
416453,0
416564,0
416714,0
416800,0
416850,0
416863,0
416945,0
416951,0
416982,0
417040,0
417230,0
417330,0
417342,0
417516,0
417733,0
418017,0
418088,0
418228,0
418444,0
418684,0
418711,0
418723,0
418740,0
418747,0
418996,0
419117,0
419145,0
419432,0
419557,0
419609,0
419814,0
419861,0
419873,0
420161,0
420204,0
420229,0
420342,0
420502,0
420651,0
420672,0
420943,0
420949,0
421231,0
421547,0
421655,0
421731,0
421739,0
421799,0
421804,0
422027,0
422067,0
422105,0
422305,0
422371,0
422447,0
422550,0
422555,0
422574,0
422584,0
422722,0
422828,0
422861,0
423131,0
423460,0
423513,0
423675,0
423824,0
423840,0
423929,0
423973,0
423974,0
424176,0
424523,0
424560,0
424601,0
424837,0
425044,0
425193,0
425372,0
425805,0
425917,0
425938,0
425977,0
426249,0
426402,0
426460,0
426467,0
426590,0
426728,0
426807,0
426915,0
426988,0
427050,0
427200,0
427305,0
427354,0
427447,0
427453,0
427582,0
427620,0
427644,0
427682,0
427684,0
427714,0
427754,0
427836,0
427899,0
427913,0
427913,0
427947,0
427992,0
428025,0
428089,0
428104,0
428105,0
428308,0
428453,0
429052,0
429138,0
429389,0
429432,0
429636,0
429667,0
429721,0
429731,0
429733,0
429857,0
430157,0
430161,0
430200,0
430261,0
430269,0
430335,0
430457,0
430463,0
430491,0
430563,0
430565,0
430595,0
430642,0
430785,0
430821,0
430829,0
431106,0
431383,0
431507,0
431647,0
431704,0
431763,0
431774,0
431882,0
431996,0
432125,0
432130,0
432248,0
432321,0
432322,0
432423,0
432593,0
432604,0
432694,0
432709,0
432774,0
432831,0
432897,0
433153,0
433242,0
433382,0
433486,0
433533,0
433542,0
433665,0
433679,0
433872,0
434015,0
434108,0
434190,0
434264,0
434584,0
434603,0
434623,0
434729,0
434882,0
435044,0
435058,0
435082,0
435459,0
435532,0
435692,0
435714,0
435918,0
435968,0
436050,0
436087,0
436201,0
436205,0
436234,0
436324,0
436439,0
436461,0
436533,0
436540,0
436555,0
436656,0
436697,0
436844,0
436880,0
437062,0
437378,0
437421,0
437464,0
437530,0
437556,0
437589,0
437726,0
437757,0
437772,0
437772,0
437805,0
437849,0
437961,0
438409,0
438535,0
438562,0
438643,0
438696,0
438725,0
438780,0
438857,0
438865,0
438916,0
439195,0
439201,0
439229,0
439291,0
439331,0
439394,0
439550,0
439563,0
439581,0
439626,0
439772,0
439819,0
440153,0
440521,0
440549,0
440635,0
440743,0
440750,0
440832,0
440839,0
440881,0
440892,0
440904,0
441026,0
441091,0
441127,0
441273,0
441282,0
441534,0
441612,0
441790,0
441823,0
441835,0
441859,0
441948,0
441971,0
441983,0
442025,0
442098,0
442253,0
442342,0
442357,0
442630,0
442741,0
442783,0
442799,0
442816,0
442929,0
443232,0
443278,0
443348,0
443351,0
443407,0
443434,0
443502,0
443518,0
443565,0
443711,0
443831,0
443930,0
443953,0
444093,0
444107,0
444168,0
444425,0
444535,0
444579,0
444638,0
444657,0
444660,0
444684,0
444745,0
444750,0
445260,0
445351,0
445418,0
445494,0
445651,0
445654,0
445695,0
445698,0
445710,0
445805,0
445953,0
446011,0
446053,0
446108,0
446300,0
446340,0
446423,0
446475,0
447026,0
447030,0
447072,0
447143,0
447162,0
447250,0
447266,0
447350,0
