21,0
41,0
136,0
166,0
423,0
499,0
540,0
556,0
622,0
635,0
685,0
929,0
1022,0
1103,0
1188,0
1192,0
1344,0
1493,0
1572,0
1601,0
1708,0
1715,0
1903,0
1967,0
2157,0
2176,0
2277,0
2335,0
2656,0
2680,0
2788,0
2827,0
2946,0
2955,0
3222,0
3491,0
3624,0
3820,0
3916,0
3937,0
4051,0
4253,0
4290,0
4332,0
4353,0
4359,0
4425,0
4650,0
4735,0
4831,0
5206,0
5216,0
5360,0
5361,0
5363,0
5587,0
5632,0
5633,0
5818,0
5831,0
5874,0
5948,0
6121,0
6192,0
6208,0
6271,0
6344,0
6457,0
6476,0
6583,0
6590,0
6614,0
6807,0
6904,0
6938,0
7085,0
7127,0
7145,0
7213,0
7432,0
7535,0
7639,0
7745,0
7766,0
7962,0
7969,0
8186,0
8373,0
8505,0
8813,0
8858,0
8936,0
9258,0
9295,0
9357,0
9361,0
9502,0
9682,0
9806,0
9869,0
9934,0
10045,0
10086,0
10091,0
10186,0
10224,0
10309,0
10386,0
10387,0
10398,0
10726,0
10776,0
10992,0
11045,0
11054,0
11127,0
11184,0
11220,0
11349,0
11552,0
11557,0
11616,0
11625,0
11805,0
11914,0
12025,0
12084,0
12142,0
12314,0
12373,0
12848,0
13000,0
13157,0
13183,0
13326,0
13456,0
13735,0
13770,0
13847,0
13905,0
14186,0
14283,0
14284,0
14338,0
14382,0
14408,0
14496,0
14733,0
14828,0
14985,0
15173,0
15220,0
15259,0
15268,0
15636,0
15709,0
15844,0
15869,0
16039,0
16128,0
16365,0
16400,0
16469,0
16608,0
16721,0
16766,0
16964,0
17012,0
17126,0
17348,0
17350,0
17540,0
17584,0
17727,0
17782,0
17806,0
17844,0
17861,0
18215,0
18433,0
18569,0
18582,0
18715,0
18909,0
18946,0
18952,0
19194,0
19226,0
19240,0
19268,0
19399,0
19464,0
19564,0
19700,0
19946,0
20038,0
20066,0
20194,0
20201,0
20369,0
20404,0
20483,0
20559,0
20586,0
20640,0
20666,0
20764,0
20871,0
21008,0
21116,0
21305,0
21338,0
21397,0
21588,0
21654,0
21814,0
21895,0
21987,0
22013,0
22124,0
22129,0
22190,0
22207,0
22384,0
22408,0
22470,0
22546,0
22562,0
22581,0
22618,0
22867,0
22901,0
22987,0
23024,0
23071,0
23130,0
23167,0
23211,0
23335,0
23351,0
23499,0
23628,0
23680,0
23763,0
23802,0
23820,0
23831,0
23907,0
23920,0
23974,0
23974,0
24102,0
24203,0
24293,0
24428,0
24553,0
24718,0
24730,0
24798,0
24993,0
25045,0
25556,0
25575,0
25594,0
25600,0
25688,0
25707,0
25723,0
25992,0
25993,0
26083,0
26102,0
26189,0
26312,0
26420,0
26463,0
26491,0
26574,0
26587,0
26689,0
26742,0
26907,0
26907,0
26977,0
27039,0
27070,0
27113,0
27114,0
27285,0
27301,0
27315,0
27577,0
27606,0
27626,0
27768,0
27828,0
27909,0
27940,0
28138,0
28366,0
28383,0
28412,0
28570,0
28574,0
28656,0
28697,0
28756,0
29187,0
29203,0
29293,0
29316,0
29438,0
29475,0
29690,0
29711,0
29823,0
29830,0
29956,0
30006,0
30053,0
30212,0
30249,0
30256,0
30302,0
30379,0
30525,0
30663,0
30770,0
30837,0
30848,0
30972,0
31032,0
31103,0
31224,0
31583,0
31622,0
31825,0
31826,0
31868,0
31967,0
32022,0
32025,0
32076,0
32174,0
32197,0
32338,0
32350,0
32376,0
32461,0
32817,0
32885,0
33072,0
33110,0
33111,0
33234,0
33244,0
33268,0
33350,0
33430,0
33549,0
33634,0
33677,0
33721,0
33764,0
33947,0
34030,0
34068,0
34074,0
34083,0
34148,0
34150,0
34278,0
34305,0
34348,0
34468,0
34492,0
34537,0
34621,0
34658,0
34846,0
34971,0
34980,0
34991,0
35021,0
35186,0
35200,0
35450,0
35537,0
35553,0
35558,0
35597,0
35636,0
35652,0
35722,0
35778,0
36063,0
36086,0
36126,0
36242,0
36530,0
36535,0
36772,0
36784,0
36915,0
36924,0
36954,0
36988,0
37035,0
37072,0
37081,0
37176,0
37301,0
37314,0
37518,0
37666,0
37770,0
37909,0
37988,0
38035,0
38170,0
38201,0
38321,0
38332,0
38344,0
38474,0
38479,0
38635,0
38709,0
38894,0
38910,0
38926,0
38974,0
39000,0
39026,0
39198,0
39205,0
39222,0
39490,0
39510,0
39573,0
39700,0
39859,0
39967,0
40032,0
40119,0
40177,0
40226,0
40560,0
40611,0
40701,0
40760,0
40771,0
40796,0
40834,0
40836,0
40882,0
40931,0
40949,0
41040,0
41050,0
41408,0
41614,0
41844,0
41962,0
42048,0
42151,0
42423,0
42568,0
42773,0
42784,0
42818,0
42882,0
42894,0
43117,0
43374,0
43396,0
43432,0
43724,0
43843,0
43909,0
43954,0
44091,0
44160,0
44162,0
44180,0
44272,0
44390,0
44417,0
44444,0
44448,0
44528,0
44588,0
44600,0
44616,0
45003,0
45532,0
45566,0
45757,0
45813,0
45826,0
45960,0
45969,0
46047,0
46117,0
46134,0
46220,0
46328,0
46488,0
46507,0
46607,0
46696,0
46877,0
46951,0
47017,0
47091,0
47129,0
47169,0
47433,0
47538,0
47678,0
47848,0
48085,0
48279,0
48327,0
48342,0
48432,0
48443,0
48582,0
48614,0
48723,0
48824,0
48837,0
48891,0
48906,0
48933,0
49009,0
49077,0
49139,0
49299,0
49402,0
49460,0
49503,0
49565,0
49608,0
49665,0
49817,0
50003,0
50004,0
50069,0
50325,0
50375,0
50578,0
50742,0
50888,0
51001,0
51040,0
51047,0
51062,0
51383,0
51465,0
51484,0
51785,0
52004,0
52014,0
52023,0
52081,0
52111,0
52180,0
52327,0
52506,0
52550,0
52560,0
52686,0
52700,0
52744,0
52794,0
53015,0
53043,0
53116,0
53268,0
53311,0
53413,0
53595,0
53623,0
53660,0
53759,0
53861,0
54177,0
54213,0
54230,0
54301,0
54609,0
54656,0
54672,0
54779,0
54964,0
54977,0
55002,0
55219,0
55242,0
55334,0
55400,0
55728,0
55782,0
55787,0
55888,0
56112,0
56281,0
56325,0
56342,0
56409,0
56482,0
56519,0
56568,0
56653,0
56693,0
56698,0
56734,0
56855,0
57009,0
57447,0
57548,0
57579,0
57588,0
57620,0
57658,0
57899,0
57913,0
57914,0
57946,0
58018,0
58028,0
58144,0
58341,0
58457,0
58663,0
58721,0
58771,0
58839,0
58906,0
59364,0
59412,0
59660,0
59672,0
59935,0
60053,0
60167,0
60261,0
60262,0
60344,0
60379,0
60610,0
60758,0
60779,0
60779,0
60779,0
61014,0
61268,0
61270,0
61363,0
61393,0
61405,0
61600,0
61625,0
61663,0
61707,0
61895,0
61945,0
62159,0
62227,0
62325,0
62399,0
62477,0
62520,0
62628,0
62667,0
62682,0
62688,0
63017,0
63147,0
63183,0
63256,0
63271,0
63281,0
63300,0
63465,0
63729,0
63749,0
63857,0
63985,0
64338,0
64454,0
64483,0
64517,0
64626,0
64650,0
64655,0
64667,0
64727,0
64742,0
64844,0
65369,0
65494,0
65863,0
65866,0
65875,0
65906,0
66287,0
66322,0
66351,0
66498,0
66541,0
66680,0
66744,0
66747,0
66773,0
66861,0
67014,0
67140,0
67463,0
67496,0
67860,0
68116,0
68365,0
68607,0
68620,0
68643,0
68668,0
68768,0
68876,0
68942,0
68987,0
69050,0
69090,0
69174,0
69326,0
69464,0
69613,0
69655,0
69678,0
69721,0
69871,0
69938,0
70063,0
70493,0
70645,0
70752,0
70763,0
70809,0
70951,0
71048,0
71059,0
71119,0
71120,0
71196,0
71399,0
71501,0
71585,0
71701,0
71725,0
71919,0
71929,0
71976,0
71991,0
71994,0
72082,0
72128,0
72558,0
72603,0
72630,0
72718,0
72889,0
72929,0
72951,0
72989,0
73009,0
73098,0
73294,0
73327,0
73380,0
73503,0
73540,0
73545,0
73625,0
73648,0
73945,0
74015,0
74024,0
74095,0
74137,0
74153,0
74222,0
74295,0
74700,0
74858,0
74860,0
75051,0
75154,0
75186,0
75395,0
75445,0
75558,0
75609,0
75738,0
76032,0
76350,0
76354,0
76393,0
76474,0
76536,0
76618,0
76621,0
76630,0
76656,0
76668,0
76763,0
76947,0
77000,0
77181,0
77251,0
77430,0
77478,0
77726,0
77797,0
77877,0
77888,0
78041,0
78061,0
78104,0
78111,0
78113,0
78125,0
78209,0
78213,0
78254,0
78336,0
78403,0
78702,0
79105,0
79151,0
79219,0
79293,0
79304,0
79338,0
79347,0
79376,0
79411,0
79415,0
79475,0
79503,0
79525,0
79981,0
79996,0
80081,0
80124,0
80133,0
80326,0
80378,0
80581,0
80764,0
80799,0
80920,0
80987,0
81004,0
81040,0
81198,0
81276,0
81359,0
81540,0
81682,0
81700,0
81806,0
81809,0
81884,0
81942,0
81956,0
81962,0
81974,0
82162,0
82816,0
83043,0
83079,0
83204,0
83222,0
83404,0
83534,0
83645,0
83895,0
83996,0
84150,0
84164,0
84173,0
84237,0
84255,0
84364,0
84409,0
84463,0
84792,0
85119,0
85136,0
85180,0
85333,0
85334,0
85555,0
85656,0
85724,0
85793,0
85833,0
85896,0
86033,0
86089,0
86129,0
86304,0
86316,0
86373,0
86666,0
86830,0
86867,0
86894,0
86925,0
87029,0
87042,0
87100,0
87187,0
87254,0
87428,0
87441,0
87467,0
87555,0
87712,0
87760,0
87909,0
87956,0
87985,0
88076,0
88151,0
88192,0
88571,0
88600,0
88702,0
88708,0
88763,0
88870,0
89166,0
89202,0
89269,0
89359,0
89500,0
89525,0
89539,0
89594,0
89683,0
89683,0
89794,0
89847,0
89870,0
89959,0
90044,0
90131,0
90132,0
90202,0
90344,0
90419,0
90500,0
90597,0
90603,0
90698,0
90700,0
90773,0
90786,0
90928,0
90939,0
91042,0
91043,0
91077,0
91126,0
91434,0
91638,0
91690,0
91691,0
92240,0
92423,0
92446,0
92519,0
92704,0
92776,0
92874,0
92889,0
93033,0
93123,0
93289,0
93294,0
93375,0
93466,0
93492,0
93518,0
93562,0
93603,0
93717,0
93866,0
93930,0
94092,0
94298,0
94520,0
94559,0
94669,0
94793,0
94895,0
94973,0
95015,0
95016,0
95040,0
95098,0
95114,0
95196,0
95236,0
95327,0
95403,0
95428,0
95442,0
95812,0
95897,0
95903,0
95920,0
96095,0
96280,0
96407,0
96425,0
96481,0
96777,0
96815,0
96840,0
96887,0
96894,0
97075,0
97291,0
97295,0
97462,0
97570,0
97727,0
97815,0
97967,0
97994,0
98143,0
98204,0
98222,0
98311,0
98335,0
98505,0
98619,0
98683,0
98839,0
99002,0
99023,0
99047,0
99056,0
99089,0
99195,0
99277,0
99375,0
99428,0
99455,0
99477,0
99480,0
99497,0
99525,0
99712,0
99721,0
99760,0
99955,0
99960,0
100025,0
100077,0
100086,0
100094,0
100121,0
100379,0
100390,0
100393,0
100464,0
100486,0
100555,0
100743,0
100815,0
100895,0
100999,0
101207,0
101504,0
101558,0
101803,0
101991,0
102005,0
102084,0
102096,0
102206,0
102299,0
102339,0
102448,0
102476,0
102499,0
102959,0
103051,0
103054,0
103121,0
103176,0
103272,0
103333,0
103357,0
103393,0
103506,0
103654,0
103788,0
103862,0
104152,0
104188,0
104270,0
104274,0
104345,0
104360,0
104765,0
104769,0
105006,0
105145,0
105273,0
105366,0
105431,0
105485,0
105581,0
105706,0
105848,0
105917,0
105983,0
106034,0
106081,0
106217,0
106226,0
106248,0
106385,0
106424,0
106482,0
106635,0
106710,0
106718,0
106837,0
106847,0
106868,0
106895,0
106972,0
106978,0
107299,0
107333,0
107382,0
107544,0
107599,0
107644,0
107656,0
107695,0
107755,0
107777,0
107801,0
107802,0
107995,0
108051,0
108110,0
108156,0
108310,0
108579,0
108666,0
108735,0
108791,0
109012,0
109078,0
109209,0
109323,0
109397,0
109491,0
109533,0
109786,0
109903,0
109963,0
109971,0
110025,0
110041,0
110060,0
110158,0
110381,0
110383,0
110558,0
110703,0
110803,0
110805,0
110915,0
111007,0
111072,0
111183,0
111342,0
111496,0
111508,0
111531,0
111616,0
111753,0
111830,0
111945,0
112009,0
112161,0
112305,0
112462,0
112466,0
112735,0
113084,0
113255,0
113505,0
113628,0
113631,0
113669,0
113773,0
113832,0
113904,0
114041,0
114131,0
114169,0
114316,0
114496,0
114582,0
114615,0
114897,0
115039,0
115070,0
115157,0
115182,0
115227,0
115241,0
115271,0
115303,0
115319,0
115396,0
115495,0
115606,0
115643,0
115646,0
115711,0
115713,0
115783,0
116035,0
116049,0
116104,0
116121,0
116131,0
116167,0
116169,0
116180,0
116189,0
116201,0
116365,0
116641,0
116660,0
116746,0
116893,0
117230,0
117287,0
117395,0
117572,0
117592,0
118128,0
118226,0
118498,0
118590,0
118618,0
118633,0
118633,0
118713,0
118942,0
118990,0
119116,0
119174,0
119286,0
119296,0
119344,0
119491,0
119745,0
119830,0
119987,0
120097,0
120113,0
120135,0
120307,0
120547,0
120572,0
120699,0
120728,0
120843,0
120888,0
120934,0
121120,0
121161,0
121266,0
121429,0
121481,0
121542,0
121635,0
121659,0
121873,0
121903,0
121919,0
121993,0
122297,0
122346,0
122452,0
122509,0
122657,0
122711,0
122846,0
122854,0
123053,0
123154,0
123260,0
123404,0
123980,0
124015,0
124071,0
124216,0
124274,0
124358,0
124379,0
124466,0
124492,0
124526,0
124640,0
124684,0
124740,0
124766,0
125046,0
125084,0
125160,0
125166,0
125212,0
125356,0
125467,0
125503,0
125636,0
125644,0
125707,0
125810,0
125980,0
125986,0
125991,0
126029,0
126128,0
126139,0
126250,0
126329,0
126384,0
126416,0
126482,0
126637,0
126731,0
126738,0
126771,0
126834,0
126973,0
127107,0
127139,0
127441,0
127450,0
127466,0
127549,0
127715,0
127719,0
127740,0
127769,0
127869,0
127963,0
128052,0
128207,0
128223,0
128248,0
128261,0
128291,0
128308,0
128321,0
128331,0
128336,0
128422,0
128475,0
128522,0
128568,0
128678,0
128706,0
128708,0
128796,0
128847,0
128982,0
129093,0
129139,0
129205,0
129322,0
129379,0
129460,0
129497,0
129503,0
129712,0
129713,0
129773,0
129841,0
129872,0
129880,0
129941,0
130020,0
130138,0
130305,0
130309,0
130439,0
130487,0
130537,0
130689,0
130767,0
130997,0
131229,0
131234,0
131241,0
131243,0
131346,0
131438,0
131506,0
131782,0
131855,0
131856,0
131939,0
131989,0
132060,0
132106,0
132107,0
132341,0
132383,0
132536,0
132624,0
132713,0
132887,0
132891,0
132958,0
133209,0
133290,0
133381,0
133678,0
133754,0
133956,0
134037,0
134069,0
134077,0
134266,0
134363,0
134369,0
134640,0
134745,0
134747,0
134890,0
134898,0
135030,0
135273,0
135432,0
135563,0
135633,0
135722,0
136077,0
136393,0
136422,0
136593,0
136599,0
136741,0
136900,0
136928,0
137024,0
137027,0
137090,0
137261,0
137382,0
137395,0
137405,0
137464,0
137533,0
137586,0
137618,0
137640,0
137691,0
137694,0
137740,0
137834,0
137871,0
137880,0
137922,0
137934,0
137974,0
138101,0
138132,0
138242,0
138274,0
138459,0
138468,0
138657,0
138742,0
138801,0
138812,0
139120,0
139139,0
139203,0
139266,0
139422,0
139428,0
139544,0
139560,0
139624,0
139679,0
139790,0
139799,0
139919,0
139986,0
140183,0
140209,0
140398,0
140552,0
140641,0
140695,0
140839,0
140953,0
141025,0
141060,0
141068,0
141097,0
141200,0
141228,0
141250,0
141277,0
141402,0
141423,0
141525,0
141594,0
141625,0
141914,0
141992,0
141992,0
142209,0
142225,0
142256,0
142257,0
142261,0
142284,0
142361,0
142365,0
142366,0
142406,0
142538,0
142768,0
142827,0
142875,0
142913,0
142929,0
142932,0
142940,0
143041,0
143172,0
143233,0
143295,0
143370,0
143466,0
143472,0
143496,0
143516,0
143610,0
143710,0
143712,0
143866,0
144209,0
144248,0
144365,0
144476,0
144496,0
144531,0
144550,0
145071,0
145084,0
145196,0
145242,0
145257,0
145367,0
145488,0
145523,0
145555,0
145574,0
145582,0
145598,0
145639,0
145661,0
145779,0
145920,0
146157,0
146738,0
146764,0
147194,0
147339,0
147432,0
147462,0
147468,0
147681,0
147719,0
147811,0
147872,0
148133,0
148202,0
148316,0
148326,0
148346,0
148411,0
148611,0
148632,0
148657,0
148675,0
148732,0
148766,0
148827,0
148843,0
148973,0
149385,0
149408,0
149638,0
149784,0
149984,0
150042,0
150064,0
150127,0
150131,0
150256,0
150314,0
150457,0
150505,0
150566,0
150591,0
150607,0
150894,0
150923,0
151081,0
151106,0
151170,0
151426,0
151451,0
151488,0
151616,0
151645,0
151760,0
151830,0
151834,0
151865,0
151874,0
151959,0
152053,0
152103,0
152174,0
152232,0
152239,0
152332,0
152345,0
152478,0
152554,0
152564,0
152621,0
152630,0
152686,0
152720,0
152780,0
152803,0
152827,0
152887,0
153013,0
153017,0
153129,0
153303,0
153349,0
153434,0
153442,0
153565,0
153602,0
153802,0
153820,0
153850,0
153878,0
153895,0
154045,0
154051,0
154105,0
154223,0
154227,0
154284,0
154370,0
154372,0
154387,0
154438,0
154606,0
154671,0
154714,0
154732,0
154958,0
154961,0
154972,0
154991,0
155127,0
155665,0
155778,0
155905,0
155919,0
155993,0
156098,0
156165,0
156233,0
156377,0
156529,0
156647,0
156765,0
156819,0
156831,0
156910,0
156967,0
157053,0
157213,0
157323,0
157324,0
157607,0
157829,0
157940,0
158075,0
158464,0
158465,0
158488,0
158553,0
158627,0
158711,0
158827,0
158936,0
158965,0
159019,0
159043,0
159070,0
159136,0
159219,0
159244,0
159289,0
159384,0
159704,0
159734,0
159771,0
159855,0
159917,0
159997,0
160095,0
160113,0
160304,0
160536,0
160577,0
160647,0
160649,0
160649,0
160674,0
160678,0
160686,0
160727,0
160779,0
160780,0
160925,0
161068,0
161096,0
161235,0
161276,0
161377,0
161463,0
161495,0
161510,0
161809,0
161968,0
162030,0
162041,0
162085,0
162134,0
162154,0
162290,0
162326,0
162409,0
162596,0
162641,0
162641,0
162857,0
162956,0
163283,0
163369,0
163401,0
163429,0
163633,0
163983,0
164043,0
164262,0
164313,0
164484,0
164565,0
164610,0
164709,0
164978,0
165000,0
165059,0
165127,0
165268,0
165280,0
165287,0
165288,0
165291,0
165593,0
165605,0
165761,0
165814,0
165925,0
166000,0
166049,0
166142,0
166331,0
166375,0
166599,0
166717,0
166739,0
166774,0
166860,0
166887,0
167101,0
167416,0
167429,0
167561,0
167585,0
167655,0
167853,0
167880,0
167919,0
168104,0
168143,0
168173,0
168219,0
168424,0
168464,0
168474,0
168543,0
168609,0
168688,0
168733,0
168748,0
168765,0
168893,0
169048,0
169054,0
169139,0
169152,0
169168,0
169183,0
169274,0
169292,0
169436,0
169532,0
169597,0
169735,0
169748,0
169773,0
169823,0
169895,0
170109,0
170150,0
170162,0
170276,0
170346,0
170396,0
170430,0
170545,0
170608,0
170752,0
170796,0
171045,0
171170,0
171239,0
171245,0
171412,0
171479,0
171497,0
171548,0
171623,0
171639,0
171735,0
171956,0
172072,0
172204,0
172252,0
172491,0
172533,0
172573,0
172580,0
172608,0
172719,0
172747,0
172760,0
172829,0
172891,0
172914,0
172972,0
173093,0
173129,0
173151,0
173315,0
173342,0
173617,0
173674,0
173812,0
174107,0
174367,0
174451,0
174487,0
174787,0
174803,0
174844,0
174998,0
175085,0
175131,0
175288,0
175336,0
175669,0
175835,0
176027,0
176189,0
176251,0
176293,0
176300,0
176328,0
176359,0
176361,0
176475,0
176551,0
176570,0
176585,0
176681,0
176819,0
176903,0
176944,0
176991,0
177077,0
177131,0
177179,0
177193,0
177326,0
177746,0
177784,0
177895,0
178083,0
178104,0
178118,0
178142,0
178313,0
178327,0
178436,0
178479,0
178536,0
178573,0
178577,0
178607,0
178744,0
178851,0
178869,0
178869,0
179083,0
179136,0
179337,0
179524,0
179683,0
179796,0
179879,0
180021,0
180054,0
180157,0
180254,0
180346,0
180510,0
180650,0
180706,0
180829,0
181099,0
181116,0
181171,0
181179,0
181319,0
181394,0
181483,0
181709,0
181730,0
181859,0
182029,0
182192,0
182263,0
182268,0
182276,0
182340,0
182491,0
182667,0
182755,0
182801,0
182912,0
183115,0
183157,0
183268,0
183306,0
183363,0
183483,0
183659,0
183738,0
183770,0
183836,0
183844,0
184113,0
184297,0
184341,0
184343,0
184368,0
184648,0
184951,0
185076,0
185226,0
185458,0
185594,0
185601,0
185685,0
185696,0
185812,0
185846,0
185943,0
185946,0
186200,0
186213,0
186267,0
186574,0
186639,0
186752,0
186790,0
186821,0
187012,0
187039,0
187173,0
187195,0
187316,0
187614,0
187696,0
187735,0
188182,0
188380,0
188546,0
188567,0
188712,0
188789,0
189027,0
189106,0
189123,0
189669,0
189755,0
189893,0
190041,0
190198,0
190274,0
190368,0
190435,0
190490,0
190605,0
190740,0
191018,0
191147,0
191174,0
191187,0
191216,0
191720,0
191733,0
191839,0
191872,0
191874,0
191914,0
191926,0
192035,0
192036,0
192309,0
192348,0
192358,0
192448,0
192594,0
192684,0
192699,0
192765,0
192813,0
192885,0
192903,0
192917,0
193027,0
193085,0
193124,0
193236,0
193364,0
193372,0
193383,0
193436,0
193637,0
193653,0
193832,0
193867,0
193888,0
193979,0
194131,0
194172,0
194451,0
194455,0
194460,0
194529,0
194826,0
194942,0
195165,0
195211,0
195262,0
195281,0
195409,0
195495,0
195593,0
195606,0
195666,0
195673,0
195696,0
195826,0
195854,0
195875,0
196039,0
196062,0
196081,0
196139,0
196362,0
196499,0
196558,0
196645,0
196788,0
196825,0
196844,0
196924,0
196999,0
197323,0
197380,0
197457,0
197518,0
197536,0
197557,0
197588,0
197667,0
197706,0
197770,0
197792,0
198009,0
198017,0
198032,0
198051,0
198120,0
198187,0
198396,0
198404,0
198431,0
198748,0
198870,0
198926,0
199246,0
199268,0
199351,0
199472,0
199634,0
199837,0
199852,0
199856,0
199948,0
199979,0
200074,0
200170,0
200243,0
200284,0
200463,0
200470,0
200581,0
200590,0
200658,0
201319,0
201495,0
201512,0
201537,0
201596,0
201695,0
201700,0
201720,0
201728,0
202023,0
202136,0
202364,0
202401,0
202461,0
202617,0
202923,0
203186,0
203208,0
203264,0
203268,0
203387,0
203502,0
203799,0
203987,0
203992,0
204001,0
204069,0
204159,0
204230,0
204346,0
204355,0
204362,0
204392,0
204510,0
204547,0
204571,0
204808,0
204973,0
205045,0
205154,0
205160,0
205163,0
205305,0
205469,0
205482,0
205619,0
205619,0
205730,0
205735,0
205791,0
205838,0
205843,0
205892,0
205901,0
205979,0
205999,0
206024,0
206276,0
206329,0
206459,0
206673,0
206958,0
206964,0
206998,0
207038,0
207071,0
207132,0
207175,0
207281,0
207326,0
207352,0
207421,0
207717,0
207750,0
207786,0
208135,0
208146,0
208367,0
208431,0
208467,0
208541,0
208738,0
208796,0
208807,0
208831,0
208976,0
208995,0
209060,0
209236,0
209243,0
209256,0
209302,0
209368,0
209501,0
209555,0
209568,0
209766,0
209864,0
209931,0
210151,0
210324,0
210363,0
210402,0
210431,0
210462,0
210520,0
210532,0
210592,0
210866,0
210949,0
210958,0
211178,0
211218,0
211251,0
211370,0
211380,0
211578,0
211757,0
211898,0
212048,0
212048,0
212179,0
212244,0
212316,0
212400,0
212553,0
213016,0
213035,0
213146,0
213238,0
213359,0
213482,0
213506,0
213724,0
213769,0
213832,0
213854,0
213890,0
214007,0
214085,0
214322,0
214419,0
214503,0
214652,0
214691,0
214715,0
214795,0
214835,0
214858,0
214977,0
215018,0
215035,0
215070,0
215136,0
215158,0
215165,0
215294,0
215306,0
215312,0
215393,0
215869,0
216045,0
216175,0
216259,0
216289,0
216310,0
216439,0
216596,0
216671,0
216696,0
216774,0
216796,0
216874,0
216920,0
216931,0
216983,0
217120,0
217369,0
217454,0
217760,0
217774,0
217818,0
217890,0
217909,0
217958,0
218024,0
218044,0
218070,0
218078,0
218227,0
218299,0
218381,0
218404,0
218423,0
218536,0
218551,0
218723,0
218743,0
218776,0
218830,0
218961,0
219140,0
219154,0
219159,0
219189,0
219224,0
219243,0
219391,0
219437,0
219814,0
220016,0
220043,0
220363,0
220394,0
220455,0
220572,0
220574,0
220586,0
220633,0
220687,0
220699,0
220779,0
220969,0
221106,0
221135,0
221136,0
221210,0
221211,0
221566,0
221620,0
221742,0
221758,0
221806,0
221829,0
221898,0
221932,0
221958,0
222056,0
222104,0
222136,0
222218,0
222256,0
222259,0
222299,0
222470,0
222546,0
222682,0
222960,0
223200,0
223414,0
223447,0
223479,0
223529,0
223609,0
223715,0
223914,0
223966,0
224110,0
224148,0
224286,0
224314,0
224486,0
224521,0
224546,0
224561,0
224831,0
224856,0
224857,0
224935,0
225028,0
225081,0
225109,0
225135,0
225194,0
225378,0
225479,0
225725,0
225840,0
225886,0
225914,0
225914,0
225918,0
225930,0
225977,0
226082,0
226150,0
226353,0
226361,0
226530,0
226571,0
226733,0
226941,0
226949,0
227049,0
227145,0
227398,0
227474,0
227561,0
227756,0
227764,0
228122,0
228271,0
228299,0
228367,0
228406,0
228448,0
228495,0
228521,0
228771,0
228804,0
228834,0
228998,0
229079,0
229191,0
229240,0
229283,0
229389,0
229454,0
229503,0
230233,0
230336,0
230460,0
230542,0
230563,0
230629,0
230977,0
231074,0
231165,0
231387,0
231435,0
231501,0
231608,0
231628,0
231659,0
231703,0
231894,0
231993,0
232047,0
232303,0
232557,0
232572,0
232600,0
232600,0
232842,0
232906,0
232944,0
233027,0
233029,0
233340,0
233482,0
233520,0
233633,0
233750,0
233751,0
233761,0
234017,0
234087,0
234177,0
234357,0
234427,0
234479,0
234598,0
234605,0
234803,0
234811,0
234823,0
234934,0
235007,0
235036,0
235104,0
235134,0
235257,0
235277,0
235353,0
235412,0
235454,0
235467,0
235503,0
235725,0
235793,0
235808,0
235841,0
235933,0
235962,0
236035,0
236144,0
236164,0
236180,0
236283,0
236524,0
236540,0
236566,0
236601,0
236714,0
236736,0
236812,0
236959,0
237084,0
237099,0
237177,0
237193,0
237361,0
237397,0
237693,0
237709,0
237799,0
238048,0
238264,0
238377,0
238638,0
238720,0
238825,0
238949,0
238973,0
239139,0
239357,0
239417,0
239542,0
239670,0
239686,0
239752,0
239760,0
239975,0
240150,0
240170,0
240428,0
240493,0
240551,0
240703,0
240876,0
240965,0
241059,0
241175,0
241294,0
241307,0
241320,0
241410,0
241435,0
241476,0
241732,0
241922,0
241983,0
241993,0
242012,0
242048,0
242133,0
242163,0
242182,0
242426,0
242602,0
242762,0
242798,0
242834,0
242841,0
242876,0
242912,0
242978,0
243038,0
243063,0
243307,0
243389,0
243462,0
243468,0
243470,0
243691,0
243780,0
243817,0
243820,0
243826,0
243956,0
244140,0
244348,0
244508,0
244785,0
244818,0
244844,0
244918,0
245191,0
245276,0
245559,0
245665,0
245707,0
245909,0
245926,0
246049,0
246083,0
246115,0
246142,0
246152,0
246253,0
246491,0
246721,0
246750,0
246855,0
246933,0
247133,0
247420,0
247628,0
247918,0
248016,0
248080,0
248122,0
248226,0
248355,0
248357,0
248554,0
248592,0
248604,0
248720,0
248782,0
248904,0
248954,0
249013,0
249050,0
249231,0
249486,0
249623,0
249781,0
249815,0
249924,0
249940,0
250055,0
250058,0
250060,0
250165,0
250298,0
250358,0
250442,0
250501,0
250575,0
250646,0
250654,0
250655,0
250855,0
250920,0
250941,0
250942,0
251113,0
251243,0
251260,0
251315,0
251383,0
251409,0
251435,0
251453,0
251811,0
251824,0
251827,0
251930,0
251977,0
252003,0
252108,0
252232,0
252260,0
252264,0
252333,0
252402,0
252425,0
252586,0
252623,0
252662,0
252702,0
252729,0
252754,0
252798,0
252832,0
252869,0
252961,0
252966,0
253022,0
253054,0
253088,0
253234,0
253428,0
253437,0
253492,0
253612,0
253634,0
253806,0
253816,0
253861,0
253930,0
254083,0
254088,0
254456,0
254568,0
254614,0
254721,0
254808,0
254852,0
255008,0
255034,0
255101,0
255109,0
255117,0
255180,0
255322,0
255324,0
255473,0
255505,0
255629,0
255682,0
255755,0
255866,0
255970,0
255991,0
256031,0
256066,0
256116,0
256249,0
256263,0
256471,0
256681,0
256731,0
256781,0
256923,0
257070,0
257160,0
257163,0
257237,0
257370,0
257540,0
257733,0
257929,0
257976,0
258206,0
258252,0
258558,0
258753,0
258911,0
259240,0
259371,0
259397,0
259739,0
259961,0
259992,0
260024,0
260121,0
260324,0
260489,0
260785,0
260835,0
260941,0
260962,0
261141,0
261405,0
261491,0
261561,0
261618,0
261726,0
261749,0
261776,0
261777,0
261826,0
261831,0
261996,0
262053,0
262159,0
262211,0
262231,0
262356,0
262421,0
262519,0
262572,0
262800,0
262941,0
263094,0
263102,0
263208,0
263295,0
263305,0
263325,0
263487,0
263510,0
263586,0
263613,0
263893,0
263985,0
264023,0
264124,0
264132,0
264213,0
264281,0
264330,0
264399,0
264448,0
264513,0
264535,0
264595,0
264609,0
264658,0
264801,0
264941,0
265054,0
265265,0
265266,0
265309,0
265392,0
265490,0
265554,0
265691,0
265846,0
266195,0
266783,0
266797,0
267121,0
267178,0
267206,0
267249,0
267258,0
267334,0
267478,0
267887,0
267954,0
268140,0
268345,0
268423,0
268465,0
268675,0
268697,0
268699,0
268800,0
268847,0
268862,0
268965,0
268974,0
268991,0
269143,0
269161,0
269448,0
269621,0
269806,0
269816,0
269850,0
270120,0
270129,0
270132,0
270252,0
270262,0
270270,0
270329,0
270562,0
270573,0
270729,0
270761,0
271001,0
271022,0
271162,0
271174,0
271214,0
271378,0
271526,0
271565,0
271697,0
271777,0
271804,0
271812,0
271955,0
272188,0
272222,0
272273,0
272314,0
272367,0
272431,0
272714,0
272864,0
272891,0
273221,0
273239,0
273395,0
273454,0
273494,0
273624,0
273648,0
273895,0
273955,0
273975,0
273992,0
274007,0
274034,0
274114,0
274648,0
274800,0
274911,0
275190,0
275259,0
275437,0
275466,0
275487,0
275892,0
276102,0
276106,0
276324,0
276511,0
276642,0
276647,0
276814,0
276941,0
277099,0
277176,0
277459,0
277461,0
277500,0
277526,0
277546,0
277760,0
277777,0
278063,0
278183,0
278202,0
278342,0
278396,0
278435,0
278504,0
278553,0
278667,0
279117,0
279226,0
279272,0
279330,0
279485,0
279642,0
279775,0
279780,0
279800,0
279803,0
279894,0
280135,0
280189,0
280206,0
280226,0
280317,0
280404,0
280496,0
280498,0
280535,0
280550,0
280600,0
280733,0
281006,0
281230,0
281366,0
281410,0
281587,0
281634,0
281801,0
281802,0
281823,0
281890,0
281905,0
281937,0
281976,0
282033,0
282114,0
282146,0
282344,0
282432,0
282529,0
282541,0
282763,0
282855,0
282908,0
282916,0
283102,0
283367,0
283408,0
283446,0
283464,0
283662,0
283677,0
283799,0
283997,0
284134,0
284194,0
284225,0
284287,0
284438,0
284700,0
284796,0
284797,0
284808,0
284941,0
284971,0
285100,0
285264,0
285287,0
285350,0
285396,0
285452,0
285453,0
285461,0
285504,0
285584,0
285591,0
285687,0
285781,0
285850,0
286009,0
286024,0
286126,0
286201,0
286225,0
286236,0
286401,0
286471,0
286528,0
286545,0
286579,0
286635,0
286691,0
286887,0
286971,0
287200,0
287309,0
287542,0
287626,0
287730,0
287770,0
287772,0
287882,0
287958,0
288268,0
288288,0
288449,0
288543,0
288658,0
288713,0
288806,0
288920,0
289000,0
289117,0
289136,0
289176,0
289262,0
289270,0
289277,0
289371,0
289430,0
289525,0
289693,0
289781,0
290056,0
290217,0
290408,0
290440,0
290550,0
290810,0
290814,0
290846,0
290959,0
291070,0
291096,0
291265,0
291415,0
291572,0
291578,0
291698,0
291779,0
292174,0
292195,0
292235,0
292319,0
292354,0
292388,0
292481,0
292563,0
292566,0
292849,0
292944,0
293032,0
293148,0
293169,0
293226,0
293330,0
293357,0
293429,0
293615,0
293667,0
293678,0
293738,0
293759,0
293790,0
293851,0
293881,0
293931,0
294075,0
294177,0
294204,0
294211,0
294246,0
294359,0
294371,0
294372,0
294436,0
294509,0
294599,0
294609,0
294817,0
294892,0
294962,0
295151,0
295212,0
295257,0
295580,0
295734,0
295796,0
295820,0
295877,0
295924,0
296019,0
296191,0
296251,0
296279,0
296396,0
296430,0
296436,0
296515,0
296531,0
296546,0
296561,0
296762,0
297000,0
297379,0
297426,0
297439,0
297467,0
297888,0
298008,0
298173,0
298246,0
298338,0
298363,0
298427,0
298491,0
298524,0
298632,0
298653,0
298803,0
298903,0
299056,0
299192,0
299233,0
299255,0
299367,0
299427,0
299565,0
299609,0
299685,0
299790,0
299866,0
299923,0
299935,0
299973,0
300007,0
300049,0
300073,0
300142,0
300350,0
300667,0
300691,0
300732,0
300841,0
301056,0
301060,0
301201,0
301214,0
301355,0
301370,0
301539,0
301677,0
301718,0
301782,0
301910,0
302085,0
302103,0
302163,0
302244,0
302360,0
302581,0
302735,0
302793,0
303063,0
303241,0
303374,0
303409,0
303519,0
303534,0
303829,0
304046,0
304194,0
304327,0
304336,0
304379,0
304473,0
304563,0
304794,0
304926,0
305030,0
305057,0
305077,0
305122,0
305247,0
305259,0
305306,0
305457,0
305661,0
305763,0
305792,0
306261,0
306267,0
306309,0
306456,0
306496,0
306536,0
306615,0
306656,0
306659,0
306781,0
306813,0
306920,0
307067,0
307125,0
307198,0
307215,0
307321,0
307341,0
307399,0
307452,0
307467,0
307482,0
307767,0
307830,0
307909,0
307988,0
308025,0
308039,0
308048,0
308211,0
308458,0
308560,0
308756,0
308855,0
309210,0
309243,0
309260,0
309334,0
309388,0
309424,0
309567,0
309669,0
309725,0
309866,0
309884,0
310004,0
310040,0
310123,0
310162,0
310205,0
310297,0
310427,0
310459,0
310667,0
310762,0
310869,0
310886,0
311319,0
311353,0
311559,0
311592,0
311600,0
311758,0
311827,0
311836,0
311903,0
311959,0
311971,0
312080,0
312144,0
312286,0
312291,0
312295,0
312340,0
312460,0
312616,0
312644,0
312690,0
312715,0
312716,0
312756,0
312790,0
312885,0
312895,0
312927,0
313004,0
313021,0
313076,0
313167,0
313176,0
313202,0
313388,0
313506,0
313698,0
313882,0
313940,0
313992,0
314013,0
314056,0
314382,0
314669,0
314677,0
314838,0
314874,0
314879,0
314948,0
314983,0
315001,0
315050,0
315148,0
315250,0
315258,0
315463,0
315526,0
315527,0
315709,0
315737,0
316084,0
316228,0
316445,0
316548,0
316616,0
316668,0
316677,0
316683,0
316741,0
316918,0
316955,0
317218,0
317325,0
317333,0
317401,0
317456,0
317552,0
317605,0
317640,0
317806,0
318017,0
318021,0
318217,0
318299,0
318319,0
318348,0
318349,0
318398,0
318707,0
319032,0
319066,0
319225,0
319279,0
319409,0
319423,0
319491,0
319773,0
319806,0
319826,0
320041,0
320156,0
320235,0
320290,0
320371,0
320411,0
320488,0
320508,0
320544,0
320910,0
321058,0
321369,0
321427,0
321495,0
321801,0
321806,0
321931,0
321953,0
321968,0
322000,0
322231,0
322233,0
322258,0
322317,0
322461,0
322546,0
322577,0
322792,0
323085,0
323156,0
323330,0
323342,0
323590,0
323819,0
323826,0
323840,0
323892,0
323913,0
324045,0
324325,0
324355,0
324475,0
324531,0
324601,0
324625,0
324668,0
324691,0
324765,0
324765,0
324777,0
324870,0
325054,0
325100,0
325180,0
325452,0
325535,0
325620,0
325649,0
325727,0
325820,0
325949,0
326117,0
326460,0
326505,0
326701,0
327010,0
327166,0
327361,0
327388,0
327493,0
327493,0
327734,0
327958,0
327987,0
328035,0
328259,0
328300,0
328316,0
328538,0
328640,0
328676,0
328696,0
328730,0
328890,0
329053,0
329310,0
329315,0
329369,0
329392,0
329492,0
329678,0
329834,0
329885,0
330343,0
330372,0
330426,0
330446,0
330636,0
330667,0
330710,0
330774,0
330823,0
331147,0
331373,0
331523,0
331536,0
331579,0
331709,0
331871,0
332124,0
332152,0
332204,0
332409,0
332449,0
332488,0
332575,0
332893,0
333090,0
333167,0
333234,0
333395,0
333421,0
333525,0
333904,0
334117,0
334123,0
334163,0
334181,0
334183,0
334397,0
334476,0
334907,0
334916,0
334933,0
334979,0
335030,0
335209,0
335270,0
335680,0
335730,0
335788,0
335921,0
336085,0
336219,0
336235,0
336324,0
336400,0
336441,0
336659,0
336702,0
336790,0
336835,0
336954,0
336959,0
337032,0
337071,0
337087,0
337480,0
337523,0
337569,0
337586,0
337822,0
337849,0
337914,0
338064,0
338076,0
338225,0
338249,0
338288,0
338505,0
338578,0
338624,0
338637,0
338874,0
338964,0
339102,0
339111,0
339128,0
339160,0
339311,0
339336,0
339399,0
339541,0
339564,0
339630,0
339860,0
339904,0
339918,0
340037,0
340067,0
340086,0
340112,0
340150,0
340174,0
340198,0
340326,0
340629,0
340655,0
340705,0
340726,0
340848,0
340873,0
340886,0
340960,0
341138,0
341223,0
341397,0
341552,0
341792,0
341811,0
341813,0
341931,0
342095,0
342130,0
342158,0
342266,0
342279,0
342503,0
342781,0
342991,0
343013,0
343221,0
343383,0
343477,0
343483,0
343531,0
343688,0
343851,0
344106,0
344210,0
344477,0
344710,0
344732,0
344770,0
344959,0
344970,0
345110,0
345137,0
345194,0
345401,0
345404,0
345623,0
345729,0
345952,0
346034,0
346126,0
346183,0
346260,0
346291,0
346395,0
346396,0
346398,0
346549,0
346585,0
346623,0
346758,0
346854,0
347027,0
347104,0
347146,0
347483,0
347494,0
347719,0
348040,0
348057,0
348155,0
348265,0
348311,0
348465,0
348494,0
348551,0
348645,0
348744,0
348916,0
348960,0
348982,0
348990,0
348999,0
349005,0
349044,0
349167,0
349180,0
349216,0
349224,0
349306,0
349394,0
349406,0
349577,0
349591,0
349746,0
349763,0
349766,0
349829,0
349852,0
349962,0
349993,0
350302,0
350344,0
350513,0
350676,0
350688,0
350768,0
350773,0
350820,0
350894,0
350948,0
351007,0
351012,0
351253,0
351356,0
351400,0
351486,0
351639,0
351650,0
351796,0
351986,0
351999,0
352072,0
352074,0
352138,0
352164,0
352273,0
352305,0
352384,0
352406,0
352609,0
352763,0
352968,0
352981,0
352984,0
353165,0
353181,0
353215,0
353293,0
353315,0
353409,0
353594,0
353597,0
353685,0
353694,0
353747,0
353771,0
353808,0
353868,0
353955,0
354078,0
354178,0
354294,0
354297,0
354389,0
354412,0
354428,0
354508,0
354547,0
354570,0
354584,0
354793,0
355233,0
355243,0
355365,0
355400,0
355492,0
355540,0
355579,0
355712,0
355793,0
355823,0
356129,0
356249,0
356251,0
356332,0
356382,0
356430,0
356692,0
357031,0
357331,0
357394,0
357435,0
357465,0
357639,0
357735,0
357976,0
358266,0
358280,0
358385,0
358489,0
358501,0
358555,0
358638,0
358704,0
358733,0
358814,0
358816,0
358918,0
358934,0
359009,0
359189,0
359229,0
359311,0
359415,0
359441,0
359456,0
359546,0
359572,0
359704,0
359796,0
359902,0
359909,0
359962,0
360051,0
360062,0
360131,0
360187,0
360234,0
360236,0
360305,0
360692,0
360734,0
360735,0
360752,0
360903,0
361081,0
361258,0
361278,0
361374,0
361872,0
361956,0
361989,0
362087,0
362248,0
362391,0
362400,0
362418,0
362836,0
362850,0
363062,0
363536,0
363583,0
363658,0
364150,0
364217,0
364275,0
364380,0
364687,0
364728,0
364750,0
364804,0
364978,0
365150,0
365263,0
365369,0
365586,0
365597,0
365700,0
365855,0
366147,0
366159,0
366418,0
366456,0
366568,0
366594,0
366619,0
366763,0
366832,0
366928,0
366976,0
367176,0
367273,0
367283,0
367504,0
367551,0
367805,0
367874,0
367874,0
367883,0
368014,0
368038,0
368116,0
368224,0
368306,0
368410,0
368945,0
369013,0
369046,0
369138,0
369268,0
369336,0
369362,0
369411,0
369446,0
369472,0
369507,0
369512,0
369630,0
369750,0
369880,0
370098,0
370186,0
370259,0
370272,0
370277,0
370365,0
370368,0
370400,0
370405,0
370453,0
370505,0
370575,0
370648,0
370739,0
370937,0
370937,0
371036,0
371073,0
371523,0
371554,0
371777,0
371805,0
371872,0
372091,0
372112,0
372171,0
372182,0
372259,0
372352,0
372573,0
372644,0
372696,0
372727,0
372775,0
372778,0
372821,0
372821,0
372852,0
372926,0
372968,0
373050,0
373060,0
373169,0
373176,0
373234,0
373391,0
373456,0
373679,0
373718,0
373760,0
373900,0
373908,0
373916,0
373925,0
373940,0
374165,0
374304,0
374545,0
374603,0
374674,0
374788,0
374946,0
375072,0
375144,0
375238,0
375301,0
375407,0
375421,0
375451,0
375452,0
375624,0
375835,0
376079,0
376127,0
376220,0
376227,0
376248,0
376263,0
376313,0
376398,0
376801,0
376861,0
376992,0
377147,0
377173,0
377425,0
377505,0
377554,0
377805,0
377877,0
377880,0
377968,0
378014,0
378043,0
378053,0
378077,0
378108,0
378124,0
378227,0
378378,0
378402,0
378489,0
378558,0
378655,0
378656,0
378662,0
378689,0
378893,0
378948,0
379014,0
379121,0
379149,0
379469,0
379530,0
379581,0
379638,0
379641,0
379710,0
379752,0
379754,0
379793,0
380004,0
380058,0
380076,0
380093,0
380097,0
380331,0
380363,0
380456,0
380499,0
380553,0
380642,0
380668,0
380671,0
380799,0
381046,0
381146,0
381376,0
381438,0
381444,0
381553,0
381756,0
381783,0
381814,0
381949,0
382048,0
382057,0
382207,0
382258,0
382304,0
382347,0
382446,0
382450,0
382703,0
382957,0
382970,0
383196,0
383260,0
383285,0
383313,0
383571,0
383638,0
383856,0
383876,0
383895,0
384037,0
384116,0
384205,0
384216,0
384270,0
384407,0
384642,0
384773,0
384926,0
385229,0
385321,0
385443,0
385458,0
385904,0
385924,0
386121,0
386331,0
386527,0
386556,0
386585,0
386605,0
386665,0
386737,0
386811,0
386884,0
386907,0
386908,0
386987,0
387013,0
387093,0
387137,0
387153,0
387169,0
387272,0
387497,0
387730,0
387793,0
387807,0
388037,0
388096,0
388108,0
388153,0
388158,0
388200,0
388320,0
388506,0
388507,0
388616,0
388651,0
388678,0
388872,0
389017,0
389258,0
389289,0
389391,0
389402,0
389533,0
389683,0
389701,0
389722,0
389819,0
389885,0
389932,0
389968,0
390162,0
390203,0
390230,0
390297,0
390345,0
390443,0
390609,0
390721,0
390773,0
391056,0
391128,0
391154,0
391298,0
391417,0
391552,0
391805,0
391839,0
391937,0
392185,0
392279,0
392292,0
392420,0
392488,0
392523,0
392548,0
392553,0
392581,0
392598,0
392873,0
393012,0
393063,0
393212,0
393226,0
393345,0
393366,0
393368,0
393399,0
393485,0
393695,0
393783,0
394004,0
394085,0
394145,0
394173,0
394290,0
394371,0
394399,0
394610,0
394772,0
394822,0
395212,0
395370,0
395477,0
395581,0
395962,0
396149,0
396190,0
396293,0
396384,0
396442,0
396492,0
396821,0
396855,0
396878,0
397036,0
397106,0
397117,0
397243,0
397304,0
397349,0
397378,0
397470,0
397603,0
397612,0
397725,0
397749,0
397820,0
397827,0
398098,0
398117,0
398366,0
398369,0
398405,0
398424,0
398622,0
398624,0
398644,0
398775,0
398790,0
398917,0
398953,0
399139,0
399183,0
399221,0
399260,0
399285,0
399424,0
399519,0
399570,0
399582,0
399819,0
399830,0
399834,0
399896,0
399912,0
399961,0
399971,0
400116,0
400406,0
400429,0
400712,0
400719,0
400964,0
401014,0
401043,0
401158,0
401234,0
401311,0
401490,0
401767,0
401778,0
401898,0
401941,0
401998,0
402148,0
402385,0
402606,0
402623,0
402835,0
402949,0
402950,0
403109,0
403432,0
403494,0
403801,0
403841,0
403899,0
403956,0
404059,0
404095,0
404196,0
404199,0
404302,0
404574,0
404635,0
404661,0
404724,0
404742,0
404768,0
404812,0
404869,0
404985,0
405010,0
405032,0
405106,0
405115,0
405267,0
405271,0
405331,0
405341,0
405397,0
405423,0
405432,0
405496,0
405592,0
405643,0
405644,0
405661,0
405835,0
405984,0
406208,0
406217,0
406220,0
406508,0
406641,0
406697,0
406755,0
406906,0
407070,0
407073,0
407192,0
407261,0
407290,0
407293,0
407343,0
407389,0
407503,0
407564,0
407570,0
407627,0
407757,0
407949,0
407977,0
408047,0
408064,0
408084,0
408164,0
408250,0
408257,0
408430,0
408442,0
408499,0
408507,0
408604,0
408726,0
408906,0
409193,0
409225,0
409239,0
409478,0
409568,0
409598,0
409660,0
409699,0
409707,0
409778,0
409822,0
409849,0
409943,0
409953,0
410039,0
410120,0
410287,0
411025,0
411071,0
411428,0
411431,0
411513,0
411526,0
411556,0
411564,0
411658,0
411740,0
411788,0
411875,0
411925,0
411985,0
411999,0
412101,0
412186,0
412549,0
412641,0
412679,0
412734,0
412895,0
412969,0
413262,0
413417,0
413528,0
413593,0
413621,0
413635,0
413636,0
413638,0
413670,0
413702,0
413716,0
413991,0
413995,0
414029,0
414029,0
414260,0
414284,0
414301,0
414328,0
414358,0
414657,0
414661,0
415061,0
415082,0
415199,0
415425,0
415455,0
415470,0
415475,0
415552,0
415664,0
415906,0
415965,0
416077,0
416327,0
416363,0
416697,0
416794,0
416867,0
416921,0
416969,0
417079,0
417093,0
417158,0
417293,0
417353,0
417429,0
417545,0
417779,0
417839,0
417842,0
417907,0
418000,0
418138,0
418213,0
418337,0
418521,0
418576,0
418645,0
418882,0
418991,0
419093,0
419585,0
419747,0
419805,0
419830,0
419873,0
419889,0
420188,0
420214,0
420286,0
420505,0
420614,0
420875,0
421180,0
421203,0
421239,0
421271,0
421336,0
421436,0
421536,0
421540,0
421550,0
421612,0
421614,0
421642,0
421767,0
421944,0
422035,0
422059,0
422119,0
422259,0
422334,0
422518,0
422707,0
422775,0
422993,0
423027,0
423042,0
423236,0
423462,0
423589,0
423621,0
423661,0
423701,0
423710,0
423735,0
423983,0
424146,0
424183,0
424229,0
424519,0
424693,0
424830,0
424838,0
424956,0
425080,0
425135,0
425151,0
425247,0
425459,0
425459,0
425490,0
425515,0
425588,0
425684,0
425860,0
425872,0
425899,0
426032,0
426192,0
426391,0
426399,0
426538,0
426597,0
426647,0
426669,0
426674,0
426728,0
426802,0
426821,0
426829,0
426830,0
426864,0
426938,0
426941,0
426958,0
426969,0
426993,0
427016,0
427066,0
427173,0
427419,0
427442,0
427530,0
427599,0
427722,0
427746,0
427818,0
427904,0
428016,0
428138,0
428233,0
428285,0
428467,0
428476,0
428530,0
428537,0
428617,0
428671,0
428711,0
428833,0
428893,0
428963,0
428986,0
428998,0
429043,0
429100,0
429237,0
429284,0
429338,0
429466,0
429474,0
429481,0
429530,0
429667,0
429672,0
429706,0
429772,0
429822,0
429882,0
430045,0
430105,0
430163,0
430250,0
430283,0
430287,0
430493,0
430551,0
430551,0
430604,0
430699,0
430779,0
430964,0
431101,0
431150,0
431156,0
431181,0
431206,0
431311,0
431335,0
431416,0
431556,0
431612,0
431621,0
431754,0
431826,0
432063,0
432102,0
432141,0
432309,0
432431,0
432712,0
432741,0
432867,0
432933,0
433018,0
433028,0
433095,0
433111,0
433149,0
433150,0
433172,0
433312,0
433412,0
433702,0
433718,0
434112,0
434159,0
434198,0
434274,0
434305,0
434339,0
434396,0
434433,0
434510,0
434603,0
434693,0
434812,0
434873,0
434878,0
434904,0
435233,0
435238,0
435244,0
435428,0
435444,0
435488,0
435522,0
435639,0
435649,0
435752,0
435908,0
436389,0
436424,0
436431,0
436462,0
436470,0
436476,0
436524,0
436530,0
436587,0
436646,0
436738,0
436742,0
436754,0
436857,0
436886,0
437049,0
437122,0
437177,0
437212,0
437251,0
437293,0
437415,0
437422,0
437719,0
437887,0
438057,0
438152,0
438242,0
438279,0
438318,0
438324,0
438390,0
438409,0
438592,0
438928,0
438941,0
439131,0
439196,0
439254,0
439593,0
439635,0
439645,0
439729,0
439816,0
439916,0
439970,0
439981,0
439990,0
440003,0
440218,0
440351,0
440485,0
440628,0
440635,0
440741,0
440847,0
441000,0
441066,0
441089,0
441174,0
441423,0
441503,0
441640,0
441732,0
441821,0
441906,0
442025,0
442469,0
442471,0
442486,0
442486,0
442536,0
442642,0
442700,0
442734,0
442808,0
442958,0
443008,0
443183,0
443231,0
443277,0
443429,0
443482,0
443610,0
443807,0
443849,0
444029,0
444089,0
444134,0
444184,0
444252,0
444265,0
444357,0
444446,0
444455,0
444504,0
444591,0
444828,0
444883,0
444892,0
444959,0
445091,0
445159,0
445164,0
445269,0
445284,0
445295,0
445357,0
445419,0
445448,0
445455,0
445503,0
445587,0
445850,0
445855,0
445947,0
445959,0
445989,0
446042,0
446234,0
446284,0
446293,0
446402,0
446421,0
446656,0
446903,0
446976,0
447006,0
447139,0
447258,0
447311,0
447349,0
447361,0
447363,0
447369,0
447439,0
447520,0
447597,0
447718,0
447736,0
447764,0
447792,0
447840,0
447933,0
447944,0
447958,0
448149,0
448276,0
448453,0
448558,0
448755,0
449008,0
449016,0
449151,0
449192,0
449217,0
449492,0
449496,0
449518,0
449520,0
449662,0
449983,0
450102,0
450198,0
450220,0
450232,0
450407,0
450513,0
450581,0
450608,0
450679,0
450703,0
450739,0
450755,0
450839,0
450930,0
451013,0
451062,0
451071,0
451098,0
451335,0
451464,0
451488,0
451504,0
451578,0
451585,0
451665,0
451756,0
451838,0
451911,0
451932,0
452119,0
452256,0
452474,0
452531,0
452619,0
452843,0
453011,0
453050,0
453079,0
453165,0
453222,0
453471,0
453481,0
453531,0
453651,0
453746,0
453987,0
454051,0
454096,0
454209,0
454271,0
454359,0
454464,0
454465,0
454704,0
454787,0
454850,0
454871,0
454891,0
454892,0
454992,0
455239,0
455244,0
455439,0
455456,0
455459,0
455513,0
455579,0
455856,0
455909,0
455922,0
455977,0
456084,0
456087,0
456144,0
456283,0
456290,0
456340,0
456365,0
456415,0
456467,0
456650,0
456713,0
456843,0
456867,0
456872,0
456949,0
456973,0
456995,0
457109,0
457109,0
457110,0
457146,0
457158,0
457317,0
457563,0
457601,0
457635,0
457642,0
457877,0
458011,0
458026,0
458162,0
458388,0
458410,0
458413,0
458482,0
458553,0
458700,0
458725,0
458812,0
458937,0
459119,0
459182,0
459201,0
459410,0
459694,0
459868,0
460103,0
460154,0
460277,0
460313,0
460587,0
460660,0
460681,0
460729,0
460929,0
461010,0
461098,0
461143,0
461233,0
461289,0
461346,0
461398,0
461406,0
461570,0
461585,0
461840,0
461876,0
461943,0
462054,0
462143,0
462202,0
462464,0
462696,0
462741,0
462937,0
463062,0
463399,0
463421,0
463478,0
463680,0
463857,0
463892,0
463911,0
