34,0
90,0
93,0
311,0
312,0
412,0
522,0
545,0
546,0
679,0
691,0
697,0
788,0
953,0
1191,0
1203,0
1392,0
1500,0
1503,0
1599,0
1690,0
1762,0
1845,0
2016,0
2023,0
2043,0
2090,0
2113,0
2385,0
2482,0
2564,0
2704,0
2711,0
2828,0
2883,0
3229,0
3233,0
3284,0
3317,0
3328,0
3599,0
3644,0
3670,0
3860,0
3996,0
4069,0
4205,0
4310,0
4346,0
4565,0
4587,0
4724,0
4846,0
4902,0
4952,0
4982,0
5219,0
5249,0
5306,0
5506,0
5857,0
6011,0
6047,0
6143,0
6200,0
6249,0
6493,0
6901,0
6928,0
7022,0
7104,0
7291,0
7456,0
7488,0
7508,0
7605,0
7672,0
7802,0
7977,0
8003,0
8350,0
8418,0
8532,0
8628,0
8727,0
8832,0
8904,0
8915,0
9023,0
9256,0
9258,0
9299,0
9429,0
9563,0
9604,0
9644,0
9747,0
9864,0
9940,0
10026,0
10178,0
10317,0
10369,0
10372,0
10456,0
10562,0
10575,0
10692,0
10781,0
10807,0
10825,0
10903,0
11107,0
11201,0
11439,0
11685,0
11784,0
11981,0
11984,0
12022,0
12095,0
12559,0
12759,0
12869,0
12878,0
13018,0
13025,0
13057,0
13144,0
13244,0
13251,0
13338,0
13816,0
13838,0
13852,0
13882,0
13971,0
14162,0
14193,0
14211,0
14267,0
14468,0
14636,0
14733,0
14776,0
14799,0
14992,0
15084,0
15109,0
15179,0
15351,0
15357,0
15543,0
15683,0
15708,0
15750,0
15970,0
16141,0
16150,0
16232,0
16431,0
16435,0
16635,0
16797,0
16812,0
16848,0
16926,0
17236,0
17393,0
17406,0
17419,0
17490,0
17606,0
17614,0
17673,0
17714,0
17828,0
17933,0
17993,0
18039,0
18051,0
18070,0
18439,0
18455,0
18684,0
18688,0
18853,0
18902,0
18932,0
18949,0
19083,0
19181,0
19208,0
19310,0
19425,0
19547,0
19605,0
19672,0
19762,0
19778,0
19813,0
19838,0
19877,0
20044,0
20092,0
20114,0
20209,0
20272,0
20285,0
20327,0
20347,0
20361,0
20406,0
20640,0
20650,0
20715,0
20729,0
20797,0
20847,0
20971,0
21104,0
21372,0
21516,0
21850,0
22209,0
22290,0
22351,0
22362,0
22393,0
22453,0
22473,0
22611,0
22814,0
22917,0
22989,0
23112,0
23119,0
23193,0
23437,0
23547,0
23579,0
23777,0
23822,0
23883,0
23903,0
23953,0
23982,0
24049,0
24072,0
24184,0
24296,0
24336,0
24386,0
24467,0
24624,0
24672,0
24733,0
24803,0
24892,0
24931,0
25007,0
25110,0
25131,0
25170,0
25257,0
25420,0
25732,0
25791,0
25916,0
26062,0
26391,0
26412,0
26445,0
26492,0
26629,0
26645,0
26899,0
26996,0
27029,0
27337,0
27447,0
27487,0
27522,0
27572,0
27649,0
27919,0
27966,0
27972,0
28009,0
28218,0
28227,0
28304,0
28318,0
28363,0
28412,0
28573,0
28730,0
28747,0
28836,0
28879,0
29015,0
29118,0
29191,0
29333,0
29601,0
29682,0
29817,0
29954,0
29955,0
30200,0
30268,0
30298,0
30372,0
30456,0
30495,0
30701,0
30804,0
31097,0
31193,0
31223,0
31476,0
31517,0
31544,0
31668,0
31781,0
31967,0
32182,0
32196,0
32200,0
32460,0
32627,0
32747,0
33312,0
33383,0
33442,0
33553,0
33613,0
33685,0
33721,0
33880,0
33965,0
34139,0
34203,0
34224,0
34310,0
34494,0
34517,0
34598,0
34778,0
34787,0
34793,0
34877,0
34948,0
35088,0
35135,0
35193,0
35235,0
35508,0
35511,0
35517,0
35634,0
35782,0
35788,0
35857,0
36133,0
36134,0
36244,0
36386,0
36427,0
36427,0
36553,0
36763,0
36823,0
36850,0
36944,0
36963,0
37115,0
37200,0
37211,0
37357,0
37363,0
37381,0
37462,0
37612,0
37775,0
37948,0
37995,0
38023,0
38054,0
38122,0
38340,0
38531,0
38710,0
38827,0
39067,0
39115,0
39377,0
39380,0
39393,0
39435,0
39508,0
39674,0
39700,0
39775,0
39814,0
39923,0
39958,0
39984,0
39997,0
40152,0
40361,0
40377,0
40562,0
40635,0
40676,0
40768,0
40787,0
40792,0
40794,0
40904,0
40934,0
41008,0
41102,0
41129,0
41150,0
41442,0
41526,0
41541,0
41708,0
41763,0
41904,0
41955,0
42065,0
42134,0
42924,0
42947,0
43160,0
43192,0
43230,0
43279,0
43348,0
43408,0
43565,0
43578,0
43690,0
43719,0
43728,0
43814,0
43848,0
43857,0
43970,0
44055,0
44075,0
44133,0
44136,0
44376,0
44487,0
44494,0
44511,0
44747,0
44798,0
44813,0
44970,0
45060,0
45137,0
45171,0
45252,0
45485,0
45529,0
45529,0
45731,0
45775,0
45806,0
45896,0
46028,0
46194,0
46217,0
46374,0
46394,0
46804,0
46947,0
47041,0
47075,0
47103,0
47126,0
47130,0
47361,0
47489,0
47639,0
47680,0
47789,0
47872,0
47876,0
48135,0
48449,0
48481,0
48561,0
48850,0
48933,0
48995,0
49006,0
49207,0
49212,0
49279,0
49318,0
49472,0
49481,0
49492,0
49667,0
49696,0
49778,0
49828,0
49877,0
49924,0
50002,0
50425,0
50478,0
50483,0
50552,0
50565,0
50689,0
50771,0
50888,0
50970,0
50983,0
51143,0
51217,0
51237,0
51358,0
51518,0
51739,0
51776,0
51944,0
52228,0
52290,0
52470,0
52515,0
52669,0
52705,0
53003,0
53069,0
53245,0
53343,0
53650,0
53654,0
53757,0
53799,0
53849,0
53953,0
54105,0
54380,0
54463,0
54487,0
55010,0
55050,0
55171,0
55193,0
55303,0
55328,0
55521,0
55575,0
55631,0
55646,0
55689,0
55726,0
55878,0
56123,0
56125,0
56197,0
56442,0
56583,0
56695,0
56710,0
56943,0
56952,0
56991,0
57022,0
57071,0
57108,0
57164,0
57204,0
57375,0
57384,0
57424,0
57611,0
57613,0
57802,0
57970,0
58237,0
58346,0
58489,0
58532,0
58559,0
58561,0
58622,0
58632,0
58722,0
58745,0
58756,0
58772,0
58899,0
58907,0
59222,0
59253,0
59298,0
59475,0
59676,0
59849,0
60019,0
60063,0
60157,0
60172,0
60224,0
60404,0
60450,0
60501,0
60790,0
60796,0
60979,0
61070,0
61165,0
61227,0
61314,0
61350,0
61682,0
61746,0
61759,0
61916,0
61949,0
62054,0
62072,0
62405,0
62417,0
62432,0
62496,0
62595,0
62617,0
62679,0
62684,0
62698,0
62730,0
62796,0
62821,0
62841,0
62856,0
62908,0
62958,0
62962,0
62992,0
63104,0
63148,0
63175,0
63266,0
63337,0
63695,0
63740,0
63761,0
63788,0
63838,0
63976,0
64050,0
64121,0
64181,0
64252,0
64309,0
64393,0
64632,0
64649,0
64736,0
64843,0
64856,0
64864,0
64959,0
65026,0
65090,0
65306,0
65322,0
65367,0
65597,0
65657,0
65804,0
66020,0
66177,0
66203,0
66232,0
66308,0
66574,0
66591,0
66686,0
66893,0
66932,0
67276,0
67283,0
67409,0
67447,0
67499,0
67541,0
67716,0
67924,0
68342,0
68564,0
68599,0
68649,0
68694,0
68879,0
68960,0
69068,0
69154,0
69245,0
69271,0
69282,0
69435,0
69473,0
69487,0
69676,0
69826,0
69972,0
69989,0
70010,0
70082,0
70140,0
70392,0
70466,0
70516,0
70550,0
70583,0
70599,0
70657,0
70717,0
70735,0
70738,0
70746,0
71002,0
71403,0
71552,0
71659,0
71786,0
71850,0
72010,0
72034,0
72065,0
72215,0
72263,0
72353,0
72470,0
72533,0
72546,0
72618,0
72631,0
72635,0
72771,0
72775,0
72865,0
72988,0
73066,0
73078,0
73120,0
73173,0
73224,0
73249,0
73460,0
73607,0
73638,0
73753,0
73775,0
73805,0
73817,0
73841,0
73913,0
74053,0
74102,0
74169,0
74330,0
74504,0
74623,0
74647,0
74709,0
75110,0
75124,0
75231,0
75478,0
75680,0
75774,0
75954,0
76061,0
76194,0
76200,0
76243,0
76259,0
76340,0
76445,0
76581,0
76604,0
76731,0
76733,0
76770,0
77068,0
77085,0
77323,0
77417,0
77660,0
77788,0
77809,0
77839,0
78040,0
78485,0
78491,0
78617,0
78659,0
78679,0
78742,0
78806,0
78863,0
78907,0
79350,0
79384,0
79484,0
79632,0
79719,0
79737,0
79896,0
80226,0
80320,0
80327,0
80401,0
80433,0
80750,0
80800,0
80807,0
81041,0
81102,0
81178,0
81349,0
81376,0
81429,0
81442,0
81509,0
81560,0
81564,0
81779,0
81806,0
81854,0
81957,0
82106,0
82176,0
82333,0
82347,0
82641,0
82754,0
82842,0
82870,0
82954,0
83024,0
83058,0
83087,0
83135,0
83315,0
83319,0
83350,0
83532,0
83768,0
83832,0
83880,0
84130,0
84167,0
84231,0
84267,0
84298,0
84349,0
84411,0
84432,0
84546,0
84576,0
84641,0
84852,0
84941,0
85092,0
85113,0
85296,0
85354,0
85697,0
85718,0
85792,0
85796,0
85847,0
85984,0
86358,0
86409,0
86491,0
86630,0
86642,0
86673,0
86817,0
86861,0
86970,0
87108,0
87210,0
87286,0
87409,0
87439,0
87484,0
87557,0
87579,0
87586,0
87820,0
87997,0
88033,0
88080,0
88139,0
88149,0
88194,0
88210,0
88495,0
88635,0
88650,0
88680,0
88886,0
88897,0
88912,0
88952,0
89023,0
89042,0
89111,0
89247,0
89324,0
89494,0
89522,0
89623,0
89849,0
89907,0
90053,0
90237,0
90473,0
90580,0
90600,0
90788,0
90872,0
91014,0
91076,0
91455,0
91485,0
91588,0
91740,0
91745,0
91854,0
91980,0
92035,0
92160,0
92341,0
92343,0
92674,0
92897,0
93100,0
93201,0
93440,0
93453,0
93516,0
93672,0
93819,0
94069,0
94195,0
94223,0
94246,0
94516,0
94637,0
94675,0
94828,0
94840,0
94952,0
95000,0
95163,0
95277,0
95342,0
95373,0
95548,0
95656,0
95730,0
95946,0
96000,0
96028,0
96049,0
96137,0
96356,0
96489,0
96715,0
96774,0
97005,0
97117,0
97157,0
97345,0
97394,0
97833,0
98046,0
98071,0
98252,0
98378,0
98670,0
98945,0
99029,0
99162,0
99244,0
99295,0
99581,0
99593,0
99614,0
99767,0
99807,0
99809,0
99929,0
100309,0
100381,0
100443,0
100448,0
100747,0
100748,0
100947,0
100949,0
101106,0
101116,0
101152,0
101256,0
101301,0
101383,0
102059,0
102142,0
102179,0
102263,0
102465,0
102485,0
102505,0
102627,0
102673,0
102838,0
102910,0
102926,0
103042,0
103097,0
103189,0
103302,0
103373,0
103404,0
104445,0
104511,0
104618,0
104650,0
104657,0
104805,0
104875,0
105321,0
105380,0
105385,0
105483,0
105503,0
105557,0
105586,0
105592,0
105614,0
105648,0
105664,0
105694,0
105716,0
105892,0
106027,0
106186,0
106333,0
106374,0
106622,0
106904,0
106979,0
107078,0
107222,0
107234,0
107557,0
107645,0
107832,0
107862,0
107924,0
107936,0
108004,0
108058,0
108063,0
108080,0
108247,0
108301,0
108351,0
108363,0
108421,0
108437,0
108461,0
108502,0
108834,0
109067,0
109082,0
109131,0
109167,0
109210,0
109322,0
109528,0
109576,0
109746,0
110011,0
110229,0
110329,0
110358,0
110399,0
110540,0
110542,0
110707,0
110743,0
110808,0
110823,0
110929,0
111379,0
111447,0
111480,0
111718,0
111760,0
111772,0
112038,0
112239,0
112378,0
112417,0
112419,0
112455,0
112569,0
112571,0
112635,0
112680,0
112741,0
112798,0
112946,0
112953,0
112989,0
113070,0
113175,0
113199,0
113208,0
113213,0
113249,0
113470,0
113550,0
113821,0
114330,0
114372,0
114408,0
114415,0
114463,0
114619,0
114895,0
114959,0
115042,0
115063,0
115198,0
115239,0
115339,0
115367,0
115796,0
115957,0
116550,0
116914,0
116993,0
117024,0
117048,0
117157,0
117218,0
117387,0
117458,0
117464,0
117467,0
117696,0
117904,0
118019,0
118025,0
118190,0
118196,0
118200,0
118624,0
118712,0
118845,0
118923,0
119043,0
119087,0
119134,0
119272,0
119402,0
119411,0
119597,0
119766,0
119906,0
119917,0
119932,0
119936,0
119998,0
120002,0
120023,0
120062,0
120096,0
120309,0
120339,0
120393,0
120570,0
120592,0
120622,0
120758,0
120863,0
121195,0
121239,0
121245,0
121621,0
121693,0
121980,0
121980,0
122002,0
122203,0
122260,0
122379,0
122414,0
122463,0
122581,0
122623,0
122754,0
122791,0
122857,0
123188,0
123329,0
123405,0
123619,0
123626,0
123714,0
123867,0
123961,0
123984,0
124084,0
124118,0
124208,0
124274,0
124321,0
124371,0
124647,0
124765,0
124801,0
125052,0
125089,0
125257,0
125278,0
125451,0
125563,0
125601,0
125649,0
125864,0
125891,0
125933,0
125984,0
126047,0
126117,0
126205,0
126262,0
126337,0
126475,0
126569,0
126615,0
126866,0
127272,0
127378,0
127524,0
127610,0
127649,0
127815,0
127837,0
127961,0
128084,0
128160,0
128232,0
128300,0
128522,0
128587,0
128921,0
128944,0
128992,0
129057,0
129087,0
129093,0
129151,0
129167,0
129278,0
129364,0
129573,0
130001,0
130078,0
130110,0
130189,0
130604,0
130651,0
130765,0
130823,0
130983,0
131051,0
131068,0
131185,0
131214,0
131261,0
131290,0
131350,0
131359,0
131487,0
131541,0
131798,0
132084,0
132205,0
132248,0
132349,0
132381,0
132513,0
132684,0
132865,0
132876,0
133073,0
133159,0
133174,0
133200,0
133296,0
133400,0
133427,0
133454,0
133466,0
133592,0
133598,0
133632,0
133651,0
133738,0
133778,0
133842,0
133860,0
133868,0
134134,0
134175,0
134190,0
134279,0
134397,0
134513,0
134562,0
134626,0
135150,0
135179,0
135324,0
135420,0
135604,0
135815,0
136110,0
136252,0
136376,0
136454,0
136572,0
136619,0
136657,0
136668,0
136701,0
136984,0
136988,0
137061,0
137115,0
137137,0
137194,0
137269,0
137283,0
137370,0
137413,0
137467,0
137582,0
137759,0
137858,0
137912,0
137948,0
138091,0
138147,0
138390,0
138542,0
138754,0
138862,0
138907,0
138918,0
138947,0
139017,0
139215,0
139299,0
139373,0
139408,0
139415,0
139535,0
139644,0
139653,0
139662,0
139785,0
139860,0
140033,0
140038,0
140063,0
140171,0
140232,0
140362,0
140453,0
140463,0
140534,0
140564,0
140699,0
140789,0
140900,0
141025,0
141127,0
141448,0
141545,0
141569,0
141620,0
141670,0
141706,0
141835,0
141934,0
142155,0
142426,0
142429,0
142458,0
142535,0
142648,0
142849,0
142893,0
142983,0
143005,0
143075,0
143227,0
143257,0
143312,0
143377,0
143667,0
143723,0
143773,0
143834,0
143911,0
143933,0
144014,0
144020,0
144043,0
144181,0
144615,0
144678,0
144747,0
144879,0
144898,0
144947,0
144989,0
145036,0
145053,0
145195,0
145333,0
145368,0
145572,0
145580,0
145649,0
145859,0
145983,0
146105,0
146157,0
146453,0
146460,0
146550,0
146554,0
146568,0
146787,0
146802,0
146886,0
147154,0
147178,0
147346,0
147531,0
147532,0
147575,0
147605,0
147778,0
147899,0
147944,0
147967,0
148111,0
148444,0
148507,0
148565,0
148755,0
148759,0
148777,0
148863,0
148930,0
149063,0
149091,0
149094,0
149215,0
149278,0
149289,0
149375,0
149390,0
149638,0
149643,0
149708,0
149710,0
149718,0
150109,0
150213,0
150309,0
150323,0
150721,0
150786,0
150998,0
151201,0
151297,0
151329,0
151351,0
151352,0
151517,0
151641,0
151701,0
151921,0
151980,0
152339,0
152523,0
152577,0
152577,0
152808,0
152842,0
152913,0
152949,0
153037,0
153090,0
153165,0
153171,0
153197,0
153267,0
153283,0
153423,0
153490,0
153616,0
153625,0
153657,0
153700,0
153712,0
153745,0
153786,0
153843,0
153963,0
153998,0
154017,0
154093,0
154218,0
154251,0
154252,0
154253,0
154556,0
154604,0
154629,0
154773,0
154942,0
155019,0
155075,0
155188,0
155314,0
155343,0
155577,0
155584,0
155633,0
155727,0
155747,0
155949,0
156089,0
156130,0
156200,0
156285,0
156286,0
156399,0
156518,0
156677,0
156784,0
156894,0
156932,0
157151,0
157224,0
157433,0
157499,0
157595,0
157627,0
157680,0
157958,0
158097,0
158324,0
158342,0
158367,0
158406,0
158520,0
158547,0
158726,0
158895,0
158951,0
158972,0
159136,0
159280,0
159486,0
159661,0
159796,0
160011,0
160064,0
160134,0
160337,0
160409,0
160615,0
160759,0
160772,0
160833,0
160876,0
160899,0
160934,0
160937,0
161222,0
161334,0
161398,0
161601,0
162147,0
162190,0
162241,0
162251,0
162337,0
162339,0
162376,0
162388,0
162450,0
162560,0
162647,0
162745,0
162770,0
162808,0
162966,0
163011,0
163051,0
163065,0
163176,0
163234,0
163256,0
163407,0
163448,0
163508,0
163973,0
164088,0
164259,0
164638,0
164952,0
164997,0
165010,0
165231,0
165303,0
165315,0
165330,0
165442,0
165454,0
165467,0
165517,0
165543,0
165680,0
165919,0
165983,0
166005,0
166017,0
166176,0
166292,0
166344,0
166485,0
166501,0
166614,0
166695,0
166822,0
166877,0
166898,0
167120,0
167144,0
167332,0
167362,0
167661,0
167707,0
167714,0
167740,0
167938,0
168019,0
168127,0
168281,0
168391,0
168420,0
168535,0
168560,0
168565,0
168638,0
168644,0
169118,0
169184,0
169194,0
169330,0
169383,0
169406,0
169423,0
169554,0
169978,0
170024,0
170030,0
170107,0
170172,0
170309,0
170340,0
170382,0
170390,0
170421,0
170430,0
170483,0
170728,0
170794,0
170827,0
170946,0
170966,0
171197,0
171203,0
171205,0
171259,0
171355,0
171383,0
171588,0
171649,0
171728,0
171785,0
171819,0
171877,0
171933,0
171949,0
171982,0
172011,0
172043,0
172206,0
172644,0
172656,0
172701,0
172732,0
172767,0
172791,0
172869,0
173094,0
173141,0
173206,0
173295,0
173400,0
173434,0
173464,0
173564,0
173633,0
173649,0
173674,0
173674,0
173829,0
173857,0
173906,0
173940,0
174052,0
174065,0
174069,0
174102,0
174136,0
174248,0
174297,0
174356,0
174373,0
174381,0
174474,0
174551,0
174700,0
174847,0
174901,0
175038,0
175059,0
175169,0
175510,0
175626,0
175683,0
175702,0
175757,0
175772,0
175799,0
175848,0
175898,0
175918,0
176107,0
176306,0
176408,0
176673,0
176929,0
176974,0
177173,0
177187,0
177334,0
177453,0
177513,0
177551,0
177662,0
177711,0
177747,0
177820,0
177884,0
177970,0
178174,0
178178,0
178264,0
178434,0
178481,0
178483,0
178525,0
178760,0
178792,0
178845,0
178948,0
179015,0
179022,0
179043,0
179340,0
179369,0
179699,0
179868,0
179983,0
180083,0
180569,0
180642,0
180716,0
180716,0
180724,0
180763,0
180810,0
180912,0
180980,0
181156,0
181159,0
181177,0
181234,0
181253,0
181427,0
181534,0
181869,0
181905,0
182020,0
182130,0
182191,0
182278,0
182423,0
182424,0
182556,0
182588,0
182859,0
182882,0
182949,0
182988,0
183150,0
183244,0
183619,0
183708,0
183776,0
183904,0
184005,0
184464,0
184510,0
184791,0
184914,0
185263,0
185361,0
185471,0
185508,0
185512,0
185515,0
185516,0
185684,0
185762,0
185788,0
185915,0
185956,0
185998,0
186032,0
186136,0
186148,0
186149,0
186149,0
186622,0
186691,0
186709,0
186737,0
186810,0
186886,0
186935,0
187116,0
187178,0
187199,0
187267,0
187284,0
187366,0
187386,0
187544,0
187646,0
187685,0
187797,0
188002,0
188125,0
188195,0
188270,0
188432,0
188441,0
188468,0
188580,0
189091,0
189164,0
189236,0
189277,0
189308,0
189533,0
189654,0
189837,0
189929,0
189993,0
190024,0
190145,0
190248,0
190308,0
190418,0
190444,0
190669,0
190764,0
190865,0
191100,0
191165,0
191182,0
191291,0
191311,0
191414,0
191448,0
191762,0
192025,0
192038,0
192511,0
192574,0
192832,0
192951,0
193028,0
193321,0
193336,0
193377,0
193483,0
193572,0
193589,0
194069,0
194426,0
194488,0
194537,0
194559,0
194565,0
194566,0
194567,0
194570,0
194757,0
194854,0
194942,0
194983,0
194988,0
195032,0
195206,0
195427,0
195814,0
195948,0
196062,0
196090,0
196412,0
196520,0
196592,0
196600,0
196739,0
196899,0
197189,0
197249,0
197253,0
197398,0
197418,0
197484,0
197524,0
197575,0
197624,0
197690,0
197702,0
197935,0
198010,0
198034,0
198058,0
198115,0
198128,0
198161,0
198162,0
198328,0
198379,0
198392,0
198728,0
198755,0
198759,0
198947,0
198958,0
198962,0
198990,0
199207,0
199234,0
199249,0
199378,0
199390,0
199569,0
199607,0
199763,0
199783,0
199820,0
199916,0
200006,0
200414,0
200427,0
200652,0
200681,0
200742,0
200780,0
200784,0
200965,0
201113,0
201132,0
201309,0
201399,0
201443,0
201547,0
201621,0
201975,0
202011,0
202133,0
202419,0
202467,0
202541,0
202572,0
202590,0
202640,0
202786,0
202795,0
202840,0
202843,0
202896,0
202904,0
203020,0
203062,0
203236,0
203480,0
203537,0
203824,0
203899,0
203938,0
204005,0
204206,0
204371,0
204450,0
204465,0
204724,0
204732,0
204804,0
204806,0
204817,0
204877,0
204997,0
205255,0
205300,0
205752,0
205923,0
206012,0
206023,0
206187,0
206205,0
206240,0
206345,0
206370,0
206425,0
206730,0
206923,0
206994,0
207144,0
207200,0
207314,0
207422,0
207431,0
207471,0
207683,0
207817,0
208010,0
208136,0
208163,0
208192,0
208377,0
208410,0
208446,0
208779,0
208972,0
209161,0
209201,0
209368,0
209427,0
209494,0
209588,0
209767,0
210031,0
210073,0
210334,0
210343,0
210345,0
210471,0
210756,0
210791,0
210836,0
210877,0
210980,0
210994,0
211011,0
211135,0
211231,0
211276,0
211724,0
211772,0
211830,0
211850,0
211942,0
212074,0
212208,0
212256,0
212344,0
212348,0
212456,0
212465,0
212513,0
212538,0
212583,0
212649,0
212705,0
212720,0
213069,0
213107,0
213215,0
213346,0
213469,0
213731,0
213794,0
213993,0
214112,0
214126,0
214172,0
214245,0
214454,0
214464,0
214641,0
214663,0
214750,0
214832,0
214847,0
215069,0
215122,0
215179,0
215664,0
216720,0
216853,0
217252,0
217454,0
217486,0
217533,0
217554,0
217686,0
217991,0
218050,0
218398,0
218498,0
218573,0
218833,0
218873,0
218901,0
219045,0
219176,0
219209,0
219342,0
219373,0
219383,0
219453,0
219846,0
219854,0
219923,0
219995,0
220043,0
220194,0
220220,0
220273,0
220306,0
220362,0
220434,0
220899,0
220936,0
221046,0
221179,0
221275,0
221326,0
221351,0
221398,0
221476,0
221565,0
221653,0
221660,0
222020,0
222076,0
222134,0
222201,0
222457,0
222523,0
222617,0
222674,0
222711,0
223155,0
223182,0
223202,0
223344,0
223467,0
223477,0
223654,0
223680,0
223785,0
224058,0
224075,0
224169,0
224385,0
224599,0
224868,0
224941,0
224960,0
225074,0
225206,0
225469,0
225593,0
225699,0
225706,0
225794,0
225839,0
225863,0
226317,0
226373,0
226477,0
226508,0
226521,0
226528,0
226562,0
226728,0
226737,0
226998,0
227102,0
227338,0
227422,0
227542,0
227559,0
227639,0
227698,0
227756,0
228144,0
228160,0
228222,0
228356,0
228411,0
228474,0
228568,0
228576,0
228622,0
228624,0
228637,0
228860,0
228881,0
228899,0
228953,0
229066,0
229171,0
229288,0
229467,0
229507,0
229563,0
229621,0
229688,0
229690,0
229796,0
229808,0
229889,0
229918,0
230357,0
230361,0
230364,0
230498,0
230535,0
230613,0
230742,0
230809,0
230902,0
231046,0
231391,0
231393,0
231430,0
231445,0
231503,0
231533,0
231669,0
231787,0
231946,0
231975,0
231979,0
231979,0
231988,0
232104,0
232208,0
232251,0
232293,0
232308,0
232443,0
232479,0
232551,0
232566,0
232639,0
232667,0
232856,0
232894,0
232993,0
233076,0
233227,0
233265,0
233402,0
233573,0
233709,0
233816,0
234025,0
234030,0
234378,0
234459,0
234500,0
234511,0
234575,0
234600,0
234661,0
234741,0
234977,0
235031,0
235063,0
235088,0
235101,0
235473,0
235522,0
235624,0
235836,0
235861,0
236261,0
236420,0
236472,0
236509,0
236548,0
236637,0
236782,0
236958,0
237125,0
237162,0
237209,0
237531,0
237549,0
237635,0
237704,0
237722,0
237726,0
237918,0
238333,0
238361,0
238498,0
238522,0
238541,0
238563,0
238570,0
238812,0
238978,0
239049,0
239179,0
239304,0
239358,0
239454,0
239511,0
239703,0
239761,0
239988,0
239995,0
240025,0
240031,0
240121,0
240132,0
240175,0
240324,0
240458,0
240484,0
240522,0
240540,0
240570,0
240637,0
240675,0
240685,0
240753,0
240866,0
241030,0
241070,0
241209,0
241334,0
241412,0
241532,0
241674,0
241859,0
241941,0
241977,0
242060,0
242102,0
242150,0
242161,0
242174,0
242474,0
242524,0
242550,0
242635,0
242702,0
242722,0
242755,0
242787,0
243131,0
243218,0
243348,0
243425,0
243491,0
243597,0
243629,0
243676,0
243897,0
243990,0
244000,0
244038,0
244039,0
244223,0
244348,0
244483,0
244546,0
244555,0
244674,0
244918,0
245415,0
245423,0
245774,0
245838,0
245867,0
245953,0
246111,0
246321,0
246386,0
246578,0
246686,0
246753,0
246763,0
246801,0
246828,0
246927,0
246970,0
247036,0
247053,0
247065,0
247333,0
247375,0
247491,0
247702,0
247932,0
247963,0
247974,0
248035,0
248052,0
248136,0
248248,0
248333,0
248578,0
248970,0
248998,0
249053,0
249106,0
249123,0
249205,0
249420,0
249562,0
249595,0
249793,0
249846,0
249860,0
249953,0
250076,0
250185,0
250211,0
250294,0
250375,0
250508,0
250545,0
250696,0
250729,0
250732,0
250785,0
251007,0
251028,0
251402,0
251416,0
251490,0
251537,0
251703,0
251816,0
251902,0
251922,0
251980,0
252060,0
252248,0
252310,0
252356,0
252358,0
252485,0
252553,0
252594,0
252666,0
252678,0
252998,0
253020,0
253041,0
253348,0
253550,0
253601,0
253949,0
254082,0
254236,0
254497,0
254521,0
254664,0
254683,0
254705,0
254853,0
254978,0
255331,0
255384,0
255425,0
255588,0
255727,0
256031,0
256091,0
256140,0
256321,0
256326,0
256433,0
256450,0
256488,0
256565,0
256575,0
256821,0
256896,0
257027,0
257052,0
257059,0
257165,0
257237,0
257255,0
257361,0
257452,0
257472,0
257576,0
257637,0
257714,0
257718,0
257729,0
257854,0
258145,0
258203,0
258251,0
258347,0
258365,0
258501,0
258574,0
258598,0
258715,0
258746,0
258752,0
258842,0
258858,0
258890,0
259092,0
259102,0
259140,0
259325,0
259586,0
259634,0
259690,0
259742,0
259755,0
259798,0
259863,0
259871,0
259886,0
260030,0
260161,0
260222,0
260357,0
260559,0
260607,0
260703,0
260704,0
260706,0
260779,0
261150,0
261176,0
261203,0
261279,0
261329,0
261428,0
261447,0
261613,0
261673,0
261687,0
261882,0
262081,0
262094,0
262124,0
262408,0
262430,0
262483,0
262505,0
262733,0
263125,0
263476,0
263540,0
263542,0
263574,0
263599,0
263689,0
263783,0
263850,0
264036,0
264341,0
264374,0
264558,0
264558,0
264580,0
264744,0
264767,0
264794,0
264794,0
265096,0
265375,0
265396,0
265446,0
265468,0
265492,0
265637,0
265937,0
266102,0
266149,0
266303,0
266378,0
266425,0
266555,0
266567,0
266583,0
266614,0
266647,0
266784,0
266790,0
266939,0
266947,0
266976,0
267006,0
267196,0
267263,0
267437,0
267516,0
267535,0
267629,0
267774,0
267853,0
267855,0
267892,0
267896,0
267902,0
267922,0
267965,0
268118,0
268241,0
268308,0
268385,0
268706,0
268711,0
268712,0
268807,0
268922,0
269008,0
269049,0
269191,0
269351,0
269585,0
269598,0
269991,0
270150,0
270175,0
270182,0
270196,0
270318,0
270391,0
270422,0
270507,0
270509,0
270561,0
270773,0
270839,0
270864,0
270880,0
270895,0
270933,0
270990,0
271011,0
271087,0
271198,0
271453,0
271758,0
271996,0
272151,0
272230,0
272347,0
272432,0
272715,0
272716,0
272754,0
272766,0
272901,0
273177,0
273232,0
273772,0
273782,0
273904,0
273979,0
274393,0
274662,0
274679,0
274687,0
274743,0
274767,0
274774,0
274794,0
274805,0
274962,0
275031,0
275151,0
275328,0
275464,0
275486,0
275743,0
275879,0
275957,0
275978,0
275990,0
276041,0
276090,0
276103,0
276153,0
276337,0
276396,0
276507,0
276550,0
276776,0
276898,0
276925,0
276934,0
277077,0
277191,0
277299,0
277392,0
277459,0
277532,0
277612,0
277660,0
277663,0
277683,0
278208,0
278355,0
278372,0
278483,0
278574,0
278644,0
278764,0
278861,0
278883,0
279120,0
279236,0
279283,0
279287,0
279305,0
279658,0
279817,0
279971,0
280114,0
280240,0
280518,0
280535,0
280591,0
280669,0
280950,0
281163,0
281227,0
281359,0
281405,0
281560,0
281620,0
281678,0
281714,0
282021,0
282049,0
282055,0
282549,0
282594,0
282640,0
282670,0
282713,0
282750,0
282981,0
283073,0
283307,0
283517,0
283636,0
283659,0
283831,0
283855,0
283926,0
284032,0
284045,0
284287,0
284292,0
284317,0
284360,0
284438,0
284518,0
284702,0
284958,0
285021,0
285081,0
285151,0
285269,0
285586,0
285655,0
285756,0
285771,0
285772,0
285789,0
285809,0
285831,0
285986,0
286047,0
286082,0
286188,0
286234,0
286376,0
286521,0
286560,0
286563,0
286660,0
286756,0
286782,0
287168,0
287214,0
287305,0
287356,0
287658,0
287828,0
288005,0
288099,0
288257,0
288335,0
288487,0
288658,0
288710,0
288732,0
288777,0
288850,0
288982,0
289105,0
289296,0
289495,0
289499,0
289633,0
289677,0
289829,0
289832,0
289855,0
289912,0
289993,0
290084,0
290114,0
290214,0
290391,0
290497,0
290537,0
290558,0
290578,0
290684,0
290830,0
290850,0
290943,0
291071,0
291088,0
291165,0
291206,0
291226,0
291245,0
291299,0
291438,0
291482,0
291564,0
291579,0
291640,0
291676,0
291711,0
291755,0
291804,0
291826,0
291877,0
291965,0
291991,0
292227,0
292320,0
292427,0
292578,0
292605,0
292703,0
292932,0
293443,0
293659,0
293699,0
293719,0
294006,0
294008,0
294112,0
294243,0
294367,0
294411,0
294612,0
294711,0
294771,0
294826,0
294882,0
294941,0
294981,0
295051,0
295139,0
295269,0
295386,0
295527,0
295602,0
295621,0
295738,0
296044,0
296067,0
296127,0
296260,0
296275,0
296494,0
296508,0
296557,0
296626,0
296728,0
296766,0
296812,0
296869,0
297152,0
297277,0
297347,0
297388,0
297471,0
297477,0
297480,0
297758,0
297970,0
297999,0
298361,0
298497,0
298551,0
298690,0
298819,0
298891,0
298911,0
299038,0
299074,0
299141,0
299429,0
299543,0
299624,0
299626,0
300116,0
300161,0
300188,0
300409,0
300494,0
300682,0
300847,0
300909,0
300996,0
301076,0
301421,0
301587,0
301614,0
301637,0
301843,0
301991,0
302139,0
302308,0
302392,0
302403,0
302583,0
302833,0
302915,0
302988,0
303144,0
303230,0
303255,0
303283,0
303292,0
303481,0
303519,0
303625,0
303747,0
304051,0
304147,0
304329,0
304475,0
304560,0
304680,0
304939,0
305056,0
305280,0
305304,0
305454,0
305558,0
305659,0
305793,0
306041,0
306374,0
306431,0
306708,0
307180,0
307298,0
307791,0
307983,0
307983,0
308142,0
308383,0
308432,0
308445,0
308504,0
308863,0
308889,0
308947,0
308951,0
308974,0
309277,0
309411,0
309415,0
309436,0
309651,0
309662,0
309749,0
309901,0
309917,0
310110,0
310131,0
310132,0
310135,0
310167,0
310242,0
310438,0
310469,0
310524,0
310639,0
310699,0
310868,0
310876,0
311028,0
311045,0
311115,0
311334,0
311354,0
311429,0
311610,0
311935,0
312019,0
312255,0
312288,0
312310,0
312353,0
312626,0
312792,0
312974,0
313061,0
313085,0
313202,0
313320,0
313365,0
313564,0
313629,0
313774,0
313872,0
313948,0
313958,0
314093,0
314115,0
314217,0
314324,0
314440,0
314628,0
314649,0
314674,0
314748,0
314778,0
314964,0
315099,0
315219,0
315293,0
315320,0
315388,0
315442,0
315468,0
315490,0
315508,0
315545,0
315947,0
315997,0
316221,0
316298,0
316313,0
316343,0
316391,0
316538,0
316618,0
316670,0
316706,0
316824,0
316925,0
316965,0
316997,0
317092,0
317378,0
317406,0
317534,0
317584,0
317733,0
317739,0
317771,0
318003,0
318070,0
318133,0
318214,0
318305,0
318309,0
318398,0
318583,0
318592,0
318775,0
318852,0
319039,0
319044,0
319076,0
319084,0
319274,0
319318,0
319508,0
319646,0
320167,0
320194,0
320250,0
320333,0
320404,0
320470,0
320489,0
320522,0
320557,0
320750,0
320774,0
320777,0
320795,0
320824,0
320868,0
321006,0
321161,0
321453,0
321674,0
321725,0
321730,0
321768,0
321887,0
321924,0
322001,0
322314,0
322346,0
322414,0
322457,0
322499,0
322534,0
322626,0
322635,0
322679,0
322716,0
322778,0
323252,0
323261,0
323272,0
323334,0
323419,0
323530,0
323683,0
323785,0
323797,0
323815,0
323815,0
324005,0
324033,0
324039,0
324144,0
324196,0
324264,0
324321,0
324337,0
324664,0
324735,0
324946,0
324954,0
325044,0
325290,0
325310,0
325514,0
325553,0
325621,0
325625,0
325737,0
326069,0
326084,0
326089,0
326092,0
326111,0
326351,0
326358,0
326502,0
326555,0
326607,0
327121,0
327143,0
327246,0
327348,0
327409,0
327525,0
327597,0
327651,0
327699,0
327994,0
328114,0
328202,0
328240,0
328247,0
328254,0
328344,0
328361,0
328681,0
328746,0
328999,0
329244,0
329306,0
329375,0
329422,0
329622,0
329679,0
329947,0
330251,0
330255,0
330471,0
330602,0
330741,0
330761,0
330768,0
330782,0
330851,0
331039,0
331063,0
331298,0
331392,0
331589,0
331792,0
331802,0
332064,0
332303,0
332477,0
332614,0
332712,0
332713,0
332830,0
333187,0
333272,0
333316,0
333317,0
333328,0
333363,0
333399,0
333538,0
333717,0
333809,0
333823,0
333895,0
333899,0
333997,0
334199,0
334226,0
334288,0
334396,0
334608,0
334628,0
334814,0
335035,0
335138,0
335313,0
335613,0
335636,0
335734,0
335757,0
335902,0
335914,0
335980,0
336201,0
336202,0
336276,0
336322,0
336341,0
336408,0
336426,0
336506,0
336539,0
336826,0
336980,0
337104,0
337302,0
337555,0
337662,0
337690,0
337820,0
337828,0
337837,0
337852,0
338027,0
338121,0
338149,0
338225,0
338286,0
338340,0
338376,0
338466,0
338719,0
338821,0
338999,0
339049,0
339111,0
339160,0
339218,0
339251,0
339345,0
339397,0
339482,0
339491,0
339528,0
339570,0
339575,0
339676,0
339715,0
339931,0
339955,0
340049,0
340273,0
340414,0
340554,0
340596,0
340658,0
340775,0
340819,0
341017,0
341134,0
341160,0
341287,0
341326,0
341417,0
341474,0
341540,0
341556,0
341704,0
341811,0
341936,0
342057,0
342194,0
342212,0
342228,0
342304,0
342310,0
342458,0
342467,0
342557,0
342706,0
342706,0
342954,0
342972,0
343057,0
343242,0
343248,0
343287,0
343495,0
343532,0
343558,0
343721,0
343767,0
343778,0
343851,0
344128,0
344189,0
344224,0
344253,0
344281,0
344353,0
344355,0
344369,0
344395,0
344434,0
344467,0
344507,0
344603,0
344832,0
344867,0
344925,0
345058,0
345126,0
345154,0
345227,0
345312,0
345454,0
345695,0
345843,0
346029,0
346126,0
346339,0
346369,0
346491,0
346491,0
346608,0
346611,0
346618,0
346632,0
346819,0
347198,0
347239,0
347412,0
347416,0
347638,0
347697,0
347740,0
347741,0
347988,0
348067,0
348339,0
348436,0
348493,0
348575,0
348585,0
348675,0
348817,0
348932,0
348963,0
349203,0
349472,0
349512,0
349612,0
349922,0
350094,0
350095,0
350129,0
350229,0
350323,0
350471,0
350608,0
350612,0
351002,0
351045,0
351327,0
351399,0
351446,0
351456,0
351545,0
351839,0
351953,0
352020,0
352103,0
352279,0
352345,0
352405,0
352602,0
352697,0
352710,0
352720,0
352805,0
353012,0
353361,0
353389,0
353516,0
353525,0
353794,0
353813,0
354008,0
354152,0
354205,0
354376,0
354401,0
354447,0
354486,0
354609,0
354822,0
354844,0
354926,0
354943,0
355427,0
355618,0
355626,0
355652,0
355729,0
355740,0
355742,0
355903,0
355948,0
356064,0
356071,0
356386,0
356666,0
356733,0
356762,0
356916,0
356918,0
357164,0
357237,0
357265,0
357281,0
357348,0
357397,0
357545,0
357623,0
357754,0
357767,0
357798,0
357829,0
357914,0
357944,0
358108,0
358237,0
358336,0
358346,0
358377,0
358389,0
358542,0
358559,0
358617,0
358638,0
358648,0
358650,0
358658,0
358828,0
358956,0
358988,0
359084,0
359111,0
359174,0
359232,0
359265,0
359320,0
359332,0
359446,0
359821,0
359831,0
359840,0
359869,0
359890,0
360017,0
360074,0
360549,0
360605,0
360622,0
360637,0
360674,0
360736,0
360820,0
360850,0
360889,0
360950,0
361005,0
361190,0
361433,0
361481,0
361503,0
361811,0
361816,0
361871,0
361939,0
361976,0
362145,0
362177,0
362289,0
362327,0
362590,0
362649,0
362709,0
362780,0
362786,0
362899,0
362927,0
362939,0
362996,0
363013,0
363142,0
363184,0
363245,0
363464,0
363616,0
363627,0
363671,0
363967,0
364231,0
364251,0
364343,0
364351,0
364444,0
364794,0
364820,0
365011,0
365018,0
365030,0
365317,0
365329,0
365342,0
365413,0
365525,0
365559,0
365584,0
365613,0
365615,0
365745,0
365930,0
366063,0
366115,0
366220,0
366490,0
366494,0
366533,0
366654,0
366689,0
366715,0
366832,0
366854,0
367147,0
367157,0
368160,0
368318,0
368454,0
368476,0
368487,0
368583,0
368617,0
368686,0
368852,0
369064,0
369082,0
369184,0
369216,0
369698,0
369717,0
369902,0
370197,0
370300,0
370346,0
370359,0
370544,0
370714,0
370797,0
370897,0
371007,0
371098,0
371170,0
371303,0
371356,0
371419,0
371522,0
371593,0
371624,0
371654,0
371777,0
371834,0
371948,0
371994,0
372161,0
372328,0
372474,0
372693,0
372704,0
372705,0
372726,0
372732,0
372856,0
372919,0
372984,0
373022,0
373043,0
373054,0
373216,0
373299,0
373350,0
373357,0
373391,0
373537,0
373629,0
373632,0
373684,0
373688,0
373690,0
373734,0
373789,0
373986,0
373998,0
374008,0
374110,0
374278,0
374307,0
374368,0
374371,0
374415,0
374465,0
374533,0
374555,0
374719,0
374775,0
374990,0
375105,0
375108,0
375111,0
375139,0
375196,0
375200,0
375453,0
375486,0
375670,0
375692,0
375750,0
375860,0
375873,0
376146,0
376205,0
376246,0
376441,0
376589,0
376604,0
376616,0
377011,0
377051,0
377290,0
377500,0
377628,0
377675,0
377827,0
377830,0
377864,0
378206,0
378216,0
378539,0
378655,0
378686,0
378698,0
378893,0
378940,0
378956,0
379035,0
379139,0
379477,0
379679,0
379711,0
379914,0
379979,0
380404,0
380442,0
380460,0
380997,0
381011,0
381097,0
381127,0
381299,0
381388,0
381402,0
381763,0
381771,0
381900,0
382111,0
382204,0
382352,0
382475,0
382738,0
382825,0
382867,0
382893,0
383161,0
383163,0
383289,0
383472,0
383498,0
383549,0
383719,0
384225,0
384310,0
384458,0
384520,0
384525,0
384534,0
384697,0
384759,0
384901,0
384942,0
384991,0
385058,0
385115,0
385227,0
385299,0
385315,0
385366,0
385665,0
385893,0
385913,0
385916,0
385917,0
385994,0
386093,0
386104,0
386132,0
386141,0
386169,0
386190,0
386384,0
386406,0
386482,0
386912,0
387038,0
387066,0
387143,0
387201,0
387232,0
387281,0
387473,0
387479,0
387533,0
387548,0
387855,0
387930,0
387930,0
388154,0
388234,0
388302,0
388430,0
388440,0
388525,0
388715,0
388876,0
388891,0
388925,0
389101,0
389117,0
389243,0
389291,0
389299,0
389343,0
389419,0
389456,0
389493,0
389543,0
389659,0
389708,0
389740,0
389774,0
389821,0
389832,0
389853,0
389925,0
390145,0
390170,0
390199,0
390259,0
390649,0
390720,0
390835,0
390870,0
390883,0
391027,0
391094,0
391113,0
391388,0
391556,0
391576,0
391944,0
392001,0
392104,0
392122,0
392228,0
392282,0
392378,0
392386,0
392587,0
392609,0
392615,0
392724,0
392757,0
392828,0
392871,0
393016,0
393118,0
393195,0
393238,0
393284,0
393408,0
393487,0
393537,0
393678,0
393752,0
393767,0
393772,0
393781,0
393937,0
394286,0
394597,0
394903,0
394917,0
395007,0
395278,0
395297,0
395500,0
395552,0
395686,0
395748,0
395884,0
395885,0
395930,0
395959,0
396147,0
396163,0
396692,0
396764,0
396767,0
397061,0
397168,0
397207,0
397285,0
397316,0
397369,0
397406,0
397421,0
397497,0
397497,0
397534,0
397552,0
397556,0
397589,0
397726,0
398179,0
398179,0
398310,0
398322,0
398393,0
398451,0
398565,0
398655,0
398656,0
398684,0
398739,0
399038,0
399131,0
399194,0
399280,0
399413,0
399422,0
399448,0
399598,0
399651,0
399683,0
399898,0
399931,0
399986,0
400037,0
400057,0
400799,0
400876,0
401028,0
401122,0
401355,0
401369,0
401493,0
401543,0
401568,0
401593,0
401689,0
401970,0
402088,0
402125,0
402164,0
402426,0
402469,0
402507,0
402510,0
402719,0
402831,0
403004,0
403016,0
403058,0
403073,0
403103,0
403311,0
403408,0
403466,0
403676,0
403915,0
404073,0
404257,0
404270,0
404471,0
404760,0
404763,0
404797,0
404903,0
405079,0
405107,0
405398,0
405694,0
405829,0
405862,0
405894,0
405969,0
405989,0
406006,0
406076,0
406122,0
406633,0
406686,0
406823,0
406988,0
406993,0
407006,0
407068,0
407274,0
407369,0
407497,0
407563,0
407820,0
408059,0
408077,0
408150,0
408210,0
408212,0
408282,0
408581,0
408714,0
408757,0
408785,0
408843,0
408949,0
409138,0
409433,0
409439,0
409723,0
409798,0
409929,0
409940,0
410075,0
410158,0
410345,0
410503,0
410512,0
410518,0
410532,0
410937,0
411145,0
411444,0
411521,0
411793,0
411848,0
411936,0
412052,0
412304,0
412348,0
412408,0
412469,0
412482,0
412519,0
412585,0
412594,0
412630,0
412664,0
412680,0
412696,0
412993,0
413133,0
413207,0
413301,0
413373,0
413421,0
413603,0
413731,0
413826,0
413899,0
413908,0
413975,0
413977,0
413983,0
414057,0
414121,0
414180,0
414511,0
414645,0
414834,0
415092,0
415125,0
415277,0
415419,0
415441,0
415652,0
415825,0
415876,0
415938,0
416077,0
416129,0
416291,0
416353,0
416367,0
416483,0
416668,0
416701,0
416796,0
416812,0
416925,0
416940,0
417150,0
417236,0
417473,0
417478,0
417540,0
417632,0
417804,0
417827,0
418059,0
418144,0
418211,0
418219,0
418293,0
418400,0
418488,0
418598,0
418750,0
418783,0
418833,0
418909,0
419007,0
419019,0
419101,0
419151,0
419284,0
419303,0
419505,0
419709,0
419742,0
419769,0
419788,0
419799,0
419806,0
419955,0
419964,0
420099,0
420321,0
420352,0
420559,0
420585,0
420774,0
420816,0
420912,0
420982,0
421013,0
421042,0
421225,0
421291,0
421409,0
421501,0
421522,0
421529,0
421571,0
422016,0
422370,0
422373,0
422512,0
422647,0
422673,0
422977,0
423127,0
423258,0
423314,0
423317,0
423525,0
423541,0
423559,0
423681,0
423751,0
423829,0
423948,0
424172,0
424457,0
424625,0
424780,0
425009,0
425122,0
425179,0
425236,0
425351,0
425442,0
425475,0
425557,0
425681,0
425685,0
425821,0
425825,0
425854,0
426038,0
426170,0
426213,0
426244,0
426354,0
426400,0
426625,0
426630,0
426806,0
426808,0
426953,0
427349,0
427381,0
427635,0
427663,0
427797,0
427824,0
427840,0
427843,0
427855,0
427980,0
428186,0
428393,0
428652,0
428693,0
428852,0
428879,0
428962,0
429057,0
429130,0
429251,0
429466,0
429517,0
429585,0
429677,0
429690,0
429702,0
429855,0
429863,0
429876,0
429878,0
430124,0
430452,0
430456,0
430670,0
430693,0
430722,0
430879,0
430941,0
431065,0
431087,0
431105,0
431122,0
431376,0
431384,0
431428,0
431467,0
431481,0
431588,0
431669,0
431713,0
431843,0
431844,0
431925,0
432092,0
432250,0
432254,0
432261,0
432303,0
432374,0
432394,0
432524,0
432669,0
432781,0
432791,0
432825,0
432912,0
432931,0
432940,0
432992,0
433005,0
433014,0
433140,0
433174,0
433177,0
433212,0
433473,0
433481,0
433555,0
433599,0
433723,0
433785,0
434023,0
434027,0
434068,0
434210,0
434221,0
434517,0
434761,0
434776,0
435012,0
435045,0
435099,0
435382,0
435426,0
435542,0
435873,0
435948,0
436010,0
436049,0
436137,0
436183,0
436228,0
436277,0
436284,0
436555,0
436599,0
436658,0
436751,0
436794,0
436812,0
436944,0
437277,0
437403,0
437485,0
437874,0
438302,0
438326,0
438628,0
438651,0
438747,0
438851,0
438907,0
438940,0
439044,0
439095,0
439113,0
439233,0
439304,0
439321,0
439363,0
439588,0
439595,0
439604,0
439659,0
439787,0
439791,0
439978,0
440009,0
440087,0
440134,0
440317,0
440394,0
440409,0
440435,0
440437,0
440465,0
440773,0
440807,0
440850,0
440878,0
440901,0
441292,0
441318,0
441412,0
441576,0
441720,0
441748,0
441799,0
442187,0
442287,0
442301,0
442433,0
442682,0
443048,0
443124,0
443176,0
443396,0
443401,0
443739,0
443762,0
443790,0
443845,0
443896,0
443931,0
444053,0
444131,0
444279,0
444385,0
444456,0
444524,0
444590,0
444598,0
444748,0
444957,0
445022,0
445054,0
445228,0
445246,0
445332,0
445416,0
445422,0
445520,0
445861,0
445870,0
445924,0
445937,0
445962,0
446287,0
446314,0
446374,0
446400,0
446539,0
446571,0
446654,0
446665,0
446749,0
446787,0
447071,0
447147,0
447201,0
447367,0
447502,0
447538,0
447552,0
447710,0
448271,0
448552,0
448640,0
448699,0
448799,0
448841,0
448888,0
448989,0
449194,0
449256,0
449383,0
449457,0
449525,0
449553,0
449561,0
449776,0
449870,0
449902,0
449931,0
449938,0
450011,0
450020,0
450041,0
450048,0
450205,0
450283,0
450644,0
450916,0
451175,0
451179,0
451335,0
451393,0
451394,0
451556,0
451636,0
451637,0
451690,0
452018,0
452120,0
452459,0
452505,0
452591,0
452670,0
452907,0
452980,0
453083,0
453106,0
453254,0
453281,0
453574,0
453590,0
453616,0
453626,0
453674,0
453739,0
453836,0
453928,0
453932,0
453956,0
454047,0
454085,0
454096,0
454227,0
454352,0
454489,0
454542,0
454747,0
454916,0
454961,0
455228,0
455347,0
455365,0
455390,0
455418,0
455429,0
455486,0
455719,0
455727,0
455766,0
455803,0
455957,0
455962,0
456016,0
456036,0
456051,0
456067,0
456136,0
456303,0
456313,0
456317,0
456350,0
456394,0
456394,0
456764,0
456901,0
457205,0
457248,0
457254,0
457283,0
457378,0
457440,0
457446,0
457473,0
457526,0
457630,0
458017,0
458022,0
458081,0
458084,0
458098,0
458129,0
458131,0
458440,0
458503,0
458535,0
458538,0
458716,0
458725,0
458786,0
458880,0
458977,0
459062,0
459181,0
459462,0
459942,0
459980,0
460078,0
460136,0
460175,0
460203,0
460268,0
460272,0
460544,0
460658,0
460683,0
460915,0
460960,0
461088,0
461118,0
461158,0
461188,0
461307,0
461311,0
461344,0
461585,0
461755,0
461806,0
461823,0
461859,0
461926,0
462146,0
462225,0
462387,0
462551,0
462605,0
462809,0
462829,0
463105,0
463116,0
463147,0
463221,0
463233,0
463246,0
463326,0
463425,0
463542,0
463562,0
463716,0
463822,0
463898,0
463910,0
464216,0
464261,0
464273,0
464308,0
464353,0
464447,0
464573,0
464866,0
464908,0
465051,0
465123,0
465127,0
465177,0
465188,0
465191,0
465212,0
465410,0
465566,0
465575,0
465741,0
465813,0
465856,0
465871,0
466105,0
466111,0
466187,0
466334,0
466474,0
466608,0
466680,0
466687,0
466704,0
466998,0
467070,0
467072,0
467272,0
467599,0
467676,0
467679,0
467728,0
467774,0
467807,0
467886,0
467905,0
467956,0
468062,0
468229,0
468284,0
468567,0
469094,0
469256,0
469339,0
469377,0
469456,0
469499,0
469709,0
469753,0
469792,0
469796,0
469830,0
469968,0
470098,0
470378,0
470431,0
470465,0
470484,0
470656,0
470666,0
470746,0
471058,0
471102,0
471156,0
471199,0
471301,0
471370,0
471432,0
471499,0
471526,0
471607,0
471668,0
471761,0
472016,0
472036,0
472088,0
472116,0
472135,0
472255,0
472331,0
472394,0
472414,0
472643,0
472764,0
472781,0
472793,0
472870,0
472969,0
473051,0
473275,0
473297,0
473347,0
473515,0
473804,0
473927,0
474002,0
474113,0
474178,0
474228,0
474242,0
474300,0
474412,0
474573,0
474751,0
474812,0
474856,0
475006,0
475019,0
475079,0
475133,0
475142,0
475342,0
475364,0
475462,0
475643,0
475926,0
475931,0
476063,0
476181,0
476377,0
476563,0
476650,0
476667,0
476676,0
476738,0
476745,0
476936,0
477030,0
477150,0
477198,0
477311,0
477320,0
477354,0
477385,0
477499,0
477657,0
477803,0
477864,0
477903,0
478051,0
478058,0
478101,0
478285,0
478348,0
478383,0
478571,0
478613,0
478746,0
478858,0
479067,0
479100,0
479258,0
479407,0
479487,0
479508,0
479623,0
479674,0
479760,0
479767,0
479805,0
479892,0
479910,0
479950,0
479952,0
480011,0
480078,0
480112,0
480218,0
480454,0
480489,0
480499,0
480590,0
480603,0
480641,0
480730,0
480735,0
480909,0
481448,0
481608,0
481623,0
481640,0
481774,0
481841,0
481994,0
482082,0
482134,0
482307,0
482552,0
482729,0
482814,0
482969,0
483000,0
483266,0
483348,0
483547,0
483565,0
483581,0
483615,0
483649,0
484216,0
484221,0
484233,0
484244,0
484391,0
484441,0
484450,0
484790,0
484937,0
484981,0
485155,0
485228,0
485249,0
485250,0
485630,0
485763,0
485858,0
485928,0
486159,0
486293,0
486403,0
486415,0
486849,0
486930,0
486960,0
486998,0
487093,0
487269,0
487301,0
487488,0
487531,0
488018,0
488143,0
488156,0
488318,0
488414,0
488691,0
488837,0
488865,0
488882,0
489258,0
489337,0
489555,0
489676,0
489682,0
490025,0
490121,0
490140,0
490197,0
490206,0
490227,0
490227,0
490292,0
490567,0
490808,0
491164,0
491448,0
491560,0
491634,0
491930,0
492025,0
492167,0
492214,0
492352,0
492379,0
492490,0
492596,0
492651,0
492681,0
492701,0
492819,0
493016,0
493164,0
493182,0
493451,0
493512,0
493635,0
493847,0
493874,0
493927,0
494123,0
494127,0
494166,0
494219,0
494255,0
494382,0
494413,0
494426,0
494439,0
494487,0
494500,0
494518,0
494636,0
494675,0
494698,0
494724,0
494759,0
494775,0
494826,0
494855,0
494887,0
494888,0
495052,0
495107,0
495149,0
495348,0
495374,0
495374,0
495435,0
495471,0
495521,0
495640,0
495673,0
495683,0
495736,0
495838,0
495934,0
496271,0
496347,0
496360,0
496509,0
496654,0
496839,0
496840,0
496961,0
497334,0
497520,0
497757,0
497763,0
497997,0
498110,0
498226,0
498323,0
498440,0
498545,0
498722,0
498935,0
499002,0
499036,0
499101,0
499144,0
499154,0
499178,0
499277,0
499480,0
499511,0
499569,0
499632,0
499793,0
499835,0
499871,0
499891,0
499904,0
500028,0
500039,0
500179,0
