26,0
71,0
85,0
127,0
139,0
143,0
148,0
150,0
154,0
169,0
174,0
177,0
218,0
220,0
221,0
233,0
236,0
246,0
257,0
263,0
287,0
318,0
323,0
333,0
336,0
362,0
402,0
409,0
418,0
425,0
428,0
445,0
468,0
481,0
515,0
525,0
527,0
529,0
538,0
575,0
596,0
598,0
601,0
663,0
664,0
676,0
679,0
698,0
704,0
726,0
747,0
748,0
754,0
774,0
788,0
817,0
819,0
869,0
873,0
874,0
884,0
917,0
923,0
945,0
945,0
960,0
963,0
974,0
988,0
991,0
1014,0
1018,0
1044,0
1074,0
1079,0
1091,0
1106,0
1109,0
1121,0
1128,0
1133,0
1150,0
1152,0
1174,0
1176,0
1176,0
1192,0
1205,0
1208,0
1223,0
1224,0
1237,0
1258,0
1279,0
1279,0
1311,0
1314,0
1329,0
1333,0
1339,0
1372,0
1442,0
1459,0
1463,0
1467,0
1507,0
1520,0
1520,0
1536,0
1554,0
1590,0
1638,0
1642,0
1648,0
1655,0
1662,0
1665,0
1671,0
1690,0
1700,0
1703,0
1712,0
1720,0
1745,0
1748,0
1749,0
1794,0
1810,0
1813,0
1828,0
1845,0
1858,0
1865,0
1878,0
1893,0
1896,0
1903,0
1923,0
1941,0
1945,0
1990,0
2000,0
2004,0
2010,0
2033,0
2043,0
2071,0
2072,0
2078,0
2097,0
2125,0
2133,0
2148,0
2154,0
2155,0
2163,0
2168,0
2172,0
2196,0
2207,0
2237,0
2239,0
2293,0
2294,0
2296,0
2321,0
2346,0
2346,0
2375,0
2390,0
2411,0
2423,0
2425,0
2455,0
2499,0
2506,0
2509,0
2511,0
2514,0
2581,0
2588,0
2603,0
2605,0
2664,0
2671,0
2676,0
2737,0
2741,0
2742,0
2759,0
2761,0
2771,0
2805,0
2817,0
2850,0
2856,0
2867,0
2867,0
2875,0
2890,0
2900,0
2902,0
2912,0
2913,0
2924,0
2934,0
2946,0
3002,0
3017,0
3026,0
3033,0
3041,0
3047,0
3099,0
3111,0
3161,0
3175,0
3205,0
3230,0
3230,0
3262,0
3264,0
3279,0
3314,0
3326,0
3361,0
3412,0
3414,0
3420,0
3426,0
3429,0
3436,0
3438,0
3468,0
3470,0
3486,0
3499,0
3544,0
3633,0
3645,0
3675,0
3677,0
3706,0
3715,0
3747,0
3748,0
3751,0
3753,0
3771,0
3772,0
3779,0
3799,0
3802,0
3807,0
3837,0
3839,0
3866,0
3898,0
3917,0
3933,0
3956,0
3966,0
3974,0
4002,0
4004,0
4033,0
4041,0
4103,0
4111,0
4143,0
4154,0
4155,0
4163,0
4168,0
4191,0
4197,0
4229,0
4257,0
4260,0
4264,0
4302,0
4307,0
4311,0
4320,0
4323,0
4325,0
4364,0
4390,0
4396,0
4397,0
4414,0
4416,0
4432,0
4436,0
4446,0
4456,0
4460,0
4485,0
4492,0
4516,0
4523,0
4528,0
4566,0
4572,0
4577,0
4580,0
4602,0
4612,0
4613,0
4617,0
4623,0
4628,0
4628,0
4635,0
4646,0
4657,0
4665,0
4679,0
4707,0
4711,0
4727,0
4756,0
4764,0
4770,0
4777,0
4783,0
4787,0
4837,0
4859,0
4874,0
4916,0
4938,0
4940,0
4946,0
4975,0
4985,0
4993,0
4996,0
5000,0
5017,0
5021,0
5026,0
5028,0
5042,0
5047,0
5090,0
5118,0
5130,0
5153,0
5163,0
5174,0
5201,0
5225,0
5228,0
5233,0
5248,0
5267,0
5286,0
5301,0
5302,0
5307,0
5316,0
5362,0
5378,0
5402,0
5432,0
5432,0
5433,0
5436,0
5447,0
5479,0
5493,0
5498,0
5521,0
5554,0
5580,0
5582,0
5623,0
5633,0
5702,0
5714,0
5720,0
5724,0
5757,0
5779,0
5809,0
5821,0
5830,0
5835,0
5836,0
5842,0
5851,0
5852,0
5853,0
5858,0
5886,0
5897,0
5906,0
5988,0
6009,0
6010,0
6038,0
6087,0
6092,0
6098,0
6101,0
6102,0
6114,0
6119,0
6156,0
6166,0
6172,0
6174,0
6176,0
6202,0
6220,0
6231,0
6281,0
6298,0
6312,0
6325,0
6329,0
6347,0
6399,0
6433,0
6445,0
6458,0
6468,0
6471,0
6473,0
6475,0
6478,0
6568,0
6572,0
6573,0
6580,0
6591,0
6626,0
6654,0
6656,0
6681,0
6692,0
6701,0
6720,0
6739,0
6763,0
6775,0
6795,0
6796,0
6809,0
6817,0
6820,0
6837,0
6867,0
6882,0
6905,0
6921,0
6928,0
6930,0
6940,0
6961,0
6968,0
7016,0
7020,0
7053,0
7071,0
7083,0
7101,0
7101,0
7135,0
7140,0
7159,0
7185,0
7206,0
7206,0
7216,0
7218,0
7230,0
7239,0
7246,0
7251,0
7257,0
7276,0
7280,0
7287,0
7306,0
7327,0
7339,0
7345,0
7353,0
7370,0
7387,0
7416,0
7418,0
7430,0
7436,0
7439,0
7457,0
7464,0
7534,0
7575,0
7629,0
7647,0
7652,0
7696,0
7735,0
7758,0
7780,0
7788,0
7792,0
7798,0
7809,0
7818,0
7830,0
7864,0
7880,0
7882,0
7922,0
7960,0
7961,0
7962,0
7968,0
7972,0
7975,0
7992,0
7995,0
8011,0
8054,0
8060,0
8067,0
8077,0
8078,0
8116,0
8116,0
8116,0
8134,0
8140,0
8146,0
8156,0
8171,0
8191,0
8197,0
8197,0
8241,0
8257,0
8269,0
8274,0
8300,0
8315,0
8397,0
8434,0
8438,0
8452,0
8458,0
8460,0
8472,0
8476,0
8484,0
8502,0
8513,0
8558,0
8565,0
8594,0
8611,0
8640,0
8732,0
8753,0
8790,0
8820,0
8852,0
8863,0
8869,0
8922,0
8924,0
8928,0
8958,0
8967,0
8968,0
8978,0
8986,0
8988,0
8994,0
9049,0
9052,0
9056,0
9063,0
9068,0
9094,0
9106,0
9132,0
9151,0
9168,0
9172,0
9173,0
9209,0
9212,0
9213,0
9295,0
9297,0
9298,0
9331,0
9345,0
9410,0
9415,0
9425,0
9443,0
9464,0
9472,0
9519,0
9531,0
9532,0
9573,0
9578,0
9596,0
9632,0
9653,0
9655,0
9660,0
9679,0
9704,0
9706,0
9732,0
9733,0
9734,0
9739,0
9752,0
9767,0
9798,0
9805,0
9818,0
9832,0
9852,0
9890,0
9912,0
9928,0
9999,0
10000,0
10028,0
10033,0
10034,0
10051,0
10052,0
10057,0
10068,0
10109,0
10118,0
10122,0
10125,0
10143,0
10157,0
10164,0
10219,0
10244,0
10297,0
10311,0
10362,0
10387,0
10406,0
10418,0
10419,0
10420,0
10439,0
10458,0
10528,0
10538,0
10546,0
10554,0
10554,0
10572,0
10597,0
10611,0
10617,0
10629,0
10638,0
10652,0
10661,0
10693,0
10698,0
10730,0
10738,0
10765,0
10810,0
10834,0
10835,0
10895,0
10904,0
10906,0
10918,0
10930,0
10947,0
10957,0
10973,0
11002,0
11039,0
11055,0
11060,0
11068,0
11072,0
11079,0
11087,0
11131,0
11135,0
11140,0
11148,0
11151,0
11156,0
11181,0
11201,0
11219,0
11225,0
11228,0
11248,0
11251,0
11260,0
11268,0
11276,0
11283,0
11286,0
11299,0
11300,0
11315,0
11337,0
11358,0
11364,0
11384,0
11399,0
11403,0
11416,0
11460,0
11464,0
11466,0
11467,0
11469,0
11508,0
11518,0
11534,0
11543,0
11556,0
11557,0
11582,0
11646,0
11650,0
11653,0
11668,0
11671,0
11681,0
11697,0
11718,0
11743,0
11758,0
11759,0
11770,0
11770,0
11803,0
11807,0
11816,0
11816,0
11850,0
11864,0
11883,0
11897,0
11901,0
11907,0
11956,0
11956,0
11964,0
11967,0
11985,0
12035,0
12037,0
12060,0
12063,0
12095,0
12100,0
12102,0
12106,0
12114,0
12120,0
12135,0
12144,0
12175,0
12205,0
12235,0
12238,0
12285,0
12292,0
12294,0
12298,0
12332,0
12344,0
12358,0
12381,0
12394,0
12415,0
12425,0
12430,0
12431,0
12437,0
12442,0
12445,0
12478,0
12488,0
12489,0
12503,0
12503,0
12507,0
12531,0
12558,0
12563,0
12602,0
12644,0
12646,0
12653,0
12667,0
12673,0
12715,0
12790,0
12823,0
12829,0
12829,0
12851,0
12853,0
12878,0
12898,0
12902,0
12909,0
12910,0
12914,0
12923,0
12928,0
12984,0
12985,0
13019,0
13029,0
13034,0
13038,0
13043,0
13077,0
13084,0
13100,0
13105,0
13134,0
13138,0
13186,0
13201,0
13203,0
13220,0
13227,0
13248,0
13250,0
13256,0
13301,0
13303,0
13329,0
13340,0
13342,0
13350,0
13351,0
13396,0
13427,0
13429,0
13430,0
13432,0
13442,0
13443,0
13458,0
13485,0
13492,0
13493,0
13495,0
13496,0
13513,0
13528,0
13531,0
13536,0
13541,0
13559,0
13583,0
13591,0
13597,0
13643,0
13650,0
13671,0
13688,0
13719,0
13737,0
13760,0
13817,0
13826,0
13833,0
13860,0
13873,0
13877,0
13878,0
13910,0
13922,0
13942,0
13946,0
13972,0
13980,0
13995,0
13998,0
14039,0
14040,0
14052,0
14062,0
14066,0
14073,0
14083,0
14084,0
14084,0
14097,0
14107,0
14108,0
14125,0
14161,0
14166,0
14176,0
14177,0
14182,0
14191,0
14191,0
14193,0
14209,0
14224,0
14262,0
14291,0
14326,0
14327,0
14332,0
14357,0
14380,0
14392,0
14415,0
14445,0
14489,0
14489,0
14492,0
14510,0
14524,0
14530,0
14537,0
14554,0
14564,0
14566,0
14571,0
14589,0
14596,0
14608,0
14618,0
14624,0
14625,0
14637,0
14672,0
14688,0
14698,0
14713,0
14734,0
14749,0
14755,0
14759,0
14807,0
14828,0
14832,0
14867,0
14870,0
14887,0
14912,0
14914,0
14936,0
14964,0
14995,0
15036,0
15045,0
15062,0
15082,0
15140,0
15144,0
15145,0
15174,0
15196,0
15215,0
15217,0
15218,0
15222,0
15226,0
15266,0
15267,0
15271,0
15287,0
15295,0
15307,0
15308,0
15322,0
15337,0
15345,0
15350,0
15353,0
15354,0
15357,0
15364,0
15381,0
15389,0
15398,0
15436,0
15459,0
15486,0
15499,0
15502,0
15510,0
15510,0
15526,0
15552,0
15569,0
15571,0
15596,0
15612,0
15623,0
15626,0
15644,0
15644,0
15655,0
15663,0
15665,0
15675,0
15728,0
15729,0
15734,0
15740,0
15750,0
15756,0
15767,0
15812,0
15813,0
15826,0
15835,0
15848,0
15850,0
15886,0
15916,0
15925,0
15931,0
15961,0
15971,0
15999,0
16005,0
16013,0
16026,0
16051,0
16052,0
16060,0
16070,0
16086,0
16087,0
16103,0
16119,0
16124,0
16130,0
16140,0
16154,0
16162,0
16187,0
16234,0
16263,0
16263,0
16268,0
16296,0
16308,0
16333,0
16340,0
16365,0
16380,0
16391,0
16408,0
16416,0
16426,0
16428,0
16474,0
16476,0
16559,0
16570,0
16589,0
16593,0
16594,0
16597,0
16602,0
16611,0
16620,0
16666,0
16666,0
16669,0
16672,0
16692,0
16702,0
16706,0
16706,0
16749,0
16767,0
16794,0
16819,0
16822,0
16825,0
16842,0
16847,0
16848,0
16878,0
16880,0
16913,0
16947,0
16968,0
16970,0
16973,0
16991,0
17011,0
17046,0
17058,0
17099,0
17106,0
17119,0
17146,0
17152,0
17162,0
17164,0
17171,0
17171,0
17212,0
17255,0
17256,0
17273,0
17279,0
17281,0
17294,0
17303,0
17307,0
17321,0
17361,0
17370,0
17429,0
17430,0
17434,0
17439,0
17442,0
17447,0
17450,0
17454,0
17455,0
17457,0
17483,0
17507,0
17510,0
17564,0
17577,0
17602,0
17668,0
17675,0
17687,0
17704,0
17717,0
17741,0
17762,0
17778,0
17794,0
17800,0
17829,0
17869,0
17882,0
17925,0
17952,0
17964,0
18039,0
18063,0
18074,0
18077,0
18083,0
18084,0
18092,0
18108,0
18112,0
18122,0
18122,0
18133,0
18142,0
18154,0
18158,0
18201,0
18216,0
18240,0
18244,0
18251,0
18257,0
18260,0
18265,0
18309,0
18317,0
18321,0
18325,0
18369,0
18397,0
18416,0
18417,0
18418,0
18438,0
18450,0
18465,0
18471,0
18478,0
18501,0
18518,0
18538,0
18540,0
18545,0
18558,0
18578,0
18583,0
18585,0
18595,0
18595,0
18611,0
18612,0
18615,0
18650,0
18676,0
18697,0
18709,0
18720,0
18721,0
18728,0
18750,0
18755,0
18757,0
18767,0
18769,0
18772,0
18813,0
18813,0
18817,0
18819,0
18820,0
18830,0
18847,0
18850,0
18859,0
18866,0
18884,0
18884,0
18896,0
18931,0
18944,0
18948,0
18950,0
18969,0
18975,0
19014,0
19035,0
19035,0
19047,0
19072,0
19082,0
19087,0
19148,0
19163,0
19165,0
19168,0
19179,0
19179,0
19183,0
19211,0
19219,0
19266,0
19300,0
19303,0
19306,0
19312,0
19336,0
19341,0
19342,0
19345,0
19348,0
19355,0
19380,0
19422,0
19423,0
19426,0
19434,0
19439,0
19474,0
19481,0
19502,0
19503,0
19511,0
19534,0
19559,0
19572,0
19596,0
19614,0
19637,0
19647,0
19647,0
19656,0
19669,0
19674,0
19685,0
19783,0
19790,0
19791,0
19794,0
19805,0
19818,0
19826,0
19828,0
19831,0
19912,0
19914,0
19916,0
19917,0
19922,0
19927,0
19940,0
19973,0
19995,0
20002,0
20005,0
20016,0
20038,0
20088,0
20094,0
20099,0
20111,0
20115,0
20116,0
20133,0
20145,0
20177,0
20193,0
20202,0
20216,0
20218,0
20224,0
20232,0
20235,0
20240,0
20255,0
20268,0
20305,0
20311,0
20313,0
20320,0
20333,0
20338,0
20348,0
20364,0
20366,0
20381,0
20383,0
20527,0
20553,0
20558,0
20574,0
20587,0
20590,0
20604,0
20640,0
20642,0
20644,0
20648,0
20668,0
20671,0
20743,0
20749,0
20762,0
20781,0
20805,0
20826,0
20831,0
20856,0
20886,0
20894,0
20956,0
21004,0
21028,0
21031,0
21034,0
21038,0
21051,0
21064,0
21100,0
21116,0
21134,0
21135,0
21137,0
21142,0
21171,0
21192,0
21197,0
21203,0
21211,0
21212,0
21242,0
21285,0
21291,0
21323,0
21327,0
21362,0
21376,0
21377,0
21419,0
21430,0
21438,0
21452,0
21455,0
21458,0
21469,0
21473,0
21480,0
21497,0
21503,0
21512,0
21519,0
21531,0
21559,0
21565,0
21581,0
21620,0
21632,0
21642,0
21653,0
21666,0
21669,0
21674,0
21685,0
21729,0
21745,0
21750,0
21763,0
21823,0
21826,0
21833,0
21842,0
21847,0
21856,0
21871,0
21881,0
21908,0
21915,0
21923,0
21932,0
21934,0
21939,0
21942,0
21960,0
21991,0
21994,0
21998,0
22008,0
22021,0
22023,0
22025,0
22041,0
22101,0
22103,0
22105,0
22112,0
22135,0
22148,0
22159,0
22217,0
22219,0
22238,0
22277,0
22288,0
22304,0
22314,0
22346,0
22362,0
22381,0
22395,0
22411,0
22423,0
22462,0
22469,0
22472,0
22504,0
22508,0
22528,0
22533,0
22537,0
22549,0
22600,0
22606,0
22641,0
22650,0
22675,0
22708,0
22711,0
22722,0
22727,0
22752,0
22776,0
22801,0
22804,0
22822,0
22824,0
22838,0
22853,0
22857,0
22860,0
22874,0
22876,0
22901,0
22905,0
22914,0
22916,0
22932,0
22950,0
22958,0
22962,0
22980,0
22984,0
23001,0
23005,0
23008,0
23020,0
23061,0
23094,0
23095,0
23117,0
23119,0
23134,0
23137,0
23175,0
23183,0
23188,0
23190,0
23191,0
23200,0
23255,0
23278,0
23332,0
23341,0
23343,0
23345,0
23350,0
23359,0
23366,0
23381,0
23387,0
23387,0
23401,0
23407,0
23420,0
23428,0
23453,0
23466,0
23481,0
23484,0
23527,0
23540,0
23552,0
23555,0
23556,0
23603,0
23605,0
23614,0
23622,0
23625,0
23639,0
23642,0
23645,0
23660,0
23676,0
23696,0
23697,0
23700,0
23704,0
23733,0
23758,0
23770,0
23779,0
23799,0
23801,0
23822,0
23824,0
23838,0
23850,0
23876,0
23880,0
23918,0
23951,0
23959,0
23960,0
23968,0
23986,0
23996,0
24003,0
24008,0
24050,0
24067,0
24084,0
24096,0
24107,0
24166,0
24219,0
24226,0
24249,0
24257,0
24263,0
24268,0
24271,0
24273,0
24306,0
24312,0
24312,0
24339,0
24342,0
24369,0
24380,0
24390,0
24410,0
24411,0
24414,0
24421,0
24440,0
24446,0
24456,0
24467,0
24495,0
24514,0
24546,0
24563,0
24581,0
24613,0
24624,0
24642,0
24679,0
24693,0
24693,0
24731,0
24745,0
24764,0
24771,0
24814,0
24819,0
24834,0
24863,0
24887,0
24905,0
25009,0
25016,0
25054,0
25063,0
25066,0
25071,0
25085,0
25096,0
25112,0
25116,0
25179,0
25188,0
25204,0
25248,0
25259,0
25280,0
25290,0
25307,0
25317,0
25321,0
25329,0
25341,0
25352,0
25354,0
25363,0
25365,0
25375,0
25389,0
25400,0
25413,0
25449,0
25453,0
25470,0
25486,0
25503,0
25530,0
25547,0
25553,0
25559,0
25561,0
25579,0
25592,0
25626,0
25633,0
25640,0
25645,0
25670,0
25673,0
25713,0
25714,0
25729,0
25729,0
25759,0
25769,0
25773,0
25779,0
25780,0
25780,0
25831,0
25834,0
25839,0
25857,0
25865,0
25869,0
25893,0
25897,0
25958,0
25997,0
26011,0
26022,0
26024,0
26026,0
26069,0
26074,0
26099,0
26104,0
26116,0
26195,0
26214,0
26228,0
26262,0
26264,0
26290,0
26305,0
26310,0
26326,0
26335,0
26365,0
26368,0
26370,0
26383,0
26407,0
26411,0
26412,0
26427,0
26438,0
26453,0
26463,0
26483,0
26487,0
26508,0
26512,0
26517,0
26517,0
26522,0
26539,0
26554,0
26556,0
26585,0
26590,0
26648,0
26684,0
26704,0
26711,0
26718,0
26732,0
26755,0
26763,0
26774,0
26776,0
26791,0
26802,0
26805,0
26808,0
26823,0
26849,0
26857,0
26865,0
26873,0
26917,0
26931,0
26944,0
26961,0
26968,0
27003,0
27003,0
27010,0
27017,0
27065,0
27073,0
27094,0
27107,0
27123,0
27144,0
27148,0
27161,0
27176,0
27184,0
27207,0
27218,0
27240,0
27268,0
27282,0
27284,0
27293,0
27302,0
27308,0
27318,0
27321,0
27351,0
27371,0
27384,0
27413,0
27423,0
27431,0
27438,0
27454,0
27458,0
27487,0
27492,0
27509,0
27520,0
27542,0
27567,0
27580,0
27619,0
27631,0
27641,0
27652,0
27653,0
27663,0
27673,0
27688,0
27714,0
27715,0
27719,0
27727,0
27730,0
27740,0
27750,0
27752,0
27757,0
27779,0
27808,0
27845,0
27850,0
27854,0
27886,0
27911,0
27922,0
27922,0
27922,0
27925,0
27953,0
27996,0
27999,0
28000,0
28030,0
28059,0
28082,0
28094,0
28094,0
28131,0
28206,0
28252,0
28259,0
28273,0
28277,0
28303,0
28319,0
28326,0
28331,0
28341,0
28360,0
28395,0
28422,0
28459,0
28465,0
28469,0
28478,0
28482,0
28520,0
28525,0
28546,0
28548,0
28591,0
28613,0
28619,0
28620,0
28625,0
28638,0
28664,0
28681,0
28683,0
28690,0
28712,0
28725,0
28742,0
28743,0
28757,0
28766,0
28766,0
28767,0
28770,0
28777,0
28798,0
28801,0
28805,0
28815,0
28823,0
28829,0
28862,0
28868,0
28868,0
28872,0
28872,0
28898,0
28902,0
28906,0
28939,0
28953,0
28967,0
28969,0
28970,0
28986,0
28997,0
29007,0
29031,0
29047,0
29071,0
29118,0
29143,0
29152,0
29163,0
29176,0
29198,0
29205,0
29257,0
29275,0
29276,0
29277,0
29286,0
29312,0
29318,0
29322,0
29350,0
29351,0
29385,0
29393,0
29401,0
29416,0
29432,0
29439,0
29445,0
29462,0
29466,0
29475,0
29479,0
29490,0
29500,0
29509,0
29510,0
29533,0
29567,0
29603,0
29623,0
29654,0
29748,0
29768,0
29771,0
29802,0
29803,0
29824,0
29828,0
29848,0
29882,0
29895,0
29913,0
29914,0
29925,0
29942,0
29960,0
29977,0
30000,0
30043,0
30085,0
30092,0
30111,0
30130,0
30134,0
30145,0
30157,0
30157,0
30157,0
30198,0
30210,0
30229,0
30251,0
30252,0
30265,0
30266,0
30270,0
30277,0
30325,0
30326,0
30329,0
30337,0
30360,0
30365,0
30371,0
30440,0
30449,0
30449,0
30451,0
30462,0
30464,0
30470,0
30475,0
30503,0
30514,0
30547,0
30550,0
30558,0
30591,0
30669,0
30671,0
30681,0
30683,0
30707,0
30737,0
30759,0
30764,0
30773,0
30792,0
30808,0
30858,0
30877,0
30899,0
30905,0
30916,0
30922,0
30930,0
30959,0
30983,0
30986,0
30994,0
31004,0
31007,0
31051,0
31058,0
31079,0
31086,0
31107,0
31116,0
31124,0
31127,0
31187,0
31216,0
31221,0
31238,0
31248,0
31249,0
31301,0
31334,0
31351,0
31353,0
31354,0
31366,0
31401,0
31413,0
31429,0
31473,0
31491,0
31502,0
31503,0
31505,0
31525,0
31530,0
31530,0
31530,0
31579,0
31609,0
31617,0
31698,0
31723,0
31723,0
31740,0
31789,0
31802,0
31824,0
31847,0
31862,0
31915,0
31925,0
31940,0
31948,0
31954,0
31979,0
32003,0
32007,0
32076,0
32078,0
32086,0
32090,0
32098,0
32106,0
32109,0
32118,0
32138,0
32147,0
32148,0
32163,0
32174,0
32215,0
32225,0
32235,0
32257,0
32260,0
32266,0
32272,0
32279,0
32293,0
32297,0
32306,0
32323,0
32323,0
32323,0
32327,0
32339,0
32370,0
32384,0
32458,0
32463,0
32469,0
32471,0
32492,0
32492,0
32510,0
32523,0
32530,0
32562,0
32580,0
32631,0
32635,0
32677,0
32750,0
32768,0
32769,0
32769,0
32770,0
32777,0
32800,0
32842,0
32844,0
32855,0
32865,0
32867,0
32903,0
32906,0
32918,0
32932,0
32943,0
32962,0
32987,0
32988,0
32994,0
32996,0
33020,0
33021,0
33079,0
33086,0
33136,0
33142,0
33162,0
33169,0
33194,0
33210,0
33216,0
33229,0
33230,0
33232,0
33251,0
33261,0
33265,0
33279,0
33286,0
33301,0
33336,0
33339,0
33377,0
33405,0
33414,0
33415,0
33419,0
33427,0
33428,0
33496,0
33523,0
33527,0
33535,0
33557,0
33558,0
33568,0
33595,0
33602,0
33603,0
33633,0
33635,0
33642,0
33665,0
33680,0
33684,0
33702,0
33703,0
33705,0
33712,0
33715,0
33718,0
33739,0
33766,0
33771,0
33780,0
33813,0
33839,0
33840,0
33842,0
33846,0
33848,0
33856,0
33859,0
33888,0
33889,0
33927,0
33947,0
33962,0
33962,0
33967,0
33976,0
33979,0
33982,0
33983,0
34010,0
34029,0
34037,0
34058,0
34061,0
34064,0
34076,0
34107,0
34141,0
34144,0
34171,0
34189,0
34259,0
34270,0
34313,0
34368,0
34391,0
34395,0
34397,0
34405,0
34436,0
34438,0
34440,0
34446,0
34448,0
34452,0
34488,0
34495,0
34537,0
34538,0
34632,0
34634,0
34641,0
34642,0
34651,0
34652,0
34684,0
34685,0
34689,0
34690,0
34702,0
34735,0
34751,0
34757,0
34758,0
34774,0
34800,0
34811,0
34832,0
34837,0
34843,0
34845,0
34860,0
34865,0
34874,0
34881,0
34888,0
34907,0
34908,0
34908,0
34916,0
34928,0
34935,0
34955,0
34956,0
34966,0
35014,0
35023,0
35031,0
35051,0
35058,0
35069,0
35074,0
35112,0
35144,0
35172,0
35174,0
35179,0
35213,0
35303,0
35325,0
35326,0
35343,0
35359,0
35363,0
35363,0
35379,0
35404,0
35407,0
35410,0
35412,0
35443,0
35450,0
35454,0
35489,0
35493,0
35542,0
35543,0
35557,0
35567,0
35602,0
35605,0
35610,0
35617,0
35634,0
35648,0
35687,0
35700,0
35701,0
35709,0
35720,0
35724,0
35749,0
35760,0
35776,0
35807,0
35888,0
35889,0
35918,0
35934,0
35939,0
35971,0
35977,0
35994,0
36003,0
36027,0
36052,0
36053,0
36066,0
36078,0
36096,0
36103,0
36104,0
36108,0
36121,0
36154,0
36160,0
36170,0
36186,0
36216,0
36231,0
36233,0
36244,0
36244,0
36249,0
36257,0
36266,0
36276,0
36278,0
36278,0
36285,0
36294,0
36296,0
36317,0
36360,0
36361,0
36391,0
36419,0
36420,0
36424,0
36448,0
36470,0
36476,0
36477,0
36531,0
36559,0
36594,0
36611,0
36617,0
36627,0
36628,0
36629,0
36663,0
36697,0
36710,0
36721,0
36737,0
36739,0
36755,0
36772,0
36777,0
36795,0
36801,0
36839,0
36868,0
36875,0
36876,0
36891,0
36892,0
36934,0
36979,0
37004,0
37033,0
37059,0
37066,0
37082,0
37087,0
37148,0
37152,0
37156,0
37188,0
37224,0
37251,0
37289,0
37321,0
37334,0
37336,0
37347,0
37347,0
37362,0
37380,0
37407,0
37420,0
37437,0
37441,0
37450,0
37465,0
37475,0
37495,0
37503,0
37512,0
37516,0
37531,0
37546,0
37555,0
37573,0
37598,0
37620,0
37620,0
37624,0
37629,0
37636,0
37676,0
37694,0
37703,0
37734,0
37776,0
37804,0
37809,0
37822,0
37831,0
37854,0
37907,0
37970,0
37984,0
38011,0
38012,0
38035,0
38048,0
38091,0
38105,0
38131,0
38137,0
38139,0
38146,0
38161,0
38185,0
38185,0
38195,0
38199,0
38218,0
38241,0
38275,0
38283,0
38283,0
38340,0
38343,0
38365,0
38413,0
38417,0
38447,0
38448,0
38468,0
38477,0
38481,0
38498,0
38509,0
38513,0
38532,0
38567,0
38569,0
38603,0
38615,0
38619,0
38626,0
38633,0
38637,0
38650,0
38653,0
38711,0
38720,0
38728,0
38729,0
38740,0
38785,0
38802,0
38803,0
38821,0
38836,0
38839,0
38841,0
38848,0
38870,0
38932,0
38934,0
38936,0
38939,0
38940,0
38972,0
38976,0
39004,0
39017,0
39031,0
39045,0
39062,0
39063,0
39070,0
39072,0
39089,0
39095,0
39147,0
39153,0
39155,0
39174,0
39200,0
39224,0
39260,0
39266,0
39269,0
39287,0
39298,0
39320,0
39333,0
39346,0
39369,0
39375,0
39376,0
39381,0
39384,0
39386,0
39392,0
39393,0
39399,0
39401,0
39402,0
39406,0
39425,0
39470,0
39474,0
39481,0
39481,0
39488,0
39493,0
39506,0
39518,0
39534,0
39539,0
39543,0
39544,0
39631,0
39648,0
39655,0
39661,0
39661,0
39692,0
39711,0
39711,0
39713,0
39714,0
39760,0
39807,0
39835,0
39855,0
39867,0
39876,0
39890,0
39898,0
39912,0
39924,0
39930,0
39962,0
39982,0
39983,0
40009,0
40037,0
40084,0
40086,0
40167,0
40217,0
40219,0
40254,0
40257,0
40267,0
40268,0
40296,0
40303,0
40312,0
40313,0
40322,0
40337,0
40351,0
40367,0
40397,0
40434,0
40445,0
40461,0
40482,0
40528,0
40533,0
40552,0
40575,0
40604,0
40695,0
40703,0
40738,0
40751,0
40777,0
40863,0
40871,0
40872,0
40877,0
40881,0
40882,0
40917,0
40962,0
40983,0
40991,0
41015,0
41044,0
41053,0
41069,0
41074,0
41090,0
41099,0
41104,0
41144,0
41144,0
41151,0
41151,0
41200,0
41227,0
41252,0
41265,0
41273,0
41277,0
41277,0
41281,0
41285,0
41286,0
41301,0
41315,0
41342,0
41363,0
41366,0
41376,0
41396,0
41397,0
41399,0
41414,0
41416,0
41416,0
41434,0
41435,0
41450,0
41520,0
41520,0
41528,0
41540,0
41546,0
41549,0
41562,0
41576,0
41579,0
41582,0
41584,0
41590,0
41612,0
41650,0
41675,0
41681,0
41683,0
41692,0
41697,0
41724,0
41756,0
41757,0
41766,0
41790,0
41815,0
41888,0
41914,0
41928,0
41950,0
41962,0
41980,0
41990,0
41990,0
42010,0
42010,0
42018,0
42034,0
42058,0
42062,0
42065,0
42090,0
42106,0
42107,0
42130,0
42150,0
42156,0
42220,0
42227,0
42229,0
42287,0
42287,0
42298,0
42348,0
42366,0
42386,0
42388,0
42401,0
42405,0
42409,0
42419,0
42424,0
42431,0
42443,0
42463,0
42487,0
42525,0
42535,0
42538,0
42551,0
42571,0
42591,0
42609,0
42612,0
42614,0
42616,0
42617,0
42618,0
42622,0
42655,0
42659,0
42671,0
42677,0
42684,0
42723,0
42726,0
42730,0
42769,0
42799,0
42810,0
42826,0
42850,0
42851,0
42851,0
42878,0
42879,0
42884,0
42892,0
42901,0
42902,0
42908,0
42912,0
42933,0
42938,0
42946,0
42948,0
42958,0
42966,0
42971,0
42976,0
43011,0
43020,0
43022,0
43027,0
43048,0
43074,0
43084,0
43129,0
43133,0
43144,0
43205,0
43211,0
43215,0
43227,0
43245,0
43247,0
43249,0
43273,0
43281,0
43283,0
43290,0
43323,0
43323,0
43353,0
43373,0
43389,0
43404,0
43454,0
43456,0
43492,0
43496,0
43515,0
43523,0
43555,0
43589,0
43608,0
43630,0
43646,0
43676,0
43678,0
43694,0
43709,0
43728,0
43752,0
43791,0
43827,0
43865,0
43874,0
43882,0
43890,0
43891,0
43892,0
43913,0
43943,0
43944,0
43950,0
43951,0
43953,0
43976,0
43987,0
44011,0
44066,0
44066,0
44151,0
44164,0
44165,0
44186,0
44195,0
44195,0
44230,0
44235,0
44246,0
44257,0
44257,0
44273,0
44275,0
44280,0
44289,0
44346,0
44357,0
44363,0
44372,0
44382,0
44383,0
44393,0
44406,0
44442,0
44451,0
44465,0
44478,0
44495,0
44496,0
44498,0
44501,0
44507,0
44507,0
44519,0
44567,0
44567,0
44567,0
44575,0
44604,0
44617,0
44658,0
44666,0
44689,0
44706,0
44722,0
44754,0
44760,0
44765,0
44784,0
44801,0
44835,0
44859,0
44888,0
44907,0
44941,0
44946,0
44977,0
44981,0
44982,0
44992,0
44995,0
45021,0
45037,0
45048,0
45061,0
45075,0
45104,0
45167,0
45170,0
45175,0
45223,0
45233,0
45235,0
45264,0
45268,0
45291,0
45333,0
45349,0
45351,0
45353,0
45363,0
45413,0
45422,0
45430,0
45456,0
45501,0
45511,0
45514,0
45527,0
45527,0
45539,0
45590,0
45601,0
45606,0
45610,0
45628,0
45643,0
45667,0
45673,0
45683,0
45696,0
45700,0
45702,0
45711,0
45725,0
45740,0
45744,0
45747,0
45750,0
45751,0
45755,0
45756,0
45817,0
45834,0
45860,0
45878,0
45884,0
45903,0
45906,0
45932,0
45958,0
45979,0
46062,0
46093,0
46103,0
46106,0
46110,0
46124,0
46126,0
46167,0
46181,0
46190,0
46201,0
46221,0
46261,0
46283,0
46285,0
46289,0
46302,0
46303,0
46311,0
46323,0
46325,0
46350,0
46392,0
46402,0
46402,0
46407,0
46420,0
46423,0
46452,0
46453,0
46455,0
46456,0
46477,0
46480,0
46498,0
46510,0
46535,0
46543,0
46543,0
46550,0
46558,0
46581,0
46617,0
46643,0
46665,0
46670,0
46679,0
46680,0
46695,0
46775,0
46779,0
46784,0
46787,0
46850,0
46861,0
46867,0
46872,0
46880,0
46898,0
46901,0
46904,0
46912,0
46912,0
46914,0
46952,0
46957,0
46961,0
46968,0
46974,0
46990,0
47030,0
47062,0
47065,0
47068,0
47098,0
47123,0
47159,0
47169,0
47180,0
47180,0
47190,0
47210,0
47210,0
47260,0
47273,0
47278,0
47279,0
47321,0
47323,0
47338,0
47354,0
47356,0
47382,0
47389,0
47393,0
47407,0
47415,0
47432,0
47434,0
47443,0
47457,0
47490,0
47527,0
47569,0
47610,0
47639,0
47649,0
47667,0
47672,0
47678,0
47688,0
47692,0
47694,0
47725,0
47783,0
47788,0
47810,0
47816,0
47819,0
47834,0
47845,0
47869,0
47871,0
47879,0
47924,0
47930,0
47932,0
47937,0
47939,0
47968,0
47973,0
47975,0
47994,0
48001,0
48042,0
48091,0
48092,0
48115,0
48125,0
48131,0
48170,0
48181,0
48199,0
48201,0
48208,0
48209,0
48223,0
48225,0
48227,0
48248,0
48260,0
48279,0
48287,0
48291,0
48309,0
48364,0
48366,0
48369,0
48392,0
48436,0
48438,0
48451,0
48453,0
48462,0
48466,0
48485,0
48511,0
48512,0
48550,0
48568,0
48582,0
48587,0
48644,0
48682,0
48693,0
48734,0
48754,0
48761,0
48774,0
48795,0
48811,0
48814,0
48822,0
48837,0
48839,0
48848,0
48851,0
48862,0
48864,0
48865,0
48871,0
48871,0
48926,0
48930,0
48942,0
48963,0
48981,0
48982,0
48993,0
49001,0
49035,0
49054,0
49072,0
49073,0
49088,0
49097,0
49121,0
49141,0
49168,0
49218,0
49288,0
49310,0
49344,0
49345,0
49360,0
49368,0
49370,0
49371,0
49379,0
49391,0
49395,0
49444,0
49500,0
49523,0
49525,0
49527,0
49530,0
49532,0
49534,0
49535,0
49560,0
49566,0
49570,0
49572,0
49576,0
49586,0
49594,0
49609,0
49630,0
49633,0
49642,0
49652,0
49657,0
49657,0
49672,0
49680,0
49683,0
49694,0
49703,0
49704,0
49708,0
49737,0
49741,0
49753,0
49761,0
49781,0
49799,0
49823,0
49850,0
49854,0
49857,0
49880,0
49895,0
49899,0
49917,0
49930,0
49933,0
49960,0
49973,0
49991,0
49999,0
50037,0
50067,0
50067,0
50067,0
50131,0
50135,0
50153,0
50161,0
50162,0
50163,0
50173,0
50175,0
50181,0
50205,0
50206,0
50233,0
50239,0
50251,0
50267,0
50305,0
50362,0
50368,0
50385,0
50391,0
50448,0
50449,0
50492,0
50496,0
50504,0
50517,0
50518,0
50531,0
50553,0
50570,0
50580,0
50583,0
50598,0
50601,0
50638,0
50660,0
50673,0
50676,0
50687,0
50704,0
50761,0
50771,0
50784,0
50794,0
50797,0
50858,0
50859,0
50870,0
50877,0
50895,0
50902,0
50911,0
50918,0
50955,0
50959,0
50961,0
50966,0
50972,0
50975,0
51000,0
51010,0
51024,0
51036,0
51039,0
51053,0
51062,0
51064,0
51087,0
51092,0
51116,0
51125,0
51128,0
51155,0
51162,0
51169,0
51176,0
51179,0
51193,0
51194,0
51195,0
51243,0
51245,0
51256,0
51292,0
51296,0
51333,0
51338,0
51343,0
51377,0
51398,0
51407,0
51412,0
51434,0
51443,0
51490,0
51514,0
51522,0
51543,0
51545,0
51553,0
51575,0
51587,0
51614,0
51650,0
51691,0
51698,0
51708,0
51713,0
51725,0
51732,0
51743,0
51758,0
51762,0
51762,0
51763,0
51802,0
51805,0
51832,0
51833,0
51845,0
51850,0
51870,0
51892,0
51895,0
51896,0
51897,0
51924,0
51927,0
51934,0
51942,0
51952,0
51965,0
51981,0
51998,0
52014,0
52039,0
52056,0
52088,0
52132,0
52138,0
52156,0
52176,0
52187,0
52246,0
52247,0
52258,0
52264,0
52289,0
52293,0
52320,0
52320,0
52326,0
52326,0
52345,0
52378,0
52396,0
52420,0
52430,0
52447,0
52447,0
52455,0
52492,0
52538,0
52564,0
52588,0
52594,0
52597,0
52609,0
52610,0
52611,0
52627,0
52645,0
52676,0
52683,0
52690,0
52695,0
52721,0
52765,0
52768,0
52769,0
52816,0
52818,0
52845,0
52850,0
52874,0
52877,0
52892,0
52914,0
52935,0
52950,0
52975,0
52981,0
53003,0
53005,0
53021,0
53029,0
53032,0
53061,0
53066,0
53066,0
53071,0
53085,0
53106,0
53146,0
53149,0
53153,0
53183,0
53199,0
53205,0
53208,0
53209,0
53232,0
53240,0
53257,0
53264,0
53270,0
53283,0
53304,0
53321,0
53325,0
53338,0
53345,0
53346,0
53411,0
53426,0
53450,0
53488,0
53489,0
53499,0
53502,0
53512,0
53537,0
53545,0
53550,0
53570,0
53575,0
53576,0
53592,0
53611,0
53620,0
53643,0
53669,0
53685,0
53689,0
53701,0
53728,0
53739,0
53757,0
53761,0
53774,0
53776,0
53789,0
53795,0
53804,0
53812,0
53819,0
53822,0
53824,0
53854,0
53856,0
53858,0
53868,0
53883,0
53892,0
53906,0
53923,0
53936,0
53941,0
53964,0
53966,0
53970,0
53997,0
54010,0
54037,0
54043,0
54049,0
54061,0
54066,0
54070,0
54071,0
54090,0
54129,0
54145,0
54169,0
54179,0
54215,0
54219,0
54235,0
54246,0
54258,0
54277,0
54342,0
54350,0
54389,0
54393,0
54398,0
54430,0
54432,0
54436,0
54457,0
54468,0
54469,0
54508,0
54517,0
54546,0
54571,0
54592,0
54634,0
54671,0
54697,0
54703,0
54704,0
54764,0
54781,0
54789,0
54795,0
54799,0
54804,0
54816,0
54831,0
54840,0
54856,0
54881,0
54899,0
54908,0
54909,0
54937,0
54939,0
54947,0
54973,0
54973,0
54983,0
54985,0
55010,0
55026,0
55040,0
55049,0
55055,0
55062,0
55101,0
55123,0
55135,0
55145,0
55148,0
55150,0
55183,0
55185,0
55187,0
55194,0
55210,0
55222,0
55265,0
55286,0
55295,0
55297,0
55319,0
55328,0
55334,0
55335,0
55347,0
55352,0
55354,0
55354,0
55373,0
55386,0
55394,0
55410,0
55416,0
55425,0
55456,0
55464,0
55474,0
55475,0
55481,0
55502,0
55592,0
55624,0
55642,0
55653,0
55666,0
55684,0
55689,0
55705,0
55756,0
55772,0
55842,0
55845,0
55853,0
55886,0
55887,0
55892,0
55902,0
55936,0
55944,0
55945,0
55946,0
55951,0
55976,0
55987,0
56003,0
56010,0
56035,0
56045,0
56049,0
56067,0
56078,0
56079,0
56115,0
56122,0
56124,0
56166,0
56182,0
56214,0
56222,0
56226,0
56229,0
56235,0
56241,0
56244,0
56281,0
56281,0
56287,0
56299,0
56302,0
56307,0
56336,0
56349,0
56355,0
56367,0
56370,0
56371,0
56400,0
56440,0
56443,0
56460,0
56514,0
56518,0
56555,0
56589,0
56595,0
56598,0
56600,0
56604,0
56638,0
56657,0
56689,0
56710,0
56762,0
56767,0
56776,0
56789,0
56793,0
56798,0
56800,0
56807,0
56832,0
56856,0
56877,0
56886,0
56909,0
56918,0
56935,0
56958,0
56962,0
56966,0
56978,0
56994,0
56997,0
57012,0
57025,0
57039,0
57046,0
57059,0
57102,0
57110,0
57114,0
57143,0
57148,0
57150,0
57182,0
57184,0
57237,0
57239,0
57255,0
57285,0
57289,0
57309,0
57329,0
57338,0
57338,0
57340,0
57352,0
57353,0
57357,0
57363,0
57377,0
57387,0
57417,0
57438,0
57445,0
57459,0
57460,0
57461,0
57476,0
57487,0
57498,0
57501,0
57556,0
57592,0
57605,0
57630,0
57633,0
57640,0
57641,0
57685,0
57697,0
57714,0
57735,0
57772,0
57794,0
57808,0
57819,0
57832,0
57847,0
57875,0
57894,0
57895,0
57909,0
57931,0
57968,0
57971,0
57972,0
57978,0
57985,0
57996,0
58030,0
58037,0
58045,0
58049,0
58053,0
58062,0
58070,0
58082,0
58085,0
58129,0
58138,0
58159,0
58165,0
58171,0
58172,0
58172,0
58176,0
58180,0
58189,0
58191,0
58193,0
58245,0
58281,0
58290,0
58339,0
58342,0
58354,0
58356,0
58360,0
58362,0
58399,0
58401,0
58409,0
58432,0
58465,0
58465,0
58501,0
58508,0
58518,0
58519,0
58546,0
58556,0
58582,0
58592,0
58632,0
58683,0
58703,0
58730,0
58735,0
58768,0
58804,0
58839,0
58840,0
58860,0
58864,0
58868,0
58871,0
58874,0
58892,0
58911,0
58917,0
58951,0
58967,0
58971,0
58979,0
58990,0
59018,0
59026,0
59037,0
59042,0
59043,0
59047,0
59053,0
59064,0
59070,0
59080,0
59110,0
59112,0
59112,0
59116,0
59121,0
59122,0
59174,0
59192,0
59235,0
59238,0
59244,0
59259,0
59272,0
59274,0
59279,0
59283,0
59283,0
59298,0
59356,0
59375,0
59438,0
59438,0
59447,0
59450,0
59453,0
59454,0
59563,0
59580,0
59594,0
59597,0
59604,0
59605,0
59616,0
59619,0
59626,0
59638,0
59656,0
59680,0
59687,0
59689,0
59702,0
59703,0
59705,0
59730,0
59732,0
59750,0
59835,0
59840,0
59854,0
59859,0
59869,0
59885,0
59896,0
59909,0
59933,0
59935,0
59970,0
60042,0
60064,0
60085,0
60098,0
60148,0
60154,0
60164,0
60166,0
60167,0
60181,0
60200,0
60206,0
60247,0
60254,0
60256,0
60262,0
60264,0
60316,0
60319,0
60352,0
60388,0
60391,0
60452,0
60461,0
60463,0
60473,0
60475,0
60504,0
60505,0
60509,0
60530,0
60533,0
60542,0
60555,0
60587,0
60623,0
60627,0
60645,0
60680,0
60712,0
60716,0
60716,0
60718,0
60722,0
60764,0
60764,0
60802,0
60824,0
60835,0
60836,0
60839,0
60845,0
60847,0
60863,0
60877,0
60883,0
60886,0
60890,0
60896,0
60900,0
60934,0
60945,0
60970,0
60982,0
61016,0
61036,0
61062,0
61072,0
61081,0
61107,0
61107,0
61170,0
61190,0
61215,0
61217,0
61241,0
61245,0
61279,0
61310,0
61330,0
61333,0
61337,0
61338,0
61354,0
61362,0
61381,0
61383,0
61413,0
61448,0
61481,0
61501,0
61517,0
61518,0
61522,0
61534,0
61548,0
61554,0
61559,0
61583,0
61593,0
61599,0
61599,0
61606,0
61610,0
61620,0
61627,0
61656,0
61657,0
61667,0
61696,0
61710,0
61714,0
61720,0
61729,0
61733,0
61746,0
61763,0
61785,0
61790,0
61790,0
61815,0
61816,0
61830,0
61830,0
61837,0
61839,0
61867,0
61890,0
61909,0
61914,0
61938,0
61974,0
62014,0
62018,0
62049,0
62105,0
62106,0
62128,0
62141,0
62200,0
62202,0
62222,0
62241,0
62244,0
62255,0
62280,0
62301,0
62302,0
62310,0
62318,0
62333,0
62334,0
62342,0
62358,0
62403,0
62427,0
62439,0
62441,0
62470,0
62472,0
62554,0
62577,0
62590,0
62595,0
62651,0
62665,0
62681,0
62707,0
62720,0
62743,0
62749,0
62757,0
62759,0
62764,0
62781,0
62788,0
62808,0
62815,0
62847,0
62870,0
62875,0
62884,0
62918,0
62928,0
62928,0
62956,0
63046,0
63052,0
63070,0
63074,0
63077,0
63124,0
63158,0
63166,0
63201,0
63233,0
63245,0
63261,0
63281,0
63289,0
63290,0
63321,0
63337,0
63344,0
63370,0
63373,0
63378,0
63394,0
63396,0
63398,0
63409,0
63417,0
63438,0
63456,0
63461,0
63473,0
63487,0
63494,0
63516,0
63522,0
63524,0
63528,0
63552,0
63568,0
63573,0
63641,0
63671,0
63697,0
63715,0
63724,0
63727,0
63729,0
63738,0
63744,0
63749,0
63763,0
63778,0
63791,0
63807,0
63817,0
63833,0
63837,0
63839,0
63851,0
63867,0
63897,0
63909,0
63922,0
63934,0
63965,0
63987,0
64003,0
64011,0
64012,0
64014,0
64029,0
64039,0
64068,0
64069,0
64088,0
64109,0
64124,0
64133,0
64137,0
64159,0
64196,0
64233,0
64246,0
64255,0
64262,0
64263,0
64272,0
64285,0
64295,0
64318,0
64323,0
64327,0
64363,0
64366,0
64374,0
64386,0
64390,0
64428,0
64428,0
64451,0
64514,0
64523,0
64527,0
64531,0
64540,0
64572,0
64611,0
64613,0
64628,0
64634,0
64638,0
64640,0
64655,0
64656,0
64665,0
64722,0
64732,0
64741,0
64750,0
64751,0
64752,0
64753,0
64780,0
64800,0
64800,0
64814,0
64831,0
64871,0
64883,0
64891,0
64905,0
64917,0
64938,0
64962,0
64980,0
65041,0
65048,0
65050,0
65054,0
65065,0
65079,0
65081,0
65103,0
65105,0
65156,0
65166,0
65187,0
65194,0
65202,0
65219,0
65309,0
65381,0
65386,0
65388,0
65393,0
65412,0
65461,0
65466,0
65482,0
65488,0
65503,0
65510,0
65517,0
65523,0
65538,0
65557,0
65563,0
65603,0
65604,0
65605,0
65612,0
65656,0
65673,0
65709,0
65800,0
65803,0
65805,0
65814,0
65817,0
65842,0
65842,0
65885,0
65902,0
65935,0
65945,0
65953,0
65954,0
65957,0
65960,0
65975,0
65990,0
66022,0
66023,0
66034,0
66114,0
66123,0
66134,0
66134,0
66146,0
66149,0
66154,0
66157,0
66160,0
66162,0
66177,0
66211,0
66223,0
66224,0
66239,0
66260,0
66296,0
66302,0
66325,0
66335,0
66392,0
66450,0
66451,0
66451,0
66479,0
66516,0
66554,0
66559,0
66570,0
66575,0
66582,0
66583,0
66617,0
66633,0
66633,0
66638,0
66640,0
66654,0
66691,0
66699,0
66736,0
66741,0
66742,0
66742,0
66750,0
66750,0
66770,0
66773,0
66776,0
66793,0
66794,0
66802,0
66813,0
66824,0
66832,0
66836,0
66843,0
66845,0
66853,0
66903,0
66929,0
66941,0
66956,0
66956,0
66990,0
67031,0
67040,0
67048,0
67098,0
67129,0
67154,0
67181,0
67184,0
67197,0
67198,0
67218,0
67245,0
67300,0
67315,0
67316,0
67318,0
67320,0
67360,0
67364,0
67380,0
67381,0
67388,0
67391,0
67395,0
67410,0
67427,0
67429,0
67434,0
67452,0
67489,0
67491,0
67499,0
67511,0
67555,0
67592,0
67603,0
67645,0
67679,0
67682,0
67685,0
67748,0
67767,0
67783,0
67799,0
67825,0
67840,0
67859,0
67891,0
67899,0
67926,0
67971,0
67991,0
67992,0
67992,0
68001,0
68017,0
68035,0
68036,0
68049,0
68050,0
68071,0
68079,0
68082,0
68083,0
68115,0
68120,0
68184,0
68185,0
68186,0
68213,0
68248,0
68299,0
68308,0
68315,0
68326,0
68328,0
68331,0
68360,0
68367,0
68378,0
68387,0
68407,0
68428,0
68438,0
68439,0
68460,0
68496,0
68498,0
68504,0
68515,0
68523,0
68529,0
68552,0
68577,0
68583,0
68583,0
68613,0
68645,0
68648,0
68656,0
68673,0
68676,0
68692,0
68718,0
68754,0
68759,0
68762,0
68771,0
68772,0
68773,0
68793,0
68822,0
68824,0
68864,0
68866,0
68881,0
68885,0
68900,0
68939,0
68958,0
68971,0
69049,0
69054,0
69066,0
69070,0
69076,0
69083,0
69091,0
69101,0
69152,0
69163,0
69165,0
69169,0
69191,0
69224,0
69230,0
69239,0
69252,0
69253,0
69258,0
69275,0
69279,0
69279,0
69299,0
69342,0
69348,0
69350,0
69359,0
69365,0
69367,0
69385,0
69433,0
69434,0
69440,0
69465,0
69476,0
69521,0
69538,0
69550,0
69567,0
69575,0
69607,0
69612,0
69659,0
69659,0
69665,0
69677,0
69724,0
69729,0
69755,0
69774,0
69776,0
69788,0
69797,0
69801,0
69856,0
69901,0
69911,0
69920,0
69920,0
69926,0
69934,0
69938,0
69948,0
69948,0
69970,0
69977,0
70006,0
70040,0
70062,0
70077,0
70099,0
70101,0
70101,0
70102,0
70111,0
70123,0
70152,0
70204,0
70250,0
70288,0
70301,0
70311,0
70337,0
70339,0
70376,0
70378,0
70388,0
70407,0
70413,0
70426,0
70461,0
70482,0
70494,0
70496,0
70498,0
70506,0
70534,0
70536,0
70543,0
70544,0
70549,0
70549,0
70559,0
70641,0
70650,0
70658,0
70695,0
70696,0
70700,0
70711,0
70712,0
70714,0
70734,0
70747,0
70771,0
70773,0
70786,0
70796,0
70801,0
70804,0
70825,0
70843,0
70846,0
70849,0
70872,0
70888,0
70909,0
70913,0
70919,0
70939,0
70953,0
70959,0
70966,0
70980,0
70983,0
70991,0
70995,0
70999,0
71007,0
71026,0
71036,0
71055,0
71058,0
71064,0
71065,0
71078,0
71083,0
71083,0
71100,0
71114,0
71129,0
71149,0
71154,0
71191,0
71193,0
71200,0
71202,0
71213,0
71233,0
71252,0
71253,0
71285,0
71294,0
71296,0
71313,0
71335,0
71359,0
71368,0
71368,0
71384,0
71414,0
71421,0
71462,0
71462,0
71517,0
71566,0
71575,0
71577,0
71581,0
71585,0
71593,0
71606,0
71621,0
71634,0
71659,0
71670,0
71671,0
71677,0
71682,0
71688,0
71701,0
71707,0
71717,0
71733,0
71751,0
71761,0
71762,0
71763,0
71800,0
71845,0
71884,0
71888,0
71897,0
71908,0
71923,0
71926,0
71931,0
71945,0
71953,0
71961,0
71961,0
71971,0
71977,0
72003,0
72044,0
72049,0
72055,0
72089,0
72123,0
72141,0
72162,0
72171,0
72198,0
72207,0
72240,0
72246,0
72259,0
72269,0
72294,0
72319,0
72336,0
72347,0
72349,0
72364,0
72368,0
72385,0
72387,0
72427,0
72473,0
72478,0
72480,0
72487,0
72502,0
72522,0
72527,0
72533,0
72540,0
72549,0
72554,0
72558,0
72573,0
72584,0
72587,0
72590,0
72595,0
72599,0
72606,0
72645,0
72684,0
72747,0
72758,0
72771,0
72774,0
72775,0
72796,0
72804,0
72807,0
72816,0
72819,0
72822,0
72839,0
72859,0
72895,0
72928,0
72949,0
72981,0
72986,0
73019,0
73046,0
73055,0
73058,0
73061,0
73096,0
73097,0
73114,0
73126,0
73134,0
73144,0
73159,0
73179,0
73184,0
73197,0
73209,0
73216,0
73222,0
73234,0
73246,0
73249,0
73251,0
73254,0
73260,0
73263,0
73272,0
73281,0
73286,0
73316,0
73319,0
73348,0
73357,0
73371,0
73406,0
73408,0
73419,0
73464,0
73472,0
73491,0
73494,0
73499,0
73502,0
73507,0
73520,0
73564,0
73564,0
73608,0
73611,0
73622,0
73623,0
73663,0
73680,0
73705,0
73707,0
73723,0
73733,0
73764,0
73776,0
73790,0
73797,0
73807,0
73820,0
73823,0
73827,0
73837,0
73842,0
73853,0
73862,0
73867,0
73908,0
73920,0
73936,0
73957,0
73993,0
73996,0
73997,0
74003,0
74009,0
74014,0
74049,0
74049,0
74061,0
74085,0
74107,0
74111,0
74116,0
74118,0
74129,0
74136,0
74141,0
74151,0
74167,0
74177,0
74269,0
74281,0
74306,0
74316,0
74392,0
74412,0
74425,0
74429,0
74437,0
74442,0
74442,0
74450,0
74451,0
74459,0
74466,0
74470,0
74488,0
74490,0
74495,0
74495,0
74514,0
74546,0
74559,0
74571,0
74572,0
74628,0
74638,0
74638,0
74654,0
74668,0
74674,0
74703,0
74706,0
74746,0
74751,0
74777,0
74780,0
74788,0
74819,0
74851,0
74870,0
74876,0
74886,0
74890,0
74893,0
74908,0
74916,0
74935,0
74938,0
74958,0
74990,0
75000,0
75030,0
75038,0
75045,0
75053,0
75054,0
75073,0
75081,0
75091,0
75094,0
75141,0
75144,0
75166,0
75168,0
75168,0
75170,0
75176,0
75179,0
75197,0
75197,0
75219,0
75236,0
75245,0
75258,0
75270,0
75272,0
75281,0
75312,0
75323,0
75335,0
75340,0
75370,0
75379,0
75410,0
75413,0
75415,0
75423,0
75436,0
75499,0
75505,0
75506,0
75536,0
75556,0
75557,0
75568,0
75570,0
75611,0
75617,0
75625,0
75639,0
75678,0
75688,0
75688,0
75695,0
75725,0
75737,0
75784,0
75787,0
75800,0
75804,0
75807,0
75820,0
75860,0
75862,0
75886,0
75906,0
75926,0
75936,0
75945,0
75960,0
76005,0
76012,0
76017,0
76042,0
76043,0
76056,0
