194,0
282,0
356,0
640,0
757,0
774,0
805,0
843,0
865,0
947,0
1105,0
1268,0
1349,0
1403,0
1477,0
1497,0
1508,0
1637,0
1720,0
1766,0
1852,0
1937,0
1975,0
2295,0
2423,0
2473,0
2520,0
2757,0
2769,0
2802,0
2871,0
3197,0
3458,0
3535,0
3733,0
4071,0
4148,0
4186,0
4221,0
4351,0
4406,0
4411,0
4420,0
4584,0
4721,0
4752,0
5094,0
5166,0
5364,0
5369,0
5400,0
5509,0
5795,0
5844,0
5937,0
5966,0
5989,0
6031,0
6183,0
6205,0
6299,0
6327,0
6385,0
6465,0
6504,0
6561,0
6880,0
7036,0
7316,0
7519,0
7659,0
7705,0
7711,0
7745,0
7783,0
7941,0
7997,0
7997,0
8184,0
8238,0
8240,0
8330,0
8347,0
8350,0
8462,0
8523,0
8643,0
8822,0
8843,0
8885,0
8983,0
9041,0
9288,0
9290,0
9469,0
9513,0
9707,0
9758,0
9786,0
10099,0
10106,0
10289,0
10411,0
10417,0
10425,0
10641,0
11034,0
11044,0
11083,0
11161,0
11357,0
11542,0
11751,0
11803,0
11941,0
12013,0
12053,0
12194,0
12399,0
12486,0
12537,0
12614,0
12622,0
12954,0
12969,0
13260,0
13282,0
13356,0
13514,0
13786,0
13990,0
14089,0
14244,0
14492,0
14766,0
14904,0
14904,0
15083,0
15089,0
15134,0
15316,0
15372,0
15404,0
15472,0
15778,0
15785,0
15836,0
15952,0
16000,0
16418,0
17002,0
17344,0
17377,0
17493,0
17524,0
17639,0
17665,0
17848,0
17888,0
17996,0
18146,0
18211,0
18217,0
18379,0
18384,0
18422,0
18467,0
18727,0
18743,0
18748,0
18766,0
18860,0
18899,0
19267,0
19526,0
19576,0
19638,0
19743,0
19757,0
19933,0
20073,0
20229,0
20244,0
20536,0
20579,0
20586,0
20624,0
20883,0
21023,0
21035,0
21044,0
21066,0
21075,0
21142,0
21269,0
21351,0
21727,0
21854,0
21927,0
21936,0
21941,0
22013,0
22153,0
22330,0
22395,0
22630,0
22669,0
22820,0
22820,0
22883,0
22901,0
23028,0
23254,0
23270,0
23349,0
23435,0
23496,0
23777,0
24101,0
24164,0
24201,0
24202,0
24427,0
24523,0
24546,0
24604,0
24624,0
24667,0
24725,0
24777,0
24799,0
24861,0
25048,0
25175,0
25374,0
25474,0
25519,0
25571,0
25609,0
25706,0
25792,0
26006,0
26049,0
26241,0
26311,0
26571,0
26769,0
26809,0
26863,0
27055,0
27150,0
27195,0
27342,0
27402,0
27430,0
27566,0
27624,0
27631,0
27637,0
27780,0
27833,0
27861,0
27877,0
27883,0
27896,0
28012,0
28023,0
28091,0
28289,0
28671,0
28807,0
28839,0
28916,0
28926,0
28970,0
29372,0
29777,0
29989,0
30561,0
30606,0
30633,0
30645,0
30662,0
30669,0
30712,0
30865,0
30918,0
31117,0
31131,0
31170,0
31218,0
31226,0
31760,0
31829,0
31895,0
31941,0
32055,0
32175,0
32177,0
32228,0
32281,0
32438,0
32445,0
32477,0
32579,0
32823,0
33092,0
33099,0
33644,0
33699,0
33752,0
33815,0
33888,0
33936,0
34067,0
34136,0
34160,0
34251,0
34289,0
34335,0
34473,0
34702,0
34777,0
34784,0
34959,0
35011,0
35028,0
35035,0
35066,0
35153,0
35383,0
35392,0
35525,0
35834,0
35856,0
35986,0
36055,0
36124,0
36163,0
36172,0
36208,0
36284,0
36411,0
36523,0
36539,0
36672,0
36701,0
36911,0
36944,0
37055,0
37094,0
37168,0
37194,0
37248,0
37282,0
37351,0
37454,0
37601,0
37652,0
37670,0
37924,0
38036,0
38050,0
38173,0
38289,0
38416,0
38596,0
38643,0
38792,0
39016,0
39056,0
39115,0
39128,0
39438,0
39450,0
39546,0
39717,0
39735,0
39814,0
39838,0
39845,0
39871,0
40104,0
40239,0
40285,0
40289,0
40361,0
40388,0
40727,0
40873,0
40994,0
41026,0
41073,0
41083,0
41098,0
41259,0
41376,0
41420,0
41438,0
41524,0
41816,0
41948,0
41960,0
42081,0
42180,0
42288,0
42475,0
42483,0
42615,0
42722,0
42739,0
42759,0
42813,0
42869,0
42881,0
43072,0
43115,0
43184,0
43271,0
43276,0
43311,0
43449,0
43508,0
43624,0
43768,0
43784,0
44171,0
44224,0
44266,0
44338,0
44426,0
44586,0
44613,0
45155,0
45195,0
45372,0
45789,0
45929,0
45947,0
46063,0
46140,0
46176,0
46251,0
46311,0
46351,0
46431,0
46441,0
46588,0
46616,0
46677,0
46824,0
46961,0
47473,0
47496,0
47611,0
47685,0
47715,0
47935,0
48087,0
48386,0
48520,0
48806,0
48830,0
48850,0
48892,0
48906,0
48932,0
48946,0
49073,0
49091,0
49202,0
49511,0
49723,0
49971,0
49996,0
50060,0
50073,0
50116,0
50125,0
50151,0
50337,0
50401,0
50650,0
50665,0
50843,0
51302,0
51386,0
51459,0
51546,0
51561,0
51565,0
51619,0
51667,0
51733,0
51737,0
51769,0
51821,0
51850,0
51987,0
52029,0
52112,0
52134,0
52165,0
52383,0
52483,0
52677,0
52877,0
52926,0
52936,0
53068,0
53226,0
53316,0
53342,0
53447,0
53659,0
53933,0
54127,0
54599,0
54796,0
54841,0
54846,0
54962,0
54964,0
55113,0
55556,0
55574,0
55576,0
55644,0
55691,0
55778,0
55871,0
55973,0
56073,0
56158,0
56173,0
56196,0
56285,0
56747,0
57001,0
57005,0
57159,0
57208,0
57252,0
57273,0
57275,0
57360,0
57369,0
57424,0
57641,0
57706,0
57722,0
57796,0
57912,0
58057,0
58105,0
58133,0
58345,0
58516,0
58611,0
58766,0
58886,0
59068,0
59099,0
59189,0
59283,0
59285,0
59384,0
59578,0
59791,0
59935,0
60186,0
60215,0
60285,0
60382,0
60409,0
60616,0
60818,0
60937,0
61121,0
61172,0
61304,0
61335,0
61398,0
61418,0
61559,0
61650,0
61654,0
61726,0
61889,0
61964,0
62074,0
62191,0
62279,0
62342,0
62427,0
62516,0
62652,0
62675,0
62883,0
62980,0
63040,0
63057,0
63175,0
63257,0
63314,0
63332,0
63441,0
63664,0
63802,0
63910,0
63985,0
64126,0
64146,0
64379,0
64582,0
64659,0
64723,0
64759,0
64809,0
64814,0
64903,0
64938,0
64961,0
64962,0
65193,0
65291,0
65306,0
65529,0
65580,0
65863,0
65884,0
65932,0
66029,0
66221,0
66227,0
66363,0
66488,0
66752,0
66920,0
67148,0
67160,0
67219,0
67239,0
67249,0
67476,0
67793,0
67847,0
67871,0
67956,0
68036,0
68128,0
68258,0
68420,0
68597,0
68884,0
69090,0
69243,0
69619,0
69818,0
69973,0
70041,0
70203,0
70364,0
70595,0
70817,0
70921,0
70964,0
70994,0
71029,0
71206,0
71263,0
71280,0
71316,0
71624,0
71688,0
71876,0
71891,0
72010,0
72011,0
72438,0
72506,0
72574,0
72854,0
72917,0
72929,0
72948,0
73116,0
73259,0
73266,0
73302,0
73446,0
73464,0
73505,0
73513,0
73814,0
74062,0
74286,0
74348,0
74405,0
74473,0
74509,0
74595,0
74674,0
74688,0
74807,0
74838,0
74933,0
75098,0
75192,0
75438,0
75672,0
75697,0
75818,0
75838,0
75866,0
75941,0
75968,0
76270,0
76431,0
76433,0
76435,0
76650,0
76662,0
76813,0
76883,0
77105,0
77338,0
77367,0
77386,0
77496,0
77531,0
77541,0
77569,0
77633,0
77811,0
77845,0
77938,0
77947,0
78026,0
78238,0
78513,0
78558,0
78570,0
78577,0
78751,0
78854,0
78868,0
78958,0
79066,0
79069,0
79131,0
79147,0
79451,0
79529,0
79560,0
79646,0
79891,0
80121,0
80129,0
80299,0
80433,0
80615,0
80629,0
80630,0
80742,0
80924,0
81001,0
81104,0
81187,0
81533,0
81674,0
81867,0
81906,0
81929,0
82066,0
82139,0
82143,0
82188,0
82211,0
82528,0
82662,0
82679,0
82740,0
82982,0
83035,0
83078,0
83106,0
83119,0
83125,0
83149,0
83259,0
83288,0
83312,0
83319,0
83458,0
83482,0
83522,0
83681,0
83845,0
83919,0
84056,0
84062,0
84195,0
84217,0
84399,0
84494,0
84684,0
84980,0
85179,0
85194,0
85277,0
85306,0
85472,0
85590,0
85634,0
85667,0
85928,0
85953,0
86180,0
86284,0
86358,0
86535,0
86554,0
86577,0
86605,0
86622,0
86847,0
86865,0
87118,0
87200,0
87200,0
87329,0
87570,0
87615,0
87663,0
87796,0
87827,0
87885,0
87887,0
88174,0
88909,0
88959,0
89190,0
89471,0
89732,0
89756,0
89820,0
89832,0
89960,0
90033,0
90051,0
90052,0
90136,0
90197,0
90292,0
90390,0
90467,0
90480,0
90536,0
90573,0
90780,0
90782,0
90885,0
90888,0
90937,0
91099,0
91258,0
91419,0
91495,0
91509,0
91663,0
91743,0
91818,0
92154,0
92171,0
92261,0
92635,0
92682,0
92701,0
92715,0
92722,0
92885,0
93068,0
93236,0
93295,0
93397,0
93462,0
94048,0
94193,0
94238,0
94258,0
94364,0
94381,0
94484,0
94655,0
94760,0
94995,0
95202,0
95243,0
95291,0
95298,0
95521,0
95539,0
95654,0
95694,0
95794,0
96132,0
96167,0
96176,0
96369,0
96415,0
96452,0
96460,0
96584,0
96634,0
96761,0
96858,0
96912,0
97025,0
97125,0
97200,0
97398,0
97437,0
97460,0
97501,0
97536,0
97662,0
98142,0
98144,0
98243,0
98627,0
98706,0
98726,0
99018,0
99319,0
99333,0
99584,0
99633,0
99743,0
99748,0
99770,0
99848,0
99926,0
99926,0
99927,0
100035,0
100225,0
100255,0
100373,0
100507,0
100751,0
100764,0
100961,0
100963,0
101110,0
101120,0
101186,0
101295,0
101359,0
101537,0
101596,0
101700,0
101754,0
101830,0
101860,0
102222,0
102273,0
102444,0
102459,0
102629,0
102660,0
102686,0
102737,0
102766,0
102797,0
102830,0
102846,0
102910,0
102941,0
103224,0
103292,0
103322,0
103431,0
103592,0
103608,0
103623,0
103691,0
103738,0
103753,0
104094,0
104348,0
104397,0
104414,0
104504,0
104526,0
104560,0
104694,0
104704,0
104745,0
105041,0
105043,0
105106,0
105194,0
105194,0
105272,0
105377,0
105648,0
105691,0
105820,0
105873,0
105929,0
106133,0
106134,0
106188,0
106269,0
106498,0
106739,0
106832,0
106857,0
107047,0
107082,0
107103,0
107283,0
107396,0
107842,0
108014,0
108348,0
108506,0
108673,0
108867,0
109118,0
109121,0
109270,0
109300,0
109320,0
109394,0
109529,0
109580,0
109906,0
109958,0
109974,0
110184,0
110425,0
110507,0
110522,0
110724,0
110805,0
110841,0
110858,0
110890,0
110898,0
110901,0
110941,0
111069,0
111164,0
111657,0
111733,0
112179,0
112267,0
112475,0
112591,0
112651,0
112651,0
112890,0
112903,0
112924,0
113352,0
113535,0
113624,0
113630,0
113681,0
113737,0
113972,0
114049,0
114179,0
114310,0
114329,0
114519,0
114616,0
114704,0
114720,0
114774,0
114909,0
114954,0
115092,0
115119,0
115167,0
115279,0
115545,0
115810,0
116039,0
116134,0
116266,0
116344,0
116376,0
116537,0
116617,0
116692,0
116782,0
116859,0
117083,0
117283,0
117287,0
117465,0
117504,0
117724,0
117734,0
117805,0
117819,0
117880,0
117941,0
118238,0
118261,0
118399,0
118433,0
118497,0
118534,0
118641,0
118718,0
118785,0
118787,0
118818,0
119029,0
119045,0
119353,0
119494,0
119530,0
119550,0
119588,0
119860,0
120140,0
120220,0
120407,0
120930,0
120978,0
121157,0
121168,0
121180,0
121186,0
121261,0
121860,0
121921,0
121944,0
121945,0
122073,0
122221,0
122300,0
122490,0
122856,0
122877,0
123029,0
123076,0
123084,0
123647,0
123718,0
123820,0
123929,0
123981,0
123991,0
124108,0
124170,0
124279,0
124392,0
124413,0
124417,0
124461,0
124557,0
124714,0
124781,0
124834,0
124952,0
124958,0
124999,0
125001,0
125006,0
125145,0
125610,0
125720,0
125725,0
125757,0
125784,0
125839,0
126178,0
126265,0
126282,0
126377,0
126395,0
126480,0
126498,0
126583,0
126665,0
126734,0
126891,0
126938,0
127138,0
127204,0
127222,0
127367,0
127457,0
127679,0
127752,0
127785,0
127834,0
127971,0
128231,0
128429,0
128444,0
128484,0
128488,0
128662,0
128725,0
128739,0
128950,0
129016,0
129035,0
129298,0
129356,0
129414,0
129423,0
129498,0
129552,0
129613,0
129970,0
129992,0
130001,0
130076,0
130360,0
130606,0
130675,0
130727,0
130824,0
131017,0
131037,0
131134,0
131304,0
131381,0
131393,0
131517,0
131557,0
131559,0
131644,0
131675,0
131677,0
131772,0
131861,0
132044,0
132249,0
132280,0
132368,0
132394,0
132485,0
132619,0
132701,0
132785,0
132839,0
132965,0
132983,0
133053,0
133135,0
133168,0
133238,0
133281,0
133284,0
133363,0
133606,0
133717,0
133739,0
133757,0
133772,0
133801,0
133928,0
133928,0
133932,0
134085,0
134244,0
134418,0
134539,0
134628,0
134712,0
134845,0
134888,0
134923,0
135134,0
135369,0
135426,0
135443,0
135647,0
135749,0
135811,0
135817,0
136042,0
136088,0
136239,0
136459,0
136558,0
136813,0
136817,0
136875,0
137000,0
137091,0
137183,0
137288,0
137305,0
137391,0
137494,0
137563,0
137583,0
137704,0
137802,0
137817,0
137828,0
137834,0
137846,0
138075,0
138151,0
138614,0
138692,0
138748,0
138793,0
138981,0
139026,0
139035,0
139270,0
139356,0
139358,0
139709,0
139980,0
139997,0
140141,0
140264,0
140287,0
140332,0
140421,0
140431,0
140435,0
140499,0
140510,0
140571,0
140578,0
140621,0
140664,0
140951,0
141121,0
141305,0
141322,0
141348,0
141963,0
141973,0
141987,0
142319,0
142320,0
142355,0
142383,0
142634,0
142664,0
142747,0
142875,0
142943,0
142999,0
143149,0
143184,0
143226,0
143394,0
143587,0
143649,0
143752,0
143842,0
143866,0
143882,0
143944,0
143959,0
144400,0
144692,0
144826,0
144913,0
144980,0
145286,0
145698,0
145735,0
145868,0
146065,0
146101,0
146158,0
146209,0
146234,0
146429,0
146632,0
146632,0
146664,0
146713,0
146752,0
146842,0
146850,0
146870,0
146879,0
146881,0
146994,0
147109,0
147150,0
147207,0
147218,0
147249,0
147564,0
147581,0
147632,0
147703,0
147816,0
147844,0
148547,0
148607,0
148625,0
148706,0
148772,0
148937,0
149068,0
149227,0
149259,0
149335,0
149358,0
149478,0
149537,0
149649,0
149663,0
149672,0
149815,0
149972,0
149973,0
149995,0
150206,0
150209,0
150223,0
150392,0
150453,0
150691,0
150799,0
151033,0
151078,0
151233,0
151337,0
151454,0
151568,0
151587,0
151595,0
151677,0
151746,0
151765,0
151974,0
152296,0
152350,0
152485,0
152845,0
152906,0
153068,0
153074,0
153205,0
153212,0
153335,0
153358,0
153469,0
153572,0
153588,0
153703,0
153756,0
153803,0
154065,0
154080,0
154445,0
154457,0
154607,0
154609,0
154629,0
154656,0
154749,0
154950,0
155318,0
155428,0
155442,0
155595,0
155626,0
155657,0
155693,0
155707,0
155984,0
156118,0
156341,0
156504,0
156678,0
156805,0
156870,0
156875,0
156900,0
156948,0
157069,0
157070,0
157125,0
157127,0
157202,0
157311,0
157332,0
157480,0
157522,0
157584,0
157698,0
157767,0
157780,0
157969,0
158035,0
158162,0
158302,0
158378,0
158421,0
158604,0
158621,0
158724,0
158726,0
158732,0
158766,0
158929,0
159095,0
159108,0
159177,0
159194,0
159285,0
159459,0
159545,0
159652,0
159684,0
159785,0
159872,0
159901,0
159934,0
159983,0
160296,0
160324,0
160448,0
160552,0
160609,0
160724,0
160794,0
160957,0
161074,0
161279,0
161410,0
161538,0
161571,0
161674,0
161709,0
161718,0
161773,0
161873,0
161966,0
162032,0
162047,0
162171,0
162204,0
162325,0
162619,0
162822,0
163176,0
163214,0
163219,0
163230,0
163364,0
163574,0
163642,0
163726,0
163728,0
163930,0
164022,0
164059,0
164185,0
164185,0
164502,0
164860,0
164947,0
164998,0
165182,0
165534,0
165833,0
166040,0
166192,0
166194,0
166212,0
166544,0
166796,0
166925,0
167042,0
167161,0
167342,0
167365,0
167491,0
167563,0
167573,0
167922,0
167924,0
167981,0
168121,0
168174,0
168224,0
168261,0
168383,0
168404,0
168428,0
168492,0
168535,0
168634,0
168862,0
168884,0
168998,0
169206,0
169332,0
169379,0
169534,0
169606,0
169998,0
170180,0
170248,0
170317,0
170318,0
170324,0
170412,0
170638,0
170768,0
170849,0
170850,0
170898,0
171180,0
171377,0
171607,0
171672,0
171854,0
171920,0
171981,0
171990,0
172107,0
172125,0
172418,0
172550,0
172589,0
173046,0
173123,0
173146,0
173219,0
173230,0
173337,0
173365,0
173385,0
173429,0
173560,0
173627,0
173830,0
173927,0
174388,0
174516,0
174615,0
174682,0
174694,0
174723,0
174756,0
174815,0
175072,0
175138,0
175217,0
175484,0
175545,0
175623,0
175749,0
175807,0
175840,0
175963,0
175984,0
176058,0
176300,0
176358,0
176385,0
176519,0
176571,0
176678,0
176787,0
176885,0
176948,0
176967,0
177087,0
177159,0
177470,0
177571,0
177577,0
177814,0
177860,0
178365,0
178415,0
178473,0
178576,0
178625,0
178651,0
178686,0
178806,0
178901,0
178921,0
179005,0
179038,0
179092,0
179321,0
179469,0
179490,0
179608,0
180073,0
180323,0
180417,0
180417,0
180564,0
180660,0
180944,0
181205,0
181281,0
181444,0
182029,0
182240,0
182427,0
182439,0
182471,0
182522,0
182755,0
182782,0
182916,0
183257,0
183288,0
183306,0
183355,0
183436,0
183525,0
183883,0
184024,0
184116,0
184265,0
184338,0
184443,0
184790,0
184804,0
184953,0
185053,0
185237,0
185339,0
185528,0
185630,0
185727,0
186054,0
186134,0
186615,0
186665,0
186814,0
186927,0
186959,0
187198,0
187433,0
187523,0
187546,0
187714,0
188143,0
188213,0
188254,0
188338,0
188484,0
188628,0
188633,0
188903,0
188946,0
189036,0
189227,0
189376,0
189422,0
189447,0
189478,0
189516,0
189625,0
189749,0
189803,0
189836,0
190040,0
190208,0
190347,0
190469,0
190568,0
191085,0
191337,0
191342,0
191553,0
191687,0
191851,0
191914,0
192012,0
192026,0
192284,0
192316,0
192361,0
192364,0
192503,0
192633,0
192696,0
192819,0
192913,0
193043,0
193165,0
193222,0
193258,0
193525,0
193648,0
193653,0
193734,0
193859,0
194034,0
194064,0
194149,0
194201,0
194204,0
194299,0
194485,0
194559,0
194731,0
194814,0
194862,0
194922,0
195013,0
195069,0
195076,0
195184,0
195368,0
195414,0
195429,0
195444,0
195501,0
195519,0
195722,0
195911,0
196104,0
196127,0
196132,0
196141,0
196269,0
196486,0
196769,0
197151,0
197257,0
197882,0
198044,0
198063,0
198066,0
198112,0
198166,0
198249,0
198576,0
198812,0
198857,0
198899,0
199012,0
199273,0
199278,0
199420,0
199486,0
199522,0
199690,0
199908,0
199921,0
200081,0
200122,0
200219,0
200289,0
200430,0
200437,0
200456,0
200524,0
200615,0
200660,0
200734,0
200827,0
200897,0
201000,0
201360,0
201441,0
201502,0
201526,0
201571,0
201832,0
201992,0
202136,0
202150,0
202174,0
202213,0
202390,0
202491,0
202596,0
202773,0
202842,0
202950,0
203184,0
203373,0
203375,0
203505,0
203524,0
203623,0
203648,0
203661,0
203797,0
203974,0
204227,0
204351,0
204455,0
204919,0
205004,0
205081,0
205268,0
205290,0
205460,0
205550,0
205624,0
205707,0
205846,0
205881,0
205917,0
206148,0
206603,0
206914,0
207031,0
207060,0
207356,0
207424,0
207612,0
207673,0
207678,0
207937,0
207955,0
208035,0
208090,0
208156,0
208213,0
208462,0
208506,0
208638,0
208752,0
209103,0
209130,0
209131,0
209160,0
209172,0
209222,0
209349,0
209438,0
209624,0
209929,0
210094,0
210382,0
210413,0
210461,0
210467,0
210598,0
210645,0
210735,0
210798,0
210807,0
210850,0
211126,0
211228,0
211275,0
211408,0
211713,0
211935,0
212069,0
212159,0
212291,0
212338,0
212442,0
212466,0
212495,0
212621,0
212709,0
212810,0
212992,0
213195,0
213400,0
213458,0
213461,0
213504,0
213570,0
213593,0
213667,0
213692,0
213852,0
213890,0
213929,0
214167,0
214188,0
214236,0
214532,0
214647,0
214803,0
214807,0
214829,0
214918,0
215014,0
215054,0
215195,0
215225,0
215269,0
215496,0
215513,0
215798,0
215948,0
216593,0
216617,0
216830,0
216880,0
217106,0
217141,0
217162,0
217473,0
217753,0
217753,0
217824,0
217922,0
217973,0
217974,0
218157,0
218255,0
218272,0
218306,0
218436,0
218470,0
218653,0
218668,0
218687,0
218783,0
218938,0
218949,0
219063,0
219067,0
219110,0
219186,0
219529,0
219676,0
219725,0
219763,0
219852,0
220198,0
220212,0
220232,0
220362,0
220748,0
220884,0
221095,0
221147,0
221360,0
221477,0
221560,0
221612,0
221639,0
221659,0
221923,0
222130,0
222233,0
222364,0
222387,0
222396,0
222450,0
222581,0
222702,0
222746,0
222826,0
223119,0
223311,0
223375,0
223398,0
223579,0
223603,0
223687,0
224175,0
224286,0
224529,0
224662,0
224711,0
224763,0
224806,0
224849,0
225061,0
225067,0
225079,0
225229,0
225342,0
225476,0
225484,0
225516,0
225631,0
225635,0
225674,0
225881,0
225967,0
226132,0
226415,0
226535,0
226572,0
226590,0
226833,0
226900,0
226923,0
226955,0
227098,0
227130,0
227173,0
227175,0
227372,0
227481,0
227482,0
227492,0
227823,0
227859,0
228198,0
228346,0
228379,0
228603,0
228719,0
228823,0
228844,0
228867,0
228981,0
229036,0
229059,0
229184,0
229185,0
229248,0
229297,0
229480,0
229668,0
229751,0
229789,0
229918,0
229999,0
230010,0
230098,0
230102,0
230191,0
230302,0
230307,0
230592,0
230634,0
230648,0
230676,0
230707,0
230774,0
230808,0
230845,0
231074,0
231145,0
231292,0
231335,0
231501,0
231507,0
231537,0
231542,0
231648,0
231683,0
231755,0
231762,0
231838,0
232229,0
232265,0
232270,0
232288,0
232521,0
232623,0
232681,0
232686,0
232735,0
233118,0
233215,0
233642,0
233646,0
233684,0
233785,0
233990,0
234124,0
234152,0
234211,0
234219,0
234411,0
234628,0
234716,0
234772,0
234969,0
235001,0
235269,0
235543,0
235559,0
235630,0
235730,0
235880,0
235927,0
236076,0
236106,0
236288,0
236612,0
236724,0
236742,0
236765,0
236797,0
236864,0
236865,0
236949,0
236984,0
237100,0
237200,0
237210,0
237274,0
237431,0
237559,0
237833,0
238075,0
238240,0
238262,0
238323,0
238602,0
239045,0
239050,0
239210,0
239310,0
239352,0
239416,0
239473,0
239674,0
239718,0
239812,0
239859,0
239870,0
239899,0
239913,0
239915,0
239924,0
239951,0
240131,0
240212,0
240306,0
240613,0
240635,0
240673,0
240716,0
240844,0
240875,0
241156,0
241246,0
241258,0
241276,0
241515,0
241653,0
241657,0
241691,0
241692,0
241734,0
241812,0
241853,0
242163,0
242213,0
242234,0
242237,0
242246,0
242440,0
242563,0
242608,0
242611,0
242644,0
242704,0
242718,0
242731,0
242786,0
242971,0
242998,0
243013,0
243102,0
243263,0
243323,0
243343,0
243400,0
243432,0
243443,0
243493,0
243569,0
243594,0
243598,0
243811,0
243835,0
243905,0
243976,0
244112,0
244778,0
244873,0
245253,0
245254,0
245273,0
245286,0
245379,0
245381,0
245457,0
245538,0
245559,0
245813,0
245979,0
246131,0
246227,0
246298,0
246328,0
246442,0
246560,0
246724,0
246779,0
246927,0
247045,0
247226,0
247232,0
247408,0
247607,0
247658,0
247754,0
247810,0
248051,0
248056,0
248090,0
248253,0
248316,0
248581,0
248698,0
248699,0
248725,0
248786,0
248996,0
249022,0
249791,0
249992,0
250015,0
250237,0
250362,0
250411,0
250418,0
250491,0
250695,0
250796,0
250872,0
250900,0
251034,0
251070,0
251159,0
251244,0
251287,0
251381,0
251460,0
251658,0
251869,0
251941,0
252161,0
252201,0
252458,0
252520,0
252572,0
252640,0
252678,0
252717,0
252741,0
252781,0
253343,0
253357,0
253389,0
253468,0
253592,0
253699,0
253759,0
253860,0
253874,0
253875,0
254096,0
254099,0
254183,0
254229,0
254255,0
254316,0
254331,0
254410,0
254421,0
254479,0
254622,0
254646,0
254649,0
254747,0
254766,0
254780,0
254894,0
254909,0
254945,0
255042,0
255198,0
255243,0
255377,0
255519,0
255527,0
255574,0
255611,0
255804,0
255889,0
255900,0
256011,0
256040,0
256201,0
256222,0
256281,0
256293,0
256297,0
256315,0
256396,0
256562,0
256617,0
256675,0
256837,0
256904,0
257063,0
257080,0
257219,0
257297,0
257302,0
257930,0
258206,0
258213,0
258358,0
258363,0
258491,0
258495,0
258530,0
258741,0
258812,0
258823,0
259319,0
259540,0
259679,0
259703,0
259804,0
259911,0
260208,0
260393,0
260438,0
260483,0
260598,0
260641,0
260745,0
260792,0
260802,0
260881,0
261029,0
261065,0
261165,0
261203,0
261244,0
261291,0
261400,0
261532,0
261576,0
261657,0
261761,0
261853,0
261931,0
261946,0
262028,0
262163,0
262231,0
262272,0
262332,0
262447,0
262491,0
262538,0
262692,0
262742,0
262785,0
262846,0
262919,0
263143,0
263391,0
263487,0
263492,0
263565,0
263583,0
263705,0
263855,0
264084,0
264212,0
264374,0
264662,0
265108,0
265192,0
265220,0
265410,0
265420,0
265505,0
265798,0
265892,0
266070,0
266095,0
266110,0
266265,0
266390,0
266440,0
266540,0
266567,0
266601,0
266714,0
266739,0
266858,0
267214,0
267307,0
267465,0
267490,0
267526,0
267621,0
267680,0
268310,0
268371,0
268498,0
268532,0
268683,0
268687,0
268694,0
268771,0
268831,0
268900,0
268966,0
269160,0
269187,0
269369,0
269434,0
269482,0
269520,0
269757,0
269760,0
269882,0
269939,0
269947,0
270578,0
270876,0
271025,0
271034,0
271090,0
271094,0
271182,0
271236,0
271455,0
271497,0
271508,0
271622,0
271655,0
271669,0
271672,0
272088,0
272097,0
272305,0
272395,0
272426,0
272445,0
272496,0
272508,0
272948,0
273040,0
273125,0
273293,0
273366,0
273490,0
273515,0
273663,0
273770,0
273790,0
273887,0
274152,0
274184,0
274271,0
274304,0
274458,0
274531,0
274995,0
275130,0
275332,0
275366,0
275469,0
275558,0
275638,0
275962,0
275968,0
276116,0
276184,0
276200,0
276224,0
276258,0
276308,0
276313,0
276492,0
276568,0
276572,0
276626,0
276899,0
276953,0
277006,0
277145,0
277424,0
277667,0
277738,0
277765,0
277889,0
277928,0
277998,0
278058,0
278061,0
278138,0
278256,0
278436,0
278584,0
278763,0
278864,0
278923,0
278941,0
278991,0
279018,0
279192,0
279292,0
279317,0
279363,0
279545,0
279561,0
279661,0
279754,0
279800,0
279912,0
280185,0
280460,0
280630,0
280699,0
280816,0
280897,0
280910,0
281008,0
281060,0
281092,0
281109,0
281292,0
281343,0
281367,0
281468,0
281518,0
281589,0
281609,0
281618,0
281877,0
282118,0
282273,0
282353,0
282567,0
282688,0
282747,0
282899,0
283059,0
283090,0
283633,0
283706,0
283711,0
283970,0
283999,0
284072,0
284073,0
284133,0
284436,0
284450,0
284451,0
284485,0
284555,0
284566,0
284652,0
284704,0
284735,0
284791,0
284975,0
285062,0
285119,0
285248,0
285288,0
285438,0
285486,0
285489,0
285546,0
285612,0
285698,0
285772,0
285838,0
286030,0
286112,0
286115,0
286130,0
286180,0
286319,0
286607,0
286623,0
286632,0
287325,0
287465,0
287467,0
287529,0
287604,0
288055,0
288332,0
288399,0
288412,0
288559,0
288649,0
288851,0
288913,0
288958,0
289084,0
289194,0
289370,0
289405,0
289519,0
289545,0
289934,0
290078,0
290165,0
290174,0
290209,0
290243,0
290252,0
290284,0
290292,0
290296,0
290526,0
290542,0
290719,0
290801,0
290829,0
290891,0
291029,0
291161,0
291226,0
291270,0
291380,0
291586,0
291756,0
291895,0
292206,0
292239,0
292377,0
292551,0
292585,0
292599,0
292811,0
292832,0
292897,0
293221,0
293299,0
293460,0
293498,0
293652,0
293906,0
293984,0
293990,0
294024,0
294041,0
294093,0
294163,0
294255,0
294521,0
294602,0
294697,0
294744,0
294749,0
294833,0
294840,0
294896,0
294908,0
295293,0
295367,0
295393,0
295590,0
295694,0
295782,0
295933,0
296126,0
296226,0
296525,0
296540,0
296641,0
296692,0
296695,0
296701,0
296718,0
296750,0
296762,0
296825,0
297234,0
297492,0
297556,0
297599,0
297652,0
297772,0
297817,0
297876,0
297882,0
297906,0
297971,0
297985,0
298032,0
298538,0
298759,0
298811,0
298967,0
299096,0
299177,0
299226,0
299347,0
299612,0
299737,0
299883,0
299903,0
299903,0
300253,0
300389,0
300443,0
300469,0
300626,0
300875,0
300945,0
300968,0
300971,0
301170,0
301272,0
301304,0
301310,0
301353,0
301424,0
301503,0
301514,0
301518,0
301701,0
301957,0
302144,0
302297,0
302309,0
302497,0
302581,0
302599,0
302616,0
302725,0
302772,0
302803,0
302811,0
302960,0
302999,0
303109,0
303153,0
303196,0
303431,0
303757,0
303763,0
303778,0
303869,0
304093,0
304135,0
304141,0
304186,0
304527,0
304537,0
304608,0
304701,0
304768,0
304929,0
305144,0
305172,0
305211,0
305321,0
305395,0
305449,0
305636,0
305657,0
305716,0
305797,0
305896,0
305947,0
306080,0
306357,0
306468,0
306541,0
306808,0
306899,0
306921,0
306935,0
307110,0
307130,0
307130,0
307131,0
307378,0
307456,0
307649,0
307680,0
307709,0
307725,0
307867,0
308042,0
308201,0
308223,0
308552,0
308687,0
308961,0
309073,0
309085,0
309092,0
309254,0
309283,0
309337,0
309400,0
309479,0
309493,0
309493,0
309637,0
309649,0
309712,0
309791,0
309817,0
309888,0
309922,0
309937,0
309942,0
309960,0
310222,0
310312,0
310488,0
310657,0
310664,0
310738,0
310798,0
310821,0
310827,0
310855,0
310915,0
311021,0
311082,0
311254,0
311297,0
311438,0
311617,0
311762,0
312022,0
312121,0
312206,0
312207,0
312360,0
312388,0
312435,0
312446,0
312504,0
312732,0
312757,0
313070,0
313094,0
313238,0
313392,0
313450,0
313686,0
313718,0
313748,0
313759,0
313780,0
313839,0
313840,0
313943,0
314175,0
314203,0
314261,0
314277,0
314384,0
314655,0
314730,0
314785,0
314788,0
315098,0
315325,0
315438,0
315463,0
315538,0
315600,0
315619,0
315913,0
315937,0
315949,0
315997,0
316034,0
316451,0
316656,0
316743,0
316763,0
316795,0
316966,0
317173,0
317255,0
317379,0
317585,0
317773,0
318171,0
318408,0
318454,0
318557,0
318561,0
318649,0
318692,0
319169,0
319204,0
319323,0
319536,0
319696,0
319705,0
319783,0
319909,0
320026,0
320230,0
320327,0
320453,0
320464,0
320574,0
320615,0
320733,0
320743,0
320833,0
320915,0
320916,0
320974,0
321010,0
321014,0
321185,0
321205,0
321264,0
321277,0
321362,0
321497,0
321556,0
321582,0
321651,0
321681,0
321769,0
321865,0
321877,0
321978,0
322060,0
322164,0
322215,0
322301,0
322392,0
322476,0
322492,0
322778,0
322811,0
322946,0
322967,0
322994,0
323030,0
323101,0
323188,0
323365,0
323445,0
323492,0
324136,0
324169,0
324218,0
324325,0
324404,0
324494,0
324526,0
324579,0
324647,0
324729,0
325010,0
325312,0
325359,0
325536,0
325729,0
325738,0
325762,0
325791,0
325792,0
325947,0
325994,0
326130,0
326274,0
326299,0
326349,0
326404,0
326610,0
326878,0
326966,0
326990,0
327034,0
327136,0
327285,0
327322,0
327554,0
327631,0
327659,0
327860,0
327970,0
327985,0
328051,0
328130,0
328162,0
328226,0
328365,0
328419,0
328450,0
328590,0
328780,0
328960,0
329132,0
329271,0
329347,0
329428,0
329595,0
329707,0
329778,0
329842,0
330042,0
330051,0
330240,0
330543,0
330549,0
330595,0
330606,0
330768,0
330832,0
330875,0
330949,0
331259,0
331269,0
331290,0
331361,0
331400,0
331430,0
331583,0
331598,0
331771,0
332138,0
332257,0
332383,0
332502,0
332709,0
332821,0
332853,0
332885,0
333394,0
333602,0
333854,0
334094,0
334096,0
334196,0
334419,0
334546,0
334549,0
334618,0
334765,0
334842,0
334849,0
334891,0
334908,0
335003,0
335086,0
335109,0
335170,0
335469,0
335752,0
335942,0
335971,0
336128,0
336312,0
336364,0
336428,0
336780,0
336857,0
336877,0
336949,0
337050,0
337444,0
337615,0
338063,0
338158,0
338270,0
338277,0
338398,0
338576,0
338625,0
338639,0
338681,0
338689,0
338719,0
338802,0
338856,0
338929,0
338969,0
338980,0
339021,0
339086,0
339267,0
339415,0
339530,0
339670,0
339687,0
339716,0
339799,0
339811,0
339845,0
340053,0
340216,0
340374,0
340425,0
340511,0
340540,0
340556,0
340828,0
340917,0
340941,0
340983,0
340998,0
341171,0
341183,0
341296,0
341338,0
341411,0
341499,0
341516,0
341711,0
342045,0
342128,0
342133,0
342145,0
342211,0
342294,0
342411,0
342440,0
342796,0
342945,0
343047,0
343200,0
343212,0
343563,0
343639,0
343678,0
343705,0
343817,0
343923,0
344092,0
344156,0
344237,0
344330,0
344343,0
344733,0
344763,0
344766,0
344773,0
344787,0
344917,0
345183,0
345427,0
345816,0
345822,0
345952,0
345986,0
346043,0
346441,0
346528,0
346568,0
346587,0
346629,0
346705,0
347179,0
347191,0
347209,0
347325,0
347544,0
347546,0
347637,0
347816,0
347883,0
347918,0
347920,0
348129,0
348151,0
348226,0
348272,0
348272,0
348318,0
348321,0
348351,0
348366,0
348627,0
348682,0
348833,0
349074,0
349098,0
349099,0
349234,0
349264,0
349613,0
350041,0
350095,0
350098,0
350260,0
350309,0
350651,0
350664,0
350706,0
350710,0
350892,0
350943,0
350980,0
351277,0
351365,0
351421,0
351470,0
351603,0
351616,0
351620,0
351646,0
351679,0
351700,0
351975,0
352108,0
352199,0
352265,0
352328,0
352334,0
352365,0
352782,0
352872,0
353062,0
353130,0
353229,0
353317,0
353360,0
353384,0
353453,0
353739,0
353743,0
353756,0
353824,0
353843,0
353894,0
353896,0
354048,0
354064,0
354371,0
354408,0
354408,0
354467,0
354497,0
354590,0
354660,0
354681,0
354821,0
355461,0
355498,0
355599,0
355920,0
356097,0
356195,0
356244,0
356418,0
356447,0
356710,0
356822,0
356862,0
357107,0
357130,0
357353,0
357380,0
357429,0
357466,0
357643,0
357643,0
357707,0
357811,0
357871,0
358075,0
358127,0
358216,0
358293,0
358500,0
358615,0
358669,0
358704,0
358760,0
358788,0
359005,0
359080,0
359334,0
359391,0
359442,0
359486,0
359521,0
359526,0
359596,0
359758,0
359768,0
359931,0
360033,0
360154,0
360349,0
360385,0
360414,0
360463,0
360465,0
360568,0
360592,0
360695,0
360716,0
360735,0
360804,0
360939,0
361004,0
361011,0
361157,0
361363,0
361405,0
361416,0
361441,0
361570,0
361653,0
361939,0
361981,0
362439,0
362610,0
362707,0
362752,0
362790,0
363149,0
363204,0
363302,0
363486,0
363582,0
363727,0
363750,0
363845,0
363851,0
363916,0
363934,0
364040,0
364309,0
364360,0
364497,0
364589,0
364615,0
364750,0
364858,0
364872,0
365058,0
365125,0
365162,0
365257,0
365261,0
365360,0
365438,0
365468,0
365483,0
365630,0
365690,0
365878,0
365914,0
366121,0
366253,0
366267,0
366420,0
366420,0
366526,0
366760,0
366814,0
366905,0
367097,0
367171,0
367208,0
367300,0
367339,0
367726,0
367818,0
367930,0
367966,0
368099,0
368187,0
368275,0
368280,0
368347,0
368353,0
368438,0
368517,0
368708,0
368906,0
369191,0
369237,0
369327,0
369450,0
369658,0
369669,0
369674,0
369776,0
369963,0
370006,0
370055,0
370105,0
370200,0
370229,0
370248,0
370376,0
370429,0
370473,0
370537,0
370627,0
370803,0
370855,0
371052,0
371457,0
371507,0
371510,0
371518,0
371918,0
371967,0
372098,0
372192,0
372303,0
372580,0
372660,0
372827,0
372883,0
373033,0
373230,0
373299,0
373490,0
373582,0
373655,0
373710,0
373905,0
374043,0
374231,0
374422,0
374530,0
374533,0
374708,0
374715,0
374796,0
374815,0
374816,0
375131,0
375193,0
375504,0
375577,0
375611,0
375612,0
375688,0
375836,0
376043,0
376047,0
376067,0
376288,0
376340,0
376521,0
376841,0
376859,0
376871,0
376894,0
377014,0
377064,0
377253,0
377357,0
377449,0
377621,0
377821,0
377882,0
378062,0
378077,0
378095,0
378209,0
378219,0
378334,0
378340,0
378456,0
378544,0
378923,0
379067,0
379129,0
379135,0
379182,0
379426,0
379514,0
379691,0
379829,0
380069,0
380476,0
380520,0
380523,0
380673,0
380720,0
380813,0
380855,0
381009,0
381147,0
381161,0
381265,0
381556,0
381649,0
381669,0
381676,0
381830,0
381836,0
382086,0
382098,0
382187,0
382251,0
382429,0
382468,0
382504,0
382635,0
382691,0
382961,0
382962,0
382988,0
383030,0
383394,0
383432,0
383852,0
383994,0
384068,0
384235,0
384423,0
384473,0
384565,0
384731,0
384744,0
385063,0
385078,0
385275,0
385747,0
385865,0
385876,0
386010,0
386099,0
386271,0
386516,0
386617,0
386641,0
386678,0
386831,0
386926,0
386938,0
386998,0
387173,0
387174,0
387228,0
387238,0
387334,0
387356,0
387760,0
387885,0
388032,0
388037,0
388044,0
388292,0
388299,0
388367,0
388394,0
388462,0
388591,0
388629,0
388682,0
388832,0
388912,0
389005,0
389064,0
389112,0
389238,0
389340,0
389679,0
390199,0
390207,0
390253,0
390344,0
390443,0
390444,0
390491,0
390535,0
390545,0
390722,0
390743,0
390898,0
390978,0
391114,0
391153,0
391327,0
391344,0
391439,0
391501,0
391756,0
391802,0
391809,0
391852,0
391868,0
392202,0
392291,0
392320,0
392329,0
392412,0
392484,0
392593,0
392895,0
392938,0
393100,0
393151,0
393205,0
393332,0
393613,0
393766,0
393857,0
393895,0
393903,0
393906,0
393931,0
393998,0
394111,0
394280,0
394355,0
394389,0
394420,0
394563,0
394665,0
394771,0
395065,0
395187,0
395233,0
395386,0
395620,0
396158,0
396207,0
396310,0
396428,0
396497,0
396497,0
396528,0
396539,0
396574,0
396974,0
397133,0
397151,0
397165,0
397282,0
397464,0
397472,0
397744,0
397807,0
397843,0
397978,0
398119,0
398787,0
398817,0
399016,0
399029,0
399109,0
399120,0
399256,0
399326,0
399604,0
399782,0
400296,0
400394,0
400541,0
400552,0
400582,0
400852,0
400907,0
400969,0
401169,0
401181,0
401263,0
401266,0
401401,0
401406,0
401475,0
401556,0
401650,0
401679,0
401772,0
401809,0
401940,0
402286,0
402292,0
402550,0
402665,0
402760,0
402870,0
402905,0
403116,0
403124,0
403414,0
403481,0
403491,0
403498,0
403618,0
403861,0
403942,0
404248,0
404361,0
404463,0
404659,0
404811,0
404929,0
405081,0
405097,0
405202,0
405225,0
405297,0
405374,0
405539,0
405605,0
405639,0
405642,0
405701,0
405708,0
405760,0
405764,0
405936,0
405955,0
406191,0
406277,0
406398,0
406476,0
406778,0
406799,0
406804,0
406891,0
406903,0
407040,0
407056,0
407095,0
407279,0
407334,0
407431,0
407563,0
407642,0
407850,0
407949,0
408138,0
408444,0
408487,0
408692,0
408800,0
409110,0
409262,0
409314,0
409490,0
409515,0
409669,0
409705,0
409757,0
409877,0
409891,0
409900,0
410179,0
410222,0
410623,0
410729,0
410840,0
410974,0
411079,0
411371,0
411393,0
411408,0
411420,0
411635,0
412019,0
412147,0
412463,0
412687,0
412700,0
412716,0
412716,0
412723,0
413083,0
413160,0
413408,0
413429,0
413536,0
413718,0
413932,0
414028,0
414079,0
414085,0
414261,0
414268,0
414273,0
414306,0
414363,0
414432,0
414527,0
414956,0
414968,0
415138,0
415480,0
415588,0
416033,0
416046,0
416083,0
416303,0
416348,0
416375,0
416610,0
416621,0
416665,0
416734,0
417066,0
417168,0
417239,0
417400,0
417402,0
417514,0
417533,0
417624,0
417632,0
417670,0
417795,0
417817,0
417853,0
417870,0
417966,0
417974,0
417993,0
418052,0
418280,0
418416,0
418445,0
418446,0
418461,0
418596,0
418641,0
418684,0
418842,0
418873,0
419090,0
419142,0
419317,0
419430,0
419488,0
419564,0
419779,0
419858,0
420045,0
420130,0
420338,0
420394,0
420570,0
420613,0
420624,0
420855,0
420859,0
421031,0
421035,0
421060,0
421193,0
421286,0
421401,0
421615,0
421644,0
421683,0
421739,0
421762,0
421955,0
422201,0
422252,0
422282,0
422375,0
422514,0
422539,0
422649,0
422661,0
422678,0
422710,0
422798,0
422874,0
423146,0
423174,0
423194,0
423245,0
423266,0
423436,0
423530,0
423532,0
424138,0
424154,0
424206,0
424240,0
424294,0
424324,0
424622,0
424739,0
424763,0
424812,0
424929,0
425161,0
425161,0
425226,0
425264,0
425299,0
425661,0
425669,0
425731,0
425777,0
425815,0
425946,0
426231,0
426291,0
426445,0
426465,0
426476,0
426520,0
426617,0
426666,0
426783,0
426805,0
426836,0
426881,0
426906,0
426918,0
426934,0
426952,0
427132,0
427204,0
427231,0
427354,0
427482,0
427737,0
427818,0
427985,0
428007,0
428039,0
428050,0
428067,0
428148,0
428367,0
428465,0
428677,0
428715,0
428954,0
429059,0
429094,0
429106,0
429303,0
429328,0
429379,0
429390,0
429875,0
429880,0
430026,0
430060,0
430159,0
430232,0
430364,0
430371,0
430377,0
430387,0
430392,0
430409,0
430613,0
430782,0
431082,0
431096,0
431115,0
431128,0
431260,0
431458,0
431823,0
431852,0
431898,0
431975,0
432138,0
432249,0
432275,0
432300,0
432410,0
432420,0
432452,0
432489,0
432510,0
432572,0
432620,0
432699,0
432878,0
432889,0
432958,0
433093,0
433095,0
433263,0
433314,0
433402,0
433470,0
433610,0
433838,0
434082,0
434106,0
434182,0
434216,0
434313,0
434400,0
434538,0
434680,0
434698,0
434883,0
435096,0
435184,0
435186,0
435204,0
435329,0
435337,0
435664,0
435712,0
436481,0
436562,0
436637,0
436645,0
436898,0
436909,0
437206,0
437243,0
437325,0
437615,0
437667,0
437695,0
437750,0
437836,0
437994,0
438030,0
438064,0
438199,0
438234,0
438237,0
438371,0
438479,0
438565,0
438653,0
438842,0
438844,0
438854,0
438915,0
438931,0
438965,0
439068,0
439090,0
439121,0
439225,0
439225,0
439481,0
439724,0
439753,0
440099,0
440235,0
440309,0
440326,0
440415,0
440533,0
440647,0
440668,0
440979,0
441116,0
441190,0
441287,0
441355,0
441441,0
441778,0
441845,0
442051,0
442064,0
442234,0
442257,0
442327,0
442411,0
442411,0
442423,0
442560,0
442573,0
442680,0
442775,0
443131,0
443140,0
443298,0
443572,0
443574,0
443575,0
443903,0
444054,0
444116,0
444125,0
444192,0
444249,0
444423,0
444486,0
444621,0
444763,0
445139,0
445157,0
445170,0
445297,0
445337,0
445442,0
445484,0
445521,0
445645,0
445677,0
445688,0
445793,0
446165,0
446237,0
446349,0
446518,0
446544,0
446651,0
446935,0
446959,0
447031,0
447243,0
447549,0
447615,0
447727,0
448491,0
448558,0
448620,0
448737,0
448840,0
448918,0
448942,0
449103,0
449309,0
449335,0
449446,0
449471,0
449534,0
449562,0
449590,0
449627,0
449804,0
450002,0
450156,0
450268,0
450306,0
450311,0
450412,0
450501,0
450536,0
450746,0
450824,0
451031,0
451124,0
451232,0
451319,0
451580,0
451616,0
451632,0
451660,0
451693,0
452156,0
452173,0
452284,0
452290,0
452327,0
452365,0
452486,0
452498,0
452692,0
452982,0
453062,0
453147,0
453276,0
453290,0
453362,0
453431,0
453565,0
453730,0
453944,0
454051,0
454059,0
454223,0
454451,0
454539,0
454549,0
454609,0
454739,0
454775,0
454793,0
454850,0
454910,0
455267,0
455355,0
455450,0
455615,0
455626,0
455628,0
455635,0
455679,0
455918,0
456012,0
456130,0
456225,0
456283,0
456296,0
456308,0
456317,0
456611,0
456670,0
456988,0
457027,0
457060,0
457350,0
457502,0
457563,0
457585,0
457835,0
457911,0
457950,0
457954,0
457985,0
458057,0
458074,0
458151,0
458243,0
458300,0
458498,0
458567,0
458615,0
459411,0
459459,0
459520,0
459523,0
459831,0
459890,0
459903,0
460028,0
460090,0
460639,0
460677,0
460748,0
460770,0
460809,0
461080,0
461095,0
461145,0
461320,0
461441,0
461582,0
461734,0
461820,0
462003,0
462435,0
462532,0
462562,0
462640,0
462771,0
462985,0
463073,0
463119,0
463203,0
463333,0
463383,0
463498,0
463963,0
464014,0
464034,0
464046,0
464051,0
464065,0
464068,0
464114,0
464151,0
464285,0
464400,0
464502,0
464506,0
464548,0
464733,0
464796,0
464962,0
465046,0
465266,0
465492,0
465524,0
465593,0
465735,0
465751,0
465753,0
465765,0
465838,0
465935,0
465959,0
465969,0
466276,0
466285,0
466297,0
466394,0
466400,0
466558,0
466566,0
466703,0
466724,0
466737,0
466823,0
466938,0
466992,0
467028,0
467055,0
467174,0
467359,0
467578,0
467626,0
467680,0
468073,0
468229,0
468334,0
468348,0
468552,0
468554,0
468620,0
468633,0
468741,0
468779,0
469019,0
469113,0
469210,0
469601,0
469606,0
469617,0
469668,0
469682,0
469728,0
469794,0
469868,0
470001,0
470025,0
470331,0
470340,0
470408,0
470413,0
470552,0
470710,0
470824,0
470900,0
471154,0
471209,0
471236,0
471308,0
471357,0
471540,0
471599,0
471803,0
471813,0
471919,0
472156,0
472174,0
472249,0
472382,0
472417,0
472487,0
472777,0
472801,0
472932,0
472962,0
473194,0
473252,0
473274,0
473298,0
473320,0
473458,0
473504,0
473596,0
473805,0
473879,0
473968,0
474023,0
474025,0
474127,0
474160,0
474253,0
474329,0
474484,0
474756,0
474882,0
474910,0
475007,0
475096,0
475121,0
475127,0
475227,0
475229,0
475305,0
475334,0
475348,0
475439,0
475538,0
475630,0
475693,0
475759,0
475867,0
476028,0
476032,0
476391,0
476433,0
476536,0
476564,0
476634,0
477008,0
477058,0
477068,0
477155,0
477161,0
477281,0
477371,0
477765,0
477915,0
478014,0
478115,0
478161,0
478189,0
478339,0
478494,0
478526,0
478546,0
478605,0
478618,0
478813,0
478837,0
478924,0
479087,0
479426,0
479550,0
479581,0
479635,0
479784,0
480221,0
480320,0
480395,0
480503,0
480552,0
481005,0
481029,0
481340,0
481372,0
481475,0
481516,0
481574,0
481589,0
481641,0
481657,0
481745,0
481931,0
481934,0
482092,0
482207,0
482601,0
482784,0
482938,0
482948,0
482951,0
483129,0
483361,0
483473,0
483700,0
483978,0
484069,0
484100,0
484113,0
484136,0
484142,0
484161,0
484302,0
484494,0
484510,0
484643,0
484910,0
484969,0
484971,0
484986,0
484997,0
485003,0
485073,0
485219,0
485240,0
485266,0
485527,0
485531,0
485565,0
485617,0
485618,0
485886,0
486035,0
486174,0
486196,0
486261,0
486319,0
486448,0
486516,0
486644,0
486659,0
486741,0
486869,0
487000,0
487112,0
487149,0
487475,0
487515,0
487740,0
487923,0
488049,0
488081,0
488183,0
488525,0
488593,0
488768,0
488799,0
488814,0
488867,0
489280,0
489362,0
489424,0
489528,0
489564,0
489701,0
490069,0
490117,0
490133,0
490144,0
490184,0
490268,0
490317,0
490339,0
490427,0
490447,0
490449,0
490520,0
490527,0
491051,0
491166,0
491252,0
491552,0
491694,0
491732,0
491774,0
491819,0
491943,0
492100,0
492115,0
492119,0
492164,0
492205,0
492224,0
492552,0
492828,0
492876,0
492972,0
493061,0
493145,0
493177,0
493260,0
493338,0
493355,0
493404,0
493539,0
493863,0
493922,0
494040,0
494370,0
494757,0
494850,0
494870,0
495054,0
495159,0
495282,0
495359,0
495680,0
495787,0
495797,0
495801,0
495821,0
496036,0
496131,0
496282,0
496598,0
496700,0
496864,0
497081,0
497145,0
497224,0
497328,0
497342,0
497417,0
497546,0
497559,0
497924,0
497926,0
497965,0
498061,0
498199,0
498297,0
498303,0
498321,0
498425,0
498520,0
498579,0
498610,0
498662,0
498674,0
498855,0
498962,0
499118,0
499163,0
499180,0
499396,0
499452,0
500048,0
500412,0
500736,0
500770,0
500820,0
501088,0
501139,0
501256,0
501313,0
501396,0
501403,0
501673,0
501719,0
501797,0
501854,0
501899,0
502036,0
502083,0
502317,0
502474,0
502499,0
502537,0
502742,0
502813,0
502837,0
503027,0
503105,0
503546,0
503575,0
503631,0
503731,0
503808,0
503990,0
504021,0
504058,0
504064,0
504112,0
504270,0
504436,0
504482,0
504548,0
504557,0
504783,0
504966,0
505022,0
505105,0
505150,0
505193,0
505225,0
505225,0
505370,0
505539,0
505581,0
505612,0
505682,0
505782,0
505842,0
506093,0
506210,0
506213,0
506253,0
506292,0
506373,0
506433,0
506476,0
506533,0
506539,0
506963,0
507023,0
507197,0
507443,0
507484,0
507501,0
507823,0
507869,0
507898,0
508240,0
508355,0
508477,0
508486,0
508669,0
508713,0
508724,0
508729,0
508783,0
508841,0
508863,0
508888,0
509256,0
509389,0
509530,0
509752,0
509926,0
510026,0
510080,0
510214,0
510321,0
510346,0
510429,0
510583,0
510744,0
510922,0
510961,0
511031,0
511101,0
511440,0
511453,0
511490,0
511515,0
511734,0
511791,0
511899,0
512207,0
512389,0
512467,0
512682,0
512723,0
512875,0
512892,0
513016,0
513075,0
513095,0
513169,0
513329,0
513404,0
513409,0
513476,0
513698,0
513712,0
513778,0
513819,0
513972,0
513987,0
514142,0
514283,0
514329,0
514397,0
514587,0
514660,0
514762,0
514858,0
514974,0
515013,0
515351,0
515367,0
515371,0
515801,0
515858,0
515911,0
515919,0
516043,0
516063,0
516107,0
516110,0
516261,0
516341,0
516378,0
516547,0
516787,0
516834,0
517171,0
517237,0
517255,0
517417,0
517568,0
517729,0
517847,0
517897,0
517925,0
517931,0
518044,0
518344,0
518395,0
518498,0
518563,0
518711,0
518722,0
518780,0
518813,0
518851,0
518948,0
518998,0
519010,0
519056,0
519667,0
519722,0
519977,0
520032,0
520037,0
520042,0
520065,0
520067,0
520095,0
520251,0
520449,0
520717,0
520822,0
521040,0
521047,0
521095,0
521095,0
521107,0
521271,0
521300,0
521340,0
521358,0
521372,0
521504,0
521789,0
522065,0
522115,0
522159,0
522167,0
522465,0
522576,0
522788,0
522830,0
522897,0
523018,0
523055,0
523077,0
523255,0
523302,0
523344,0
523462,0
523532,0
523564,0
523704,0
523847,0
524022,0
524071,0
524179,0
524243,0
524411,0
524470,0
524489,0
524590,0
524635,0
524712,0
524768,0
525052,0
525139,0
525175,0
525198,0
525231,0
525635,0
525866,0
526074,0
526184,0
526215,0
526225,0
526339,0
526400,0
526411,0
526430,0
526439,0
526452,0
526591,0
526768,0
526952,0
526996,0
527043,0
527316,0
527543,0
527573,0
527660,0
527698,0
527781,0
527831,0
527846,0
527952,0
527992,0
528207,0
528225,0
528314,0
528320,0
528579,0
528720,0
528819,0
528834,0
528931,0
529055,0
