58,0
95,0
158,0
379,0
450,0
488,0
698,0
854,0
1487,0
1554,0
1688,0
1721,0
1749,0
1896,0
1898,0
2047,0
2143,0
2182,0
2197,0
2251,0
2486,0
2805,0
2908,0
2944,0
2976,0
3030,0
3061,0
3206,0
3408,0
3536,0
3583,0
3643,0
4056,0
4119,0
4192,0
4207,0
4209,0
4229,0
4400,0
4432,0
4441,0
4563,0
4731,0
4844,0
5352,0
5469,0
5560,0
5656,0
5876,0
6326,0
6919,0
6938,0
7225,0
7279,0
7305,0
7329,0
7606,0
7701,0
7710,0
7848,0
7860,0
8213,0
8219,0
8570,0
8608,0
8612,0
8638,0
8662,0
8767,0
8804,0
8860,0
8960,0
8988,0
9102,0
9153,0
9309,0
9521,0
9632,0
9888,0
10404,0
10513,0
10522,0
10535,0
10547,0
10550,0
10710,0
10745,0
10827,0
11383,0
11537,0
11543,0
11773,0
11884,0
11974,0
12025,0
12056,0
12100,0
12139,0
12225,0
12316,0
12317,0
12442,0
12514,0
12567,0
12569,0
12611,0
12658,0
12699,0
12803,0
12868,0
13732,0
13844,0
13964,0
14058,0
14201,0
14209,0
14239,0
14408,0
14445,0
14469,0
14530,0
14556,0
14616,0
14626,0
14921,0
14952,0
14982,0
15094,0
15165,0
15208,0
15267,0
15397,0
15487,0
15492,0
15516,0
15727,0
15815,0
15819,0
15820,0
15906,0
15950,0
16060,0
16118,0
16131,0
16286,0
16310,0
16438,0
16440,0
16487,0
16489,0
16533,0
16614,0
16900,0
16936,0
16947,0
16966,0
16968,0
17266,0
17476,0
17505,0
17522,0
17604,0
17624,0
17671,0
17726,0
17805,0
17862,0
18024,0
18236,0
18258,0
18275,0
18296,0
18561,0
18571,0
18748,0
18753,0
18765,0
18778,0
18797,0
18836,0
18842,0
19045,0
19061,0
19067,0
19118,0
19548,0
19558,0
19675,0
19695,0
19804,0
19887,0
20082,0
20132,0
20219,0
20387,0
20443,0
20570,0
20633,0
20706,0
20800,0
21156,0
21323,0
21483,0
21684,0
21744,0
21861,0
22051,0
22116,0
22119,0
22170,0
22268,0
22327,0
22359,0
22714,0
22857,0
22920,0
22989,0
23020,0
23027,0
23139,0
23247,0
23387,0
23640,0
23893,0
23959,0
24095,0
24324,0
24436,0
24889,0
24905,0
25125,0
25165,0
25182,0
25312,0
25370,0
25511,0
25654,0
25849,0
25898,0
25958,0
26214,0
26229,0
26230,0
26360,0
26707,0
26805,0
26966,0
26969,0
27092,0
27469,0
27731,0
27767,0
27794,0
27817,0
27876,0
27900,0
27985,0
28179,0
28342,0
28391,0
28392,0
28412,0
28473,0
28585,0
28688,0
29089,0
29100,0
29405,0
29517,0
29536,0
29598,0
29692,0
29707,0
29735,0
29804,0
29885,0
29941,0
29959,0
30378,0
30446,0
30470,0
30696,0
30728,0
30743,0
30745,0
30775,0
30825,0
30915,0
31313,0
31319,0
31350,0
31365,0
31670,0
31684,0
31874,0
31948,0
32054,0
32080,0
32120,0
32261,0
32348,0
32572,0
32763,0
32920,0
33064,0
33137,0
33189,0
33647,0
33787,0
33795,0
33929,0
34035,0
34135,0
34154,0
34168,0
34363,0
34439,0
34631,0
34680,0
34796,0
34946,0
35142,0
35156,0
35236,0
35252,0
35312,0
35528,0
35620,0
35654,0
35849,0
36157,0
36284,0
36290,0
36506,0
36508,0
36547,0
36817,0
37038,0
37393,0
37394,0
37493,0
37817,0
37871,0
37913,0
37923,0
38011,0
38184,0
38282,0
38320,0
38579,0
38599,0
38686,0
38695,0
38794,0
38834,0
38836,0
38969,0
38986,0
39030,0
39049,0
39052,0
39662,0
39712,0
39752,0
39811,0
40183,0
40211,0
40219,0
40235,0
40692,0
40693,0
40700,0
40808,0
40813,0
41023,0
41050,0
41149,0
41159,0
41171,0
41187,0
41622,0
41679,0
41776,0
41788,0
41868,0
42167,0
42342,0
42364,0
42474,0
42857,0
42873,0
42927,0
42929,0
43070,0
43079,0
43175,0
43482,0
43531,0
43645,0
43663,0
43718,0
43855,0
43914,0
43947,0
43990,0
44077,0
44324,0
44419,0
44508,0
44531,0
44661,0
44756,0
44995,0
44998,0
45002,0
45035,0
45205,0
45226,0
45288,0
45528,0
45612,0
45761,0
45777,0
45965,0
45985,0
46009,0
46251,0
46404,0
46554,0
46616,0
46752,0
47243,0
47245,0
47281,0
47341,0
47440,0
47512,0
47527,0
47722,0
47790,0
47811,0
48358,0
48411,0
48453,0
48492,0
48520,0
48533,0
48598,0
48610,0
48661,0
48862,0
48940,0
49148,0
49211,0
49429,0
49506,0
49552,0
49572,0
49612,0
49744,0
50127,0
50148,0
50349,0
50509,0
50965,0
50970,0
50990,0
51143,0
51231,0
51577,0
51586,0
51667,0
51788,0
51871,0
51983,0
52009,0
52015,0
52036,0
52150,0
52170,0
52370,0
52420,0
52439,0
52632,0
52662,0
53008,0
53013,0
53020,0
53022,0
53088,0
53092,0
53205,0
53274,0
53487,0
53499,0
53551,0
53873,0
53995,0
54023,0
54182,0
54223,0
54350,0
54420,0
54622,0
54881,0
54899,0
54967,0
54969,0
55050,0
55100,0
55167,0
55245,0
55245,0
55348,0
55559,0
55615,0
55654,0
56049,0
56109,0
56232,0
56303,0
56442,0
56634,0
56808,0
57084,0
57646,0
57908,0
57942,0
58053,0
58178,0
58320,0
58452,0
58645,0
58899,0
58950,0
59054,0
59238,0
59417,0
59843,0
59897,0
60031,0
60102,0
60106,0
60156,0
60455,0
60547,0
60649,0
60747,0
60884,0
60907,0
60998,0
61250,0
61349,0
61840,0
61861,0
61890,0
61997,0
62008,0
62140,0
62145,0
62157,0
62250,0
62558,0
62611,0
62853,0
62894,0
62978,0
63154,0
63163,0
63180,0
63263,0
63330,0
63371,0
63414,0
63719,0
63781,0
63782,0
63847,0
63891,0
64024,0
64068,0
64142,0
64160,0
64228,0
64274,0
64329,0
64368,0
64411,0
64521,0
64575,0
64591,0
64647,0
64648,0
64694,0
64768,0
65124,0
65366,0
65613,0
65979,0
66096,0
66116,0
66280,0
66322,0
66375,0
66514,0
66547,0
66730,0
66758,0
66769,0
66834,0
66929,0
66933,0
66959,0
67074,0
67208,0
67248,0
67330,0
67361,0
67371,0
67479,0
67482,0
67525,0
67615,0
67623,0
67708,0
67794,0
67895,0
68339,0
68351,0
68488,0
68492,0
68562,0
68644,0
68938,0
68983,0
69249,0
69269,0
69332,0
69355,0
69415,0
69608,0
69637,0
69796,0
69886,0
70083,0
70171,0
70229,0
70231,0
70320,0
70388,0
70547,0
70592,0
70722,0
70735,0
70789,0
71233,0
71298,0
71543,0
71547,0
71576,0
71577,0
71582,0
71795,0
71858,0
71908,0
72040,0
72065,0
72115,0
72291,0
72332,0
72578,0
72582,0
72584,0
72618,0
72760,0
72763,0
72848,0
72859,0
72968,0
73001,0
73638,0
73655,0
73937,0
73960,0
74015,0
74228,0
74333,0
74685,0
74801,0
74968,0
75049,0
75109,0
75136,0
75211,0
75222,0
75360,0
75448,0
75497,0
75556,0
75557,0
75590,0
75630,0
75811,0
76037,0
76069,0
76439,0
76473,0
76535,0
76636,0
77056,0
77117,0
77282,0
77360,0
77383,0
77406,0
77412,0
77611,0
77626,0
77784,0
77833,0
78046,0
78268,0
78484,0
78495,0
78500,0
78503,0
78672,0
78790,0
78847,0
78952,0
79138,0
79230,0
79265,0
79336,0
79359,0
79522,0
79724,0
79738,0
79870,0
80034,0
80110,0
80134,0
80284,0
80450,0
80474,0
80608,0
80752,0
80833,0
81016,0
81122,0
81387,0
81539,0
81636,0
81782,0
81941,0
81992,0
82021,0
82099,0
82108,0
82109,0
82290,0
82314,0
82467,0
82535,0
82682,0
82682,0
82705,0
82785,0
82880,0
82902,0
82997,0
83102,0
83175,0
83278,0
83634,0
83694,0
83773,0
83782,0
83789,0
83804,0
84103,0
84162,0
84196,0
84315,0
84370,0
84650,0
84726,0
85019,0
85171,0
85178,0
85221,0
85437,0
85456,0
85458,0
85539,0
85541,0
85567,0
85939,0
85994,0
86091,0
86136,0
86152,0
86176,0
86185,0
86281,0
86391,0
86466,0
86471,0
86525,0
86608,0
86642,0
86773,0
86815,0
87231,0
87277,0
87361,0
87369,0
87684,0
87779,0
87847,0
87875,0
87915,0
88027,0
88221,0
88298,0
88298,0
88319,0
88351,0
88458,0
88536,0
88685,0
88880,0
88908,0
89182,0
89216,0
89304,0
89482,0
89670,0
89704,0
89753,0
89796,0
89802,0
90176,0
90292,0
90367,0
90557,0
90563,0
90638,0
90720,0
90773,0
90799,0
91040,0
91203,0
91256,0
91293,0
91667,0
91791,0
92148,0
92409,0
92474,0
92499,0
92753,0
93093,0
93172,0
93300,0
93386,0
93485,0
93635,0
93772,0
93940,0
94020,0
94052,0
94138,0
94308,0
94329,0
94334,0
94350,0
94369,0
94596,0
94727,0
94911,0
94915,0
94966,0
94973,0
95099,0
95248,0
95255,0
95509,0
95584,0
95663,0
95694,0
95709,0
95740,0
95903,0
95913,0
96003,0
96110,0
96123,0
96405,0
96471,0
96474,0
96494,0
96658,0
96740,0
96789,0
96829,0
96890,0
96892,0
96928,0
97042,0
97114,0
97210,0
97393,0
97623,0
97763,0
97869,0
97927,0
97981,0
98235,0
98322,0
98425,0
98487,0
98529,0
98537,0
98554,0
98560,0
98706,0
98741,0
98956,0
99066,0
99318,0
99353,0
99389,0
99392,0
99427,0
99461,0
99491,0
99830,0
99931,0
99937,0
100018,0
100283,0
100325,0
100445,0
100456,0
100551,0
100593,0
100729,0
100792,0
100877,0
101077,0
101086,0
101174,0
101284,0
101285,0
101306,0
101573,0
101647,0
101687,0
101762,0
101917,0
102164,0
102254,0
102267,0
102278,0
102291,0
102423,0
102545,0
102664,0
102961,0
103018,0
103288,0
103401,0
103591,0
103642,0
103847,0
103870,0
103881,0
103932,0
104187,0
104215,0
104339,0
104359,0
104385,0
104457,0
104471,0
104544,0
104682,0
104798,0
105029,0
105246,0
105299,0
105320,0
105399,0
105505,0
105535,0
105629,0
105679,0
106264,0
106527,0
106564,0
106620,0
106685,0
106825,0
106866,0
106899,0
106972,0
107004,0
107012,0
107123,0
107239,0
107624,0
108094,0
108487,0
108964,0
108988,0
109017,0
109418,0
109481,0
109732,0
109754,0
109769,0
109827,0
109831,0
109884,0
109910,0
109950,0
110145,0
110400,0
110443,0
110533,0
110720,0
110765,0
110770,0
110843,0
110866,0
110941,0
111415,0
111477,0
111523,0
111563,0
111581,0
111626,0
111761,0
111885,0
111910,0
112139,0
112151,0
112294,0
112366,0
112698,0
112743,0
112788,0
112993,0
113120,0
113129,0
113337,0
113346,0
113455,0
113458,0
113545,0
113917,0
114135,0
114144,0
114202,0
114236,0
114331,0
114336,0
114466,0
114469,0
114534,0
114540,0
114747,0
114770,0
114806,0
114883,0
114914,0
114991,0
114999,0
115241,0
115438,0
116113,0
116273,0
116290,0
116469,0
116836,0
116983,0
116988,0
117233,0
117241,0
117262,0
117329,0
117413,0
117452,0
117477,0
117564,0
117617,0
117630,0
117679,0
117942,0
118126,0
118205,0
118237,0
118293,0
118338,0
118363,0
118496,0
118508,0
118617,0
118682,0
118702,0
118772,0
118837,0
119008,0
119149,0
119507,0
119540,0
119640,0
119649,0
119687,0
119712,0
119732,0
119874,0
119968,0
119991,0
120150,0
120704,0
120707,0
120736,0
120924,0
120978,0
120995,0
121236,0
121413,0
121470,0
121542,0
121576,0
121919,0
122011,0
122018,0
122033,0
122121,0
122209,0
122247,0
122432,0
122599,0
122600,0
122871,0
123045,0
123051,0
123192,0
123392,0
123397,0
123510,0
123561,0
123700,0
124333,0
124602,0
124606,0
124679,0
124964,0
125056,0
125102,0
125248,0
125431,0
125468,0
125604,0
125609,0
125653,0
125683,0
125688,0
125694,0
125752,0
126059,0
126060,0
126294,0
126382,0
126432,0
126661,0
126678,0
126790,0
127107,0
127115,0
127487,0
127523,0
127524,0
127598,0
127849,0
127982,0
128028,0
128304,0
128403,0
128485,0
128565,0
128591,0
128618,0
128625,0
128867,0
129413,0
129414,0
129470,0
129541,0
129674,0
129791,0
129886,0
130007,0
130065,0
130083,0
130169,0
130169,0
130567,0
130655,0
130792,0
130950,0
130982,0
131142,0
131148,0
131168,0
131273,0
131335,0
131337,0
131635,0
131754,0
131876,0
131892,0
132023,0
132101,0
132106,0
132118,0
132169,0
132233,0
132352,0
132419,0
132489,0
132647,0
132771,0
132778,0
132950,0
133446,0
133512,0
133722,0
133760,0
133779,0
133808,0
134082,0
134088,0
134211,0
134277,0
134456,0
134495,0
134614,0
134977,0
134984,0
134991,0
134996,0
135115,0
135473,0
135488,0
135574,0
135609,0
135848,0
135858,0
136132,0
136133,0
136199,0
136705,0
136769,0
136791,0
137032,0
137334,0
137494,0
137590,0
137763,0
137774,0
137857,0
138011,0
138070,0
138215,0
138223,0
138247,0
138915,0
138974,0
139010,0
139039,0
139085,0
139133,0
139242,0
139263,0
139284,0
139354,0
139358,0
139671,0
139936,0
140071,0
140267,0
140291,0
140410,0
140440,0
141044,0
141079,0
141127,0
141408,0
141449,0
141526,0
141538,0
141642,0
141951,0
142003,0
142021,0
142088,0
142222,0
142297,0
142607,0
142623,0
142650,0
142735,0
143004,0
143193,0
143199,0
143217,0
143336,0
143658,0
143751,0
143997,0
144140,0
144254,0
144579,0
144594,0
144700,0
144915,0
144968,0
145033,0
145041,0
145150,0
145261,0
145537,0
145593,0
145730,0
145757,0
145959,0
146004,0
146180,0
146303,0
146396,0
146410,0
146470,0
146627,0
146694,0
146698,0
146871,0
146871,0
146888,0
146984,0
147029,0
147209,0
147230,0
147273,0
147319,0
147340,0
147343,0
147494,0
147732,0
147969,0
148003,0
148023,0
148102,0
148141,0
148203,0
148565,0
148772,0
148982,0
149143,0
149324,0
149344,0
149562,0
149563,0
149614,0
149666,0
149732,0
149757,0
149819,0
149883,0
149941,0
149989,0
150012,0
150191,0
150222,0
150229,0
150488,0
150696,0
150930,0
151099,0
151146,0
151232,0
151255,0
151342,0
151375,0
151406,0
151549,0
151600,0
151668,0
151684,0
151726,0
151772,0
151841,0
151859,0
152192,0
152316,0
152354,0
152443,0
152503,0
152509,0
152776,0
152848,0
152949,0
152993,0
153017,0
153274,0
153324,0
153561,0
153656,0
154032,0
154065,0
154162,0
154369,0
154442,0
154539,0
154594,0
154620,0
154686,0
154715,0
154731,0
154908,0
155073,0
155325,0
155326,0
155364,0
155672,0
155742,0
155769,0
156021,0
156182,0
156245,0
156261,0
156334,0
156431,0
156435,0
156496,0
156589,0
156690,0
157043,0
157145,0
157197,0
157267,0
157545,0
157681,0
158145,0
158164,0
158177,0
158203,0
158393,0
158403,0
158435,0
158995,0
159046,0
159140,0
159261,0
160009,0
160069,0
160096,0
160200,0
160385,0
160465,0
160509,0
160807,0
160950,0
160993,0
161118,0
161150,0
161155,0
161260,0
161716,0
161814,0
161895,0
162181,0
162193,0
162211,0
162596,0
162655,0
162672,0
163014,0
163122,0
163279,0
163589,0
163677,0
163753,0
163891,0
164026,0
164033,0
164090,0
164093,0
164099,0
164176,0
164290,0
164368,0
164460,0
164484,0
164494,0
164916,0
164995,0
165009,0
165258,0
165651,0
166109,0
166202,0
166302,0
166520,0
166531,0
166531,0
166571,0
166606,0
166649,0
166663,0
166798,0
167008,0
167087,0
167091,0
167132,0
167240,0
167303,0
167349,0
167396,0
167587,0
167605,0
167710,0
167792,0
167804,0
168079,0
168154,0
168208,0
168277,0
168285,0
168300,0
168493,0
168577,0
168624,0
168934,0
168979,0
169011,0
169051,0
169151,0
169170,0
169470,0
169489,0
169638,0
170129,0
170240,0
170440,0
170509,0
170741,0
170793,0
170809,0
170842,0
170972,0
170988,0
171324,0
171499,0
171534,0
171752,0
171859,0
171982,0
172196,0
172201,0
172308,0
172330,0
172334,0
172468,0
172504,0
172687,0
172797,0
172951,0
173403,0
173541,0
173623,0
173661,0
173691,0
173718,0
173768,0
173860,0
173889,0
174256,0
174412,0
174493,0
174568,0
174832,0
175037,0
175076,0
175184,0
175234,0
175292,0
175346,0
175461,0
175484,0
175485,0
175759,0
175773,0
175846,0
176036,0
176191,0
176707,0
176712,0
176784,0
176851,0
176902,0
177001,0
177323,0
177426,0
177560,0
177635,0
177658,0
177963,0
178026,0
178075,0
178220,0
178293,0
178345,0
178407,0
178688,0
178901,0
178958,0
178969,0
178985,0
179041,0
179288,0
179413,0
179463,0
179521,0
179595,0
179732,0
179919,0
180039,0
180084,0
180600,0
180750,0
180789,0
180869,0
181118,0
181193,0
181506,0
181506,0
181735,0
181751,0
181975,0
182216,0
182291,0
182301,0
182542,0
182578,0
182597,0
182914,0
183075,0
183162,0
183163,0
183229,0
183341,0
183403,0
183494,0
183591,0
184259,0
184532,0
184575,0
184905,0
184916,0
184964,0
184971,0
185292,0
185364,0
185396,0
185667,0
185682,0
185795,0
185858,0
185880,0
186017,0
186137,0
186223,0
186297,0
186535,0
186587,0
186658,0
186699,0
186720,0
186859,0
186885,0
186907,0
187007,0
187139,0
187332,0
187368,0
187371,0
187453,0
187500,0
187566,0
187634,0
187693,0
187703,0
187746,0
187855,0
187866,0
187947,0
188315,0
188394,0
188475,0
188492,0
188639,0
188790,0
188818,0
188867,0
188954,0
188990,0
189020,0
189091,0
189097,0
189229,0
189316,0
189340,0
189363,0
189422,0
189575,0
189638,0
189686,0
189803,0
190048,0
190087,0
190608,0
190647,0
190663,0
190842,0
190954,0
191261,0
191307,0
191325,0
191369,0
191425,0
191685,0
191932,0
191963,0
192143,0
192279,0
192447,0
192453,0
192811,0
192899,0
192934,0
193073,0
193288,0
193358,0
193378,0
193474,0
193545,0
193569,0
193624,0
193681,0
193853,0
193883,0
193942,0
193968,0
194099,0
194115,0
194258,0
194258,0
194321,0
194512,0
194555,0
194618,0
194691,0
194818,0
195007,0
195164,0
195480,0
195505,0
195567,0
195646,0
195760,0
195809,0
195927,0
195940,0
196144,0
196249,0
196379,0
196621,0
196623,0
196778,0
196926,0
197210,0
197220,0
197259,0
197303,0
197314,0
197507,0
198033,0
198052,0
198052,0
198130,0
198152,0
198278,0
198421,0
198517,0
198700,0
198792,0
198908,0
198933,0
199163,0
199307,0
199443,0
199452,0
199733,0
199734,0
199801,0
199975,0
199976,0
200125,0
200229,0
200369,0
200416,0
200516,0
200529,0
200574,0
201156,0
201176,0
201373,0
201467,0
201636,0
201700,0
201763,0
201773,0
201781,0
201813,0
201825,0
201999,0
202306,0
202547,0
202943,0
202999,0
203196,0
203318,0
203437,0
203486,0
203683,0
203691,0
203889,0
203967,0
204008,0
204028,0
204090,0
204102,0
204173,0
204268,0
204312,0
204417,0
204454,0
204542,0
204704,0
204755,0
205082,0
205082,0
205270,0
205347,0
205478,0
205518,0
205743,0
206054,0
206117,0
206236,0
206301,0
206409,0
206419,0
206574,0
206602,0
206695,0
206788,0
206904,0
207032,0
207049,0
207140,0
207235,0
207376,0
207388,0
207588,0
207605,0
208130,0
208280,0
208359,0
208565,0
208652,0
208699,0
208700,0
208898,0
208952,0
208993,0
209098,0
209219,0
209258,0
209330,0
209466,0
209467,0
209489,0
209548,0
209552,0
209649,0
209697,0
210085,0
210268,0
210502,0
210638,0
210652,0
210905,0
211132,0
211340,0
211376,0
211409,0
211448,0
211537,0
211687,0
211704,0
211725,0
211848,0
211977,0
212183,0
212454,0
212534,0
212688,0
212892,0
212976,0
213154,0
213157,0
213502,0
213832,0
214056,0
214129,0
214146,0
214270,0
214387,0
214392,0
214608,0
214688,0
214689,0
214819,0
214851,0
214862,0
214908,0
214948,0
215447,0
215566,0
215567,0
215603,0
216120,0
216311,0
216340,0
216437,0
216483,0
216496,0
216598,0
216605,0
216740,0
217096,0
217158,0
217351,0
217803,0
218110,0
218262,0
218413,0
218446,0
218668,0
218831,0
218902,0
218965,0
218997,0
219137,0
219333,0
219362,0
219425,0
219442,0
219658,0
219718,0
219848,0
219989,0
220049,0
220185,0
220214,0
220248,0
220500,0
220554,0
220567,0
220579,0
220617,0
221095,0
221354,0
221377,0
221440,0
221761,0
221766,0
221817,0
221832,0
221892,0
222033,0
222206,0
222228,0
222431,0
222815,0
222830,0
222911,0
223005,0
223039,0
223251,0
223268,0
223276,0
223342,0
223398,0
223618,0
223718,0
223825,0
223909,0
223983,0
224284,0
224288,0
224438,0
224539,0
224631,0
224862,0
225079,0
225113,0
225191,0
225370,0
225683,0
225830,0
226156,0
226229,0
226307,0
226349,0
226376,0
226638,0
226962,0
227125,0
227159,0
227208,0
227411,0
227440,0
227444,0
227612,0
227942,0
228075,0
228131,0
228140,0
228563,0
228735,0
228837,0
228904,0
228953,0
229193,0
229370,0
229416,0
229823,0
229865,0
229872,0
229960,0
230005,0
230099,0
230320,0
230370,0
230395,0
230397,0
230512,0
230516,0
230671,0
230830,0
231032,0
231471,0
231491,0
231528,0
231551,0
231566,0
231581,0
231881,0
231972,0
231976,0
232075,0
232231,0
232315,0
232329,0
232475,0
232726,0
232771,0
232776,0
232784,0
232795,0
232801,0
232828,0
232848,0
232871,0
232919,0
232921,0
233230,0
233244,0
233323,0
233627,0
233913,0
233914,0
233917,0
233981,0
234111,0
234183,0
234441,0
234470,0
234489,0
234592,0
234694,0
234801,0
234984,0
235061,0
235127,0
235165,0
235254,0
235362,0
235864,0
235944,0
235989,0
236216,0
236264,0
236274,0
236427,0
236479,0
236629,0
236901,0
236964,0
237210,0
237333,0
237458,0
237776,0
237802,0
237906,0
238003,0
238059,0
238206,0
238232,0
238242,0
238258,0
238273,0
238292,0
238548,0
238610,0
238638,0
238778,0
239048,0
239383,0
239417,0
239477,0
239572,0
239609,0
239619,0
239639,0
239705,0
239746,0
239855,0
239863,0
239871,0
239903,0
240021,0
240310,0
240344,0
240421,0
240428,0
240429,0
240532,0
240658,0
240762,0
240891,0
240950,0
240993,0
240998,0
241000,0
241028,0
241035,0
241171,0
241185,0
241190,0
241366,0
241560,0
241913,0
242159,0
242267,0
242307,0
242466,0
242550,0
242609,0
242621,0
242667,0
242768,0
243098,0
243147,0
243201,0
243375,0
243529,0
243738,0
243847,0
243988,0
244392,0
244393,0
244460,0
244503,0
244513,0
244560,0
244581,0
244587,0
244600,0
245191,0
245218,0
245295,0
245401,0
245430,0
245621,0
245655,0
245728,0
245815,0
246068,0
246233,0
246237,0
246261,0
246491,0
246514,0
246757,0
247085,0
247097,0
247159,0
247173,0
247191,0
247232,0
247374,0
247564,0
247612,0
247628,0
247820,0
247885,0
248075,0
248085,0
248309,0
248313,0
248621,0
248646,0
248728,0
248851,0
249132,0
249132,0
249221,0
249259,0
249390,0
249455,0
249488,0
249779,0
249896,0
249947,0
250089,0
250184,0
250206,0
250250,0
250354,0
250381,0
250432,0
250465,0
250539,0
250550,0
250552,0
250699,0
250726,0
251007,0
251211,0
251241,0
251314,0
251382,0
251732,0
251793,0
251976,0
252003,0
252100,0
252117,0
252143,0
252237,0
252332,0
252706,0
252828,0
252951,0
253191,0
253302,0
253406,0
253410,0
253424,0
253613,0
253749,0
253877,0
254070,0
254170,0
254351,0
254400,0
254488,0
254522,0
254747,0
254854,0
254968,0
255040,0
255120,0
255231,0
255402,0
255411,0
255552,0
255555,0
255610,0
255627,0
256079,0
256194,0
256268,0
256338,0
256404,0
256533,0
256826,0
257019,0
257077,0
257146,0
257193,0
257274,0
257594,0
257838,0
258071,0
258301,0
258471,0
258492,0
258699,0
258751,0
259006,0
259055,0
259078,0
259273,0
259275,0
259294,0
259338,0
259450,0
259659,0
259787,0
259797,0
259920,0
260027,0
260042,0
260182,0
260262,0
260615,0
260838,0
260923,0
261001,0
261021,0
261276,0
261470,0
261823,0
262027,0
262099,0
262205,0
262278,0
262341,0
262359,0
262712,0
262848,0
262902,0
263119,0
263189,0
263204,0
263257,0
263377,0
263432,0
263458,0
263709,0
263950,0
263970,0
264032,0
264244,0
264299,0
264573,0
264610,0
264671,0
264759,0
264761,0
264871,0
264985,0
265140,0
265203,0
265319,0
265372,0
265742,0
265813,0
266084,0
266184,0
266428,0
266569,0
266582,0
266587,0
266711,0
266734,0
266812,0
266892,0
266926,0
266928,0
267024,0
267135,0
267174,0
267621,0
267810,0
267821,0
267822,0
267921,0
268168,0
268261,0
268306,0
268520,0
268585,0
268680,0
268888,0
268959,0
269084,0
269086,0
269234,0
269333,0
269530,0
269533,0
269540,0
269623,0
269819,0
269919,0
270080,0
270346,0
270514,0
270533,0
270583,0
270606,0
270745,0
270797,0
270802,0
270823,0
270853,0
270905,0
271041,0
271092,0
271211,0
271287,0
271386,0
271541,0
271741,0
271821,0
271919,0
272276,0
272651,0
272651,0
272783,0
272870,0
272939,0
273141,0
273165,0
273309,0
273471,0
273491,0
273515,0
273538,0
273662,0
273766,0
273790,0
274001,0
274294,0
274382,0
274383,0
274463,0
274471,0
274519,0
274617,0
274696,0
274745,0
274792,0
274855,0
274947,0
275196,0
275286,0
275310,0
275378,0
275383,0
275419,0
275688,0
275798,0
275887,0
276002,0
276127,0
276420,0
276576,0
276906,0
276961,0
276990,0
277035,0
277055,0
277187,0
277221,0
277349,0
277427,0
277592,0
277608,0
277728,0
277872,0
277970,0
278029,0
278195,0
278282,0
278337,0
278367,0
278372,0
278405,0
278477,0
278520,0
278940,0
279062,0
279168,0
279348,0
279448,0
279465,0
279567,0
279699,0
280045,0
280100,0
280128,0
280303,0
280417,0
280708,0
280723,0
280728,0
280856,0
280878,0
281188,0
281240,0
281307,0
281478,0
281682,0
281819,0
281949,0
281962,0
281968,0
282072,0
282074,0
282092,0
282248,0
282325,0
282333,0
282518,0
282801,0
282974,0
283106,0
283148,0
283157,0
283323,0
283508,0
283543,0
283575,0
283626,0
283695,0
283704,0
283718,0
283759,0
283880,0
284053,0
284220,0
284354,0
284414,0
284434,0
284534,0
284624,0
284919,0
285022,0
285093,0
285344,0
285379,0
285473,0
285621,0
285644,0
285659,0
285672,0
285862,0
285870,0
286024,0
286059,0
286214,0
286269,0
286269,0
286345,0
286374,0
286493,0
286658,0
286688,0
286812,0
286942,0
287475,0
287504,0
287514,0
287629,0
287632,0
287637,0
288139,0
288167,0
288414,0
288498,0
288632,0
288667,0
288803,0
289242,0
289338,0
289353,0
289433,0
289447,0
289457,0
289573,0
289693,0
289706,0
289758,0
289850,0
289938,0
289980,0
290257,0
290376,0
290652,0
290675,0
290694,0
290711,0
290772,0
290976,0
290984,0
291219,0
291240,0
291451,0
291558,0
291573,0
291745,0
291791,0
291794,0
291824,0
291858,0
291933,0
292099,0
292482,0
292517,0
292891,0
293184,0
293709,0
294012,0
294221,0
294280,0
294304,0
294400,0
294670,0
294689,0
294708,0
294744,0
294808,0
294954,0
295163,0
295354,0
295383,0
295406,0
295435,0
295514,0
295551,0
295563,0
295752,0
295774,0
295823,0
296020,0
296171,0
296174,0
296214,0
296278,0
296280,0
296295,0
296297,0
296359,0
296385,0
296399,0
296430,0
297050,0
297135,0
297144,0
297257,0
297356,0
297424,0
297837,0
297844,0
297931,0
298425,0
298728,0
298747,0
298895,0
298959,0
299101,0
299104,0
299171,0
299210,0
299324,0
299409,0
299697,0
299796,0
300083,0
300208,0
300226,0
300288,0
300347,0
300371,0
300427,0
300546,0
300842,0
300887,0
300931,0
301112,0
301150,0
301419,0
301447,0
301477,0
301550,0
301558,0
301652,0
301783,0
301807,0
301919,0
301951,0
302341,0
302379,0
302628,0
302707,0
302891,0
303009,0
303066,0
303144,0
303389,0
303613,0
303993,0
304075,0
304138,0
304149,0
304200,0
304222,0
304248,0
304299,0
304309,0
304723,0
305128,0
305187,0
305372,0
305393,0
305569,0
305734,0
306123,0
306215,0
306273,0
306319,0
306401,0
306515,0
306539,0
306562,0
306852,0
306880,0
306912,0
306928,0
306938,0
306966,0
306991,0
307113,0
307127,0
307265,0
307327,0
307525,0
307537,0
307599,0
307623,0
307675,0
307817,0
307909,0
307990,0
307991,0
308022,0
308113,0
308136,0
308229,0
308402,0
308552,0
308650,0
308655,0
308765,0
309058,0
309092,0
309230,0
309340,0
309455,0
309484,0
309642,0
309931,0
309993,0
310168,0
310248,0
310254,0
310291,0
310462,0
310516,0
310590,0
310723,0
310804,0
310876,0
310985,0
311014,0
311109,0
311307,0
311551,0
311736,0
311774,0
311892,0
311974,0
312106,0
312152,0
312173,0
312286,0
312336,0
312376,0
312409,0
312455,0
312552,0
312674,0
312703,0
313033,0
313221,0
313279,0
313281,0
313301,0
313325,0
313354,0
313363,0
313388,0
313417,0
313509,0
313546,0
313640,0
313815,0
313830,0
313942,0
313991,0
313992,0
314105,0
314121,0
314246,0
314378,0
314503,0
314544,0
314692,0
314910,0
314937,0
315088,0
315172,0
315190,0
315302,0
315335,0
315462,0
315497,0
315514,0
315543,0
315598,0
315689,0
315721,0
316032,0
316107,0
316195,0
316311,0
316324,0
316540,0
316592,0
316697,0
316847,0
316917,0
317142,0
317344,0
317355,0
317426,0
317448,0
317637,0
317700,0
317845,0
317894,0
318011,0
318093,0
318125,0
318194,0
318369,0
318372,0
318521,0
318662,0
318665,0
318779,0
319241,0
319329,0
319363,0
319369,0
319377,0
319481,0
319553,0
319746,0
319760,0
319774,0
320076,0
320088,0
320140,0
320177,0
320407,0
320519,0
320531,0
320563,0
320610,0
320675,0
320695,0
320696,0
320802,0
320825,0
320846,0
321164,0
321211,0
321278,0
321291,0
321319,0
321339,0
321544,0
321563,0
321585,0
321699,0
321722,0
321789,0
322007,0
322007,0
322020,0
322089,0
322175,0
322232,0
322402,0
322406,0
322454,0
322509,0
322662,0
322795,0
322815,0
322853,0
322981,0
323033,0
323212,0
323461,0
323542,0
323618,0
323653,0
323667,0
323695,0
323827,0
323872,0
323927,0
324039,0
324124,0
324210,0
324333,0
324418,0
324489,0
324498,0
324738,0
324747,0
324808,0
324962,0
324981,0
324992,0
325041,0
325191,0
325234,0
325323,0
325483,0
325712,0
325882,0
325916,0
326063,0
326076,0
326104,0
326216,0
326369,0
326584,0
326838,0
326898,0
327038,0
327069,0
327232,0
327305,0
327315,0
327443,0
327467,0
327550,0
327646,0
327679,0
327689,0
327691,0
327801,0
327840,0
327997,0
328010,0
328169,0
328313,0
328344,0
328705,0
328709,0
328711,0
328854,0
328854,0
329237,0
329249,0
329373,0
329489,0
329898,0
329952,0
329998,0
330198,0
330411,0
330536,0
330628,0
330745,0
330780,0
330947,0
331010,0
331167,0
331356,0
331407,0
331600,0
331957,0
331983,0
332159,0
332553,0
332597,0
332732,0
332838,0
332840,0
332853,0
333184,0
333210,0
333310,0
333328,0
333350,0
333444,0
333518,0
333809,0
334082,0
334120,0
334207,0
334234,0
334263,0
334373,0
334532,0
334556,0
334632,0
334642,0
334859,0
335131,0
335135,0
335201,0
335262,0
335313,0
335350,0
335388,0
335429,0
335563,0
335747,0
335752,0
335789,0
335885,0
335930,0
335943,0
335999,0
336243,0
336714,0
336801,0
336898,0
337004,0
337007,0
337301,0
337304,0
337342,0
337780,0
338074,0
338356,0
338377,0
338488,0
338492,0
338564,0
338767,0
338814,0
339029,0
339234,0
339410,0
339415,0
339435,0
339709,0
340009,0
340181,0
340202,0
340253,0
340260,0
340325,0
340439,0
340692,0
340842,0
340856,0
340875,0
340903,0
341017,0
341168,0
341233,0
341237,0
341324,0
341631,0
341805,0
341881,0
342027,0
342096,0
342288,0
342409,0
342505,0
342646,0
342847,0
342865,0
342899,0
342989,0
343104,0
343341,0
343391,0
343504,0
343509,0
343514,0
343522,0
343632,0
343806,0
343921,0
343945,0
344041,0
344292,0
344349,0
344423,0
344598,0
344656,0
344659,0
344679,0
344755,0
344872,0
344978,0
345001,0
345184,0
345389,0
345618,0
346012,0
346087,0
346153,0
346215,0
346318,0
346338,0
346442,0
346580,0
346638,0
346652,0
346707,0
347252,0
347588,0
347652,0
347794,0
347916,0
348204,0
348240,0
348259,0
348332,0
348573,0
348584,0
348722,0
348783,0
348806,0
348882,0
348988,0
349277,0
349487,0
350069,0
350109,0
350120,0
350174,0
350215,0
350299,0
350340,0
350425,0
350568,0
350636,0
350651,0
350755,0
350992,0
351118,0
351254,0
351456,0
351470,0
351520,0
351761,0
351792,0
351949,0
352179,0
352214,0
352219,0
352223,0
352228,0
352296,0
352313,0
352426,0
352438,0
352575,0
352628,0
352662,0
352664,0
352706,0
352750,0
352812,0
352920,0
352957,0
353018,0
353083,0
353109,0
353134,0
353309,0
353424,0
353587,0
353600,0
353621,0
353761,0
353964,0
353992,0
354053,0
354255,0
354276,0
354482,0
354538,0
354642,0
354652,0
354735,0
354840,0
354887,0
354931,0
355116,0
355356,0
355393,0
355506,0
355508,0
355525,0
355580,0
355644,0
355880,0
356019,0
356052,0
356119,0
356211,0
356367,0
356417,0
356660,0
356761,0
356850,0
357136,0
357328,0
357350,0
357351,0
357635,0
357684,0
357692,0
358032,0
358088,0
358246,0
358262,0
358362,0
358556,0
358559,0
358661,0
358819,0
358839,0
359120,0
359398,0
359405,0
359487,0
359505,0
359571,0
359586,0
359592,0
359671,0
359768,0
359795,0
359836,0
359914,0
359926,0
359984,0
360112,0
360494,0
360548,0
360560,0
360658,0
360672,0
360682,0
360713,0
360740,0
360814,0
360821,0
360882,0
361074,0
361086,0
361185,0
361410,0
361462,0
361670,0
361987,0
361995,0
362006,0
362048,0
362065,0
362432,0
362545,0
362553,0
362812,0
362861,0
363109,0
363185,0
363238,0
363395,0
363461,0
363498,0
363526,0
363579,0
363603,0
363672,0
363937,0
363973,0
363993,0
364364,0
364495,0
365018,0
365126,0
365423,0
365503,0
365530,0
365581,0
365656,0
365711,0
365719,0
365749,0
365763,0
366156,0
366205,0
366207,0
366280,0
366787,0
366857,0
366918,0
367019,0
367441,0
367499,0
367668,0
367683,0
367691,0
367959,0
368102,0
368105,0
368177,0
368338,0
368378,0
368635,0
368643,0
368774,0
368783,0
368800,0
368860,0
368885,0
368893,0
368988,0
369113,0
369215,0
369261,0
369282,0
369378,0
369541,0
370081,0
370175,0
370242,0
370363,0
370394,0
370421,0
370477,0
370485,0
370559,0
370753,0
370786,0
370958,0
370971,0
371011,0
371106,0
371234,0
371249,0
371397,0
371442,0
371520,0
371628,0
372346,0
372716,0
372759,0
372782,0
372844,0
372893,0
373118,0
373137,0
373278,0
373327,0
373421,0
373466,0
373480,0
373667,0
373840,0
374006,0
374105,0
374201,0
374231,0
374295,0
374374,0
374402,0
374573,0
374674,0
374707,0
374714,0
374760,0
374930,0
375154,0
375320,0
375456,0
375954,0
375991,0
376018,0
376225,0
376372,0
376377,0
376378,0
376419,0
376446,0
376988,0
377050,0
377165,0
377358,0
377449,0
377522,0
377585,0
377808,0
377871,0
377885,0
377903,0
377935,0
377953,0
377963,0
377995,0
378070,0
378337,0
378385,0
378394,0
378449,0
378528,0
378653,0
378689,0
378693,0
379047,0
379198,0
379447,0
379461,0
379519,0
379566,0
379665,0
379677,0
379983,0
380013,0
380106,0
380191,0
380514,0
380632,0
380665,0
380716,0
380745,0
380955,0
381265,0
381544,0
381598,0
381643,0
381740,0
381742,0
381847,0
381986,0
382052,0
382185,0
382284,0
382524,0
382537,0
382570,0
382611,0
382846,0
382850,0
382931,0
382979,0
382981,0
383013,0
383047,0
383224,0
383668,0
383718,0
383963,0
384077,0
384177,0
384243,0
384290,0
384299,0
384391,0
384412,0
384508,0
384521,0
384763,0
384795,0
384897,0
385124,0
385127,0
385225,0
385231,0
385567,0
385575,0
385641,0
385655,0
385856,0
385959,0
386032,0
386053,0
386250,0
386366,0
386443,0
386694,0
386734,0
386791,0
386911,0
387052,0
387079,0
387229,0
387259,0
387396,0
387425,0
387503,0
387885,0
388015,0
388156,0
388168,0
388233,0
388426,0
388523,0
388966,0
389132,0
389209,0
389235,0
389423,0
389618,0
389886,0
389978,0
390106,0
390206,0
390410,0
390524,0
390539,0
390763,0
390907,0
390956,0
391199,0
391232,0
391353,0
391383,0
391457,0
391490,0
391540,0
391631,0
391673,0
391687,0
391727,0
391892,0
391914,0
391995,0
392143,0
392338,0
392478,0
392520,0
392534,0
392680,0
392683,0
392735,0
392874,0
393141,0
393154,0
393205,0
393223,0
393372,0
393488,0
393616,0
393683,0
393706,0
393772,0
393935,0
393980,0
394008,0
394012,0
394176,0
394361,0
394651,0
394829,0
394932,0
395255,0
395295,0
395396,0
395485,0
395535,0
395574,0
395687,0
395850,0
395867,0
395889,0
395992,0
396076,0
396078,0
396503,0
396885,0
396906,0
396947,0
397262,0
397315,0
397740,0
397934,0
397961,0
398076,0
398126,0
398165,0
398223,0
398263,0
398345,0
398346,0
398404,0
398467,0
398527,0
398591,0
398751,0
398817,0
398830,0
398942,0
399105,0
399202,0
399206,0
399325,0
399354,0
399389,0
399415,0
399450,0
399492,0
399592,0
399804,0
399847,0
399915,0
400135,0
400151,0
400187,0
400235,0
400338,0
400474,0
400727,0
400755,0
400778,0
400815,0
400828,0
401217,0
401278,0
401421,0
401434,0
401546,0
401730,0
401868,0
401932,0
402453,0
402513,0
402617,0
402689,0
402769,0
402930,0
403297,0
403385,0
403427,0
403639,0
403821,0
403834,0
404213,0
404341,0
404960,0
405110,0
405114,0
405131,0
405392,0
405602,0
405668,0
405693,0
405954,0
405982,0
406019,0
406068,0
406075,0
406086,0
406305,0
406419,0
406427,0
406511,0
406677,0
406867,0
406912,0
407012,0
407030,0
407229,0
407278,0
407616,0
407718,0
407907,0
407959,0
408074,0
408076,0
408124,0
408330,0
408339,0
408527,0
408602,0
408711,0
408889,0
409043,0
409046,0
409058,0
409090,0
409319,0
409369,0
409556,0
409689,0
409731,0
409951,0
410116,0
410330,0
410396,0
410441,0
410540,0
410543,0
410646,0
410743,0
410894,0
411025,0
411106,0
411193,0
411317,0
411362,0
411674,0
412188,0
412223,0
412322,0
412342,0
412433,0
412551,0
412701,0
412833,0
412973,0
413104,0
413145,0
413364,0
413399,0
413592,0
413592,0
413683,0
413699,0
413808,0
413838,0
414043,0
414092,0
414275,0
414281,0
414552,0
414616,0
414643,0
415023,0
415472,0
415530,0
415556,0
415621,0
415680,0
416039,0
416046,0
416316,0
416324,0
416681,0
416725,0
417014,0
417052,0
417266,0
417305,0
417360,0
417383,0
417470,0
417571,0
417674,0
417699,0
417725,0
417734,0
417846,0
418055,0
418254,0
418257,0
418450,0
418596,0
419001,0
419201,0
419329,0
419374,0
419466,0
419645,0
419780,0
419948,0
420225,0
420269,0
420379,0
420465,0
420533,0
420577,0
420580,0
420675,0
420711,0
420737,0
420744,0
421037,0
421049,0
421061,0
421087,0
421120,0
421191,0
421206,0
421207,0
421333,0
421456,0
421608,0
421781,0
421988,0
422115,0
422121,0
422181,0
422294,0
422391,0
422413,0
422541,0
422663,0
422776,0
422993,0
423022,0
423208,0
423371,0
423440,0
423492,0
423549,0
423584,0
423622,0
423654,0
423702,0
423731,0
424090,0
424219,0
424271,0
424434,0
424453,0
424579,0
424756,0
425076,0
425168,0
425253,0
425587,0
425628,0
425695,0
425845,0
426242,0
426482,0
426518,0
426551,0
426605,0
426725,0
427071,0
427177,0
427254,0
427269,0
427320,0
427350,0
427554,0
427620,0
427908,0
428150,0
428168,0
428174,0
428299,0
428469,0
428518,0
428633,0
428858,0
428894,0
428935,0
428968,0
428994,0
429114,0
429356,0
429386,0
429537,0
429981,0
430160,0
430181,0
430193,0
430212,0
430367,0
430495,0
430596,0
430736,0
430798,0
430930,0
430939,0
430953,0
431050,0
431295,0
431376,0
431456,0
431519,0
431643,0
431900,0
432006,0
432066,0
432111,0
432251,0
432301,0
432741,0
432894,0
432954,0
432992,0
433005,0
433036,0
433090,0
433110,0
433146,0
433161,0
433312,0
433401,0
433448,0
433482,0
433631,0
433700,0
433809,0
433818,0
434048,0
434221,0
434234,0
434667,0
434757,0
434776,0
434893,0
435122,0
435420,0
435583,0
435604,0
435675,0
435685,0
435787,0
435853,0
435991,0
436160,0
436194,0
436362,0
436393,0
436428,0
436508,0
436532,0
436830,0
436892,0
436930,0
437332,0
437337,0
437413,0
437739,0
437915,0
438265,0
438272,0
438370,0
438391,0
438577,0
438950,0
438964,0
438997,0
439446,0
439715,0
439810,0
439904,0
439978,0
440147,0
440219,0
440339,0
440519,0
440557,0
440604,0
440702,0
440722,0
440844,0
440875,0
440943,0
441090,0
441358,0
441386,0
441643,0
441686,0
441907,0
442100,0
442638,0
442671,0
442674,0
442675,0
442740,0
443444,0
443459,0
443610,0
443805,0
443835,0
443984,0
443989,0
443990,0
444086,0
444297,0
444383,0
444646,0
444950,0
445094,0
445307,0
445389,0
445576,0
445610,0
445642,0
445851,0
445961,0
446138,0
446337,0
446369,0
446473,0
446490,0
446589,0
446857,0
446885,0
446901,0
446935,0
447113,0
447115,0
447179,0
447295,0
447307,0
447322,0
447372,0
447378,0
447639,0
447644,0
447674,0
447818,0
447850,0
447871,0
447888,0
447940,0
447974,0
448202,0
448371,0
448426,0
448650,0
448744,0
448756,0
448786,0
448796,0
448892,0
448935,0
448947,0
448949,0
449043,0
449122,0
449154,0
449352,0
449581,0
449609,0
449616,0
449776,0
449785,0
449904,0
449980,0
450001,0
450066,0
450243,0
450347,0
450376,0
450397,0
451289,0
451381,0
451546,0
451784,0
451849,0
451937,0
452001,0
452034,0
452239,0
452311,0
452337,0
452384,0
452410,0
452614,0
452655,0
452756,0
452938,0
452952,0
452954,0
453090,0
453110,0
453125,0
453197,0
453370,0
453475,0
453506,0
453619,0
453637,0
453794,0
453843,0
454001,0
454119,0
454151,0
454161,0
454179,0
454199,0
454301,0
454540,0
454831,0
454845,0
454849,0
454912,0
455034,0
455176,0
455220,0
455224,0
455231,0
455301,0
455376,0
455513,0
455545,0
455596,0
455747,0
455865,0
455869,0
456111,0
456182,0
456259,0
456273,0
456349,0
456524,0
456598,0
456696,0
456697,0
456946,0
457022,0
457218,0
457698,0
458214,0
458270,0
458279,0
458524,0
458541,0
458585,0
458851,0
458852,0
458881,0
458996,0
459129,0
459195,0
459243,0
459385,0
459419,0
459528,0
459693,0
459821,0
459955,0
460344,0
460356,0
460721,0
461062,0
461201,0
461204,0
461343,0
461393,0
461400,0
461400,0
461400,0
461573,0
461613,0
461743,0
461824,0
461841,0
461854,0
461996,0
462093,0
462228,0
462352,0
462655,0
462666,0
462698,0
462784,0
463114,0
463178,0
463224,0
463323,0
463339,0
463553,0
463720,0
463773,0
463863,0
463943,0
464240,0
464346,0
464375,0
464433,0
464487,0
464793,0
464948,0
464997,0
465184,0
465273,0
465382,0
465496,0
465508,0
465524,0
465580,0
465791,0
465791,0
465907,0
466015,0
466308,0
466385,0
466512,0
466823,0
466941,0
467033,0
467586,0
467650,0
467775,0
467895,0
467900,0
467915,0
468213,0
468290,0
468293,0
468435,0
468642,0
468687,0
468725,0
468759,0
468861,0
469193,0
469296,0
469396,0
469485,0
469527,0
469618,0
469661,0
469856,0
470110,0
470179,0
470210,0
470438,0
470462,0
470530,0
470609,0
470628,0
470740,0
470975,0
471075,0
471449,0
471492,0
471572,0
471711,0
471740,0
472001,0
472075,0
472084,0
472126,0
472195,0
472236,0
472246,0
472425,0
472480,0
472527,0
472678,0
472802,0
472950,0
473429,0
473495,0
473555,0
473688,0
473744,0
473780,0
473885,0
473961,0
474114,0
474142,0
474642,0
474668,0
474703,0
474805,0
474878,0
474892,0
474919,0
474947,0
475051,0
475216,0
475334,0
475341,0
475341,0
475372,0
475518,0
475570,0
475595,0
475620,0
475825,0
475914,0
476196,0
476253,0
476313,0
476527,0
476527,0
476537,0
476554,0
476666,0
476669,0
476757,0
476782,0
476855,0
476865,0
477200,0
477307,0
477525,0
477687,0
477712,0
477721,0
477932,0
478044,0
478060,0
478155,0
478168,0
478282,0
478320,0
478414,0
478424,0
478618,0
478711,0
478732,0
479042,0
479045,0
479051,0
479103,0
479203,0
479237,0
479243,0
479259,0
479304,0
479310,0
479724,0
479822,0
480058,0
480116,0
480146,0
480298,0
480320,0
480462,0
480676,0
480908,0
481039,0
481161,0
481543,0
481567,0
481642,0
481699,0
481808,0
481869,0
482250,0
482266,0
482372,0
482418,0
482612,0
482788,0
482872,0
482939,0
482943,0
483057,0
483124,0
483199,0
483249,0
483312,0
483318,0
483327,0
483459,0
483696,0
483750,0
483802,0
483807,0
483811,0
483952,0
484210,0
484220,0
484493,0
484539,0
484562,0
484756,0
484765,0
484850,0
484855,0
484972,0
484981,0
485148,0
485541,0
485774,0
485787,0
485906,0
486294,0
486435,0
486622,0
486643,0
486690,0
486794,0
487123,0
487303,0
487456,0
487486,0
487512,0
487671,0
487755,0
487776,0
487783,0
488095,0
488139,0
488213,0
488262,0
488289,0
488406,0
488425,0
488444,0
488664,0
488934,0
489066,0
489076,0
489193,0
489227,0
489270,0
489276,0
489670,0
489739,0
489776,0
489810,0
489883,0
489907,0
489981,0
490116,0
490165,0
490333,0
490334,0
490455,0
490527,0
490637,0
490645,0
490676,0
490710,0
490759,0
490803,0
490911,0
490999,0
491165,0
491244,0
491245,0
491392,0
491538,0
491569,0
491615,0
491669,0
491683,0
491891,0
492042,0
492055,0
492117,0
492267,0
492513,0
492546,0
492704,0
492745,0
492859,0
493080,0
493130,0
493270,0
493338,0
493471,0
493726,0
494156,0
494171,0
494204,0
494258,0
494261,0
494327,0
494490,0
494692,0
494711,0
494785,0
494824,0
494920,0
495030,0
495040,0
495095,0
495122,0
495161,0
495163,0
495168,0
495321,0
495480,0
495486,0
495564,0
495571,0
495772,0
495780,0
496127,0
496222,0
496322,0
496331,0
496334,0
496349,0
496381,0
496393,0
496425,0
496505,0
496619,0
496681,0
496791,0
496876,0
496967,0
497050,0
497155,0
497269,0
497299,0
497313,0
497354,0
497392,0
497425,0
497530,0
497537,0
497754,0
497980,0
498013,0
498054,0
498131,0
498159,0
498176,0
498288,0
498456,0
498626,0
498745,0
498825,0
498847,0
498877,0
498907,0
499642,0
499759,0
499893,0
499932,0
499967,0
500024,0
500119,0
500633,0
500711,0
500736,0
500751,0
500830,0
500867,0
501281,0
501347,0
501369,0
501397,0
501645,0
501850,0
501873,0
501902,0
502096,0
502107,0
502147,0
502301,0
502338,0
502342,0
502346,0
502517,0
502826,0
502957,0
502998,0
503100,0
503229,0
503448,0
503501,0
503529,0
503577,0
503697,0
503710,0
503716,0
503928,0
503986,0
504101,0
504180,0
504238,0
504305,0
504309,0
504311,0
504534,0
504759,0
504897,0
504929,0
505266,0
505393,0
505494,0
505798,0
505872,0
506073,0
506159,0
506241,0
506278,0
506393,0
506616,0
506626,0
506784,0
507290,0
507307,0
507453,0
507644,0
507962,0
507973,0
508101,0
508186,0
508247,0
508381,0
508472,0
508598,0
508751,0
508874,0
508965,0
509132,0
509152,0
509178,0
509218,0
509591,0
509670,0
509673,0
509680,0
509862,0
509957,0
510081,0
510185,0
510197,0
510309,0
510368,0
510386,0
510570,0
510633,0
510657,0
510663,0
510669,0
510701,0
510880,0
510987,0
511015,0
511044,0
511086,0
511089,0
511125,0
511156,0
511366,0
511476,0
511743,0
511760,0
511767,0
512093,0
512169,0
512239,0
512264,0
512429,0
512495,0
512633,0
513270,0
513472,0
513549,0
513684,0
513727,0
514006,0
514113,0
514163,0
514580,0
514890,0
514914,0
514992,0
515026,0
515189,0
515232,0
515242,0
515381,0
515532,0
515648,0
515856,0
515859,0
515939,0
516024,0
516057,0
516826,0
516890,0
516952,0
516952,0
517044,0
517099,0
517117,0
517357,0
517422,0
517524,0
517605,0
517677,0
517832,0
517850,0
518146,0
518198,0
518200,0
518209,0
518338,0
518491,0
518655,0
518681,0
518795,0
518982,0
519152,0
519354,0
519371,0
519455,0
519598,0
519645,0
520012,0
520091,0
520192,0
520195,0
520213,0
520228,0
520296,0
520702,0
520722,0
520941,0
520944,0
521124,0
521288,0
521342,0
521394,0
521607,0
521662,0
521882,0
521933,0
521968,0
521975,0
522006,0
522213,0
522325,0
522448,0
522528,0
522664,0
522670,0
522679,0
522690,0
522914,0
522972,0
523116,0
523131,0
523172,0
523314,0
523546,0
523574,0
523964,0
524167,0
524190,0
524270,0
524372,0
524533,0
524694,0
524959,0
524997,0
525113,0
525168,0
525277,0
525312,0
525494,0
525618,0
525635,0
525943,0
526048,0
526112,0
526216,0
526376,0
526498,0
526592,0
526743,0
526874,0
527220,0
527320,0
527453,0
527528,0
527651,0
527687,0
527745,0
527764,0
527940,0
527993,0
528632,0
528644,0
528769,0
528919,0
529112,0
529304,0
529325,0
529550,0
529693,0
529741,0
529747,0
529992,0
530053,0
530138,0
530210,0
530227,0
530306,0
530367,0
530407,0
530601,0
530795,0
530813,0
531102,0
531132,0
531263,0
531391,0
531701,0
531887,0
531889,0
532026,0
532173,0
532246,0
532278,0
532871,0
532934,0
533164,0
533180,0
533324,0
533342,0
533525,0
533777,0
534055,0
534137,0
534329,0
534446,0
534475,0
534586,0
534737,0
534758,0
534798,0
535023,0
535282,0
535325,0
535326,0
535356,0
535377,0
535438,0
535477,0
535493,0
535587,0
535616,0
535668,0
535782,0
535853,0
535931,0
535986,0
536088,0
536230,0
536294,0
536312,0
536337,0
536376,0
536395,0
536513,0
536662,0
536675,0
536714,0
536725,0
536871,0
536989,0
537006,0
537350,0
537390,0
537709,0
537712,0
538211,0
538487,0
538547,0
538609,0
538761,0
538774,0
538828,0
538935,0
538939,0
539066,0
539129,0
539411,0
539507,0
539543,0
539739,0
539901,0
539993,0
540105,0
540162,0
540481,0
540488,0
540721,0
540740,0
540755,0
540976,0
540986,0
541100,0
541114,0
541155,0
541217,0
541266,0
541314,0
541516,0
541526,0
541895,0
541934,0
542002,0
542163,0
542435,0
542458,0
542628,0
542685,0
542798,0
542849,0
542897,0
542902,0
542944,0
542957,0
543084,0
543215,0
543256,0
543532,0
543613,0
543650,0
543668,0
543719,0
543726,0
543761,0
544014,0
544180,0
544253,0
544370,0
544407,0
544490,0
544586,0
544591,0
544636,0
544671,0
544757,0
545009,0
545031,0
545074,0
545325,0
545743,0
545784,0
545969,0
546070,0
546075,0
546173,0
546174,0
546242,0
546311,0
546346,0
546383,0
546431,0
546499,0
546506,0
