53,0
76,0
92,0
104,0
113,0
118,0
121,0
153,0
174,0
178,0
199,0
218,0
243,0
256,0
297,0
303,0
321,0
335,0
336,0
350,0
350,0
387,0
391,0
400,0
403,0
405,0
440,0
476,0
479,0
558,0
560,0
596,0
602,0
614,0
646,0
660,0
671,0
680,0
742,0
761,0
814,0
829,0
853,0
887,0
891,0
904,0
924,0
956,0
962,0
965,0
991,0
1022,0
1023,0
1036,0
1044,0
1049,0
1054,0
1076,0
1083,0
1092,0
1095,0
1146,0
1146,0
1158,0
1219,0
1275,0
1350,0
1352,0
1368,0
1397,0
1409,0
1459,0
1460,0
1464,0
1465,0
1470,0
1481,0
1486,0
1502,0
1523,0
1531,0
1534,0
1539,0
1549,0
1627,0
1639,0
1720,0
1732,0
1747,0
1821,0
1851,0
1855,0
1904,0
1919,0
1931,0
1954,0
1964,0
1968,0
1985,0
2015,0
2029,0
2062,0
2079,0
2086,0
2091,0
2092,0
2117,0
2124,0
2128,0
2137,0
2139,0
2147,0
2158,0
2194,0
2202,0
2236,0
2249,0
2297,0
2300,0
2310,0
2324,0
2334,0
2358,0
2382,0
2408,0
2414,0
2445,0
2479,0
2490,0
2490,0
2490,0
2493,0
2501,0
2506,0
2539,0
2607,0
2612,0
2623,0
2654,0
2668,0
2686,0
2757,0
2765,0
2812,0
2826,0
2836,0
2838,0
2847,0
2867,0
2869,0
2889,0
2892,0
2926,0
2927,0
2932,0
2975,0
3024,0
3027,0
3038,0
3049,0
3061,0
3062,0
3090,0
3111,0
3136,0
3173,0
3222,0
3235,0
3264,0
3281,0
3283,0
3297,0
3346,0
3352,0
3355,0
3365,0
3379,0
3403,0
3419,0
3425,0
3440,0
3440,0
3484,0
3516,0
3555,0
3570,0
3599,0
3615,0
3623,0
3623,0
3707,0
3711,0
3716,0
3720,0
3735,0
3763,0
3776,0
3783,0
3799,0
3801,0
3815,0
3827,0
3851,0
3855,0
3858,0
3874,0
3886,0
3895,0
3902,0
3905,0
3917,0
3923,0
3954,0
3957,0
3963,0
3973,0
3996,0
3998,0
4000,0
4018,0
4127,0
4130,0
4156,0
4157,0
4246,0
4262,0
4271,0
4279,0
4290,0
4299,0
4341,0
4361,0
4428,0
4434,0
4444,0
4461,0
4468,0
4471,0
4499,0
4527,0
4535,0
4566,0
4578,0
4591,0
4608,0
4616,0
4630,0
4634,0
4637,0
4648,0
4651,0
4664,0
4676,0
4684,0
4780,0
4787,0
4822,0
4833,0
4837,0
4860,0
4863,0
4904,0
4907,0
4913,0
4916,0
4921,0
4945,0
4953,0
4955,0
5025,0
5054,0
5077,0
5109,0
5159,0
5167,0
5183,0
5190,0
5193,0
5195,0
5230,0
5246,0
5255,0
5281,0
5300,0
5304,0
5309,0
5319,0
5330,0
5335,0
5352,0
5375,0
5386,0
5394,0
5399,0
5409,0
5409,0
5443,0
5453,0
5478,0
5479,0
5530,0
5532,0
5554,0
5569,0
5626,0
5630,0
5633,0
5635,0
5640,0
5648,0
5658,0
5677,0
5696,0
5700,0
5706,0
5709,0
5731,0
5756,0
5761,0
5772,0
5777,0
5793,0
5795,0
5858,0
5897,0
5902,0
5903,0
5936,0
5949,0
5960,0
5962,0
5972,0
6044,0
6085,0
6104,0
6157,0
6182,0
6192,0
6206,0
6232,0
6243,0
6301,0
6320,0
6336,0
6366,0
6396,0
6396,0
6405,0
6438,0
6444,0
6467,0
6469,0
6503,0
6508,0
6525,0
6547,0
6608,0
6621,0
6624,0
6701,0
6715,0
6766,0
6789,0
6824,0
6860,0
6923,0
6927,0
6935,0
6950,0
6970,0
6973,0
7024,0
7043,0
7052,0
7091,0
7114,0
7117,0
7154,0
7203,0
7249,0
7276,0
7280,0
7303,0
7304,0
7333,0
7334,0
7340,0
7363,0
7403,0
7426,0
7464,0
7474,0
7481,0
7499,0
7516,0
7592,0
7615,0
7617,0
7620,0
7681,0
7753,0
7779,0
7784,0
7799,0
7804,0
7808,0
7842,0
7870,0
7886,0
7898,0
7943,0
7951,0
7978,0
8002,0
8004,0
8006,0
8053,0
8065,0
8097,0
8104,0
8112,0
8159,0
8161,0
8162,0
8172,0
8181,0
8184,0
8198,0
8205,0
8213,0
8214,0
8221,0
8254,0
8296,0
8298,0
8299,0
8361,0
8516,0
8539,0
8550,0
8554,0
8562,0
8575,0
8585,0
8641,0
8661,0
8662,0
8689,0
8689,0
8702,0
8718,0
8721,0
8731,0
8757,0
8759,0
8770,0
8773,0
8774,0
8807,0
8816,0
8838,0
8856,0
8877,0
8893,0
8897,0
8904,0
8912,0
8916,0
9005,0
9015,0
9058,0
9122,0
9135,0
9141,0
9206,0
9224,0
9278,0
9278,0
9288,0
9296,0
9332,0
9333,0
9339,0
9360,0
9372,0
9381,0
9383,0
9412,0
9424,0
9438,0
9489,0
9493,0
9528,0
9551,0
9574,0
9604,0
9606,0
9610,0
9675,0
9697,0
9728,0
9738,0
9758,0
9764,0
9810,0
9818,0
9843,0
9862,0
9885,0
9894,0
9894,0
9907,0
9908,0
9942,0
9948,0
9957,0
10044,0
10055,0
10060,0
10078,0
10091,0
10095,0
10125,0
10136,0
10162,0
10166,0
10178,0
10250,0
10256,0
10262,0
10305,0
10314,0
10405,0
10408,0
10415,0
10455,0
10473,0
10489,0
10522,0
10523,0
10533,0
10560,0
10588,0
10595,0
10602,0
10622,0
10627,0
10632,0
10645,0
10658,0
10712,0
10754,0
10755,0
10769,0
10809,0
10811,0
10819,0
10825,0
10830,0
10854,0
10860,0
10863,0
10887,0
10888,0
10899,0
10912,0
10930,0
10937,0
10937,0
10940,0
10952,0
10952,0
10970,0
11017,0
11027,0
11117,0
11183,0
11193,0
11197,0
11207,0
11217,0
11224,0
11256,0
11256,0
11289,0
11325,0
11348,0
11361,0
11394,0
11401,0
11443,0
11474,0
11484,0
11488,0
11492,0
11504,0
11519,0
11537,0
11537,0
11546,0
11552,0
11563,0
11567,0
11594,0
11596,0
11637,0
11659,0
11666,0
11673,0
11692,0
11736,0
11784,0
11807,0
11813,0
11814,0
11817,0
11819,0
11839,0
11848,0
11861,0
11888,0
11910,0
11924,0
11957,0
11975,0
11981,0
12001,0
12058,0
12061,0
12062,0
12072,0
12081,0
12088,0
12093,0
12100,0
12101,0
12112,0
12112,0
12118,0
12125,0
12147,0
12149,0
12158,0
12163,0
12174,0
12175,0
12203,0
12220,0
12221,0
12236,0
12273,0
12300,0
12325,0
12348,0
12369,0
12384,0
12412,0
12417,0
12433,0
12474,0
12479,0
12482,0
12509,0
12528,0
12557,0
12560,0
12581,0
12583,0
12601,0
12603,0
12604,0
12623,0
12626,0
12653,0
12680,0
12684,0
12722,0
12786,0
12828,0
12850,0
12853,0
12880,0
12911,0
12939,0
12957,0
13011,0
13012,0
13116,0
13133,0
13170,0
13197,0
13200,0
13231,0
13241,0
13243,0
13281,0
13293,0
13298,0
13325,0
13334,0
13335,0
13343,0
13358,0
13402,0
13406,0
13410,0
13424,0
13442,0
13449,0
13523,0
13552,0
13571,0
13586,0
13586,0
13611,0
13628,0
13653,0
13712,0
13783,0
13787,0
13808,0
13834,0
13846,0
13862,0
13980,0
14010,0
14039,0
14058,0
14059,0
14068,0
14085,0
14109,0
14121,0
14123,0
14145,0
14160,0
14161,0
14169,0
14174,0
14182,0
14199,0
14200,0
14230,0
14234,0
14240,0
14251,0
14264,0
14295,0
14336,0
14338,0
14382,0
14384,0
14390,0
14393,0
14399,0
14405,0
14415,0
14455,0
14472,0
14474,0
14477,0
14527,0
14537,0
14546,0
14603,0
14616,0
14629,0
14683,0
14683,0
14724,0
14781,0
14809,0
14817,0
14843,0
14876,0
14899,0
14907,0
14935,0
14988,0
15006,0
15031,0
15034,0
15090,0
15103,0
15112,0
15112,0
15125,0
15140,0
15155,0
15163,0
15209,0
15212,0
15216,0
15222,0
15234,0
15252,0
15266,0
15274,0
15275,0
15287,0
15290,0
15307,0
15322,0
15333,0
15434,0
15454,0
15481,0
15486,0
15487,0
15520,0
15520,0
15523,0
15529,0
15557,0
15565,0
15569,0
15591,0
15594,0
15601,0
15612,0
15656,0
15676,0
15711,0
15712,0
15716,0
15724,0
15784,0
15808,0
15847,0
15862,0
15864,0
15870,0
15913,0
15920,0
15928,0
15944,0
15987,0
16006,0
16013,0
16018,0
16026,0
16039,0
16094,0
16106,0
16117,0
16180,0
16212,0
16249,0
16253,0
16274,0
16287,0
16290,0
16346,0
16350,0
16368,0
16382,0
16480,0
16604,0
16614,0
16646,0
16653,0
16687,0
16697,0
16706,0
16711,0
16722,0
16749,0
16754,0
16788,0
16804,0
16860,0
16893,0
16919,0
16926,0
16937,0
16976,0
16996,0
17024,0
17062,0
17078,0
17086,0
17094,0
17098,0
17115,0
17152,0
17175,0
17228,0
17238,0
17247,0
17263,0
17263,0
17311,0
17311,0
17356,0
17357,0
17423,0
17430,0
17443,0
17444,0
17468,0
17493,0
17505,0
17523,0
17542,0
17546,0
17548,0
17556,0
17591,0
17600,0
17655,0
17678,0
17679,0
17679,0
17681,0
17710,0
17711,0
17747,0
17776,0
17778,0
17780,0
17820,0
17824,0
17825,0
17856,0
17871,0
17898,0
17913,0
17937,0
17945,0
17982,0
17996,0
18020,0
18054,0
18057,0
18070,0
18079,0
18095,0
18114,0
18121,0
18147,0
18160,0
18166,0
18168,0
18168,0
18177,0
18204,0
18209,0
18227,0
18228,0
18230,0
18232,0
18283,0
18285,0
18300,0
18306,0
18324,0
18335,0
18343,0
18350,0
18355,0
18362,0
18382,0
18447,0
18468,0
18472,0
18483,0
18509,0
18517,0
18531,0
18555,0
18587,0
18600,0
18608,0
18611,0
18624,0
18685,0
18689,0
18710,0
18737,0
18783,0
18791,0
18792,0
18816,0
18847,0
18875,0
18882,0
18904,0
18913,0
18941,0
19021,0
19022,0
19038,0
19041,0
19045,0
19062,0
19085,0
19086,0
19097,0
19105,0
19121,0
19152,0
19187,0
19206,0
19213,0
19220,0
19269,0
19272,0
19285,0
19298,0
19310,0
19328,0
19341,0
19345,0
19346,0
19351,0
19355,0
19366,0
19427,0
19445,0
19454,0
19470,0
19524,0
19558,0
19571,0
19586,0
19594,0
19638,0
19646,0
19649,0
19649,0
19659,0
19659,0
19670,0
19720,0
19741,0
19749,0
19757,0
19759,0
19788,0
19801,0
19829,0
19833,0
19836,0
19839,0
19903,0
19914,0
19920,0
19945,0
19974,0
19994,0
20059,0
20092,0
20092,0
20137,0
20140,0
20149,0
20154,0
20165,0
20231,0
20249,0
20260,0
20295,0
20299,0
20343,0
20346,0
20350,0
20357,0
20359,0
20406,0
20411,0
20426,0
20439,0
20439,0
20445,0
20451,0
20472,0
20475,0
20483,0
20539,0
20544,0
20595,0
20613,0
20616,0
20623,0
20644,0
20669,0
20683,0
20696,0
20713,0
20789,0
20808,0
20849,0
20862,0
20873,0
20873,0
20874,0
20892,0
20931,0
20968,0
20969,0
20979,0
20984,0
20991,0
20998,0
21020,0
21024,0
21027,0
21032,0
21048,0
21071,0
21111,0
21130,0
21136,0
21145,0
21146,0
21160,0
21169,0
21175,0
21176,0
21243,0
21260,0
21291,0
21310,0
21322,0
21325,0
21347,0
21350,0
21406,0
21463,0
21477,0
21506,0
21510,0
21553,0
21579,0
21605,0
21648,0
21663,0
21700,0
21703,0
21746,0
21748,0
21749,0
21766,0
21770,0
21785,0
21796,0
21801,0
21808,0
22021,0
22065,0
22158,0
22194,0
22195,0
22210,0
22211,0
22216,0
22221,0
22228,0
22240,0
22242,0
22279,0
22296,0
22325,0
22333,0
22369,0
22374,0
22412,0
22416,0
22450,0
22465,0
22468,0
22480,0
22497,0
22527,0
22528,0
22535,0
22549,0
22591,0
22653,0
22670,0
22674,0
22771,0
22815,0
22851,0
22851,0
22857,0
22923,0
22933,0
22947,0
22974,0
22983,0
22986,0
23006,0
23007,0
23024,0
23065,0
23079,0
23096,0
23110,0
23128,0
23134,0
23147,0
23155,0
23170,0
23192,0
23194,0
23203,0
23233,0
23240,0
23273,0
23285,0
23326,0
23327,0
23345,0
23377,0
23379,0
23382,0
23391,0
23399,0
23459,0
23475,0
23476,0
23507,0
23534,0
23544,0
23568,0
23576,0
23583,0
23590,0
23595,0
23601,0
23646,0
23787,0
23787,0
23796,0
23810,0
23835,0
23842,0
23859,0
23900,0
23907,0
23917,0
23927,0
23929,0
23939,0
23939,0
23939,0
23943,0
23947,0
23968,0
23990,0
24001,0
24032,0
24047,0
24079,0
24152,0
24162,0
24162,0
24221,0
24228,0
24244,0
24258,0
24292,0
24314,0
24314,0
24325,0
24365,0
24382,0
24409,0
24410,0
24435,0
24439,0
24446,0
24470,0
24510,0
24560,0
24561,0
24587,0
24593,0
24603,0
24639,0
24658,0
24664,0
24673,0
24711,0
24748,0
24760,0
24764,0
24767,0
24769,0
24817,0
24854,0
24861,0
24895,0
24949,0
24954,0
24956,0
24957,0
24963,0
24967,0
24975,0
24990,0
25035,0
25039,0
25057,0
25071,0
25086,0
25128,0
25151,0
25165,0
25174,0
25184,0
25205,0
25208,0
25209,0
25213,0
25215,0
25236,0
25336,0
25355,0
25358,0
25358,0
25364,0
25368,0
25388,0
25390,0
25403,0
25407,0
25433,0
25434,0
25478,0
25480,0
25510,0
25542,0
25554,0
25565,0
25592,0
25611,0
25611,0
25615,0
25732,0
25746,0
25765,0
25780,0
25794,0
25826,0
25841,0
25866,0
25881,0
25897,0
25901,0
25924,0
25963,0
25968,0
25975,0
25975,0
26056,0
26065,0
26095,0
26118,0
26125,0
26133,0
26154,0
26178,0
26203,0
26229,0
26229,0
26261,0
26264,0
26323,0
26335,0
26368,0
26372,0
26396,0
26414,0
26428,0
26430,0
26481,0
26481,0
26498,0
26514,0
26516,0
26519,0
26546,0
26562,0
26563,0
26571,0
26586,0
26612,0
26618,0
26626,0
26644,0
26657,0
26667,0
26693,0
26703,0
26724,0
26728,0
26729,0
26737,0
26799,0
26815,0
26824,0
26827,0
26832,0
26840,0
26876,0
26945,0
27018,0
27033,0
27039,0
27072,0
27099,0
27105,0
27114,0
27130,0
27147,0
27181,0
27183,0
27193,0
27195,0
27206,0
27241,0
27244,0
27251,0
27262,0
27277,0
27311,0
27333,0
27348,0
27437,0
27512,0
27526,0
27550,0
27559,0
27589,0
27595,0
27602,0
27619,0
27619,0
27627,0
27642,0
27710,0
27745,0
27766,0
27767,0
27779,0
27802,0
27817,0
27835,0
27858,0
27864,0
27875,0
27875,0
27878,0
27892,0
27904,0
27907,0
27932,0
27944,0
27954,0
28013,0
28026,0
28053,0
28068,0
28147,0
28150,0
28155,0
28174,0
28208,0
28225,0
28236,0
28239,0
28313,0
28318,0
28360,0
28369,0
28413,0
28460,0
28544,0
28550,0
28602,0
28625,0
28633,0
28662,0
28684,0
28690,0
28698,0
28705,0
28712,0
28725,0
28731,0
28758,0
28803,0
28858,0
28860,0
28895,0
28902,0
28905,0
28915,0
28930,0
28970,0
29005,0
29018,0
29071,0
29101,0
29107,0
29112,0
29119,0
29122,0
29128,0
29133,0
29135,0
29161,0
29183,0
29199,0
29209,0
29232,0
29232,0
29234,0
29251,0
29259,0
29259,0
29260,0
29262,0
29272,0
29297,0
29297,0
29328,0
29370,0
29449,0
29474,0
29509,0
29535,0
29536,0
29540,0
29580,0
29616,0
29617,0
29641,0
29646,0
29653,0
29663,0
29685,0
29685,0
29745,0
29761,0
29763,0
29763,0
29779,0
29800,0
29810,0
29823,0
29868,0
29932,0
29949,0
29959,0
30002,0
30013,0
30026,0
30041,0
30109,0
30116,0
30124,0
30166,0
30178,0
30202,0
30221,0
30240,0
30241,0
30248,0
30255,0
30284,0
30290,0
30292,0
30300,0
30346,0
30346,0
30379,0
30389,0
30396,0
30409,0
30425,0
30435,0
30435,0
30459,0
30480,0
30501,0
30556,0
30578,0
30582,0
30585,0
30599,0
30604,0
30648,0
30652,0
30659,0
30677,0
30693,0
30711,0
30734,0
30760,0
30766,0
30771,0
30780,0
30838,0
30862,0
30863,0
30899,0
30901,0
30936,0
30959,0
31017,0
31041,0
31065,0
31068,0
31124,0
31128,0
31130,0
31140,0
31152,0
31161,0
31168,0
31172,0
31181,0
31194,0
31197,0
31212,0
31226,0
31296,0
31316,0
31345,0
31371,0
31381,0
31398,0
31403,0
31435,0
31437,0
31481,0
31497,0
31499,0
31508,0
31511,0
31519,0
31541,0
31560,0
31606,0
31626,0
31647,0
31651,0
31710,0
31712,0
31717,0
31725,0
31737,0
31763,0
31774,0
31787,0
31788,0
31803,0
31814,0
31897,0
31926,0
31931,0
31984,0
32053,0
32059,0
32072,0
32080,0
32112,0
32115,0
32122,0
32144,0
32158,0
32171,0
32269,0
32308,0
32316,0
32332,0
32346,0
32357,0
32401,0
32420,0
32432,0
32462,0
32463,0
32476,0
32554,0
32567,0
32582,0
32585,0
32585,0
32589,0
32590,0
32618,0
32628,0
32658,0
32701,0
32736,0
32810,0
32815,0
32899,0
32920,0
32942,0
32959,0
32972,0
32979,0
32993,0
33013,0
33015,0
33027,0
33102,0
33104,0
33120,0
33122,0
33147,0
33148,0
33180,0
33228,0
33242,0
33259,0
33271,0
33272,0
33289,0
33303,0
33306,0
33334,0
33349,0
33353,0
33359,0
33395,0
33401,0
33427,0
33495,0
33517,0
33531,0
33563,0
33573,0
33591,0
33613,0
33626,0
33654,0
33706,0
33715,0
33716,0
33739,0
33745,0
33764,0
33780,0
33803,0
33818,0
33840,0
33877,0
33885,0
33888,0
33894,0
33912,0
33939,0
33951,0
33955,0
33964,0
33979,0
33996,0
34005,0
34007,0
34051,0
34063,0
34076,0
34076,0
34102,0
34114,0
34117,0
34142,0
34150,0
34159,0
34164,0
34190,0
34206,0
34220,0
34221,0
34222,0
34230,0
34240,0
34315,0
34351,0
34354,0
34370,0
34395,0
34410,0
34423,0
34454,0
34489,0
34493,0
34519,0
34524,0
34564,0
34580,0
34586,0
34597,0
34644,0
34648,0
34650,0
34682,0
34701,0
34712,0
34717,0
34732,0
34742,0
34822,0
34831,0
34858,0
34874,0
34883,0
34885,0
34914,0
34930,0
34938,0
34977,0
35018,0
35022,0
35037,0
35047,0
35072,0
35089,0
35113,0
35114,0
35133,0
35160,0
35182,0
35234,0
35238,0
35253,0
35271,0
35286,0
35307,0
35308,0
35312,0
35328,0
35355,0
35359,0
35380,0
35393,0
35399,0
35402,0
35424,0
35436,0
35451,0
35451,0
35518,0
35531,0
35599,0
35619,0
35633,0
35647,0
35690,0
35694,0
35699,0
35713,0
35732,0
35768,0
35770,0
35794,0
35852,0
35877,0
35904,0
35913,0
35966,0
35972,0
35987,0
35995,0
36012,0
36024,0
36032,0
36040,0
36097,0
36098,0
36104,0
36113,0
36153,0
36209,0
36233,0
36243,0
36245,0
36290,0
36305,0
36331,0
36360,0
36470,0
36472,0
36504,0
36545,0
36570,0
36602,0
36609,0
36619,0
36632,0
36653,0
36682,0
36685,0
36688,0
36766,0
36784,0
36788,0
36797,0
36803,0
36833,0
36841,0
36845,0
36845,0
36872,0
36877,0
36896,0
36928,0
36936,0
36948,0
36975,0
36991,0
37032,0
37032,0
37051,0
37086,0
37108,0
37121,0
37143,0
37165,0
37178,0
37208,0
37228,0
37240,0
37264,0
37295,0
37330,0
37338,0
37352,0
37355,0
37369,0
37441,0
37444,0
37448,0
37474,0
37542,0
37598,0
37610,0
37629,0
37653,0
37690,0
37727,0
37741,0
37752,0
37761,0
37769,0
37775,0
37790,0
37801,0
37803,0
37812,0
37830,0
37840,0
37843,0
37868,0
37871,0
37909,0
37911,0
37989,0
37989,0
37990,0
38058,0
38100,0
38114,0
38155,0
38226,0
38235,0
38242,0
38248,0
38283,0
38335,0
38343,0
38348,0
38351,0
38361,0
38377,0
38401,0
38434,0
38450,0
38455,0
38474,0
38477,0
38509,0
38514,0
38517,0
38617,0
38668,0
38673,0
38673,0
38675,0
38676,0
38692,0
38700,0
38722,0
38797,0
38805,0
38814,0
38828,0
38832,0
38862,0
38897,0
38920,0
38927,0
38927,0
38927,0
38949,0
38959,0
38969,0
38973,0
38974,0
38976,0
38985,0
39036,0
39099,0
39167,0
39185,0
39267,0
39271,0
39349,0
39353,0
39360,0
39369,0
39375,0
39414,0
39497,0
39506,0
39512,0
39518,0
39520,0
39530,0
39534,0
39534,0
39561,0
39622,0
39693,0
39698,0
39698,0
39744,0
39747,0
39757,0
39757,0
39786,0
39789,0
39794,0
39795,0
39804,0
39822,0
39859,0
39891,0
39907,0
39910,0
39919,0
39975,0
39986,0
39986,0
40003,0
40025,0
40039,0
40073,0
40084,0
40094,0
40096,0
40122,0
40139,0
40145,0
40146,0
40146,0
40222,0
40230,0
40240,0
40242,0
40247,0
40254,0
40285,0
40297,0
40312,0
40317,0
40328,0
40366,0
40378,0
40396,0
40415,0
40422,0
40443,0
40446,0
40449,0
40450,0
40458,0
40504,0
40566,0
40566,0
40580,0
40612,0
40620,0
40620,0
40642,0
40645,0
40672,0
40695,0
40706,0
40718,0
40737,0
40744,0
40759,0
40796,0
40813,0
40852,0
40888,0
40903,0
40904,0
40946,0
40959,0
41004,0
41010,0
41012,0
41030,0
41068,0
41082,0
41089,0
41108,0
41142,0
41144,0
41147,0
41154,0
41188,0
41188,0
41206,0
41234,0
41250,0
41340,0
41383,0
41387,0
41399,0
41412,0
41423,0
41450,0
41470,0
41486,0
41507,0
41542,0
41552,0
41561,0
41650,0
41667,0
41698,0
41699,0
41713,0
41721,0
41767,0
41784,0
41813,0
41817,0
41827,0
41831,0
41834,0
41881,0
41893,0
41918,0
41959,0
41975,0
41993,0
42011,0
42050,0
42058,0
42065,0
42075,0
42084,0
42090,0
42145,0
42183,0
42198,0
42228,0
42230,0
42297,0
42303,0
42381,0
42413,0
42419,0
42422,0
42427,0
42452,0
42465,0
42494,0
42500,0
42523,0
42624,0
42626,0
42629,0
42631,0
42635,0
42636,0
42650,0
42665,0
42723,0
42734,0
42743,0
42753,0
42756,0
42809,0
42828,0
42852,0
42855,0
42872,0
42880,0
42889,0
42914,0
42918,0
42932,0
42936,0
42944,0
42945,0
42967,0
42976,0
42977,0
43001,0
43009,0
43020,0
43024,0
43024,0
43047,0
43058,0
43086,0
43102,0
43106,0
43114,0
43158,0
43179,0
43213,0
43220,0
43251,0
43254,0
43269,0
43285,0
43312,0
43341,0
43409,0
43411,0
43432,0
43435,0
43522,0
43528,0
43549,0
43552,0
43597,0
43618,0
43639,0
43664,0
43669,0
43674,0
43687,0
43689,0
43691,0
43717,0
43728,0
43742,0
43753,0
43757,0
43766,0
43838,0
43865,0
43915,0
43953,0
43968,0
43997,0
44001,0
44019,0
44027,0
44050,0
44064,0
44074,0
44110,0
44115,0
44206,0
44312,0
44326,0
44392,0
44403,0
44430,0
44446,0
44479,0
44479,0
44503,0
44512,0
44541,0
44543,0
44544,0
44556,0
44620,0
44685,0
44691,0
44708,0
44715,0
44747,0
44751,0
44753,0
44762,0
44815,0
44821,0
44824,0
44892,0
44949,0
44992,0
44992,0
44996,0
45030,0
45036,0
45079,0
45087,0
45090,0
45098,0
45114,0
45134,0
45189,0
45200,0
45261,0
45290,0
45297,0
45322,0
45339,0
45361,0
45365,0
45388,0
45397,0
45405,0
45429,0
45433,0
45466,0
45478,0
45483,0
45497,0
45538,0
45589,0
45595,0
45646,0
45648,0
45655,0
45698,0
45733,0
45749,0
45751,0
45758,0
45793,0
45802,0
45807,0
45813,0
45837,0
45842,0
45861,0
45937,0
45937,0
45937,0
45974,0
45989,0
46000,0
46006,0
46012,0
46019,0
46041,0
46045,0
46101,0
46107,0
46120,0
46125,0
46129,0
46135,0
46147,0
46149,0
46176,0
46186,0
46195,0
46205,0
46211,0
46298,0
46344,0
46359,0
46383,0
46399,0
46401,0
46461,0
46472,0
46498,0
46519,0
46533,0
46535,0
46538,0
46542,0
46545,0
46562,0
46571,0
46575,0
46618,0
46626,0
46654,0
46670,0
46677,0
46689,0
46735,0
46740,0
46753,0
46835,0
46873,0
46876,0
46893,0
46924,0
46942,0
46978,0
47016,0
47024,0
47097,0
47110,0
47116,0
47121,0
47127,0
47141,0
47141,0
47161,0
47165,0
47189,0
47202,0
47225,0
47308,0
47345,0
47371,0
47401,0
47423,0
47433,0
47456,0
47487,0
47519,0
47527,0
47534,0
47580,0
47621,0
47631,0
47640,0
47640,0
47715,0
47717,0
47718,0
47719,0
47731,0
47745,0
47748,0
47776,0
47836,0
47850,0
47853,0
47872,0
47885,0
47920,0
47933,0
47969,0
48045,0
48055,0
48057,0
48064,0
48069,0
48077,0
48118,0
48133,0
48184,0
48186,0
48255,0
48280,0
48283,0
48329,0
48349,0
48370,0
48371,0
48398,0
48400,0
48422,0
48424,0
48437,0
48449,0
48461,0
48483,0
48486,0
48492,0
48630,0
48646,0
48672,0
48683,0
48704,0
48714,0
48749,0
48772,0
48774,0
48782,0
48816,0
48858,0
48875,0
48877,0
48897,0
48908,0
48924,0
48958,0
48967,0
48974,0
49020,0
49045,0
49076,0
49087,0
49089,0
49096,0
49155,0
49176,0
49179,0
49187,0
49191,0
49192,0
49209,0
49211,0
49213,0
49236,0
49255,0
49277,0
49336,0
49368,0
49377,0
49377,0
49396,0
49448,0
49477,0
49479,0
49524,0
49567,0
49570,0
49576,0
49579,0
49581,0
49613,0
49613,0
49631,0
49639,0
49666,0
49686,0
49692,0
49724,0
49730,0
49734,0
49741,0
49752,0
49754,0
49802,0
49899,0
49904,0
49942,0
49975,0
50004,0
50027,0
50041,0
50046,0
50066,0
50077,0
50143,0
50159,0
50182,0
50215,0
50275,0
50278,0
50316,0
50317,0
50329,0
50331,0
50356,0
50507,0
50516,0
50532,0
50597,0
50603,0
50622,0
50632,0
50647,0
50648,0
50724,0
50732,0
50733,0
50751,0
50754,0
50759,0
50782,0
50801,0
50836,0
50855,0
50863,0
50873,0
50899,0
50920,0
50944,0
50983,0
50995,0
51040,0
51079,0
51084,0
51127,0
51165,0
51168,0
51201,0
51246,0
51296,0
51325,0
51344,0
51345,0
51354,0
51380,0
51381,0
51388,0
51392,0
51408,0
51438,0
51496,0
51513,0
51531,0
51542,0
51567,0
51585,0
51590,0
51590,0
51601,0
51601,0
51619,0
51652,0
51665,0
51674,0
51681,0
51685,0
51691,0
51694,0
51695,0
51731,0
51827,0
51837,0
51864,0
51903,0
51924,0
51962,0
51969,0
51998,0
52033,0
52040,0
52054,0
52059,0
52074,0
52087,0
52095,0
52111,0
52123,0
52132,0
52147,0
52162,0
52205,0
52222,0
52224,0
52237,0
52329,0
52367,0
52368,0
52409,0
52422,0
52442,0
52493,0
52511,0
52517,0
52517,0
52519,0
52531,0
52543,0
52546,0
52549,0
52651,0
52687,0
52723,0
52728,0
52751,0
52751,0
52758,0
52790,0
52824,0
52829,0
52865,0
52902,0
52903,0
52903,0
52963,0
52975,0
53030,0
53045,0
53067,0
53080,0
53101,0
53189,0
53200,0
53237,0
53246,0
53253,0
53267,0
53269,0
53279,0
53337,0
53348,0
53374,0
53389,0
53394,0
53410,0
53413,0
53420,0
53458,0
53512,0
53517,0
53534,0
53540,0
53542,0
53558,0
53582,0
53612,0
53619,0
53656,0
53687,0
53694,0
53714,0
53735,0
53743,0
53749,0
53791,0
53792,0
53833,0
53851,0
53871,0
53874,0
53881,0
53885,0
53920,0
53921,0
53969,0
54014,0
54021,0
54023,0
54049,0
54051,0
54148,0
54160,0
54165,0
54191,0
54202,0
54225,0
54259,0
54323,0
54332,0
54347,0
54352,0
54418,0
54428,0
54436,0
54445,0
54465,0
54478,0
54478,0
54497,0
54555,0
54561,0
54593,0
54593,0
54647,0
54656,0
54675,0
54694,0
54703,0
54746,0
54842,0
54926,0
54981,0
54993,0
55006,0
55014,0
55112,0
55114,0
55121,0
55129,0
55139,0
55141,0
55176,0
55187,0
55205,0
55227,0
55244,0
55288,0
55319,0
55334,0
55366,0
55367,0
55382,0
55385,0
55389,0
55397,0
55406,0
55406,0
55411,0
55489,0
55523,0
55533,0
55545,0
55578,0
55646,0
55734,0
55741,0
55759,0
55784,0
55817,0
55820,0
55824,0
55863,0
55871,0
55874,0
55930,0
55939,0
55943,0
55954,0
55956,0
55973,0
55988,0
55994,0
56007,0
56025,0
56027,0
56069,0
56070,0
56081,0
56096,0
56100,0
56107,0
56135,0
56172,0
56175,0
56176,0
56180,0
56190,0
56192,0
56234,0
56255,0
56312,0
56319,0
56324,0
56333,0
56345,0
56355,0
56400,0
56414,0
56431,0
56435,0
56454,0
56456,0
56461,0
56467,0
56469,0
56517,0
56544,0
56572,0
56619,0
56651,0
56668,0
56688,0
56693,0
56709,0
56721,0
56727,0
56728,0
56750,0
56757,0
56782,0
56785,0
56786,0
56827,0
56844,0
56887,0
56957,0
56981,0
57006,0
57007,0
57022,0
57025,0
57027,0
57038,0
57079,0
57080,0
57083,0
57106,0
57144,0
57173,0
57268,0
57336,0
57353,0
57360,0
57361,0
57363,0
57374,0
57392,0
57410,0
57425,0
57435,0
57447,0
57468,0
57472,0
57472,0
57525,0
57542,0
57559,0
57571,0
57582,0
57602,0
57642,0
57706,0
57708,0
57783,0
57793,0
57855,0
57895,0
57930,0
57935,0
57956,0
57957,0
57964,0
57965,0
57993,0
58041,0
58076,0
58092,0
58093,0
58186,0
58198,0
58203,0
58232,0
58251,0
58255,0
58265,0
58267,0
58288,0
58300,0
58338,0
58338,0
58356,0
58384,0
58401,0
58431,0
58448,0
58490,0
58495,0
58519,0
58522,0
58548,0
58566,0
58615,0
58632,0
58640,0
58672,0
58727,0
58731,0
58740,0
58746,0
58793,0
58819,0
58857,0
58863,0
58870,0
58883,0
58895,0
58897,0
58905,0
58921,0
58992,0
59022,0
59072,0
59121,0
59121,0
59142,0
59197,0
59244,0
59248,0
59258,0
59284,0
59293,0
59326,0
59339,0
59395,0
59395,0
59415,0
59424,0
59443,0
59465,0
59475,0
59509,0
59538,0
59563,0
59596,0
59631,0
59646,0
59652,0
59709,0
59710,0
59740,0
59760,0
59790,0
59818,0
59818,0
59865,0
59867,0
59868,0
59900,0
59932,0
59947,0
59962,0
59982,0
59996,0
59998,0
60000,0
60000,0
60015,0
60031,0
60050,0
60059,0
60085,0
60099,0
60124,0
60132,0
60139,0
60139,0
60155,0
60193,0
60214,0
60237,0
60252,0
60253,0
60281,0
60285,0
60327,0
60354,0
60365,0
60414,0
60417,0
60427,0
60444,0
60448,0
60449,0
60477,0
60498,0
60501,0
60514,0
60518,0
60526,0
60610,0
60612,0
60697,0
60702,0
60728,0
60733,0
60736,0
60797,0
60844,0
60867,0
60929,0
60932,0
60942,0
60977,0
60977,0
60979,0
61036,0
61046,0
61066,0
61121,0
61139,0
61153,0
61157,0
61178,0
61185,0
61188,0
61196,0
61234,0
61237,0
61240,0
61333,0
61390,0
61404,0
61429,0
61469,0
61475,0
61484,0
61487,0
61488,0
61499,0
61558,0
61561,0
61575,0
61607,0
61662,0
61677,0
61695,0
61727,0
61766,0
61768,0
61776,0
61800,0
61810,0
61826,0
61826,0
61829,0
61832,0
61858,0
61923,0
61932,0
61948,0
61955,0
61959,0
61971,0
62054,0
62056,0
62130,0
62159,0
62210,0
62216,0
62242,0
62270,0
62301,0
62308,0
62320,0
62321,0
62343,0
62392,0
62392,0
62410,0
62413,0
62458,0
62483,0
62485,0
62509,0
62569,0
62638,0
62644,0
62662,0
62667,0
62678,0
62702,0
62709,0
62715,0
62723,0
62742,0
62768,0
62837,0
62868,0
62879,0
62925,0
63019,0
63029,0
63074,0
63104,0
63114,0
63115,0
63141,0
63143,0
63147,0
63195,0
63215,0
63219,0
63258,0
63261,0
63271,0
63272,0
63309,0
63319,0
63335,0
63352,0
63413,0
63434,0
63467,0
63483,0
63493,0
63494,0
63496,0
63512,0
63517,0
63551,0
63582,0
63677,0
63694,0
63756,0
63760,0
63764,0
63770,0
63794,0
63845,0
63907,0
63926,0
63963,0
63966,0
63983,0
64000,0
64008,0
64010,0
64013,0
64023,0
64041,0
64049,0
64050,0
64055,0
64056,0
64060,0
64081,0
64116,0
64163,0
64168,0
64182,0
64196,0
64211,0
64264,0
64311,0
64337,0
64353,0
64417,0
64425,0
64431,0
64432,0
64434,0
64457,0
64492,0
64549,0
64562,0
64565,0
64566,0
64660,0
64671,0
64693,0
64708,0
64722,0
64732,0
64771,0
64824,0
64889,0
64891,0
64900,0
64904,0
64908,0
64926,0
64970,0
64978,0
64999,0
65042,0
65055,0
65073,0
65078,0
65085,0
65103,0
65116,0
65125,0
65132,0
65143,0
65154,0
65206,0
65210,0
65249,0
65253,0
65270,0
65278,0
65289,0
65328,0
65343,0
65347,0
65363,0
65422,0
65450,0
65516,0
65538,0
65559,0
65578,0
65590,0
65592,0
65649,0
65676,0
65684,0
65703,0
65743,0
65760,0
65760,0
65778,0
65793,0
65825,0
65827,0
65897,0
65907,0
65926,0
65956,0
65987,0
66036,0
66059,0
66068,0
66083,0
66191,0
66194,0
66221,0
66271,0
66306,0
66320,0
66345,0
66356,0
66369,0
66369,0
66384,0
66398,0
66467,0
66474,0
66477,0
66531,0
66539,0
66600,0
66605,0
66623,0
66692,0
66700,0
66724,0
66741,0
66764,0
66765,0
66793,0
66801,0
66803,0
66845,0
66850,0
66859,0
66957,0
66983,0
67066,0
67067,0
67071,0
67074,0
67085,0
67123,0
67151,0
67156,0
67180,0
67183,0
67198,0
67221,0
67223,0
67308,0
67316,0
67332,0
67340,0
67356,0
67361,0
67390,0
67392,0
67406,0
67429,0
67436,0
67451,0
67463,0
67526,0
67531,0
67544,0
67546,0
67573,0
67581,0
67613,0
67693,0
67762,0
67794,0
67801,0
67805,0
67811,0
67816,0
67825,0
67830,0
67845,0
67918,0
67932,0
67970,0
67989,0
68014,0
68014,0
68015,0
68037,0
68053,0
68075,0
68081,0
68092,0
68144,0
68169,0
68170,0
68179,0
68202,0
68212,0
68212,0
68241,0
68242,0
68261,0
68320,0
68347,0
68351,0
68363,0
68386,0
68401,0
68427,0
68453,0
68600,0
68656,0
68669,0
68681,0
68693,0
68696,0
68702,0
68713,0
68716,0
68762,0
68777,0
68790,0
68825,0
68827,0
68887,0
68893,0
68934,0
68968,0
68972,0
68999,0
69010,0
69012,0
69020,0
69050,0
69106,0
69116,0
69137,0
69172,0
69181,0
69209,0
69217,0
69224,0
69256,0
69265,0
69294,0
69340,0
69348,0
69448,0
69470,0
69488,0
69518,0
69564,0
69616,0
69635,0
69643,0
69676,0
69685,0
69695,0
69698,0
69700,0
69719,0
69720,0
69729,0
69750,0
69757,0
69771,0
69781,0
69792,0
69799,0
69802,0
69812,0
69815,0
69822,0
69833,0
69837,0
69841,0
69849,0
69851,0
69861,0
69896,0
69903,0
69917,0
69918,0
70013,0
70019,0
70034,0
70040,0
70047,0
70063,0
70082,0
70082,0
70140,0
70149,0
70181,0
70208,0
70213,0
70215,0
70253,0
70260,0
70261,0
70270,0
70295,0
70318,0
70329,0
70336,0
70337,0
70350,0
70366,0
70376,0
70393,0
70426,0
70489,0
70498,0
70598,0
70608,0
70647,0
70656,0
70701,0
70715,0
70716,0
70728,0
70737,0
70738,0
70802,0
70804,0
70844,0
70870,0
70873,0
70891,0
70896,0
70929,0
70956,0
71001,0
71024,0
71039,0
71103,0
71109,0
71147,0
71148,0
71149,0
71161,0
71181,0
71244,0
71262,0
71282,0
71283,0
71288,0
71313,0
71327,0
71349,0
71359,0
71387,0
71394,0
71422,0
71424,0
71480,0
71507,0
71514,0
71528,0
71541,0
71553,0
71554,0
71599,0
71617,0
71619,0
71652,0
71660,0
71703,0
71716,0
71724,0
71727,0
71744,0
71750,0
71767,0
71780,0
71786,0
71817,0
71853,0
71862,0
71883,0
71884,0
71914,0
71914,0
71967,0
71995,0
72003,0
72007,0
72011,0
72023,0
72045,0
72090,0
72104,0
72163,0
72192,0
72204,0
72300,0
72305,0
72316,0
72329,0
72337,0
72338,0
72346,0
72358,0
72386,0
72417,0
72430,0
72440,0
72448,0
72453,0
72462,0
72479,0
72512,0
72519,0
72529,0
72534,0
72552,0
72567,0
72619,0
72632,0
72644,0
72665,0
72669,0
72729,0
72731,0
72749,0
72752,0
72754,0
72786,0
72787,0
72792,0
72798,0
72858,0
72874,0
72915,0
73019,0
73087,0
73125,0
73155,0
73195,0
73207,0
73226,0
73234,0
73238,0
73255,0
73267,0
73278,0
73284,0
73285,0
73330,0
73330,0
73339,0
73359,0
73421,0
73437,0
73462,0
73469,0
73490,0
73531,0
73561,0
73592,0
73594,0
73614,0
73625,0
73649,0
73667,0
73672,0
73677,0
73699,0
73765,0
73780,0
73791,0
73884,0
73892,0
73896,0
73926,0
73933,0
73983,0
73987,0
74007,0
74053,0
74063,0
74064,0
74088,0
74088,0
74133,0
74169,0
74192,0
74197,0
74198,0
74201,0
74204,0
74257,0
74265,0
74272,0
74309,0
74315,0
74328,0
74380,0
74506,0
74515,0
74527,0
74529,0
74561,0
74575,0
74609,0
74612,0
74645,0
74667,0
74681,0
74694,0
74695,0
74695,0
74727,0
74777,0
74799,0
74810,0
74857,0
74871,0
74904,0
74919,0
74929,0
74931,0
74995,0
75031,0
75101,0
75126,0
75146,0
75232,0
75268,0
75311,0
75314,0
75344,0
75352,0
75355,0
75382,0
75411,0
75448,0
75454,0
75461,0
75506,0
75519,0
75520,0
75525,0
75551,0
75570,0
75578,0
75581,0
75592,0
75600,0
75641,0
75642,0
75678,0
75691,0
75701,0
75707,0
75724,0
75729,0
75735,0
75736,0
75784,0
75786,0
75794,0
75809,0
75816,0
75817,0
75855,0
75856,0
75858,0
75913,0
75924,0
75925,0
75929,0
75950,0
75956,0
75977,0
75980,0
75990,0
75992,0
76004,0
76025,0
76040,0
76046,0
76085,0
76092,0
76095,0
76116,0
76116,0
76119,0
76124,0
76125,0
76127,0
76139,0
76162,0
76165,0
76168,0
76184,0
76242,0
76251,0
76256,0
76262,0
76272,0
76288,0
76310,0
76327,0
76329,0
76337,0
76350,0
76408,0
76420,0
76424,0
76489,0
76535,0
76539,0
76578,0
76581,0
76589,0
76630,0
76780,0
76791,0
76793,0
76814,0
76826,0
76826,0
76830,0
76842,0
76856,0
76857,0
76858,0
76894,0
76897,0
76915,0
76951,0
76959,0
76994,0
77010,0
77012,0
77018,0
77031,0
77042,0
77056,0
77081,0
77086,0
77088,0
77099,0
77105,0
77117,0
77136,0
77164,0
77203,0
77208,0
77210,0
77211,0
77225,0
77228,0
77229,0
77266,0
77269,0
77277,0
77298,0
77316,0
77321,0
77326,0
77346,0
77360,0
77373,0
77400,0
77404,0
77422,0
77437,0
77449,0
77466,0
77498,0
77595,0
77643,0
77648,0
77699,0
77751,0
77757,0
77761,0
77793,0
77795,0
77817,0
77821,0
77890,0
77899,0
77912,0
77927,0
77963,0
78000,0
78048,0
78090,0
78144,0
78157,0
78175,0
78178,0
78189,0
78208,0
78211,0
78243,0
78248,0
78259,0
78276,0
78278,0
78279,0
78308,0
78347,0
78372,0
78390,0
78404,0
78459,0
78499,0
78514,0
78525,0
78534,0
78542,0
78552,0
78554,0
78557,0
78601,0
78631,0
78635,0
78650,0
78682,0
78694,0
78699,0
78765,0
78793,0
78798,0
78807,0
78811,0
78815,0
78820,0
78823,0
78832,0
78841,0
78875,0
78889,0
78931,0
78962,0
78977,0
79017,0
79068,0
79076,0
79083,0
79093,0
79096,0
79108,0
79124,0
79147,0
79201,0
79205,0
79208,0
79213,0
79226,0
79255,0
79275,0
79286,0
79305,0
79326,0
79344,0
79353,0
79366,0
79381,0
79429,0
79436,0
79465,0
79537,0
79541,0
79548,0
79605,0
79655,0
79660,0
79660,0
79692,0
79787,0
79790,0
79800,0
79836,0
79852,0
79852,0
79925,0
79983,0
79994,0
80018,0
80020,0
80035,0
80043,0
80079,0
80100,0
80104,0
80119,0
80120,0
80166,0
80172,0
80176,0
80207,0
80223,0
80227,0
80228,0
80334,0
80337,0
80419,0
80422,0
80435,0
80470,0
80504,0
80522,0
80552,0
80560,0
80582,0
80609,0
80631,0
80663,0
80665,0
80675,0
80687,0
80725,0
80739,0
80739,0
80739,0
80761,0
80775,0
80819,0
80819,0
80846,0
80850,0
80868,0
80870,0
80873,0
80908,0
80940,0
80945,0
80956,0
80968,0
80979,0
80994,0
81011,0
81065,0
81080,0
81093,0
81133,0
81136,0
81142,0
81149,0
81149,0
81161,0
81174,0
81198,0
81218,0
81297,0
81305,0
81312,0
81348,0
81350,0
81406,0
81410,0
81434,0
81452,0
81455,0
81518,0
81533,0
81536,0
81617,0
81631,0
81633,0
81655,0
81715,0
81727,0
81731,0
81737,0
81785,0
81798,0
81836,0
81860,0
81927,0
81938,0
81943,0
81949,0
81950,0
81950,0
81981,0
81998,0
82003,0
82016,0
82041,0
82045,0
82052,0
82055,0
82058,0
82090,0
82128,0
82148,0
82157,0
82162,0
82174,0
82190,0
82193,0
82201,0
82234,0
82253,0
82258,0
82269,0
82276,0
82303,0
82310,0
82311,0
82315,0
82330,0
82346,0
82346,0
82400,0
82416,0
82439,0
82451,0
82460,0
82477,0
82532,0
82544,0
82569,0
82577,0
82627,0
82630,0
82635,0
82636,0
82696,0
82703,0
82706,0
82706,0
82709,0
82744,0
82748,0
82749,0
82774,0
82782,0
82786,0
82797,0
82831,0
82865,0
82875,0
82883,0
82914,0
82951,0
82963,0
83052,0
83058,0
83065,0
83076,0
83123,0
83130,0
83140,0
83184,0
83225,0
83300,0
83308,0
83310,0
83341,0
83346,0
83361,0
83377,0
83409,0
83439,0
83473,0
83482,0
83518,0
83529,0
83531,0
83534,0
83558,0
83558,0
83571,0
83572,0
83606,0
83607,0
83625,0
83670,0
83672,0
83674,0
83690,0
83700,0
83717,0
83742,0
83742,0
83755,0
83776,0
83777,0
83781,0
83783,0
83792,0
83861,0
83862,0
83896,0
83897,0
83979,0
84013,0
84034,0
84052,0
84065,0
84087,0
84094,0
84107,0
84111,0
84132,0
84142,0
84146,0
84187,0
84204,0
84231,0
84238,0
84270,0
84289,0
84297,0
84340,0
84378,0
84380,0
84389,0
84417,0
84421,0
84432,0
84487,0
84504,0
84519,0
84563,0
84564,0
84566,0
84599,0
84613,0
84633,0
84652,0
84675,0
84678,0
84711,0
84733,0
84746,0
84754,0
84769,0
84772,0
84798,0
84814,0
84821,0
84823,0
84828,0
84829,0
84845,0
84863,0
84880,0
84885,0
84904,0
84918,0
84925,0
84926,0
84966,0
84985,0
85018,0
85044,0
85056,0
85066,0
85070,0
85158,0
85187,0
85203,0
85216,0
85237,0
85274,0
85280,0
85292,0
85302,0
85321,0
85327,0
85334,0
85390,0
85391,0
85432,0
85452,0
85460,0
85461,0
85468,0
85479,0
85551,0
85555,0
85558,0
85603,0
85611,0
85624,0
85656,0
85668,0
85684,0
85703,0
85715,0
85725,0
85756,0
85761,0
85770,0
85789,0
85812,0
85835,0
85871,0
85893,0
85976,0
85987,0
86010,0
86030,0
86037,0
86066,0
86078,0
86097,0
86109,0
86131,0
86153,0
86159,0
86231,0
86290,0
86312,0
86341,0
86352,0
86377,0
86377,0
86397,0
86428,0
86471,0
86474,0
86485,0
86525,0
86565,0
86577,0
86586,0
86595,0
86653,0
86661,0
86695,0
86730,0
86733,0
86738,0
86763,0
86765,0
86769,0
86794,0
86805,0
86826,0
86840,0
86862,0
86867,0
86892,0
86909,0
86934,0
86980,0
86993,0
87011,0
87064,0
87065,0
87092,0
87094,0
87096,0
87107,0
87149,0
87167,0
87177,0
87202,0
87218,0
87244,0
87260,0
87261,0
87274,0
87290,0
87317,0
87323,0
87338,0
87444,0
87456,0
87491,0
87504,0
87513,0
87559,0
87581,0
87611,0
87619,0
87681,0
87686,0
87714,0
87769,0
87801,0
87812,0
87813,0
87819,0
87822,0
87843,0
87862,0
87864,0
87891,0
87920,0
87947,0
87998,0
88004,0
88029,0
88041,0
88049,0
88068,0
88093,0
88107,0
88134,0
88135,0
88143,0
88155,0
88173,0
88200,0
88209,0
88210,0
88237,0
88253,0
88256,0
88259,0
88298,0
88310,0
88317,0
88401,0
88456,0
88458,0
88495,0
88524,0
88564,0
88598,0
88603,0
88620,0
88680,0
88680,0
88708,0
88709,0
88748,0
88770,0
88813,0
88831,0
88837,0
88873,0
88892,0
88903,0
88911,0
88919,0
88950,0
88951,0
88959,0
88976,0
88997,0
89005,0
89037,0
89037,0
89037,0
89081,0
89108,0
89138,0
89185,0
89190,0
89200,0
89252,0
89257,0
89278,0
89310,0
89311,0
89327,0
89390,0
89458,0
89469,0
89470,0
89471,0
89474,0
89504,0
89517,0
89542,0
89546,0
89558,0
89567,0
89569,0
89584,0
89606,0
89642,0
89646,0
89651,0
89652,0
89693,0
89710,0
89721,0
89724,0
89726,0
89748,0
89782,0
89792,0
89792,0
89804,0
89826,0
89827,0
89834,0
89874,0
89911,0
89930,0
89951,0
89961,0
89984,0
90042,0
90052,0
90065,0
90118,0
90122,0
90131,0
90148,0
90186,0
90217,0
90218,0
90257,0
90258,0
90274,0
90290,0
90359,0
90423,0
90452,0
90456,0
90480,0
90525,0
90532,0
90536,0
90564,0
90595,0
90646,0
90666,0
90669,0
90687,0
90688,0
90704,0
90705,0
90715,0
90737,0
90769,0
90772,0
90776,0
90786,0
90786,0
90793,0
90818,0
90917,0
90919,0
90989,0
90998,0
91002,0
91058,0
91072,0
91081,0
91085,0
91158,0
91205,0
91229,0
91235,0
91272,0
91299,0
91334,0
91428,0
91438,0
91446,0
91446,0
91448,0
91458,0
91469,0
91493,0
91505,0
91513,0
91528,0
91552,0
91607,0
91622,0
91635,0
91652,0
91669,0
91686,0
91708,0
91714,0
91734,0
91745,0
91750,0
91764,0
91777,0
91778,0
91808,0
91816,0
91910,0
91934,0
91992,0
92085,0
92118,0
92122,0
92124,0
92130,0
92175,0
92180,0
92246,0
92263,0
92264,0
92283,0
92303,0
92305,0
92367,0
92437,0
92442,0
92454,0
92455,0
92507,0
92568,0
92575,0
92588,0
92594,0
92615,0
92640,0
92646,0
92657,0
92666,0
92680,0
92696,0
92703,0
92729,0
92731,0
92735,0
92771,0
92773,0
92798,0
92818,0
92849,0
92873,0
92876,0
92898,0
92902,0
92903,0
92908,0
92913,0
92923,0
92926,0
92928,0
92932,0
92942,0
92951,0
92963,0
92985,0
92989,0
92997,0
92997,0
93015,0
93058,0
93063,0
93083,0
93092,0
93097,0
93106,0
93121,0
93154,0
93154,0
93162,0
93163,0
93183,0
93220,0
93225,0
93235,0
93242,0
93255,0
93265,0
93283,0
93323,0
93328,0
93340,0
93357,0
93372,0
93381,0
93413,0
93428,0
93431,0
93516,0
93527,0
93531,0
93537,0
93542,0
93551,0
93567,0
93583,0
93626,0
93670,0
93687,0
93699,0
93760,0
93761,0
93805,0
93807,0
93807,0
93816,0
93820,0
93829,0
93831,0
93833,0
93927,0
93975,0
93976,0
94004,0
94013,0
94023,0
94052,0
94059,0
94085,0
94116,0
94131,0
94140,0
94179,0
94190,0
94199,0
94208,0
94238,0
94284,0
94309,0
94311,0
94321,0
94332,0
94345,0
94350,0
94371,0
94373,0
94384,0
94406,0
94408,0
94425,0
94431,0
94469,0
94475,0
94501,0
94543,0
94547,0
94572,0
94590,0
94598,0
94604,0
94607,0
94608,0
94667,0
94668,0
94719,0
94730,0
94780,0
94783,0
94790,0
94791,0
94799,0
94819,0
94832,0
94849,0
94855,0
94875,0
94880,0
94909,0
94920,0
94922,0
94927,0
94930,0
94945,0
94956,0
94960,0
94976,0
94983,0
94984,0
94992,0
95052,0
95063,0
95070,0
95070,0
95093,0
95135,0
95144,0
95198,0
95200,0
95211,0
95250,0
95269,0
95296,0
95298,0
95310,0
95314,0
95355,0
95366,0
95367,0
95378,0
95407,0
95430,0
95458,0
95478,0
95527,0
95554,0
95565,0
95579,0
95620,0
95624,0
95629,0
95659,0
95718,0
95720,0
95750,0
95758,0
95789,0
95794,0
95806,0
95858,0
95876,0
95911,0
95960,0
95964,0
95985,0
96015,0
96015,0
96042,0
96078,0
96114,0
96121,0
96132,0
96134,0
96141,0
96153,0
96156,0
96180,0
96198,0
96204,0
96241,0
96262,0
96268,0
96302,0
96326,0
96352,0
96361,0
96392,0
96402,0
96439,0
96455,0
96460,0
96471,0
96500,0
96508,0
96515,0
96534,0
96600,0
96617,0
96623,0
96627,0
96655,0
96664,0
96673,0
96698,0
96731,0
96764,0
96778,0
96785,0
96822,0
96845,0
96845,0
96851,0
96898,0
96914,0
96952,0
96972,0
97010,0
97018,0
97020,0
97100,0
97121,0
97126,0
97179,0
97204,0
97229,0
97231,0
97257,0
97318,0
97327,0
97330,0
97333,0
97335,0
97342,0
97353,0
97362,0
97394,0
97412,0
97450,0
97452,0
97460,0
97470,0
97508,0
97530,0
97547,0
97615,0
97675,0
97739,0
97744,0
97757,0
97783,0
97801,0
97806,0
97834,0
97837,0
97861,0
97871,0
97878,0
97899,0
97900,0
97920,0
97963,0
97975,0
98004,0
98008,0
98010,0
98013,0
98026,0
98026,0
98040,0
98049,0
98061,0
98078,0
98078,0
98100,0
98127,0
98135,0
98148,0
98160,0
98161,0
98167,0
98167,0
98171,0
98186,0
98200,0
98219,0
98234,0
98277,0
98288,0
98295,0
98300,0
98314,0
98361,0
98363,0
98368,0
98465,0
98477,0
98493,0
98501,0
98513,0
98532,0
98552,0
98593,0
98614,0
98636,0
98637,0
98675,0
98680,0
98680,0
98735,0
98748,0
98771,0
98783,0
98806,0
98849,0
98874,0
98876,0
98887,0
98907,0
98934,0
98994,0
99022,0
99067,0
99088,0
99103,0
99135,0
99145,0
99158,0
99169,0
99177,0
99179,0
99191,0
99253,0
99256,0
99263,0
99263,0
99265,0
99269,0
99285,0
99295,0
99296,0
99313,0
99315,0
99324,0
99331,0
99394,0
99409,0
99433,0
99441,0
99487,0
99496,0
99499,0
99501,0
99508,0
99516,0
99534,0
99544,0
99559,0
99569,0
99596,0
99600,0
99606,0
99647,0
99683,0
99714,0
99722,0
