32,0
34,0
50,0
61,0
99,0
234,0
247,0
325,0
365,0
378,0
397,0
426,0
450,0
562,0
564,0
570,0
585,0
585,0
592,0
721,0
739,0
777,0
829,0
830,0
846,0
858,0
887,0
894,0
946,0
962,0
986,0
1000,0
1023,0
1065,0
1082,0
1112,0
1150,0
1190,0
1221,0
1224,0
1292,0
1292,0
1323,0
1346,0
1356,0
1376,0
1473,0
1480,0
1487,0
1515,0
1548,0
1552,0
1562,0
1575,0
1641,0
1683,0
1705,0
1706,0
1718,0
1733,0
1767,0
1777,0
1822,0
1841,0
1907,0
1926,0
1939,0
1971,0
2018,0
2026,0
2030,0
2031,0
2032,0
2077,0
2085,0
2086,0
2098,0
2140,0
2182,0
2221,0
2252,0
2269,0
2273,0
2294,0
2294,0
2322,0
2325,0
2334,0
2346,0
2374,0
2379,0
2379,0
2402,0
2456,0
2474,0
2483,0
2519,0
2536,0
2562,0
2571,0
2587,0
2646,0
2698,0
2702,0
2744,0
2781,0
2797,0
2809,0
2828,0
2838,0
2909,0
2910,0
2923,0
2945,0
2971,0
3071,0
3082,0
3109,0
3113,0
3129,0
3232,0
3247,0
3250,0
3283,0
3287,0
3292,0
3293,0
3303,0
3304,0
3322,0
3390,0
3398,0
3405,0
3433,0
3448,0
3455,0
3458,0
3465,0
3508,0
3590,0
3595,0
3620,0
3660,0
3692,0
3716,0
3727,0
3751,0
3765,0
3765,0
3808,0
3828,0
3853,0
3874,0
3897,0
3945,0
3948,0
3959,0
3979,0
4029,0
4055,0
4086,0
4106,0
4108,0
4177,0
4193,0
4253,0
4263,0
4288,0
4321,0
4335,0
4345,0
4362,0
4417,0
4426,0
4426,0
4464,0
4482,0
4522,0
4554,0
4594,0
4766,0
4770,0
4772,0
4785,0
4856,0
4869,0
4884,0
4928,0
4932,0
4985,0
4996,0
5040,0
5076,0
5105,0
5113,0
5157,0
5160,0
5169,0
5171,0
5207,0
5208,0
5256,0
5299,0
5329,0
5374,0
5377,0
5426,0
5426,0
5477,0
5488,0
5495,0
5502,0
5519,0
5526,0
5564,0
5580,0
5619,0
5637,0
5659,0
5697,0
5756,0
5758,0
5783,0
5784,0
5799,0
5819,0
5873,0
5895,0
5903,0
5921,0
5966,0
5986,0
6002,0
6005,0
6043,0
6056,0
6060,0
6214,0
6223,0
6229,0
6275,0
6301,0
6310,0
6316,0
6333,0
6371,0
6377,0
6399,0
6404,0
6439,0
6549,0
6554,0
6618,0
6656,0
6656,0
6673,0
6681,0
6702,0
6729,0
6773,0
6776,0
6790,0
6835,0
6837,0
6841,0
6847,0
6860,0
6865,0
6872,0
6902,0
6972,0
6988,0
7026,0
7040,0
7125,0
7221,0
7244,0
7311,0
7344,0
7371,0
7375,0
7391,0
7517,0
7542,0
7619,0
7639,0
7641,0
7645,0
7663,0
7709,0
7725,0
7735,0
7768,0
7773,0
7816,0
7853,0
7863,0
7921,0
7929,0
7939,0
7959,0
7977,0
8009,0
8019,0
8035,0
8070,0
8074,0
8152,0
8152,0
8158,0
8172,0
8229,0
8257,0
8265,0
8346,0
8351,0
8369,0
8379,0
8391,0
8395,0
8422,0
8436,0
8456,0
8465,0
8466,0
8490,0
8496,0
8518,0
8551,0
8603,0
8614,0
8624,0
8635,0
8657,0
8658,0
8727,0
8782,0
8879,0
8884,0
8923,0
8931,0
8977,0
8980,0
9019,0
9098,0
9101,0
9121,0
9136,0
9151,0
9176,0
9186,0
9262,0
9263,0
9322,0
9368,0
9388,0
9408,0
9414,0
9427,0
9431,0
9465,0
9483,0
9511,0
9527,0
9530,0
9565,0
9592,0
9607,0
9629,0
9703,0
9724,0
9727,0
9777,0
9786,0
9787,0
9807,0
9811,0
9814,0
9925,0
9986,0
10008,0
10071,0
10175,0
10196,0
10210,0
10253,0
10258,0
10273,0
10315,0
10330,0
10344,0
10364,0
10385,0
10387,0
10414,0
10426,0
10430,0
10441,0
10461,0
10478,0
10491,0
10513,0
10526,0
10547,0
10579,0
10651,0
10674,0
10689,0
10781,0
10783,0
10809,0
10834,0
10855,0
10869,0
10877,0
10878,0
10892,0
10973,0
11033,0
11034,0
11164,0
11183,0
11228,0
11231,0
11242,0
11249,0
11249,0
11265,0
11286,0
11288,0
11290,0
11301,0
11335,0
11353,0
11414,0
11438,0
11642,0
11736,0
11772,0
11808,0
11813,0
11824,0
11840,0
11869,0
11882,0
11905,0
11908,0
11981,0
12009,0
12010,0
12034,0
12097,0
12128,0
12155,0
12165,0
12165,0
12237,0
12269,0
12298,0
12346,0
12364,0
12400,0
12440,0
12442,0
12477,0
12524,0
12551,0
12589,0
12597,0
12667,0
12693,0
12720,0
12750,0
12767,0
12771,0
12809,0
12836,0
12844,0
12852,0
12893,0
12899,0
12906,0
12946,0
13015,0
13087,0
13131,0
13162,0
13172,0
13173,0
13211,0
13235,0
13242,0
13257,0
13264,0
13284,0
13290,0
13320,0
13332,0
13373,0
13378,0
13396,0
13403,0
13409,0
13417,0
13429,0
13449,0
13475,0
13477,0
13482,0
13486,0
13487,0
13520,0
13574,0
13589,0
13744,0
13757,0
13774,0
13787,0
13793,0
13799,0
13815,0
13856,0
13905,0
13953,0
14049,0
14052,0
14063,0
14070,0
14125,0
14127,0
14144,0
14175,0
14182,0
14196,0
14199,0
14221,0
14227,0
14238,0
14264,0
14357,0
14404,0
14434,0
14492,0
14511,0
14533,0
14571,0
14577,0
14586,0
14596,0
14601,0
14606,0
14627,0
14629,0
14635,0
14655,0
14679,0
14687,0
14702,0
14730,0
14773,0
14792,0
14806,0
14875,0
14997,0
15009,0
15010,0
15018,0
15019,0
15021,0
15048,0
15078,0
15080,0
15161,0
15162,0
15165,0
15181,0
15219,0
15275,0
15280,0
15287,0
15319,0
15360,0
15361,0
15376,0
15409,0
15469,0
15469,0
15478,0
15527,0
15533,0
15552,0
15586,0
15592,0
15668,0
15680,0
15684,0
15712,0
15716,0
15719,0
15731,0
15744,0
15753,0
15767,0
15794,0
15801,0
15839,0
15869,0
15891,0
15902,0
15912,0
15993,0
16003,0
16019,0
16041,0
16048,0
16082,0
16086,0
16120,0
16137,0
16139,0
16172,0
16228,0
16267,0
16333,0
16368,0
16381,0
16391,0
16404,0
16412,0
16426,0
16435,0
16479,0
16490,0
16516,0
16523,0
16524,0
16534,0
16535,0
16546,0
16605,0
16667,0
16689,0
16698,0
16732,0
16758,0
16776,0
16783,0
16851,0
16852,0
16870,0
16877,0
16933,0
16937,0
16954,0
17011,0
17048,0
17079,0
17082,0
17087,0
17087,0
17088,0
17098,0
17125,0
17156,0
17175,0
17189,0
17249,0
17296,0
17302,0
17320,0
17329,0
17393,0
17440,0
17444,0
17449,0
17506,0
17512,0
17522,0
17563,0
17570,0
17577,0
17584,0
17589,0
17599,0
17643,0
17647,0
17683,0
17687,0
17707,0
17725,0
17753,0
17769,0
17784,0
17802,0
17804,0
17871,0
17892,0
17899,0
17944,0
17950,0
17961,0
17994,0
18009,0
18043,0
18064,0
18070,0
18086,0
18088,0
18098,0
18108,0
18125,0
18142,0
18148,0
18149,0
18186,0
18218,0
18220,0
18329,0
18382,0
18392,0
18443,0
18457,0
18464,0
18471,0
18492,0
18498,0
18502,0
18511,0
18542,0
18581,0
18582,0
18598,0
18662,0
18685,0
18742,0
18754,0
18774,0
18779,0
18797,0
18810,0
18843,0
18851,0
18853,0
18922,0
18939,0
19018,0
19039,0
19076,0
19102,0
19126,0
19145,0
19165,0
19197,0
19219,0
19223,0
19285,0
19310,0
19334,0
19383,0
19405,0
19433,0
19454,0
19465,0
19473,0
19495,0
19500,0
19505,0
19529,0
19531,0
19566,0
19572,0
19574,0
19623,0
19629,0
19644,0
19644,0
19645,0
19674,0
19693,0
19721,0
19747,0
19770,0
19788,0
19809,0
19811,0
19852,0
19869,0
19943,0
19964,0
19999,0
20015,0
20026,0
20054,0
20079,0
20091,0
20101,0
20119,0
20125,0
20175,0
20192,0
20219,0
20276,0
20284,0
20289,0
20324,0
20337,0
20391,0
20403,0
20429,0
20430,0
20461,0
20492,0
20493,0
20513,0
20517,0
20544,0
20599,0
20607,0
20608,0
20634,0
20675,0
20739,0
20760,0
20793,0
20833,0
20852,0
20853,0
20908,0
20956,0
20982,0
21074,0
21094,0
21120,0
21182,0
21188,0
21198,0
21211,0
21242,0
21258,0
21339,0
21349,0
21379,0
21418,0
21466,0
21482,0
21525,0
21577,0
21586,0
21590,0
21628,0
21646,0
21652,0
21658,0
21683,0
21719,0
21800,0
21821,0
21827,0
21853,0
21860,0
21893,0
21919,0
21941,0
21942,0
21976,0
21979,0
21990,0
22025,0
22042,0
22045,0
22049,0
22105,0
22107,0
22120,0
22150,0
22171,0
22184,0
22193,0
22251,0
22274,0
22301,0
22327,0
22398,0
22443,0
22474,0
22550,0
22586,0
22602,0
22658,0
22673,0
22678,0
22687,0
22700,0
22727,0
22759,0
22774,0
22776,0
22828,0
22885,0
22942,0
22958,0
22986,0
22998,0
23002,0
23065,0
23096,0
23141,0
23207,0
23239,0
23283,0
23288,0
23327,0
23386,0
23404,0
23467,0
23470,0
23480,0
23648,0
23650,0
23664,0
23689,0
23758,0
23807,0
23834,0
23837,0
23852,0
23859,0
23869,0
23914,0
23933,0
23933,0
23944,0
23950,0
24003,0
24023,0
24037,0
24045,0
24095,0
24138,0
24150,0
24159,0
24166,0
24209,0
24234,0
24243,0
24246,0
24298,0
24313,0
24319,0
24327,0
24353,0
24371,0
24392,0
24398,0
24414,0
24458,0
24462,0
24463,0
24468,0
24485,0
24486,0
24507,0
24537,0
24550,0
24592,0
24665,0
24678,0
24737,0
24745,0
24774,0
24777,0
24783,0
24803,0
24898,0
24916,0
24968,0
24971,0
25085,0
25086,0
25118,0
25138,0
25214,0
25217,0
25228,0
25228,0
25247,0
25260,0
25297,0
25301,0
25384,0
25391,0
25394,0
25396,0
25399,0
25400,0
25412,0
25445,0
25450,0
25494,0
25504,0
25506,0
25566,0
25569,0
25603,0
25640,0
25647,0
25652,0
25688,0
25722,0
25733,0
25748,0
25757,0
25819,0
25821,0
25863,0
25896,0
25907,0
25915,0
25917,0
25942,0
25950,0
26002,0
26100,0
26101,0
26107,0
26120,0
26124,0
26150,0
26211,0
26254,0
26266,0
26279,0
26300,0
26322,0
26331,0
26349,0
26362,0
26376,0
26422,0
26441,0
26451,0
26491,0
26553,0
26587,0
26678,0
26693,0
26716,0
26764,0
26769,0
26799,0
26807,0
26853,0
26872,0
26885,0
26887,0
26890,0
26922,0
26931,0
26935,0
26946,0
26997,0
27010,0
27031,0
27060,0
27065,0
27090,0
27133,0
27174,0
27192,0
27197,0
27225,0
27291,0
27300,0
27303,0
27310,0
27318,0
27328,0
27366,0
27370,0
27378,0
27401,0
27473,0
27489,0
27500,0
27517,0
27534,0
27536,0
27549,0
27562,0
27563,0
27585,0
27586,0
27589,0
27614,0
27634,0
27703,0
27713,0
27728,0
27734,0
27764,0
27806,0
27842,0
27846,0
27847,0
27853,0
27880,0
27896,0
28017,0
28060,0
28229,0
28231,0
28236,0
28262,0
28310,0
28312,0
28324,0
28402,0
28404,0
28404,0
28422,0
28431,0
28446,0
28517,0
28519,0
28530,0
28634,0
28675,0
28707,0
28709,0
28735,0
28767,0
28767,0
28773,0
28805,0
28860,0
28875,0
28883,0
28886,0
28912,0
28927,0
28967,0
28985,0
29015,0
29020,0
29032,0
29060,0
29090,0
29100,0
29127,0
29128,0
29129,0
29162,0
29164,0
29201,0
29242,0
29242,0
29244,0
29276,0
29318,0
29328,0
29340,0
29351,0
29376,0
29387,0
29402,0
29421,0
29436,0
29444,0
29448,0
29455,0
29468,0
29503,0
29522,0
29610,0
29648,0
29653,0
29669,0
29736,0
29739,0
29744,0
29761,0
29778,0
29781,0
29867,0
29891,0
29894,0
29894,0
29894,0
29909,0
29968,0
29987,0
30074,0
30087,0
30112,0
30136,0
30186,0
30209,0
30212,0
30236,0
30237,0
30303,0
30310,0
30357,0
30389,0
30425,0
30429,0
30500,0
30547,0
30589,0
30662,0
30671,0
30691,0
30756,0
30798,0
30801,0
30881,0
30913,0
30960,0
31020,0
31044,0
31098,0
31183,0
31183,0
31216,0
31236,0
31309,0
31320,0
31339,0
31344,0
31367,0
31402,0
31429,0
31438,0
31462,0
31470,0
31493,0
31509,0
31526,0
31564,0
31601,0
31623,0
31666,0
31684,0
31692,0
31732,0
31759,0
31784,0
31815,0
31832,0
31841,0
31860,0
31875,0
31882,0
31921,0
31931,0
31960,0
31981,0
32007,0
32055,0
32057,0
32075,0
32157,0
32160,0
32174,0
32199,0
32210,0
32213,0
32276,0
32308,0
32333,0
32345,0
32349,0
32368,0
32463,0
32475,0
32491,0
32547,0
32553,0
32554,0
32562,0
32575,0
32610,0
32619,0
32622,0
32650,0
32678,0
32698,0
32702,0
32729,0
32731,0
32851,0
32852,0
32959,0
32979,0
32981,0
33000,0
33022,0
33093,0
33138,0
33146,0
33166,0
33181,0
33257,0
33268,0
33274,0
33284,0
33286,0
33293,0
33321,0
33333,0
33354,0
33358,0
33374,0
33377,0
33389,0
33400,0
33424,0
33436,0
33473,0
33485,0
33489,0
33548,0
33567,0
33568,0
33590,0
33680,0
33690,0
33730,0
33742,0
33807,0
33868,0
33926,0
33945,0
33980,0
34029,0
34037,0
34048,0
34058,0
34065,0
34100,0
34134,0
34171,0
34197,0
34268,0
34285,0
34402,0
34418,0
34428,0
34440,0
34463,0
34463,0
34469,0
34473,0
34497,0
34567,0
34609,0
34612,0
34687,0
34689,0
34735,0
34740,0
34794,0
34811,0
34827,0
34837,0
34925,0
34930,0
34932,0
34953,0
34967,0
34972,0
34986,0
34986,0
34991,0
35156,0
35164,0
35209,0
35216,0
35225,0
35254,0
35278,0
35289,0
35312,0
35320,0
35320,0
35323,0
35338,0
35343,0
35367,0
35406,0
35406,0
35409,0
35467,0
35469,0
35501,0
35530,0
35531,0
35536,0
35557,0
35563,0
35570,0
35606,0
35649,0
35653,0
35747,0
35748,0
35748,0
35769,0
35773,0
35789,0
35804,0
35835,0
35862,0
35886,0
35905,0
35938,0
35960,0
35981,0
35991,0
36036,0
36069,0
36101,0
36143,0
36150,0
36157,0
36183,0
36219,0
36225,0
36361,0
36396,0
36477,0
36486,0
36496,0
36575,0
36579,0
36593,0
36601,0
36603,0
36654,0
36674,0
36696,0
36703,0
36711,0
36729,0
36737,0
36740,0
36745,0
36799,0
36835,0
36877,0
36903,0
36950,0
36968,0
36993,0
37049,0
37079,0
37120,0
37243,0
37249,0
37286,0
37295,0
37317,0
37356,0
37359,0
37378,0
37416,0
37454,0
37455,0
37471,0
37495,0
37501,0
37553,0
37609,0
37640,0
37677,0
37688,0
37699,0
37731,0
37821,0
37940,0
37951,0
37964,0
38005,0
38035,0
38035,0
38101,0
38104,0
38126,0
38150,0
38151,0
38162,0
38173,0
38195,0
38237,0
38265,0
38297,0
38318,0
38341,0
38342,0
38352,0
38417,0
38460,0
38591,0
38643,0
38666,0
38672,0
38698,0
38706,0
38714,0
38719,0
38736,0
38739,0
38782,0
38795,0
38859,0
38872,0
38900,0
38903,0
38918,0
38927,0
38997,0
39043,0
39078,0
39131,0
39142,0
39177,0
39209,0
39216,0
39222,0
39224,0
39265,0
39307,0
39311,0
39330,0
39332,0
39369,0
39384,0
39428,0
39456,0
39476,0
39507,0
39551,0
39594,0
39596,0
39609,0
39637,0
39651,0
39666,0
39675,0
39720,0
39764,0
39776,0
39776,0
39802,0
39854,0
39894,0
39909,0
39935,0
39950,0
39999,0
40006,0
40013,0
40045,0
40069,0
40095,0
40139,0
40163,0
40165,0
40186,0
40196,0
40224,0
40246,0
40264,0
40309,0
40388,0
40402,0
40405,0
40441,0
40460,0
40518,0
40529,0
40544,0
40551,0
40559,0
40579,0
40587,0
40604,0
40616,0
40616,0
40623,0
40681,0
40703,0
40727,0
40741,0
40745,0
40754,0
40758,0
40767,0
40785,0
40827,0
40843,0
40873,0
40874,0
40887,0
40917,0
40942,0
40969,0
40970,0
41005,0
41033,0
41065,0
41117,0
41131,0
41147,0
41201,0
41215,0
41254,0
41259,0
41267,0
41270,0
41304,0
41314,0
41329,0
41355,0
41379,0
41398,0
41418,0
41434,0
41457,0
41539,0
41572,0
41610,0
41622,0
41622,0
41628,0
41636,0
41644,0
41648,0
41690,0
41690,0
41711,0
41732,0
41824,0
41832,0
41868,0
41873,0
41901,0
41904,0
41916,0
41943,0
42081,0
42085,0
42145,0
42164,0
42167,0
42172,0
42180,0
42259,0
42280,0
42304,0
42395,0
42405,0
42424,0
42442,0
42446,0
42447,0
42453,0
42477,0
42485,0
42486,0
42512,0
42580,0
42601,0
42611,0
42630,0
42645,0
42662,0
42676,0
42705,0
42708,0
42709,0
42734,0
42763,0
42787,0
42793,0
42828,0
42830,0
42845,0
42847,0
42853,0
42870,0
42888,0
42889,0
42944,0
42954,0
43014,0
43024,0
43034,0
43037,0
43063,0
43064,0
43074,0
43106,0
43161,0
43188,0
43196,0
43256,0
43281,0
43292,0
43293,0
43302,0
43384,0
43422,0
43443,0
43444,0
43461,0
43478,0
43509,0
43533,0
43573,0
43579,0
43584,0
43617,0
43621,0
43622,0
43622,0
43635,0
43636,0
43670,0
43692,0
43704,0
43712,0
43742,0
43810,0
43813,0
43832,0
43851,0
43909,0
43936,0
43937,0
44079,0
44157,0
44179,0
44206,0
44261,0
44268,0
44276,0
44292,0
44293,0
44306,0
44330,0
44333,0
44352,0
44360,0
44373,0
44379,0
44381,0
44440,0
44443,0
44483,0
44529,0
44548,0
44551,0
44612,0
44629,0
44631,0
44650,0
44779,0
44783,0
44802,0
44804,0
44816,0
44831,0
44841,0
44847,0
44909,0
44919,0
44962,0
44994,0
44996,0
45006,0
45029,0
45090,0
45109,0
45121,0
45139,0
45147,0
45180,0
45252,0
45272,0
45275,0
45326,0
45420,0
45457,0
45460,0
45463,0
45465,0
45487,0
45487,0
45489,0
45551,0
45554,0
45556,0
45565,0
45566,0
45632,0
45658,0
45718,0
45731,0
45750,0
45753,0
45816,0
45837,0
45864,0
45872,0
45873,0
45884,0
45959,0
45963,0
45986,0
46041,0
46063,0
46076,0
46117,0
46151,0
46162,0
46232,0
46254,0
46326,0
46344,0
46380,0
46386,0
46391,0
46395,0
46395,0
46464,0
46624,0
46631,0
46689,0
46698,0
46742,0
46756,0
46796,0
46815,0
46859,0
46867,0
46909,0
46928,0
46949,0
46960,0
47023,0
47026,0
47067,0
47082,0
47121,0
47160,0
47174,0
47177,0
47199,0
47230,0
47249,0
47252,0
47296,0
47328,0
47356,0
47394,0
47402,0
47420,0
47430,0
47457,0
47466,0
47495,0
47544,0
47546,0
47570,0
47629,0
47652,0
47664,0
47712,0
47727,0
47739,0
47774,0
47782,0
47822,0
47866,0
47873,0
47929,0
47935,0
47958,0
47968,0
47970,0
47982,0
47988,0
48013,0
48014,0
48030,0
48066,0
48105,0
48124,0
48141,0
48157,0
48172,0
48173,0
48179,0
48217,0
48226,0
48407,0
48419,0
48441,0
48454,0
48454,0
48499,0
48501,0
48508,0
48554,0
48635,0
48646,0
48655,0
48692,0
48749,0
48774,0
48774,0
48852,0
48852,0
48875,0
48892,0
49007,0
49017,0
49023,0
49025,0
49031,0
49054,0
49070,0
49075,0
49101,0
49104,0
49114,0
49136,0
49172,0
49174,0
49192,0
49227,0
49243,0
49262,0
49326,0
49354,0
49374,0
49393,0
49397,0
49405,0
49417,0
49476,0
49497,0
49512,0
49548,0
49550,0
49574,0
49587,0
49610,0
49624,0
49638,0
49684,0
49748,0
49759,0
49780,0
49784,0
49834,0
49839,0
49840,0
49846,0
49921,0
49926,0
49928,0
49932,0
49937,0
50003,0
50006,0
50018,0
50021,0
50042,0
50045,0
50094,0
50117,0
50150,0
50188,0
50190,0
50207,0
50226,0
50241,0
50249,0
50263,0
50279,0
50286,0
50369,0
50387,0
50393,0
50521,0
50524,0
50529,0
50541,0
50558,0
50579,0
50679,0
50804,0
50817,0
50834,0
50857,0
50904,0
50913,0
50913,0
50923,0
50948,0
50973,0
50984,0
51005,0
51009,0
51022,0
51029,0
51095,0
51120,0
51146,0
51174,0
51220,0
51221,0
51257,0
51268,0
51312,0
51326,0
51369,0
51473,0
51496,0
51497,0
51504,0
51592,0
51617,0
51618,0
51630,0
51635,0
51644,0
51656,0
51730,0
51756,0
51758,0
51769,0
51772,0
51801,0
51891,0
51912,0
51917,0
51919,0
51942,0
51943,0
52041,0
52054,0
52065,0
52134,0
52134,0
52193,0
52197,0
52224,0
52233,0
52234,0
52291,0
52306,0
52364,0
52370,0
52392,0
52434,0
52446,0
52529,0
52539,0
52544,0
52571,0
52592,0
52594,0
52620,0
52635,0
52679,0
52689,0
52697,0
52715,0
52745,0
52774,0
52788,0
52804,0
52829,0
52837,0
52838,0
52844,0
52939,0
52949,0
52977,0
53009,0
53037,0
53080,0
53104,0
53115,0
53118,0
53167,0
53203,0
53218,0
53221,0
53247,0
53263,0
53310,0
53312,0
53326,0
53373,0
53402,0
53473,0
53475,0
53526,0
53530,0
53551,0
53555,0
53612,0
53641,0
53703,0
53717,0
53734,0
53808,0
53845,0
53857,0
53886,0
53983,0
54013,0
54026,0
54029,0
54054,0
54068,0
54070,0
54075,0
54106,0
54138,0
54192,0
54251,0
54269,0
54271,0
54340,0
54343,0
54359,0
54367,0
54415,0
54434,0
54517,0
54522,0
54531,0
54535,0
54538,0
54566,0
54569,0
54624,0
54704,0
54737,0
54778,0
54801,0
54819,0
54832,0
54856,0
54865,0
54874,0
54880,0
54897,0
54929,0
54958,0
54973,0
54976,0
55009,0
55011,0
55054,0
55096,0
55100,0
55107,0
55165,0
55208,0
55299,0
55300,0
55322,0
55417,0
55442,0
55463,0
55473,0
55562,0
55582,0
55617,0
55620,0
55645,0
55718,0
55778,0
55781,0
55794,0
55815,0
55868,0
55869,0
55928,0
55935,0
55966,0
55976,0
56000,0
56005,0
56005,0
56006,0
56006,0
56072,0
56072,0
56099,0
56102,0
56114,0
56118,0
56183,0
56199,0
56210,0
56230,0
56256,0
56274,0
56303,0
56323,0
56324,0
56335,0
56372,0
56394,0
56428,0
56445,0
56520,0
56558,0
56584,0
56590,0
56612,0
56661,0
56680,0
56701,0
56701,0
56744,0
56746,0
56753,0
56755,0
56761,0
56815,0
56863,0
56870,0
56913,0
56926,0
56933,0
57034,0
57043,0
57087,0
57092,0
57117,0
57121,0
57218,0
57235,0
57283,0
57291,0
57331,0
57364,0
57387,0
57420,0
57456,0
57458,0
57470,0
57490,0
57495,0
57532,0
57539,0
57578,0
57585,0
57623,0
57633,0
57675,0
57681,0
57695,0
57719,0
57731,0
57744,0
57745,0
57796,0
57803,0
57805,0
57812,0
57820,0
57880,0
57947,0
57952,0
57968,0
57996,0
58008,0
58008,0
58045,0
58055,0
58068,0
58095,0
58113,0
58125,0
58153,0
58188,0
58195,0
58219,0
58226,0
58324,0
58347,0
58368,0
58387,0
58414,0
58419,0
58419,0
58442,0
58508,0
58508,0
58540,0
58542,0
58549,0
58578,0
58595,0
58680,0
58693,0
58707,0
58709,0
58735,0
58735,0
58745,0
58787,0
58820,0
58833,0
58837,0
58903,0
58928,0
58963,0
59008,0
59040,0
59072,0
59089,0
59204,0
59212,0
59423,0
59545,0
59566,0
59567,0
59617,0
59623,0
59628,0
59654,0
59657,0
59754,0
59810,0
59821,0
59879,0
59887,0
59889,0
59914,0
59927,0
59959,0
60018,0
60019,0
60022,0
60028,0
60029,0
60084,0
60135,0
60169,0
60179,0
60199,0
60206,0
60213,0
60213,0
60215,0
60254,0
60273,0
60279,0
60310,0
60336,0
60340,0
60346,0
60350,0
60355,0
60370,0
60399,0
60404,0
60404,0
60409,0
60427,0
60438,0
60452,0
60461,0
60486,0
60502,0
60511,0
60535,0
60549,0
60594,0
60643,0
60756,0
60767,0
60796,0
60815,0
60839,0
60870,0
60978,0
61016,0
61029,0
61059,0
61071,0
61105,0
61115,0
61128,0
61147,0
61150,0
61188,0
61235,0
61277,0
61299,0
61300,0
61342,0
61369,0
61400,0
61401,0
61409,0
61462,0
61463,0
61471,0
61508,0
61521,0
61523,0
61551,0
61556,0
61664,0
61692,0
61715,0
61718,0
61736,0
61741,0
61750,0
61756,0
61766,0
61839,0
61847,0
61859,0
61900,0
61935,0
61977,0
61984,0
62008,0
62032,0
62065,0
62065,0
62079,0
62082,0
62104,0
62119,0
62122,0
62124,0
62134,0
62152,0
62194,0
62194,0
62235,0
62239,0
62255,0
62282,0
62340,0
62386,0
62476,0
62518,0
62569,0
62572,0
62589,0
62595,0
62635,0
62638,0
62652,0
62655,0
62704,0
62722,0
62738,0
62753,0
62786,0
62786,0
62809,0
62822,0
62854,0
62855,0
62861,0
62908,0
62932,0
62956,0
62970,0
63057,0
63140,0
63152,0
63165,0
63169,0
63183,0
63210,0
63261,0
63263,0
63272,0
63306,0
63324,0
63344,0
63347,0
63347,0
63364,0
63374,0
63386,0
63450,0
63476,0
63519,0
63542,0
63561,0
63568,0
63589,0
63648,0
63648,0
63662,0
63692,0
63743,0
63790,0
63828,0
63847,0
63847,0
63881,0
63929,0
63938,0
63958,0
63976,0
63994,0
64027,0
64097,0
64112,0
64154,0
64180,0
64216,0
64325,0
64335,0
64346,0
64349,0
64425,0
64436,0
64458,0
64475,0
64484,0
64493,0
64575,0
64630,0
64659,0
64660,0
64714,0
64890,0
64892,0
64954,0
64959,0
64963,0
64966,0
64995,0
65015,0
65036,0
65039,0
65046,0
65079,0
65090,0
65119,0
65133,0
65134,0
65213,0
65240,0
65248,0
65253,0
65260,0
65275,0
65357,0
65365,0
65382,0
65383,0
65389,0
65431,0
65444,0
65448,0
65501,0
65515,0
65530,0
65534,0
65563,0
65574,0
65581,0
65596,0
65682,0
65750,0
65811,0
65852,0
65868,0
65882,0
65882,0
65910,0
65952,0
65959,0
65971,0
66005,0
66058,0
66082,0
66106,0
66146,0
66153,0
66163,0
66171,0
66174,0
66181,0
66188,0
66199,0
66203,0
66239,0
66274,0
66284,0
66321,0
66351,0
66352,0
66362,0
66428,0
66429,0
66432,0
66451,0
66480,0
66484,0
66491,0
66498,0
66504,0
66552,0
66562,0
66564,0
66595,0
66615,0
66644,0
66644,0
66742,0
66815,0
66846,0
66880,0
66881,0
66893,0
66951,0
66990,0
67009,0
67067,0
67091,0
67121,0
67159,0
67173,0
67181,0
67236,0
67261,0
67308,0
67345,0
67348,0
67352,0
67379,0
67410,0
67415,0
67431,0
67438,0
67505,0
67507,0
67524,0
67599,0
67601,0
67609,0
67614,0
67666,0
67745,0
67762,0
67770,0
67796,0
67841,0
67921,0
67960,0
68047,0
68108,0
68157,0
68162,0
68172,0
68175,0
68196,0
68197,0
68206,0
68206,0
68246,0
68257,0
68281,0
68293,0
68312,0
68313,0
68332,0
68366,0
68367,0
68372,0
68417,0
68423,0
68435,0
68448,0
68494,0
68512,0
68524,0
68533,0
68558,0
68616,0
68616,0
68648,0
68674,0
68720,0
68740,0
68745,0
68786,0
68837,0
68848,0
68864,0
68864,0
68973,0
69010,0
69012,0
69019,0
69029,0
69053,0
69095,0
69147,0
69159,0
69215,0
69230,0
69249,0
69297,0
69328,0
69344,0
69374,0
69380,0
69396,0
69436,0
69443,0
69446,0
69467,0
69502,0
69504,0
69516,0
69531,0
69534,0
69570,0
69619,0
69658,0
69693,0
69738,0
69776,0
69809,0
69819,0
69895,0
69925,0
69975,0
70043,0
70052,0
70081,0
70082,0
70091,0
70172,0
70205,0
70210,0
70224,0
70257,0
70276,0
70315,0
70381,0
70518,0
70555,0
70629,0
70629,0
70644,0
70682,0
70745,0
70784,0
70792,0
70792,0
70836,0
70876,0
70887,0
70889,0
70901,0
70959,0
70982,0
70987,0
71010,0
71018,0
71045,0
71069,0
71114,0
71120,0
71202,0
71206,0
71336,0
71402,0
71491,0
71503,0
71529,0
71531,0
71571,0
71572,0
71629,0
71672,0
71675,0
71680,0
71693,0
71713,0
71723,0
71724,0
71735,0
71822,0
71831,0
71836,0
71849,0
71852,0
71855,0
71864,0
71880,0
71926,0
71934,0
71955,0
71991,0
72015,0
72017,0
72083,0
72097,0
72099,0
72099,0
72153,0
72189,0
72225,0
72294,0
72360,0
72376,0
72405,0
72413,0
72475,0
72477,0
72487,0
72503,0
72513,0
72521,0
72524,0
72561,0
72561,0
72571,0
72583,0
72593,0
72612,0
72617,0
72627,0
72634,0
72703,0
72764,0
72806,0
72823,0
72833,0
72837,0
72860,0
72864,0
72864,0
72913,0
72924,0
72928,0
72935,0
72960,0
72977,0
72995,0
72999,0
73004,0
73012,0
73022,0
73045,0
73049,0
73053,0
73055,0
73081,0
73095,0
73119,0
73125,0
73182,0
73206,0
73209,0
73235,0
73247,0
73279,0
73292,0
73366,0
73461,0
73569,0
73580,0
73581,0
73614,0
73633,0
73657,0
73666,0
73702,0
73734,0
73776,0
73790,0
73812,0
73819,0
73836,0
73848,0
73854,0
73857,0
73868,0
73885,0
73967,0
73975,0
73984,0
73989,0
74015,0
74036,0
74038,0
74074,0
74076,0
74090,0
74104,0
74106,0
74252,0
74263,0
74278,0
74315,0
74364,0
74370,0
74383,0
74385,0
74484,0
74504,0
74513,0
74520,0
74535,0
74579,0
74625,0
74657,0
74657,0
74663,0
74687,0
74728,0
74756,0
74757,0
74764,0
74776,0
74788,0
74788,0
74792,0
74811,0
74818,0
74835,0
74836,0
74839,0
74861,0
74887,0
74896,0
74904,0
74918,0
74939,0
74942,0
74975,0
74994,0
74996,0
75069,0
75097,0
75106,0
75150,0
75156,0
75165,0
75172,0
75177,0
75187,0
75188,0
75231,0
75270,0
75278,0
75306,0
75313,0
75328,0
75345,0
75361,0
75364,0
75374,0
75435,0
75474,0
75478,0
75491,0
75496,0
75518,0
75527,0
75533,0
75553,0
75607,0
75631,0
75635,0
75655,0
75699,0
75706,0
75735,0
75761,0
75824,0
75828,0
75853,0
75887,0
75899,0
75925,0
75947,0
75950,0
75981,0
75986,0
76007,0
76031,0
76049,0
76078,0
76095,0
76113,0
76120,0
76142,0
76182,0
76186,0
76206,0
76210,0
76274,0
76288,0
76307,0
76316,0
76333,0
76333,0
76399,0
76412,0
76414,0
76417,0
76419,0
76435,0
76453,0
76456,0
76459,0
76500,0
76507,0
76511,0
76617,0
76630,0
76648,0
76673,0
76677,0
76708,0
76788,0
76802,0
76815,0
76835,0
76843,0
76869,0
76885,0
76887,0
76914,0
76924,0
76957,0
76987,0
77041,0
77075,0
77153,0
77158,0
77222,0
77252,0
77316,0
77374,0
77466,0
77479,0
77538,0
77572,0
77592,0
77634,0
77647,0
77660,0
77671,0
77673,0
77686,0
77769,0
77813,0
77813,0
77826,0
77876,0
77904,0
77921,0
77930,0
77934,0
77956,0
77970,0
77983,0
78002,0
78009,0
78025,0
78096,0
78160,0
78222,0
78240,0
78285,0
78358,0
78359,0
78379,0
78383,0
78405,0
78414,0
78551,0
78592,0
78706,0
78726,0
78863,0
78866,0
78868,0
78873,0
78895,0
78998,0
79003,0
79019,0
79075,0
79094,0
79107,0
79146,0
79207,0
79239,0
79282,0
79317,0
79319,0
79339,0
79430,0
79432,0
79460,0
79548,0
79593,0
79595,0
79619,0
79623,0
79642,0
79661,0
79731,0
79734,0
79795,0
79843,0
79846,0
79862,0
79862,0
79877,0
79904,0
79980,0
79990,0
79993,0
79999,0
80004,0
80023,0
80040,0
80060,0
80085,0
80106,0
80110,0
80131,0
80149,0
80161,0
80185,0
80193,0
80194,0
80217,0
80250,0
80271,0
80285,0
80285,0
80306,0
80307,0
80323,0
80375,0
80387,0
80388,0
80406,0
80432,0
80437,0
80468,0
80475,0
80482,0
80484,0
80512,0
80523,0
80525,0
80549,0
80569,0
80580,0
80582,0
80595,0
80624,0
80625,0
80626,0
80691,0
80740,0
80771,0
80771,0
80779,0
80848,0
80864,0
80872,0
80875,0
80878,0
80897,0
80924,0
80939,0
80944,0
80993,0
81027,0
81053,0
81094,0
81123,0
81195,0
81214,0
81248,0
81252,0
81255,0
81297,0
81352,0
81370,0
81370,0
81372,0
81374,0
81407,0
81419,0
81460,0
81507,0
81539,0
81554,0
81577,0
81599,0
81700,0
81703,0
81718,0
81758,0
81761,0
81766,0
81788,0
81788,0
81791,0
81799,0
81867,0
81883,0
81920,0
81961,0
81976,0
81996,0
82000,0
82039,0
82077,0
82083,0
82085,0
82087,0
82114,0
82116,0
82184,0
82190,0
82197,0
82217,0
82249,0
82265,0
82288,0
82292,0
82333,0
82343,0
82344,0
82367,0
82391,0
82427,0
82429,0
82445,0
82458,0
82474,0
82475,0
82509,0
82532,0
82538,0
82560,0
82575,0
82630,0
82709,0
82729,0
82731,0
82752,0
82771,0
82773,0
82788,0
82827,0
82951,0
82959,0
82990,0
82993,0
82993,0
83011,0
83080,0
83091,0
83098,0
83193,0
83194,0
83214,0
83262,0
83277,0
83300,0
83319,0
83359,0
83361,0
83367,0
83376,0
83382,0
83403,0
83481,0
83534,0
83537,0
83556,0
83561,0
83568,0
83582,0
83650,0
83663,0
83672,0
83682,0
83687,0
83690,0
83707,0
83730,0
83733,0
83782,0
83798,0
83820,0
83821,0
83866,0
83912,0
83944,0
83972,0
83991,0
84031,0
84039,0
84068,0
84069,0
84116,0
84137,0
84147,0
84158,0
84167,0
84206,0
84213,0
84332,0
84336,0
84386,0
84402,0
84408,0
84420,0
84456,0
84492,0
84493,0
84551,0
84561,0
84576,0
84576,0
84601,0
84636,0
84667,0
84669,0
84700,0
84704,0
84730,0
84752,0
84805,0
84820,0
84821,0
84836,0
84837,0
84882,0
84908,0
84980,0
84980,0
85005,0
85029,0
85065,0
85102,0
85185,0
85189,0
85195,0
85214,0
85235,0
85265,0
85266,0
85277,0
85301,0
85310,0
85443,0
85456,0
85493,0
85522,0
85601,0
85618,0
85687,0
85689,0
85696,0
85746,0
85771,0
85773,0
85777,0
85826,0
85864,0
85907,0
85916,0
85984,0
85991,0
86025,0
86077,0
86080,0
86191,0
86220,0
86255,0
86265,0
86277,0
86334,0
86364,0
86389,0
86402,0
86435,0
86490,0
86504,0
86602,0
86662,0
86686,0
86752,0
86806,0
86815,0
86836,0
86839,0
86842,0
86853,0
86953,0
87024,0
87029,0
87055,0
87073,0
87078,0
87081,0
87134,0
87226,0
87261,0
87262,0
87267,0
87274,0
87343,0
87354,0
87372,0
87373,0
87399,0
87410,0
87432,0
87476,0
87512,0
87532,0
87536,0
87580,0
87580,0
87602,0
87608,0
87671,0
87675,0
87680,0
87760,0
87802,0
87804,0
87811,0
87876,0
87938,0
87940,0
87944,0
87949,0
87979,0
87999,0
88055,0
88067,0
88090,0
88102,0
88116,0
88135,0
88137,0
88138,0
88139,0
88144,0
88181,0
88220,0
88225,0
88249,0
88291,0
88292,0
88311,0
88339,0
88393,0
88421,0
88431,0
88455,0
88458,0
88478,0
88530,0
88547,0
88554,0
88624,0
88658,0
88676,0
88725,0
88786,0
88794,0
88809,0
88830,0
88873,0
88885,0
88889,0
88920,0
89001,0
89002,0
89011,0
89040,0
89048,0
89074,0
89110,0
89111,0
89145,0
89152,0
89182,0
89203,0
89230,0
89240,0
89261,0
89269,0
89310,0
89313,0
89329,0
89371,0
89403,0
89445,0
89452,0
89458,0
89486,0
89497,0
89521,0
89531,0
89555,0
89567,0
89579,0
89583,0
89586,0
89586,0
89593,0
89639,0
89659,0
89672,0
89677,0
89685,0
89747,0
89847,0
89867,0
89883,0
89929,0
89982,0
89982,0
89989,0
90009,0
90009,0
90031,0
90042,0
90080,0
90089,0
90098,0
90110,0
90117,0
90131,0
90136,0
90146,0
90155,0
90160,0
90203,0
90233,0
90240,0
90246,0
90303,0
90304,0
90335,0
90340,0
90344,0
90349,0
90355,0
90414,0
90433,0
90442,0
90454,0
90477,0
90487,0
90508,0
90529,0
90541,0
90601,0
90606,0
90665,0
90703,0
90720,0
90725,0
90772,0
90794,0
90817,0
90831,0
90878,0
90885,0
90914,0
90933,0
90992,0
91067,0
91080,0
91125,0
91143,0
91153,0
91185,0
91192,0
91193,0
91252,0
91253,0
91309,0
91334,0
91346,0
91391,0
91403,0
91464,0
91531,0
91560,0
91571,0
91601,0
91650,0
91667,0
91669,0
91713,0
91719,0
91735,0
91737,0
91800,0
91815,0
91824,0
91870,0
91877,0
91955,0
91966,0
91985,0
92034,0
92037,0
92050,0
92066,0
92072,0
92144,0
92174,0
92195,0
92196,0
92201,0
92206,0
92224,0
92232,0
92309,0
92330,0
92330,0
92333,0
92364,0
92374,0
92399,0
92412,0
92415,0
92444,0
92463,0
92466,0
92475,0
92479,0
92484,0
92498,0
92511,0
92536,0
92553,0
92611,0
92625,0
92631,0
92696,0
92703,0
92748,0
92770,0
92810,0
92810,0
92823,0
92844,0
92860,0
92877,0
92911,0
92920,0
92963,0
93057,0
93070,0
93073,0
93111,0
93140,0
93171,0
93192,0
93204,0
93267,0
93268,0
93294,0
93442,0
93464,0
93472,0
93488,0
93494,0
93511,0
93544,0
93571,0
93573,0
93624,0
93642,0
93651,0
93686,0
93695,0
93723,0
93745,0
93746,0
93748,0
93766,0
93789,0
93879,0
93891,0
93916,0
93931,0
93970,0
94044,0
94068,0
94071,0
94085,0
94093,0
94103,0
94128,0
94133,0
94143,0
94202,0
94204,0
94239,0
94248,0
94267,0
94296,0
94303,0
94342,0
94351,0
94356,0
94360,0
94372,0
94382,0
94382,0
94384,0
94431,0
94469,0
94548,0
94554,0
94566,0
94597,0
94637,0
94641,0
94659,0
94704,0
94711,0
94713,0
94757,0
94777,0
94781,0
94812,0
94813,0
94830,0
94837,0
94873,0
94874,0
94923,0
94980,0
95023,0
95034,0
95056,0
95080,0
95094,0
95107,0
95118,0
95125,0
95162,0
95206,0
95237,0
95242,0
95279,0
95287,0
95300,0
95342,0
95345,0
95352,0
95371,0
95397,0
95467,0
95483,0
95521,0
95563,0
95671,0
95685,0
95701,0
95756,0
95783,0
95817,0
95825,0
95867,0
95874,0
95888,0
95931,0
95943,0
95945,0
96026,0
96064,0
96102,0
96103,0
96133,0
96136,0
96171,0
96172,0
96181,0
96208,0
96209,0
96225,0
96227,0
96290,0
96297,0
96391,0
96437,0
96443,0
96445,0
96472,0
96513,0
96514,0
96541,0
96636,0
96714,0
96779,0
96784,0
96789,0
96792,0
96822,0
96843,0
96861,0
96892,0
96918,0
96933,0
96940,0
96958,0
96980,0
96987,0
97005,0
97071,0
97102,0
97104,0
97127,0
97185,0
97246,0
97252,0
97271,0
97324,0
97345,0
97347,0
97407,0
97425,0
97439,0
97469,0
97511,0
97526,0
97532,0
97540,0
97542,0
97571,0
97591,0
97592,0
97703,0
97705,0
97722,0
97725,0
97737,0
97790,0
97851,0
97875,0
97905,0
97948,0
97990,0
97992,0
98000,0
98008,0
98020,0
98096,0
98107,0
98189,0
98204,0
98210,0
98240,0
98242,0
98254,0
98256,0
98258,0
98373,0
98388,0
98403,0
98428,0
98434,0
98484,0
98495,0
98521,0
98531,0
98548,0
98553,0
98564,0
98591,0
98594,0
98606,0
98606,0
98624,0
98627,0
98652,0
98670,0
98733,0
98874,0
98884,0
98886,0
98925,0
99005,0
99028,0
99051,0
99051,0
99064,0
99067,0
99078,0
99082,0
99102,0
99106,0
99116,0
99176,0
99183,0
99241,0
99272,0
99288,0
99300,0
99309,0
99317,0
99356,0
99377,0
99394,0
99409,0
99453,0
99470,0
99494,0
99498,0
99505,0
99506,0
99553,0
99586,0
99591,0
99592,0
99596,0
99629,0
99664,0
99694,0
99704,0
99708,0
99739,0
99740,0
99792,0
99803,0
99804,0
99812,0
99858,0
99885,0
99890,0
99893,0
99932,0
99940,0
99968,0
99973,0
100003,0
100010,0
100018,0
100043,0
100050,0
100056,0
100058,0
100066,0
100072,0
100110,0
100161,0
100198,0
100199,0
100205,0
100227,0
100237,0
100250,0
100319,0
100325,0
100361,0
100373,0
100384,0
100399,0
100412,0
100458,0
100527,0
100535,0
100537,0
100542,0
100582,0
100587,0
100602,0
100634,0
100647,0
100661,0
100668,0
100680,0
100700,0
100750,0
100761,0
100777,0
100823,0
100867,0
100893,0
100908,0
100930,0
100960,0
100963,0
100993,0
101001,0
101034,0
101037,0
101037,0
101039,0
101081,0
101086,0
101093,0
101111,0
101142,0
101150,0
101157,0
101166,0
101176,0
101187,0
101213,0
101260,0
101289,0
101299,0
101317,0
101345,0
101345,0
101418,0
101421,0
101445,0
101469,0
101521,0
101522,0
101625,0
101636,0
101642,0
101651,0
101652,0
101655,0
101666,0
101690,0
101721,0
101732,0
101734,0
101743,0
101754,0
101759,0
101802,0
101826,0
101828,0
101844,0
101904,0
101972,0
102027,0
102040,0
102041,0
102100,0
102102,0
102145,0
102170,0
102191,0
102196,0
102197,0
102204,0
102243,0
102249,0
102273,0
102312,0
102318,0
102328,0
102351,0
102389,0
102399,0
102410,0
102417,0
102421,0
102423,0
102427,0
102453,0
102488,0
102502,0
102539,0
102557,0
102563,0
102584,0
102618,0
102628,0
102649,0
102656,0
102658,0
102662,0
102664,0
102665,0
102701,0
102727,0
102728,0
102731,0
102759,0
102762,0
102769,0
102772,0
102793,0
102853,0
102866,0
102880,0
102918,0
102986,0
103017,0
103028,0
103036,0
103126,0
103150,0
103201,0
103219,0
103290,0
103353,0
103383,0
103418,0
103428,0
103483,0
103496,0
103501,0
103543,0
103591,0
103635,0
103645,0
103676,0
103687,0
103712,0
103747,0
103761,0
103796,0
103801,0
103829,0
103876,0
103949,0
103951,0
103960,0
103970,0
103989,0
104018,0
104033,0
104037,0
104076,0
104076,0
104133,0
104143,0
104149,0
104154,0
104162,0
104169,0
104204,0
104215,0
104280,0
104295,0
104296,0
104323,0
104324,0
104325,0
104329,0
104367,0
104376,0
104394,0
104424,0
104431,0
104514,0
104521,0
104524,0
104537,0
104568,0
104592,0
104604,0
104668,0
104738,0
104768,0
104791,0
104800,0
104835,0
104845,0
104864,0
104910,0
104947,0
105023,0
105037,0
105056,0
105071,0
105091,0
105108,0
105133,0
105148,0
105162,0
105169,0
105180,0
105180,0
105212,0
105228,0
105235,0
105303,0
105308,0
105385,0
105397,0
105407,0
105472,0
105475,0
105480,0
105525,0
105529,0
105560,0
105590,0
105593,0
105596,0
105601,0
105667,0
105733,0
105755,0
105768,0
105906,0
105914,0
105977,0
105995,0
106008,0
106042,0
106052,0
106078,0
106084,0
106116,0
106119,0
106132,0
106143,0
106145,0
106148,0
106152,0
106153,0
106177,0
106182,0
106186,0
106250,0
106328,0
106349,0
106353,0
106448,0
106478,0
106479,0
106501,0
106534,0
106665,0
106668,0
106779,0
106784,0
106824,0
106854,0
106869,0
106909,0
106926,0
106973,0
107009,0
107030,0
107038,0
107044,0
107058,0
107059,0
107069,0
107114,0
107165,0
107244,0
107284,0
107312,0
107338,0
107396,0
107430,0
107467,0
107471,0
107486,0
107496,0
107496,0
107499,0
107523,0
107524,0
107543,0
107545,0
107559,0
107582,0
107593,0
107693,0
107716,0
107725,0
107798,0
107820,0
107830,0
107830,0
107854,0
107860,0
107873,0
107883,0
107987,0
108023,0
108035,0
108081,0
108085,0
108108,0
108126,0
108141,0
108201,0
108231,0
108266,0
108297,0
108297,0
108319,0
108379,0
108412,0
108437,0
108449,0
108456,0
108465,0
108474,0
108486,0
108508,0
108520,0
108526,0
108526,0
108563,0
108575,0
108599,0
108681,0
108761,0
108785,0
108815,0
108818,0
108877,0
108890,0
108904,0
108926,0
108929,0
108938,0
108951,0
108952,0
108958,0
108983,0
109001,0
109032,0
109034,0
109073,0
109192,0
109237,0
109273,0
109289,0
109300,0
109307,0
109375,0
109408,0
109410,0
109410,0
109412,0
109455,0
109477,0
109546,0
109693,0
109785,0
109841,0
109886,0
109886,0
109888,0
109909,0
109923,0
109940,0
109977,0
109992,0
110069,0
110070,0
110098,0
110105,0
110126,0
110172,0
110176,0
110259,0
110290,0
110295,0
110329,0
110339,0
110375,0
110383,0
110416,0
110431,0
110500,0
110502,0
110546,0
110554,0
110609,0
110666,0
110688,0
110798,0
110802,0
110814,0
110818,0
110850,0
110868,0
110875,0
110891,0
110894,0
110922,0
110928,0
110929,0
110948,0
110954,0
110996,0
111021,0
111143,0
111200,0
111215,0
111252,0
111258,0
111265,0
111286,0
111309,0
111317,0
111326,0
111398,0
111430,0
111433,0
111438,0
111470,0
111483,0
111542,0
111569,0
111592,0
111595,0
111626,0
111658,0
111662,0
111686,0
111706,0
111761,0
111765,0
111771,0
111799,0
111833,0
111835,0
111880,0
111942,0
111943,0
111947,0
111955,0
111971,0
111978,0
111988,0
111993,0
112053,0
112055,0
112160,0
112169,0
112226,0
112230,0
112234,0
112236,0
112275,0
112348,0
112360,0
112431,0
112463,0
112513,0
112594,0
112595,0
112602,0
112632,0
112659,0
112688,0
112691,0
112708,0
112793,0
112888,0
112897,0
112898,0
112924,0
112926,0
113005,0
113010,0
113136,0
113182,0
113235,0
113258,0
113272,0
113287,0
113287,0
113320,0
113321,0
113323,0
113333,0
113348,0
113365,0
113383,0
113391,0
113429,0
113461,0
113480,0
113507,0
113508,0
113519,0
113536,0
113589,0
113615,0
113652,0
113660,0
113744,0
113744,0
113749,0
113772,0
113827,0
113938,0
113977,0
113983,0
114059,0
114083,0
114192,0
114223,0
114230,0
114231,0
114234,0
114245,0
114267,0
114339,0
114342,0
114384,0
114389,0
114391,0
114397,0
114427,0
114498,0
114538,0
114570,0
114591,0
114625,0
114628,0
114647,0
114661,0
114731,0
114771,0
114802,0
114875,0
114923,0
114931,0
114933,0
114987,0
114998,0
115070,0
115111,0
115129,0
115130,0
115144,0
115194,0
115194,0
115197,0
115214,0
115259,0
115272,0
115277,0
115367,0
115386,0
115398,0
115402,0
115421,0
115440,0
115452,0
115537,0
115580,0
115657,0
115690,0
115706,0
115709,0
115726,0
115793,0
115827,0
115849,0
115851,0
115858,0
115920,0
115956,0
115999,0
116000,0
116007,0
116024,0
116044,0
116071,0
116086,0
116088,0
116100,0
116113,0
116153,0
116154,0
116169,0
116196,0
116207,0
116225,0
116232,0
116262,0
116263,0
116270,0
116273,0
116284,0
116291,0
116292,0
116321,0
116324,0
116387,0
116414,0
116415,0
116471,0
116471,0
116476,0
116525,0
116604,0
116610,0
116620,0
116666,0
116737,0
116743,0
116798,0
116801,0
116815,0
116849,0
116907,0
116932,0
116962,0
117069,0
117081,0
117084,0
117090,0
117114,0
117116,0
117182,0
117216,0
117218,0
117229,0
117235,0
117274,0
117274,0
117339,0
117406,0
117407,0
117411,0
117417,0
117444,0
117468,0
117478,0
117531,0
117589,0
117630,0
117682,0
117705,0
117710,0
117725,0
117756,0
117769,0
117835,0
117861,0
117866,0
117904,0
117918,0
117967,0
117989,0
118016,0
118026,0
118026,0
118056,0
118060,0
118065,0
118077,0
118078,0
118099,0
118104,0
118122,0
118128,0
118132,0
118134,0
118148,0
118172,0
118188,0
118193,0
118245,0
118247,0
118256,0
118367,0
118368,0
118381,0
118384,0
118394,0
118427,0
118454,0
118465,0
118469,0
118483,0
118488,0
118543,0
118623,0
118670,0
118692,0
118694,0
118712,0
118777,0
118816,0
118839,0
118841,0
118884,0
118903,0
118920,0
118939,0
118960,0
118992,0
118993,0
118994,0
119002,0
119032,0
119042,0
119055,0
119062,0
119089,0
119113,0
119133,0
119138,0
119155,0
119160,0
119172,0
119182,0
119199,0
119239,0
119267,0
119421,0
119429,0
119454,0
119472,0
119508,0
119542,0
119552,0
119582,0
119589,0
119601,0
119622,0
119642,0
119680,0
119705,0
119706,0
119761,0
119824,0
119825,0
119839,0
119910,0
119917,0
119926,0
119928,0
119993,0
120007,0
120019,0
120029,0
120076,0
120088,0
120088,0
120095,0
120116,0
120203,0
120216,0
120224,0
120241,0
120243,0
120244,0
120295,0
120327,0
120329,0
120366,0
120373,0
120440,0
120486,0
120496,0
120511,0
120553,0
120569,0
120580,0
120584,0
120605,0
120627,0
120713,0
120723,0
120741,0
120779,0
120781,0
120788,0
120790,0
120800,0
120806,0
120819,0
120923,0
120937,0
120940,0
120979,0
120999,0
121075,0
121092,0
121093,0
121164,0
121175,0
121188,0
121233,0
121252,0
121347,0
121352,0
121389,0
121427,0
121502,0
121521,0
121555,0
121579,0
121594,0
121629,0
121640,0
121691,0
121771,0
121891,0
121902,0
121903,0
121915,0
121918,0
121923,0
121931,0
121936,0
121950,0
121955,0
121975,0
122043,0
122043,0
122081,0
122126,0
122184,0
122186,0
122201,0
122233,0
122235,0
122262,0
122343,0
122391,0
122395,0
122433,0
122442,0
122482,0
122493,0
122523,0
122565,0
122586,0
122590,0
122595,0
122596,0
122707,0
122827,0
122834,0
122885,0
122896,0
122899,0
122914,0
122943,0
122973,0
122982,0
123030,0
123032,0
123110,0
123148,0
123171,0
123183,0
123191,0
123245,0
123265,0
123286,0
123312,0
123316,0
123369,0
123414,0
123423,0
123444,0
123452,0
123465,0
123484,0
123503,0
123527,0
123538,0
123554,0
123561,0
123596,0
123612,0
123615,0
123633,0
123673,0
123780,0
123849,0
123921,0
123952,0
123967,0
123990,0
123998,0
124017,0
124027,0
124115,0
124122,0
124125,0
124169,0
124185,0
124206,0
124206,0
124213,0
124221,0
124228,0
124238,0
124250,0
124280,0
124287,0
124317,0
124393,0
124431,0
124449,0
124482,0
124482,0
124515,0
124533,0
124581,0
124611,0
124643,0
124644,0
124666,0
124688,0
124709,0
124710,0
124718,0
124724,0
124754,0
124843,0
124875,0
124897,0
124917,0
124949,0
125031,0
125128,0
125178,0
125187,0
125231,0
125234,0
125258,0
125273,0
125291,0
125317,0
125343,0
125362,0
125379,0
125390,0
125462,0
125464,0
125465,0
125476,0
125478,0
125514,0
125535,0
125546,0
125558,0
125581,0
125621,0
125635,0
125641,0
125649,0
125709,0
125718,0
125806,0
125806,0
125834,0
125834,0
125838,0
125846,0
125872,0
125878,0
125889,0
125889,0
125968,0
125976,0
126031,0
126050,0
126058,0
126088,0
126088,0
126125,0
