13,0
95,0
122,0
152,0
166,0
168,0
241,0
243,0
249,0
265,0
297,0
313,0
327,0
328,0
400,0
437,0
478,0
482,0
559,0
577,0
641,0
652,0
666,0
670,0
680,0
717,0
733,0
786,0
909,0
932,0
938,0
1000,0
1003,0
1030,0
1048,0
1059,0
1061,0
1101,0
1104,0
1136,0
1139,0
1189,0
1249,0
1268,0
1274,0
1308,0
1328,0
1354,0
1450,0
1533,0
1533,0
1536,0
1582,0
1595,0
1636,0
1651,0
1678,0
1680,0
1688,0
1732,0
1766,0
1774,0
1812,0
1828,0
1841,0
1865,0
1901,0
1929,0
1942,0
2051,0
2056,0
2063,0
2068,0
2118,0
2137,0
2158,0
2181,0
2248,0
2291,0
2294,0
2295,0
2315,0
2322,0
2333,0
2394,0
2412,0
2447,0
2486,0
2508,0
2580,0
2622,0
2650,0
2656,0
2661,0
2666,0
2699,0
2731,0
2793,0
2809,0
2861,0
2898,0
2947,0
2947,0
2964,0
2974,0
3086,0
3091,0
3108,0
3137,0
3138,0
3190,0
3197,0
3242,0
3248,0
3256,0
3264,0
3296,0
3320,0
3346,0
3364,0
3366,0
3386,0
3426,0
3552,0
3591,0
3596,0
3621,0
3626,0
3708,0
3727,0
3729,0
3820,0
3829,0
3864,0
3920,0
3988,0
4004,0
4107,0
4197,0
4252,0
4307,0
4401,0
4410,0
4425,0
4446,0
4477,0
4482,0
4543,0
4546,0
4574,0
4595,0
4766,0
4785,0
4814,0
4834,0
4851,0
4859,0
4908,0
4914,0
4977,0
4993,0
5048,0
5078,0
5149,0
5180,0
5198,0
5276,0
5301,0
5301,0
5341,0
5351,0
5369,0
5387,0
5393,0
5403,0
5409,0
5418,0
5460,0
5536,0
5548,0
5620,0
5631,0
5720,0
5726,0
5760,0
5774,0
5781,0
5815,0
5816,0
5824,0
5827,0
5949,0
5954,0
6011,0
6073,0
6074,0
6137,0
6145,0
6167,0
6217,0
6247,0
6323,0
6327,0
6341,0
6455,0
6517,0
6688,0
6728,0
6755,0
6760,0
6766,0
6783,0
6800,0
6891,0
6910,0
6945,0
6965,0
6982,0
6982,0
6993,0
7001,0
7012,0
7040,0
7041,0
7047,0
7047,0
7063,0
7064,0
7068,0
7081,0
7100,0
7122,0
7175,0
7178,0
7192,0
7243,0
7271,0
7274,0
7280,0
7303,0
7320,0
7480,0
7489,0
7510,0
7574,0
7585,0
7588,0
7638,0
7712,0
7725,0
7728,0
7745,0
7772,0
7773,0
7785,0
7814,0
7842,0
7876,0
7903,0
7926,0
7983,0
8048,0
8059,0
8078,0
8161,0
8211,0
8264,0
8332,0
8381,0
8410,0
8493,0
8523,0
8557,0
8611,0
8623,0
8673,0
8676,0
8691,0
8695,0
8794,0
8834,0
8852,0
8854,0
8924,0
8942,0
8966,0
8992,0
9023,0
9027,0
9040,0
9063,0
9083,0
9154,0
9181,0
9185,0
9192,0
9200,0
9212,0
9283,0
9303,0
9340,0
9389,0
9434,0
9463,0
9537,0
9573,0
9577,0
9595,0
9596,0
9603,0
9608,0
9687,0
9708,0
9717,0
9720,0
9733,0
9738,0
9802,0
9803,0
9816,0
9836,0
9888,0
9953,0
9991,0
9996,0
10004,0
10006,0
10038,0
10069,0
10086,0
10099,0
10117,0
10136,0
10139,0
10140,0
10145,0
10149,0
10163,0
10205,0
10315,0
10415,0
10447,0
10459,0
10507,0
10508,0
10586,0
10620,0
10638,0
10707,0
10728,0
10728,0
10750,0
10877,0
10897,0
10912,0
10951,0
10955,0
10969,0
11026,0
11038,0
11050,0
11058,0
11078,0
11111,0
11122,0
11141,0
11192,0
11222,0
11250,0
11258,0
11275,0
11293,0
11295,0
11302,0
11305,0
11311,0
11337,0
11337,0
11356,0
11360,0
11361,0
11391,0
11444,0
11486,0
11503,0
11529,0
11536,0
11545,0
11553,0
11650,0
11721,0
11761,0
11780,0
11782,0
11784,0
11785,0
11812,0
11853,0
11867,0
11934,0
11941,0
11986,0
12019,0
12102,0
12108,0
12179,0
12207,0
12220,0
12253,0
12296,0
12296,0
12302,0
12318,0
12402,0
12406,0
12424,0
12437,0
12455,0
12501,0
12504,0
12516,0
12539,0
12544,0
12606,0
12620,0
12623,0
12627,0
12652,0
12661,0
12728,0
12742,0
12753,0
12764,0
12818,0
12830,0
12851,0
12882,0
12907,0
12917,0
12935,0
12950,0
12979,0
13060,0
13164,0
13180,0
13199,0
13217,0
13223,0
13234,0
13280,0
13284,0
13303,0
13394,0
13394,0
13408,0
13433,0
13453,0
13459,0
13526,0
13548,0
13558,0
13587,0
13619,0
13635,0
13671,0
13718,0
13768,0
13833,0
13977,0
13985,0
14012,0
14013,0
14114,0
14135,0
14149,0
14209,0
14294,0
14305,0
14330,0
14338,0
14395,0
14406,0
14432,0
14445,0
14450,0
14463,0
14477,0
14480,0
14481,0
14483,0
14492,0
14522,0
14539,0
14623,0
14693,0
14738,0
14790,0
14827,0
14842,0
14864,0
14883,0
14927,0
14960,0
15015,0
15058,0
15100,0
15107,0
15231,0
15239,0
15256,0
15295,0
15352,0
15381,0
15386,0
15395,0
15455,0
15501,0
15511,0
15540,0
15559,0
15566,0
15600,0
15627,0
15647,0
15718,0
15791,0
15826,0
15858,0
15878,0
15930,0
16048,0
16050,0
16052,0
16054,0
16103,0
16139,0
16188,0
16191,0
16205,0
16253,0
16262,0
16263,0
16281,0
16284,0
16316,0
16364,0
16371,0
16437,0
16555,0
16573,0
16697,0
16709,0
16739,0
16785,0
16810,0
16850,0
16864,0
16871,0
16960,0
16978,0
17048,0
17097,0
17110,0
17133,0
17154,0
17161,0
17182,0
17211,0
17310,0
17340,0
17357,0
17363,0
17368,0
17435,0
17441,0
17442,0
17501,0
17518,0
17543,0
17550,0
17577,0
17582,0
17585,0
17593,0
17598,0
17648,0
17652,0
17660,0
17705,0
17797,0
17809,0
17828,0
17839,0
17841,0
17889,0
17936,0
17943,0
17948,0
18059,0
18074,0
18192,0
18200,0
18213,0
18283,0
18334,0
18340,0
18363,0
18372,0
18450,0
18463,0
18511,0
18598,0
18653,0
18662,0
18696,0
18711,0
18741,0
18789,0
18790,0
18877,0
18900,0
18919,0
18921,0
19019,0
19029,0
19035,0
19044,0
19058,0
19087,0
19152,0
19166,0
19178,0
19213,0
19245,0
19245,0
19249,0
19277,0
19355,0
19359,0
19408,0
19409,0
19422,0
19422,0
19442,0
19473,0
19475,0
19500,0
19508,0
19532,0
19546,0
19550,0
19617,0
19624,0
19662,0
19800,0
19800,0
19804,0
19855,0
19859,0
19860,0
19875,0
19911,0
19930,0
19939,0
19950,0
19952,0
19966,0
20105,0
20176,0
20224,0
20254,0
20262,0
20281,0
20302,0
20352,0
20440,0
20462,0
20490,0
20501,0
20541,0
20581,0
20589,0
20636,0
20663,0
20719,0
20763,0
20774,0
20784,0
20800,0
20844,0
20846,0
20855,0
20871,0
20884,0
20909,0
20914,0
20951,0
20954,0
20974,0
20991,0
21028,0
21051,0
21052,0
21057,0
21058,0
21068,0
21110,0
21136,0
21137,0
21148,0
21233,0
21243,0
21252,0
21261,0
21292,0
21307,0
21312,0
21371,0
21400,0
21405,0
21474,0
21477,0
21486,0
21492,0
21505,0
21551,0
21572,0
21687,0
21713,0
21729,0
21788,0
21800,0
21802,0
21828,0
21867,0
21917,0
21965,0
21971,0
22018,0
22027,0
22037,0
22074,0
22099,0
22105,0
22130,0
22166,0
22172,0
22200,0
22209,0
22225,0
22226,0
22255,0
22271,0
22289,0
22313,0
22390,0
22402,0
22429,0
22450,0
22450,0
22462,0
22524,0
22549,0
22571,0
22615,0
22626,0
22794,0
22797,0
22801,0
22815,0
22861,0
22865,0
22877,0
22913,0
22920,0
22924,0
22933,0
23004,0
23060,0
23111,0
23136,0
23148,0
23255,0
23265,0
23290,0
23339,0
23375,0
23389,0
23405,0
23510,0
23518,0
23518,0
23547,0
23617,0
23640,0
23662,0
23690,0
23730,0
23762,0
23797,0
23843,0
23890,0
23908,0
23971,0
23998,0
24008,0
24034,0
24196,0
24200,0
24249,0
24314,0
24341,0
24343,0
24372,0
24383,0
24416,0
24468,0
24482,0
24497,0
24519,0
24534,0
24594,0
24746,0
24777,0
24787,0
24789,0
24827,0
24866,0
24883,0
24981,0
24999,0
25069,0
25112,0
25172,0
25242,0
25242,0
25331,0
25336,0
25360,0
25373,0
25416,0
25420,0
25486,0
25498,0
25544,0
25557,0
25623,0
25687,0
25704,0
25726,0
25735,0
25772,0
25775,0
25795,0
25842,0
25921,0
25955,0
26029,0
26059,0
26081,0
26081,0
26099,0
26145,0
26268,0
26272,0
26287,0
26307,0
26327,0
26333,0
26338,0
26348,0
26371,0
26373,0
26377,0
26397,0
26454,0
26469,0
26471,0
26478,0
26494,0
26497,0
26574,0
26586,0
26596,0
26602,0
26627,0
26634,0
26664,0
26685,0
26689,0
26734,0
26735,0
26802,0
26804,0
26820,0
26826,0
26849,0
26851,0
26902,0
26905,0
26931,0
26961,0
26963,0
26970,0
26983,0
26995,0
27104,0
27119,0
27163,0
27184,0
27216,0
27285,0
27373,0
27383,0
27388,0
27401,0
27434,0
27456,0
27465,0
27563,0
27583,0
27609,0
27668,0
27720,0
27733,0
27743,0
27761,0
27769,0
27786,0
27803,0
27878,0
27895,0
27936,0
27943,0
27944,0
27954,0
27972,0
27986,0
27998,0
28021,0
28026,0
28037,0
28054,0
28078,0
28083,0
28087,0
28103,0
28119,0
28143,0
28147,0
28196,0
28278,0
28315,0
28331,0
28371,0
28374,0
28438,0
28472,0
28475,0
28502,0
28531,0
28562,0
28566,0
28618,0
28662,0
28675,0
28677,0
28699,0
28704,0
28727,0
28736,0
28749,0
28754,0
28780,0
28810,0
28889,0
28898,0
28945,0
28991,0
29000,0
29012,0
29022,0
29032,0
29044,0
29057,0
29097,0
29221,0
29256,0
29274,0
29340,0
29387,0
29430,0
29456,0
29525,0
29603,0
29719,0
29771,0
29805,0
29805,0
29849,0
29920,0
30028,0
30106,0
30134,0
30135,0
30136,0
30142,0
30226,0
30258,0
30288,0
30292,0
30321,0
30335,0
30340,0
30351,0
30363,0
30367,0
30375,0
30376,0
30403,0
30413,0
30430,0
30431,0
30466,0
30511,0
30530,0
30540,0
30548,0
30607,0
30632,0
30646,0
30651,0
30655,0
30657,0
30663,0
30682,0
30708,0
30735,0
30749,0
30756,0
30770,0
30815,0
30822,0
30824,0
30837,0
30858,0
30866,0
30867,0
30869,0
30880,0
30893,0
30911,0
30957,0
30965,0
31007,0
31024,0
31025,0
31041,0
31068,0
31078,0
31084,0
31104,0
31128,0
31253,0
31294,0
31352,0
31388,0
31417,0
31419,0
31461,0
31489,0
31490,0
31500,0
31517,0
31526,0
31552,0
31569,0
31579,0
31618,0
31632,0
31645,0
31647,0
31685,0
31706,0
31747,0
31801,0
31802,0
31804,0
31820,0
31824,0
31849,0
31891,0
31910,0
31937,0
31950,0
31984,0
32019,0
32067,0
32077,0
32084,0
32085,0
32087,0
32094,0
32128,0
32181,0
32223,0
32239,0
32369,0
32423,0
32435,0
32442,0
32452,0
32458,0
32578,0
32587,0
32686,0
32732,0
32813,0
32913,0
32945,0
32974,0
32984,0
33128,0
33142,0
33176,0
33209,0
33296,0
33404,0
33421,0
33467,0
33473,0
33547,0
33591,0
33596,0
33670,0
33685,0
33781,0
33784,0
33804,0
33812,0
33816,0
33881,0
33882,0
33928,0
33946,0
33949,0
33967,0
34014,0
34027,0
34043,0
34075,0
34092,0
34115,0
34145,0
34155,0
34172,0
34195,0
34212,0
34213,0
34234,0
34349,0
34398,0
34442,0
34461,0
34474,0
34480,0
34521,0
34618,0
34628,0
34632,0
34640,0
34647,0
34659,0
34666,0
34675,0
34698,0
34719,0
34721,0
34775,0
34791,0
34885,0
34909,0
34920,0
34948,0
35071,0
35119,0
35141,0
35243,0
35246,0
35271,0
35328,0
35339,0
35389,0
35395,0
35466,0
35489,0
35538,0
35582,0
35588,0
35618,0
35664,0
35682,0
35684,0
35689,0
35720,0
35802,0
35854,0
35872,0
35923,0
35928,0
35936,0
35945,0
35959,0
35992,0
36022,0
36053,0
36090,0
36097,0
36161,0
36164,0
36243,0
36252,0
36253,0
36254,0
36302,0
36333,0
36336,0
36362,0
36373,0
36394,0
36404,0
36447,0
36459,0
36521,0
36573,0
36583,0
36591,0
36626,0
36626,0
36636,0
36683,0
36701,0
36721,0
36737,0
36738,0
36950,0
36956,0
36977,0
37009,0
37032,0
37038,0
37090,0
37126,0
37168,0
37196,0
37219,0
37248,0
37381,0
37447,0
37541,0
37555,0
37558,0
37561,0
37567,0
37577,0
37610,0
37674,0
37755,0
37797,0
37841,0
37863,0
37925,0
37963,0
37971,0
37992,0
38019,0
38036,0
38077,0
38078,0
38168,0
38172,0
38268,0
38326,0
38333,0
38350,0
38364,0
38410,0
38462,0
38473,0
38502,0
38569,0
38591,0
38645,0
38696,0
38704,0
38718,0
38739,0
38767,0
38778,0
38798,0
38820,0
38822,0
38870,0
38870,0
38914,0
38928,0
38933,0
38945,0
38968,0
39010,0
39022,0
39025,0
39027,0
39065,0
39072,0
39115,0
39122,0
39159,0
39252,0
39257,0
39282,0
39282,0
39287,0
39320,0
39322,0
39343,0
39364,0
39424,0
39431,0
39451,0
39477,0
39501,0
39533,0
39534,0
39551,0
39573,0
39637,0
39652,0
39687,0
39733,0
39750,0
39768,0
39783,0
39828,0
39837,0
39854,0
39891,0
39996,0
40009,0
40019,0
40087,0
40097,0
40212,0
40243,0
40296,0
40307,0
40318,0
40410,0
40463,0
40469,0
40478,0
40490,0
40542,0
40580,0
40615,0
40630,0
40635,0
40650,0
40657,0
40714,0
40723,0
40747,0
40769,0
40796,0
40861,0
40887,0
40905,0
40921,0
40942,0
40946,0
40964,0
40968,0
40984,0
41011,0
41022,0
41030,0
41077,0
41109,0
41113,0
41142,0
41186,0
41197,0
41224,0
41238,0
41282,0
41293,0
41324,0
41330,0
41396,0
41408,0
41412,0
41442,0
41501,0
41502,0
41507,0
41516,0
41544,0
41576,0
41577,0
41580,0
41584,0
41614,0
41615,0
41629,0
41652,0
41673,0
41680,0
41709,0
41722,0
41792,0
41812,0
41847,0
41858,0
41859,0
41894,0
41897,0
41917,0
41928,0
41938,0
42022,0
42044,0
42047,0
42109,0
42138,0
42257,0
42259,0
42284,0
42291,0
42300,0
42312,0
42365,0
42385,0
42405,0
42413,0
42476,0
42559,0
42595,0
42619,0
42620,0
42660,0
42690,0
42760,0
42789,0
42828,0
42927,0
42960,0
43046,0
43053,0
43075,0
43081,0
43110,0
43151,0
43178,0
43185,0
43252,0
43254,0
43299,0
43319,0
43367,0
43370,0
43394,0
43451,0
43476,0
43542,0
43566,0
43652,0
43688,0
43720,0
43728,0
43733,0
43756,0
43983,0
43984,0
44020,0
44078,0
44081,0
44114,0
44122,0
44186,0
44233,0
44241,0
44249,0
44266,0
44275,0
44309,0
44361,0
44437,0
44482,0
44507,0
44524,0
44582,0
44650,0
44653,0
44657,0
44667,0
44682,0
44694,0
44723,0
44772,0
44796,0
44801,0
44866,0
44880,0
44887,0
44896,0
44920,0
44928,0
44962,0
44987,0
45068,0
45124,0
45218,0
45309,0
45321,0
45342,0
45356,0
45403,0
45421,0
45476,0
45485,0
45489,0
45546,0
45635,0
45649,0
45714,0
45733,0
45756,0
45765,0
45794,0
45800,0
45866,0
45868,0
45904,0
45910,0
45910,0
46019,0
46044,0
46056,0
46059,0
46062,0
46067,0
46158,0
46167,0
46244,0
46253,0
46269,0
46281,0
46283,0
46346,0
46346,0
46358,0
46366,0
46369,0
46436,0
46442,0
46444,0
46536,0
46574,0
46617,0
46637,0
46681,0
46886,0
46909,0
46923,0
46930,0
46968,0
46982,0
47004,0
47008,0
47030,0
47033,0
47058,0
47139,0
47170,0
47189,0
47205,0
47260,0
47272,0
47303,0
47321,0
47358,0
47371,0
47376,0
47509,0
47586,0
47607,0
47656,0
47701,0
47716,0
47718,0
47768,0
47784,0
47791,0
47796,0
47833,0
47848,0
47878,0
47895,0
47902,0
47904,0
47908,0
47914,0
47970,0
47986,0
47997,0
48005,0
48026,0
48042,0
48047,0
48052,0
48072,0
48115,0
48139,0
48141,0
48166,0
48172,0
48177,0
48183,0
48207,0
48212,0
48235,0
48273,0
48327,0
48351,0
48384,0
48467,0
48480,0
48598,0
48604,0
48615,0
48617,0
48690,0
48755,0
48778,0
48808,0
48809,0
48820,0
48825,0
48836,0
48840,0
48857,0
48861,0
48905,0
48936,0
49037,0
49039,0
49054,0
49069,0
49072,0
49081,0
49095,0
49130,0
49141,0
49155,0
49175,0
49201,0
49234,0
49298,0
49310,0
49313,0
49340,0
49360,0
49376,0
49381,0
49419,0
49472,0
49500,0
49513,0
49588,0
49590,0
49595,0
49600,0
49636,0
49654,0
49670,0
49711,0
49723,0
49769,0
49804,0
49816,0
49898,0
49910,0
49911,0
49915,0
49920,0
49966,0
49982,0
49988,0
50106,0
50110,0
50189,0
50200,0
50201,0
50221,0
50234,0
50267,0
50276,0
50319,0
50357,0
50398,0
50419,0
50451,0
50506,0
50512,0
50524,0
50679,0
50710,0
50727,0
50795,0
50802,0
50819,0
50841,0
50879,0
50905,0
50922,0
50981,0
50986,0
50996,0
51023,0
51060,0
51122,0
51131,0
51180,0
51194,0
51208,0
51209,0
51265,0
51312,0
51328,0
51330,0
51347,0
51385,0
51428,0
51458,0
51496,0
51515,0
51604,0
51624,0
51624,0
51670,0
51695,0
51727,0
51730,0
51792,0
51798,0
51840,0
51867,0
51871,0
51881,0
51899,0
51912,0
51949,0
51950,0
51962,0
52013,0
52021,0
52065,0
52088,0
52090,0
52185,0
52241,0
52250,0
52254,0
52261,0
52337,0
52385,0
52429,0
52435,0
52584,0
52596,0
52603,0
52697,0
52781,0
52789,0
52817,0
52832,0
52897,0
52951,0
52961,0
53049,0
53098,0
53146,0
53152,0
53167,0
53190,0
53195,0
53215,0
53246,0
53249,0
53281,0
53416,0
53448,0
53482,0
53499,0
53569,0
53644,0
53757,0
53783,0
53795,0
53850,0
53870,0
53893,0
53928,0
53948,0
53977,0
53979,0
53993,0
54027,0
54037,0
54115,0
54130,0
54265,0
54297,0
54492,0
54514,0
54527,0
54630,0
54632,0
54637,0
54649,0
54707,0
54725,0
54800,0
54808,0
54830,0
54831,0
54845,0
54867,0
54890,0
54896,0
54974,0
55059,0
55101,0
55124,0
55126,0
55131,0
55133,0
55167,0
55187,0
55207,0
55221,0
55262,0
55341,0
55366,0
55371,0
55411,0
55510,0
55556,0
55603,0
55604,0
55663,0
55732,0
55747,0
55747,0
55786,0
55798,0
55800,0
55812,0
55813,0
55843,0
55879,0
55886,0
55999,0
56023,0
56037,0
56043,0
56063,0
56076,0
56093,0
56122,0
56145,0
56149,0
56158,0
56199,0
56284,0
56388,0
56401,0
56403,0
56455,0
56468,0
56471,0
56506,0
56518,0
56555,0
56567,0
56648,0
56695,0
56714,0
56764,0
56854,0
56898,0
56921,0
56959,0
56983,0
56996,0
57004,0
57006,0
57013,0
57117,0
57139,0
57146,0
57188,0
57189,0
57206,0
57231,0
57231,0
57233,0
57236,0
57243,0
57253,0
57272,0
57299,0
57303,0
57314,0
57323,0
57368,0
57395,0
57398,0
57415,0
57433,0
57440,0
57486,0
57546,0
57635,0
57638,0
57660,0
57719,0
57764,0
57783,0
57810,0
57856,0
57900,0
57922,0
57963,0
57979,0
57983,0
57984,0
57991,0
58047,0
58080,0
58083,0
58088,0
58089,0
58158,0
58159,0
58184,0
58197,0
58222,0
58257,0
58283,0
58323,0
58327,0
58377,0
58386,0
58388,0
58421,0
58451,0
58499,0
58513,0
58519,0
58535,0
58628,0
58639,0
58690,0
58741,0
58766,0
58782,0
58789,0
58850,0
58851,0
58901,0
58911,0
58916,0
58920,0
58956,0
58965,0
58971,0
59069,0
59073,0
59129,0
59136,0
59152,0
59195,0
59204,0
59308,0
59355,0
59371,0
59385,0
59391,0
59415,0
59457,0
59459,0
59495,0
59586,0
59597,0
59617,0
59631,0
59635,0
59640,0
59785,0
59813,0
59843,0
59857,0
59907,0
59981,0
60000,0
60032,0
60049,0
60071,0
60212,0
60219,0
60256,0
60261,0
60270,0
60272,0
60394,0
60411,0
60439,0
60451,0
60455,0
60458,0
60531,0
60571,0
60575,0
60600,0
60603,0
60606,0
60608,0
60628,0
60651,0
60668,0
60717,0
60718,0
60758,0
60777,0
60813,0
61003,0
61027,0
61035,0
61114,0
61168,0
61181,0
61194,0
61250,0
61270,0
61272,0
61293,0
61306,0
61343,0
61382,0
61391,0
61393,0
61409,0
61465,0
61524,0
61532,0
61536,0
61549,0
61571,0
61597,0
61600,0
61616,0
61658,0
61695,0
61737,0
61775,0
61798,0
61916,0
61918,0
61922,0
61949,0
62011,0
62048,0
62083,0
62108,0
62134,0
62175,0
62210,0
62234,0
62252,0
62260,0
62262,0
62283,0
62306,0
62318,0
62347,0
62352,0
62359,0
62457,0
62558,0
62609,0
62617,0
62633,0
62667,0
62719,0
62736,0
62741,0
62754,0
62761,0
62801,0
62846,0
62869,0
62875,0
62973,0
62980,0
63022,0
63116,0
63185,0
63222,0
63236,0
63250,0
63274,0
63286,0
63298,0
63310,0
63333,0
63341,0
63355,0
63375,0
63416,0
63418,0
63455,0
63464,0
63465,0
63513,0
63538,0
63544,0
63648,0
63708,0
63729,0
63785,0
63808,0
63810,0
63854,0
63879,0
63891,0
63955,0
63965,0
64036,0
64045,0
64051,0
64065,0
64073,0
64075,0
64104,0
64127,0
64127,0
64196,0
64241,0
64243,0
64259,0
64316,0
64347,0
64347,0
64352,0
64357,0
64366,0
64387,0
64397,0
64488,0
64503,0
64509,0
64531,0
64532,0
64558,0
64576,0
64592,0
64596,0
64615,0
64630,0
64643,0
64694,0
64761,0
64769,0
64814,0
64857,0
64860,0
64897,0
64907,0
64911,0
64912,0
64990,0
64994,0
65062,0
65069,0
65073,0
65084,0
65117,0
65176,0
65255,0
65270,0
65322,0
65341,0
65367,0
65372,0
65478,0
65571,0
65634,0
65671,0
65753,0
65790,0
65793,0
65841,0
65894,0
66020,0
66024,0
66064,0
66105,0
66118,0
66136,0
66137,0
66142,0
66179,0
66179,0
66204,0
66214,0
66280,0
66282,0
66307,0
66315,0
66343,0
66467,0
66524,0
66527,0
66545,0
66611,0
66675,0
66696,0
66714,0
66749,0
66759,0
66761,0
66776,0
66900,0
67038,0
67041,0
67051,0
67059,0
67095,0
67105,0
67210,0
67232,0
67245,0
67259,0
67477,0
67550,0
67551,0
67656,0
67661,0
67723,0
67725,0
67770,0
67796,0
67847,0
67852,0
67886,0
67886,0
67938,0
67941,0
67948,0
68029,0
68036,0
68078,0
68094,0
68101,0
68131,0
68146,0
68172,0
68194,0
68204,0
68206,0
68207,0
68207,0
68289,0
68330,0
68375,0
68456,0
68486,0
68508,0
68514,0
68529,0
68549,0
68596,0
68687,0
68757,0
68828,0
68869,0
68892,0
68895,0
68922,0
68924,0
68933,0
68934,0
68938,0
68958,0
68981,0
69002,0
69054,0
69057,0
69070,0
69154,0
69162,0
69173,0
69175,0
69277,0
69334,0
69351,0
69361,0
69376,0
69412,0
69441,0
69445,0
69498,0
69520,0
69548,0
69569,0
69570,0
69586,0
69607,0
69644,0
69655,0
69656,0
69659,0
69660,0
69664,0
69692,0
69749,0
69871,0
69930,0
69976,0
70077,0
70241,0
70262,0
70291,0
70293,0
70309,0
70363,0
70465,0
70515,0
70570,0
70608,0
70609,0
70685,0
70699,0
70704,0
70799,0
70805,0
70836,0
70847,0
70850,0
70866,0
70866,0
70936,0
70994,0
71039,0
71095,0
71099,0
71102,0
71105,0
71129,0
71150,0
71160,0
71172,0
71211,0
71261,0
71333,0
71359,0
71376,0
71410,0
71416,0
71431,0
71452,0
71503,0
71535,0
71563,0
71569,0
71656,0
71695,0
71699,0
71744,0
71751,0
71768,0
71880,0
71983,0
72015,0
72069,0
72073,0
72075,0
72115,0
72166,0
72201,0
72214,0
72223,0
72236,0
72269,0
72289,0
72302,0
72310,0
72339,0
72382,0
72466,0
72500,0
72544,0
72637,0
72654,0
72687,0
72845,0
72889,0
72926,0
72996,0
73076,0
73203,0
73219,0
73228,0
73251,0
73268,0
73278,0
73284,0
73333,0
73348,0
73388,0
73397,0
73402,0
73440,0
73450,0
73455,0
73463,0
73496,0
73500,0
73508,0
73517,0
73528,0
73556,0
73626,0
73635,0
73638,0
73701,0
73708,0
73747,0
73751,0
73752,0
73833,0
73871,0
73875,0
73893,0
74057,0
74083,0
74102,0
74120,0
74144,0
74161,0
74179,0
74276,0
74307,0
74321,0
74333,0
74348,0
74411,0
74415,0
74434,0
74621,0
74625,0
74635,0
74721,0
74759,0
74823,0
74834,0
74947,0
74954,0
74961,0
74979,0
74980,0
74996,0
75011,0
75017,0
75035,0
75037,0
75123,0
75207,0
75278,0
75343,0
75422,0
75425,0
75446,0
75561,0
75590,0
75597,0
75619,0
75637,0
75686,0
75690,0
75703,0
75723,0
75729,0
75810,0
75834,0
75852,0
75869,0
75946,0
75948,0
75988,0
75994,0
76003,0
76074,0
76074,0
76075,0
76146,0
76223,0
76232,0
76245,0
76256,0
76267,0
76278,0
76282,0
76292,0
76302,0
76313,0
76321,0
76341,0
76374,0
76379,0
76411,0
76411,0
76449,0
76497,0
76528,0
76565,0
76577,0
76653,0
76654,0
76687,0
76702,0
76784,0
76861,0
76898,0
76899,0
76930,0
76932,0
76951,0
76961,0
76963,0
77000,0
77036,0
77071,0
77077,0
77081,0
77100,0
77128,0
77130,0
77215,0
77285,0
77316,0
77359,0
77408,0
77417,0
77476,0
77478,0
77489,0
77508,0
77550,0
77608,0
77614,0
77647,0
77660,0
77686,0
77699,0
77722,0
77743,0
77755,0
77791,0
77833,0
77854,0
77896,0
77978,0
77982,0
77993,0
78028,0
78048,0
78071,0
78131,0
78153,0
78225,0
78253,0
78328,0
78329,0
78346,0
78366,0
78371,0
78378,0
78390,0
78412,0
78441,0
78464,0
78510,0
78522,0
78547,0
78582,0
78586,0
78595,0
78614,0
78653,0
78714,0
78745,0
78752,0
78773,0
78877,0
78892,0
78900,0
78907,0
78913,0
78922,0
78950,0
78951,0
78985,0
78993,0
79049,0
79050,0
79076,0
79175,0
79196,0
79228,0
79289,0
79314,0
79373,0
79390,0
79398,0
79463,0
79464,0
79517,0
79544,0
79549,0
79593,0
79608,0
79647,0
79662,0
79698,0
79707,0
79727,0
79751,0
79761,0
79781,0
79801,0
79802,0
79811,0
79903,0
79939,0
79944,0
79981,0
80036,0
80038,0
80081,0
80148,0
80177,0
80194,0
80212,0
80223,0
80224,0
80232,0
80256,0
80262,0
80264,0
80296,0
80320,0
80390,0
80412,0
80455,0
80474,0
80522,0
80666,0
80692,0
80716,0
80735,0
80741,0
80789,0
80807,0
80807,0
80815,0
80834,0
80844,0
80848,0
80849,0
80878,0
80942,0
80972,0
80976,0
80981,0
80982,0
80987,0
80989,0
81012,0
81029,0
81051,0
81085,0
81108,0
81109,0
81126,0
81126,0
81171,0
81213,0
81256,0
81260,0
81263,0
81271,0
81312,0
81328,0
81399,0
81434,0
81436,0
81442,0
81556,0
81568,0
81593,0
81617,0
81725,0
81726,0
81752,0
81814,0
81839,0
81848,0
81849,0
81888,0
81930,0
81940,0
81968,0
81974,0
81980,0
82036,0
82090,0
82100,0
82104,0
82212,0
82229,0
82264,0
82282,0
82290,0
82356,0
82396,0
82435,0
82437,0
82454,0
82472,0
82525,0
82529,0
82531,0
82533,0
82548,0
82555,0
82600,0
82643,0
82653,0
82665,0
82666,0
82687,0
82702,0
82708,0
82729,0
82734,0
82778,0
82784,0
82785,0
82811,0
82831,0
82857,0
82920,0
82936,0
82959,0
83020,0
83024,0
83041,0
83069,0
83071,0
83077,0
83111,0
83165,0
83173,0
83246,0
83281,0
83382,0
83415,0
83415,0
83424,0
83463,0
83470,0
83474,0
83525,0
83556,0
83577,0
83581,0
83582,0
83584,0
83600,0
83628,0
83630,0
83642,0
83705,0
83744,0
83760,0
83822,0
83826,0
83848,0
83943,0
84029,0
84105,0
84127,0
84156,0
84183,0
84184,0
84234,0
84239,0
84296,0
84386,0
84389,0
84431,0
84439,0
84468,0
84494,0
84527,0
84543,0
84576,0
84587,0
84594,0
84598,0
84616,0
84651,0
84667,0
84678,0
84734,0
84743,0
84765,0
84769,0
84772,0
84784,0
84822,0
84829,0
84829,0
84858,0
84879,0
84915,0
84918,0
84954,0
84957,0
84957,0
84989,0
85002,0
85006,0
85014,0
85099,0
85258,0
85366,0
85404,0
85406,0
85442,0
85445,0
85621,0
85624,0
85641,0
85643,0
85652,0
85659,0
85664,0
85670,0
85695,0
85722,0
85755,0
85757,0
85772,0
85797,0
85801,0
85814,0
85857,0
85903,0
85909,0
85913,0
85924,0
85926,0
85952,0
85960,0
85972,0
85988,0
85998,0
86028,0
86099,0
86100,0
86123,0
86185,0
86196,0
86246,0
86258,0
86296,0
86301,0
86368,0
86391,0
86404,0
86432,0
86458,0
86537,0
86602,0
86610,0
86667,0
86681,0
86732,0
86748,0
86811,0
86844,0
86863,0
86879,0
86888,0
86898,0
86908,0
86924,0
86924,0
86967,0
87022,0
87061,0
87069,0
87159,0
87202,0
87246,0
87282,0
87288,0
87355,0
87369,0
87396,0
87401,0
87421,0
87432,0
87489,0
87512,0
87553,0
87558,0
87577,0
87580,0
87594,0
87664,0
87748,0
87771,0
87800,0
87842,0
87885,0
87909,0
87915,0
87963,0
87964,0
87968,0
87972,0
87997,0
88020,0
88022,0
88049,0
88049,0
88092,0
88147,0
88153,0
88154,0
88194,0
88217,0
88245,0
88268,0
88369,0
88422,0
88430,0
88536,0
88539,0
88559,0
88594,0
88635,0
88652,0
88674,0
88690,0
88702,0
88720,0
88780,0
88863,0
88931,0
88954,0
88997,0
89061,0
89153,0
89170,0
89218,0
89243,0
89262,0
89298,0
89323,0
89412,0
89511,0
89543,0
89563,0
89566,0
89571,0
89615,0
89622,0
89635,0
89681,0
89682,0
89744,0
89787,0
89843,0
89848,0
89857,0
89866,0
89906,0
89970,0
89981,0
89986,0
90146,0
90209,0
90229,0
90277,0
90296,0
90361,0
90427,0
90457,0
90471,0
90524,0
90544,0
90544,0
90641,0
90663,0
90691,0
90694,0
90728,0
90743,0
90748,0
90846,0
90849,0
90879,0
90941,0
90963,0
91010,0
91030,0
91143,0
91314,0
91391,0
91443,0
91459,0
91473,0
91481,0
91489,0
91496,0
91619,0
91629,0
91635,0
91661,0
91668,0
91669,0
91717,0
91742,0
91748,0
91806,0
91857,0
91866,0
91868,0
91875,0
91942,0
91947,0
91954,0
91972,0
91976,0
92000,0
92027,0
92055,0
92070,0
92076,0
92077,0
92077,0
92120,0
92120,0
92134,0
92141,0
92151,0
92216,0
92256,0
92269,0
92282,0
92286,0
92307,0
92345,0
92364,0
92365,0
92385,0
92391,0
92397,0
92416,0
92424,0
92433,0
92502,0
92536,0
92554,0
92571,0
92688,0
92712,0
92723,0
92768,0
92782,0
92812,0
92821,0
92877,0
92882,0
92893,0
92901,0
92951,0
92977,0
93064,0
93074,0
93075,0
93096,0
93102,0
93185,0
93222,0
93254,0
93272,0
93299,0
93329,0
93342,0
93352,0
93406,0
93415,0
93451,0
93559,0
93567,0
93763,0
93784,0
93798,0
93805,0
93935,0
93941,0
93964,0
93970,0
93977,0
93979,0
94000,0
94001,0
94007,0
94049,0
94092,0
94124,0
94130,0
94137,0
94186,0
94208,0
94219,0
94236,0
94251,0
94272,0
94278,0
94301,0
94321,0
94340,0
94376,0
94376,0
94380,0
94385,0
94411,0
94414,0
94415,0
94434,0
94434,0
94485,0
94621,0
94672,0
94728,0
94741,0
94791,0
94809,0
94815,0
94819,0
94828,0
94863,0
94881,0
94889,0
94909,0
94919,0
94985,0
95044,0
95063,0
95165,0
95189,0
95210,0
95236,0
95304,0
95308,0
95332,0
95353,0
95406,0
95433,0
95439,0
95477,0
95524,0
95545,0
95553,0
95558,0
95565,0
95572,0
95658,0
95682,0
95683,0
95720,0
95729,0
95731,0
95783,0
95820,0
95829,0
95839,0
95881,0
95890,0
95909,0
95991,0
96019,0
96049,0
96067,0
96070,0
96084,0
96099,0
96172,0
96193,0
96195,0
96213,0
96224,0
96259,0
96265,0
96351,0
96368,0
96394,0
96438,0
96479,0
96506,0
96527,0
96557,0
96580,0
96598,0
96606,0
96619,0
96627,0
96658,0
96710,0
96717,0
96723,0
96750,0
96770,0
96772,0
96862,0
96986,0
96987,0
97065,0
97113,0
97118,0
97213,0
97321,0
97375,0
97381,0
97382,0
97401,0
97409,0
97421,0
97462,0
97473,0
97510,0
97526,0
97537,0
97562,0
97629,0
97651,0
97666,0
97737,0
97772,0
97782,0
97799,0
97800,0
97822,0
97845,0
97878,0
97908,0
97925,0
97930,0
97936,0
97957,0
97977,0
97988,0
98018,0
98121,0
98143,0
98151,0
98199,0
98225,0
98229,0
98242,0
98269,0
98304,0
98342,0
98354,0
98363,0
98404,0
98417,0
98423,0
98428,0
98432,0
98493,0
98512,0
98543,0
98559,0
98581,0
98588,0
98608,0
98625,0
98631,0
98650,0
98684,0
98756,0
98797,0
98843,0
98853,0
98857,0
98863,0
98895,0
98914,0
98926,0
98927,0
98945,0
99004,0
99076,0
99097,0
99103,0
99149,0
99178,0
99244,0
99283,0
99293,0
99473,0
99475,0
99485,0
99520,0
99614,0
99616,0
99631,0
99678,0
99680,0
99709,0
99711,0
99726,0
99741,0
99792,0
99818,0
99842,0
99918,0
99985,0
100032,0
100092,0
100110,0
100116,0
100135,0
100153,0
100210,0
100257,0
100264,0
100277,0
100343,0
100399,0
100454,0
100469,0
100477,0
100497,0
100512,0
100526,0
100539,0
100547,0
100578,0
100625,0
100749,0
100788,0
100891,0
100925,0
101033,0
101052,0
101131,0
101161,0
101187,0
101203,0
101206,0
101246,0
101286,0
101288,0
101388,0
101441,0
101483,0
101530,0
101540,0
101548,0
101582,0
101594,0
101600,0
101600,0
101604,0
101612,0
101623,0
101675,0
101694,0
101748,0
101762,0
101772,0
101873,0
101874,0
101905,0
101942,0
101992,0
102152,0
102218,0
102222,0
102394,0
102422,0
102429,0
102450,0
102544,0
102551,0
102573,0
102604,0
102623,0
102693,0
102701,0
102716,0
102716,0
102720,0
102855,0
102879,0
102949,0
102965,0
103069,0
103092,0
103094,0
103137,0
103180,0
103183,0
103190,0
103215,0
103229,0
103291,0
103317,0
103333,0
103458,0
103458,0
103468,0
103494,0
103512,0
103562,0
103572,0
103603,0
103613,0
103616,0
103684,0
103686,0
103687,0
103704,0
103709,0
103713,0
103747,0
103763,0
103767,0
103806,0
103822,0
103881,0
103936,0
103974,0
103986,0
103988,0
103995,0
104074,0
104099,0
104144,0
104150,0
104172,0
104175,0
104237,0
104280,0
104444,0
104458,0
104524,0
104697,0
104722,0
104736,0
104758,0
104779,0
104783,0
104817,0
104878,0
104886,0
104901,0
104911,0
104920,0
104956,0
104964,0
104973,0
104974,0
104991,0
105010,0
105056,0
105058,0
105064,0
105115,0
105139,0
105200,0
105280,0
105293,0
105310,0
105327,0
105395,0
105456,0
105477,0
105492,0
105554,0
105557,0
105595,0
105622,0
105650,0
105655,0
105730,0
105744,0
105762,0
105835,0
105874,0
105997,0
106021,0
106085,0
106086,0
106115,0
106163,0
106186,0
106192,0
106202,0
106213,0
106220,0
106289,0
106349,0
106389,0
106406,0
106464,0
106465,0
106485,0
106540,0
106621,0
106659,0
106733,0
106747,0
106755,0
106775,0
106793,0
106803,0
106820,0
106843,0
106866,0
106933,0
107059,0
107096,0
107140,0
107181,0
107193,0
107268,0
107301,0
107330,0
107374,0
107400,0
107403,0
107437,0
107466,0
107480,0
107526,0
107527,0
107748,0
107800,0
107804,0
107842,0
107913,0
107914,0
107982,0
108027,0
108038,0
108047,0
108120,0
108127,0
108139,0
108155,0
108190,0
108195,0
108243,0
108287,0
108416,0
108462,0
108462,0
108476,0
108549,0
108560,0
108569,0
108589,0
108590,0
108592,0
108656,0
108664,0
108751,0
108754,0
108840,0
108855,0
108859,0
108865,0
108892,0
108916,0
108961,0
109038,0
109119,0
109122,0
109132,0
109216,0
109251,0
109324,0
109328,0
109333,0
109342,0
109399,0
109483,0
109515,0
109554,0
109600,0
109608,0
109624,0
109625,0
109627,0
109660,0
109748,0
109753,0
109783,0
109804,0
109824,0
109844,0
109896,0
110062,0
110066,0
110108,0
110122,0
110139,0
110161,0
110177,0
110177,0
110214,0
110269,0
110283,0
110317,0
110356,0
110420,0
110498,0
110597,0
110605,0
110650,0
110665,0
110671,0
110681,0
110685,0
110721,0
110757,0
110769,0
110838,0
110879,0
110927,0
110967,0
110981,0
110982,0
111073,0
111118,0
111123,0
111157,0
111158,0
111205,0
111208,0
111220,0
111258,0
111296,0
111297,0
111300,0
111307,0
111313,0
111383,0
111390,0
111422,0
111424,0
111480,0
111532,0
111540,0
111543,0
111566,0
111679,0
111690,0
111706,0
111732,0
111755,0
111793,0
111809,0
111834,0
111844,0
111849,0
111868,0
111886,0
112018,0
112022,0
112032,0
112032,0
112096,0
112103,0
112134,0
112137,0
112179,0
112185,0
112226,0
112227,0
112239,0
112249,0
112259,0
112263,0
112267,0
112290,0
112309,0
112317,0
112339,0
112363,0
112389,0
112395,0
112427,0
112456,0
112456,0
112457,0
112509,0
112511,0
112520,0
112601,0
112643,0
112666,0
112672,0
112719,0
112836,0
112853,0
112857,0
112970,0
113032,0
113065,0
113066,0
113072,0
113084,0
113107,0
113187,0
113201,0
113234,0
113293,0
113300,0
113348,0
113363,0
113367,0
113379,0
113421,0
113430,0
113461,0
113525,0
113569,0
113588,0
113602,0
113602,0
113656,0
113660,0
113680,0
113681,0
113712,0
113714,0
113759,0
113764,0
113776,0
113798,0
113801,0
113826,0
113863,0
113872,0
113897,0
113916,0
113960,0
113963,0
114036,0
114052,0
114053,0
114088,0
114183,0
114191,0
114269,0
114270,0
114295,0
114352,0
114390,0
114390,0
114404,0
114471,0
114478,0
114504,0
114528,0
114531,0
114546,0
114556,0
114572,0
114580,0
114622,0
114630,0
114634,0
114635,0
114654,0
114658,0
114660,0
114755,0
114769,0
114771,0
114806,0
114816,0
114885,0
114909,0
114931,0
114934,0
114956,0
114960,0
114961,0
114975,0
114976,0
114994,0
115029,0
115106,0
115135,0
115156,0
115183,0
115191,0
115193,0
115202,0
115207,0
115213,0
115284,0
115302,0
115326,0
115342,0
115347,0
115369,0
115385,0
115396,0
115468,0
115522,0
115545,0
115561,0
115616,0
115663,0
115694,0
115771,0
115842,0
115866,0
115885,0
115898,0
115900,0
115904,0
115919,0
115948,0
115964,0
116008,0
116014,0
116021,0
116073,0
116114,0
116124,0
116156,0
116195,0
116220,0
116268,0
116276,0
116309,0
116332,0
116341,0
116383,0
116392,0
116409,0
116409,0
116513,0
116519,0
116525,0
116565,0
116591,0
116673,0
116717,0
116724,0
116730,0
116784,0
116801,0
116828,0
116876,0
116890,0
116906,0
116983,0
117030,0
117045,0
117059,0
117061,0
117070,0
117117,0
117126,0
117130,0
117140,0
117145,0
117147,0
117151,0
117199,0
117224,0
117262,0
117293,0
117329,0
117343,0
117357,0
117365,0
117371,0
117379,0
117420,0
117427,0
117468,0
117498,0
117513,0
117527,0
117535,0
117535,0
117551,0
117610,0
117712,0
117727,0
117728,0
117762,0
117801,0
117811,0
117879,0
117892,0
117928,0
117970,0
117998,0
118103,0
118152,0
118179,0
118243,0
118265,0
118288,0
118321,0
118324,0
118359,0
118388,0
118394,0
118396,0
118411,0
118471,0
118482,0
118559,0
118577,0
118589,0
118596,0
118597,0
118657,0
118676,0
118758,0
118844,0
118853,0
118855,0
118886,0
118892,0
118914,0
118975,0
118976,0
119009,0
119062,0
119069,0
119091,0
119115,0
119272,0
119287,0
119342,0
119366,0
119388,0
119431,0
119438,0
119443,0
119508,0
119532,0
119613,0
119616,0
119620,0
119670,0
119673,0
119678,0
119735,0
119736,0
119739,0
119751,0
119791,0
119835,0
119859,0
119899,0
119940,0
120043,0
120160,0
120184,0
120190,0
120205,0
120222,0
120334,0
120350,0
120407,0
120432,0
120463,0
120464,0
120500,0
120511,0
120539,0
120570,0
120598,0
120625,0
120725,0
120741,0
120763,0
120781,0
120831,0
120868,0
120890,0
120905,0
120924,0
120925,0
120930,0
120935,0
121037,0
121060,0
121068,0
121127,0
121146,0
121163,0
121178,0
121262,0
121274,0
121276,0
121352,0
121457,0
121511,0
121536,0
121548,0
121553,0
121558,0
121564,0
121610,0
121625,0
121634,0
121637,0
121638,0
121660,0
121669,0
121675,0
121677,0
121679,0
121682,0
121712,0
121761,0
121790,0
121802,0
121809,0
121845,0
121994,0
122017,0
122030,0
122030,0
122035,0
122144,0
122172,0
122198,0
122200,0
122200,0
122212,0
122272,0
122277,0
122278,0
122285,0
122337,0
122343,0
122357,0
122391,0
122409,0
122428,0
122539,0
122575,0
122584,0
122597,0
122614,0
122691,0
122760,0
122771,0
122774,0
122778,0
122804,0
122806,0
122825,0
122869,0
122872,0
122891,0
122897,0
123011,0
123022,0
123026,0
123036,0
123103,0
123133,0
123160,0
123165,0
123182,0
123213,0
123217,0
123246,0
123274,0
123424,0
123436,0
123442,0
123444,0
123450,0
123469,0
123482,0
123485,0
123495,0
123500,0
123564,0
123646,0
123668,0
123672,0
123706,0
123771,0
123799,0
123909,0
123951,0
123991,0
124029,0
124090,0
124201,0
124294,0
124314,0
124339,0
124340,0
124387,0
124452,0
124523,0
124585,0
124629,0
124632,0
124714,0
124751,0
124809,0
124814,0
124818,0
124898,0
124919,0
124926,0
125006,0
125018,0
125040,0
125049,0
125094,0
125117,0
125127,0
125171,0
125171,0
125174,0
125176,0
125233,0
125289,0
125319,0
125349,0
125363,0
125369,0
125381,0
125397,0
125397,0
125409,0
125423,0
125439,0
125490,0
125495,0
125523,0
125550,0
125565,0
125601,0
125609,0
125630,0
125683,0
125689,0
125716,0
125735,0
125742,0
125751,0
125762,0
125793,0
125876,0
125921,0
125928,0
126002,0
126028,0
126042,0
126103,0
126146,0
126150,0
126179,0
126200,0
126203,0
126256,0
126289,0
126297,0
126352,0
126364,0
126393,0
126418,0
126470,0
126497,0
126567,0
126571,0
126592,0
126602,0
126666,0
126691,0
126729,0
126815,0
126842,0
126843,0
126846,0
126851,0
126864,0
126878,0
126940,0
126963,0
126981,0
127001,0
127008,0
127054,0
127111,0
127150,0
127156,0
127177,0
127208,0
127214,0
127261,0
127307,0
127334,0
127417,0
127442,0
127459,0
127480,0
127484,0
127524,0
127557,0
127586,0
127591,0
127597,0
127623,0
127663,0
127699,0
127710,0
127740,0
127746,0
127783,0
127788,0
127860,0
127920,0
127933,0
127941,0
127983,0
127994,0
128053,0
128068,0
128162,0
128178,0
128213,0
128235,0
128309,0
128312,0
128323,0
128337,0
128440,0
128462,0
128468,0
128474,0
128525,0
128536,0
128540,0
128571,0
128577,0
128585,0
128626,0
128652,0
128693,0
128694,0
128705,0
128719,0
128766,0
128770,0
128791,0
128791,0
128795,0
128799,0
128806,0
128831,0
128832,0
128912,0
128922,0
128969,0
128975,0
129012,0
129068,0
129085,0
129099,0
129138,0
129139,0
129225,0
129259,0
129282,0
129316,0
129323,0
129341,0
129346,0
129360,0
129393,0
129440,0
129448,0
129455,0
129462,0
129502,0
129504,0
129597,0
129609,0
129616,0
129638,0
129646,0
129650,0
129671,0
129671,0
129701,0
129713,0
129749,0
129775,0
129787,0
129821,0
129840,0
129879,0
129884,0
129919,0
129935,0
129979,0
129979,0
130007,0
130011,0
130093,0
130102,0
130152,0
130176,0
130179,0
130202,0
130290,0
130320,0
130375,0
130396,0
130400,0
130402,0
130421,0
130440,0
130444,0
130449,0
130465,0
130476,0
130518,0
130552,0
130598,0
130625,0
130625,0
130628,0
130687,0
130718,0
130718,0
130731,0
130740,0
130777,0
130781,0
130807,0
130821,0
131027,0
131045,0
131065,0
131125,0
131170,0
131175,0
131205,0
131210,0
131220,0
131227,0
131269,0
131276,0
131277,0
131305,0
131309,0
131356,0
131450,0
131467,0
131517,0
131531,0
131561,0
131677,0
131805,0
131808,0
131934,0
131936,0
131949,0
131983,0
131987,0
132007,0
132034,0
132036,0
132066,0
132144,0
132150,0
132178,0
132194,0
132327,0
132336,0
132367,0
132367,0
132392,0
132423,0
132435,0
132468,0
132494,0
132500,0
132572,0
132574,0
132583,0
132596,0
132638,0
132653,0
132673,0
132674,0
132715,0
132719,0
132745,0
132799,0
132823,0
132838,0
132840,0
132917,0
132928,0
132936,0
132946,0
132952,0
133004,0
133040,0
133065,0
133071,0
133084,0
133129,0
133130,0
133159,0
133180,0
133219,0
133223,0
133255,0
133283,0
133297,0
133313,0
133354,0
133410,0
133427,0
133450,0
133489,0
133494,0
133497,0
133509,0
133528,0
133606,0
133649,0
133668,0
133697,0
133707,0
133733,0
133744,0
133753,0
133755,0
133757,0
133775,0
133776,0
133790,0
133791,0
133832,0
133883,0
133886,0
133910,0
133921,0
133975,0
133978,0
134009,0
134014,0
134021,0
134030,0
134035,0
134065,0
134086,0
134087,0
134116,0
134125,0
134156,0
134177,0
134196,0
134200,0
134200,0
134205,0
134287,0
134325,0
134329,0
134357,0
134407,0
134409,0
134449,0
134452,0
134488,0
134530,0
134634,0
134639,0
134682,0
134696,0
134724,0
134726,0
134747,0
134786,0
134824,0
134840,0
134842,0
134856,0
134863,0
134901,0
134910,0
134938,0
134964,0
134966,0
135055,0
135063,0
135154,0
135184,0
135271,0
135332,0
135334,0
135395,0
135439,0
135480,0
135504,0
135529,0
135639,0
135680,0
135761,0
135768,0
135837,0
135865,0
135879,0
135897,0
135942,0
136067,0
136172,0
136185,0
136199,0
136201,0
136231,0
136301,0
136306,0
136320,0
136344,0
136381,0
136382,0
136394,0
136399,0
136401,0
136507,0
136522,0
136546,0
136616,0
136673,0
136719,0
136740,0
136741,0
136751,0
136790,0
136794,0
136848,0
136859,0
136867,0
136915,0
136929,0
136952,0
136967,0
136970,0
136978,0
136998,0
137001,0
137029,0
137044,0
137044,0
137084,0
137195,0
137243,0
137246,0
137267,0
137337,0
137354,0
137367,0
137413,0
137449,0
137455,0
137592,0
137599,0
137634,0
137636,0
137670,0
137695,0
137775,0
137781,0
137806,0
137844,0
137876,0
137886,0
137957,0
138012,0
138015,0
138052,0
138115,0
138121,0
138132,0
138207,0
138258,0
138270,0
138291,0
138297,0
138315,0
138377,0
138387,0
138393,0
138395,0
138524,0
138554,0
138691,0
138735,0
138736,0
138737,0
138764,0
138772,0
138858,0
138903,0
138941,0
138941,0
138942,0
138957,0
138995,0
139033,0
139042,0
139048,0
139049,0
139052,0
139107,0
139140,0
139141,0
139143,0
139198,0
139235,0
139251,0
139257,0
139272,0
139351,0
139458,0
139464,0
139471,0
139490,0
139504,0
139513,0
139528,0
139573,0
139620,0
139623,0
139638,0
139657,0
139659,0
139722,0
139729,0
139735,0
139737,0
139802,0
139835,0
139878,0
139906,0
139909,0
139918,0
139923,0
139935,0
139955,0
140022,0
140156,0
140207,0
140238,0
140272,0
140292,0
140326,0
140410,0
140423,0
140434,0
140522,0
140537,0
140579,0
140617,0
140645,0
140648,0
140654,0
140711,0
140767,0
140853,0
140861,0
140878,0
140895,0
140919,0
140944,0
140998,0
141007,0
141010,0
141027,0
141105,0
141110,0
141136,0
141145,0
141181,0
141219,0
141220,0
141237,0
141266,0
141282,0
141285,0
141293,0
141295,0
141300,0
141320,0
141335,0
141339,0
141355,0
141366,0
141388,0
141411,0
141411,0
141413,0
141420,0
141465,0
141475,0
141521,0
141537,0
141596,0
141612,0
141613,0
141616,0
141647,0
141649,0
141706,0
141747,0
141754,0
141866,0
141948,0
141981,0
142013,0
142028,0
142053,0
142055,0
142162,0
142175,0
142175,0
142179,0
142187,0
142242,0
142304,0
142308,0
142339,0
142367,0
142413,0
142434,0
142482,0
142497,0
142500,0
142541,0
142560,0
142591,0
142644,0
142646,0
142680,0
142729,0
142740,0
142778,0
142799,0
142806,0
142837,0
142841,0
142855,0
142867,0
142937,0
142953,0
142963,0
142969,0
142978,0
142993,0
143027,0
143042,0
143057,0
143129,0
143132,0
143136,0
143140,0
143141,0
143158,0
143170,0
143284,0
143338,0
143339,0
143372,0
143376,0
143388,0
143403,0
143415,0
143432,0
143472,0
143515,0
143520,0
143585,0
143592,0
143621,0
143725,0
143736,0
143737,0
143770,0
143868,0
143903,0
143948,0
143957,0
144012,0
144031,0
144039,0
144074,0
144091,0
144138,0
144202,0
144238,0
144239,0
144249,0
144282,0
144302,0
144320,0
144343,0
144362,0
144459,0
144473,0
144517,0
144534,0
144535,0
144542,0
144611,0
144614,0
144636,0
144647,0
144655,0
144708,0
144724,0
144812,0
144815,0
144839,0
144869,0
144872,0
144878,0
144889,0
144971,0
145049,0
145063,0
145111,0
145115,0
145118,0
145144,0
145161,0
145179,0
145193,0
145199,0
145217,0
145238,0
145242,0
145277,0
145350,0
145399,0
145419,0
145480,0
145513,0
145587,0
145596,0
145612,0
145643,0
145664,0
145668,0
145670,0
145686,0
145733,0
145741,0
145743,0
145761,0
145769,0
145781,0
145785,0
145805,0
145817,0
145869,0
145879,0
145936,0
145941,0
145967,0
146055,0
146070,0
146071,0
146111,0
146126,0
146139,0
146154,0
146166,0
146173,0
146221,0
146239,0
146240,0
146250,0
146254,0
146298,0
146316,0
146317,0
146352,0
146354,0
146371,0
146371,0
146398,0
146426,0
146520,0
146589,0
146625,0
146660,0
146666,0
146734,0
146791,0
146817,0
146880,0
146890,0
146906,0
146920,0
146930,0
146983,0
146983,0
147027,0
147058,0
147085,0
147134,0
147142,0
147168,0
147180,0
147190,0
147206,0
147227,0
147228,0
147304,0
147314,0
147317,0
147328,0
147337,0
147340,0
147391,0
147412,0
147508,0
147517,0
147526,0
147533,0
147558,0
147568,0
147689,0
147709,0
147743,0
147779,0
147811,0
147851,0
147856,0
147888,0
147941,0
147943,0
147985,0
148065,0
148078,0
