4,0
69,0
201,0
368,0
410,0
427,0
565,0
602,0
626,0
662,0
719,0
746,0
750,0
764,0
932,0
1083,0
1108,0
1113,0
1144,0
1153,0
1166,0
1252,0
1257,0
1279,0
1325,0
1337,0
1364,0
1439,0
1440,0
1441,0
1444,0
1459,0
1472,0
1473,0
1552,0
1563,0
1574,0
1587,0
1602,0
1602,0
1638,0
1674,0
1696,0
1723,0
1769,0
1785,0
1798,0
1825,0
1832,0
1849,0
1859,0
1875,0
1880,0
1942,0
1965,0
1984,0
1990,0
2055,0
2064,0
2067,0
2124,0
2209,0
2215,0
2225,0
2235,0
2251,0
2253,0
2334,0
2337,0
2361,0
2445,0
2464,0
2506,0
2602,0
2672,0
2681,0
2681,0
2694,0
2798,0
2877,0
2905,0
2956,0
2963,0
2995,0
3196,0
3199,0
3280,0
3297,0
3322,0
3332,0
3341,0
3353,0
3450,0
3501,0
3539,0
3563,0
3648,0
3738,0
3871,0
3911,0
3911,0
3947,0
3962,0
4016,0
4027,0
4044,0
4060,0
4216,0
4226,0
4264,0
4265,0
4273,0
4336,0
4358,0
4368,0
4384,0
4458,0
4469,0
4483,0
4514,0
4581,0
4600,0
4665,0
4715,0
4776,0
4783,0
4855,0
4872,0
4954,0
4980,0
4994,0
5019,0
5027,0
5112,0
5122,0
5149,0
5156,0
5183,0
5196,0
5197,0
5320,0
5359,0
5402,0
5439,0
5450,0
5513,0
5515,0
5518,0
5594,0
5689,0
5733,0
5747,0
5749,0
5749,0
5765,0
5821,0
5835,0
5878,0
5910,0
5919,0
5942,0
5997,0
6077,0
6090,0
6099,0
6120,0
6122,0
6126,0
6144,0
6164,0
6238,0
6251,0
6287,0
6298,0
6305,0
6330,0
6344,0
6380,0
6385,0
6414,0
6432,0
6527,0
6611,0
6615,0
6778,0
6810,0
6871,0
6883,0
6899,0
6907,0
6913,0
6975,0
7137,0
7177,0
7288,0
7346,0
7355,0
7362,0
7367,0
7418,0
7447,0
7455,0
7512,0
7539,0
7587,0
7598,0
7624,0
7661,0
7668,0
7691,0
7697,0
7708,0
7709,0
7724,0
7804,0
7807,0
7840,0
7917,0
7933,0
7937,0
7971,0
7974,0
8024,0
8025,0
8103,0
8126,0
8128,0
8154,0
8231,0
8328,0
8366,0
8462,0
8462,0
8472,0
8492,0
8500,0
8538,0
8614,0
8691,0
8697,0
8697,0
8857,0
8872,0
8905,0
9038,0
9061,0
9152,0
9171,0
9173,0
9252,0
9489,0
9523,0
9551,0
9594,0
9603,0
9606,0
9642,0
9644,0
9677,0
9796,0
9854,0
9858,0
9931,0
9940,0
9948,0
10059,0
10093,0
10098,0
10136,0
10155,0
10208,0
10256,0
10291,0
10312,0
10327,0
10371,0
10396,0
10450,0
10516,0
10548,0
10566,0
10569,0
10571,0
10609,0
10621,0
10745,0
10746,0
10760,0
10790,0
10849,0
10927,0
10942,0
10978,0
11077,0
11113,0
11131,0
11179,0
11231,0
11257,0
11330,0
11345,0
11371,0
11373,0
11389,0
11404,0
11418,0
11453,0
11482,0
11511,0
11588,0
11647,0
11701,0
11817,0
11890,0
11932,0
12018,0
12028,0
12039,0
12053,0
12161,0
12187,0
12187,0
12192,0
12218,0
12222,0
12232,0
12238,0
12258,0
12319,0
12351,0
12365,0
12419,0
12515,0
12561,0
12614,0
12633,0
12654,0
12702,0
12703,0
12748,0
12767,0
12917,0
12939,0
12939,0
13013,0
13086,0
13154,0
13166,0
13168,0
13265,0
13372,0
13380,0
13661,0
13696,0
13701,0
13736,0
13814,0
13872,0
13996,0
14077,0
14084,0
14089,0
14106,0
14137,0
14143,0
14169,0
14188,0
14199,0
14225,0
14244,0
14263,0
14289,0
14292,0
14301,0
14337,0
14361,0
14380,0
14423,0
14451,0
14472,0
14511,0
14687,0
14727,0
14803,0
14823,0
14825,0
14850,0
14878,0
14936,0
14959,0
15024,0
15044,0
15106,0
15158,0
15165,0
15219,0
15240,0
15309,0
15360,0
15371,0
15436,0
15452,0
15504,0
15516,0
15587,0
15640,0
15657,0
15676,0
15724,0
15741,0
15749,0
15768,0
15836,0
15902,0
15938,0
16003,0
16020,0
16022,0
16056,0
16060,0
16094,0
16164,0
16201,0
16207,0
16240,0
16276,0
16359,0
16361,0
16380,0
16401,0
16404,0
16407,0
16448,0
16506,0
16520,0
16549,0
16568,0
16619,0
16638,0
16707,0
16737,0
16767,0
16794,0
16839,0
16854,0
16861,0
16909,0
16955,0
16980,0
17025,0
17142,0
17159,0
17208,0
17217,0
17288,0
17327,0
17328,0
17381,0
17394,0
17433,0
17451,0
17519,0
17531,0
17550,0
17635,0
17724,0
17727,0
17777,0
17777,0
17845,0
17864,0
17873,0
17876,0
17901,0
17910,0
17946,0
17982,0
18110,0
18111,0
18150,0
18153,0
18195,0
18200,0
18207,0
18232,0
18278,0
18300,0
18324,0
18339,0
18340,0
18348,0
18368,0
18374,0
18380,0
18407,0
18453,0
18472,0
18479,0
18518,0
18581,0
18614,0
18707,0
18781,0
18831,0
18851,0
18868,0
18931,0
18961,0
18969,0
18984,0
19009,0
19018,0
19042,0
19121,0
19165,0
19189,0
19274,0
19291,0
19324,0
19358,0
19379,0
19388,0
19388,0
19439,0
19440,0
19573,0
19584,0
19597,0
19613,0
19709,0
19712,0
19730,0
19749,0
19757,0
19788,0
19895,0
19930,0
19968,0
19982,0
20022,0
20032,0
20039,0
20045,0
20047,0
20115,0
20123,0
20214,0
20261,0
20323,0
20334,0
20348,0
20349,0
20368,0
20401,0
20429,0
20499,0
20519,0
20565,0
20585,0
20683,0
20736,0
20749,0
20757,0
20797,0
20828,0
20853,0
20887,0
20940,0
20976,0
20981,0
21053,0
21166,0
21178,0
21226,0
21293,0
21307,0
21311,0
21322,0
21326,0
21343,0
21503,0
21509,0
21542,0
21546,0
21550,0
21556,0
21645,0
21663,0
21665,0
21679,0
21684,0
21716,0
21720,0
21749,0
21760,0
21811,0
21827,0
21831,0
21831,0
21871,0
21927,0
21984,0
22013,0
22021,0
22030,0
22097,0
22158,0
22188,0
22189,0
22207,0
22241,0
22242,0
22252,0
22264,0
22488,0
22502,0
22506,0
22514,0
22547,0
22569,0
22571,0
22589,0
22600,0
22612,0
22680,0
22707,0
22926,0
22949,0
22959,0
22977,0
23031,0
23052,0
23054,0
23104,0
23113,0
23141,0
23178,0
23195,0
23211,0
23306,0
23426,0
23460,0
23466,0
23483,0
23500,0
23505,0
23523,0
23549,0
23598,0
23785,0
23821,0
23879,0
23899,0
23916,0
23925,0
23953,0
23965,0
24114,0
24126,0
24198,0
24208,0
24227,0
24276,0
24351,0
24357,0
24374,0
24384,0
24441,0
24524,0
24588,0
24604,0
24644,0
24691,0
24710,0
24710,0
24747,0
24768,0
24769,0
24780,0
24828,0
24866,0
24883,0
24917,0
24918,0
24959,0
24970,0
25015,0
25073,0
25086,0
25097,0
25127,0
25156,0
25159,0
25188,0
25215,0
25216,0
25218,0
25227,0
25282,0
25293,0
25301,0
25309,0
25364,0
25372,0
25378,0
25432,0
25444,0
25636,0
25672,0
25695,0
25705,0
25739,0
25869,0
25874,0
25892,0
25923,0
25925,0
25957,0
25990,0
25997,0
26011,0
26019,0
26099,0
26183,0
26201,0
26208,0
26219,0
26219,0
26249,0
26255,0
26426,0
26450,0
26550,0
26569,0
26574,0
26582,0
26623,0
26664,0
26767,0
26826,0
26838,0
26848,0
26852,0
26889,0
26904,0
26926,0
26961,0
27011,0
27011,0
27033,0
27045,0
27050,0
27075,0
27139,0
27222,0
27226,0
27254,0
27262,0
27280,0
27283,0
27319,0
27367,0
27384,0
27453,0
27515,0
27535,0
27585,0
27587,0
27609,0
27646,0
27650,0
27707,0
27912,0
27916,0
27937,0
27950,0
27984,0
28041,0
28052,0
28064,0
28073,0
28106,0
28185,0
28192,0
28196,0
28201,0
28236,0
28269,0
28320,0
28331,0
28341,0
28348,0
28392,0
28397,0
28411,0
28420,0
28443,0
28507,0
28528,0
28615,0
28637,0
28674,0
28716,0
28760,0
28761,0
28805,0
28814,0
28938,0
28946,0
28973,0
28998,0
29003,0
29006,0
29068,0
29102,0
29123,0
29139,0
29184,0
29192,0
29215,0
29253,0
29254,0
29260,0
29272,0
29284,0
29565,0
29590,0
29625,0
29660,0
29675,0
29686,0
29693,0
29699,0
29732,0
29816,0
29865,0
29946,0
29948,0
29948,0
29950,0
29962,0
29991,0
30122,0
30147,0
30296,0
30300,0
30306,0
30339,0
30342,0
30403,0
30408,0
30473,0
30542,0
30566,0
30599,0
30626,0
30630,0
30652,0
30663,0
30749,0
30767,0
30839,0
30840,0
31021,0
31040,0
31055,0
31095,0
31139,0
31191,0
31192,0
31200,0
31201,0
31243,0
31316,0
31340,0
31395,0
31435,0
31443,0
31472,0
31520,0
31538,0
31543,0
31590,0
31600,0
31681,0
31771,0
31815,0
31834,0
31849,0
31890,0
31929,0
31951,0
31969,0
32000,0
32031,0
32042,0
32080,0
32083,0
32088,0
32103,0
32157,0
32221,0
32228,0
32239,0
32289,0
32303,0
32396,0
32398,0
32406,0
32421,0
32466,0
32469,0
32498,0
32529,0
32535,0
32537,0
32617,0
32652,0
32660,0
32715,0
32715,0
32771,0
32830,0
32844,0
32871,0
32901,0
32908,0
32934,0
32947,0
32974,0
33020,0
33050,0
33062,0
33082,0
33151,0
33201,0
33233,0
33238,0
33242,0
33313,0
33327,0
33413,0
33443,0
33449,0
33568,0
33596,0
33642,0
33659,0
33676,0
33700,0
33729,0
33793,0
33834,0
33926,0
33941,0
33978,0
33999,0
34052,0
34055,0
34073,0
34087,0
34206,0
34213,0
34253,0
34259,0
34308,0
34359,0
34359,0
34377,0
34460,0
34594,0
34614,0
34637,0
34738,0
34743,0
34802,0
34900,0
34917,0
34928,0
34937,0
35019,0
35060,0
35232,0
35250,0
35317,0
35345,0
35403,0
35486,0
35489,0
35493,0
35517,0
35571,0
35735,0
35781,0
35785,0
35816,0
35884,0
35902,0
35909,0
35927,0
35944,0
35951,0
35958,0
35965,0
35989,0
35990,0
36035,0
36052,0
36074,0
36083,0
36119,0
36227,0
36280,0
36430,0
36482,0
36508,0
36525,0
36529,0
36548,0
36569,0
36624,0
36678,0
36734,0
36740,0
36797,0
36804,0
36837,0
36842,0
36858,0
36889,0
36889,0
36899,0
36927,0
36958,0
36959,0
36961,0
36985,0
37051,0
37092,0
37116,0
37126,0
37129,0
37136,0
37204,0
37222,0
37315,0
37370,0
37390,0
37394,0
37405,0
37458,0
37470,0
37480,0
37549,0
37576,0
37639,0
37664,0
37695,0
37696,0
37751,0
37916,0
37977,0
37984,0
38023,0
38113,0
38139,0
38178,0
38194,0
38274,0
38305,0
38335,0
38359,0
38426,0
38466,0
38486,0
38500,0
38571,0
38607,0
38610,0
38707,0
38757,0
38858,0
38911,0
38935,0
39009,0
39039,0
39063,0
39068,0
39177,0
39180,0
39309,0
39336,0
39336,0
39394,0
39432,0
39433,0
39465,0
39471,0
39508,0
39516,0
39551,0
39586,0
39657,0
39660,0
39661,0
39769,0
39779,0
39944,0
39954,0
39973,0
40058,0
40090,0
40104,0
40119,0
40122,0
40142,0
40147,0
40206,0
40225,0
40233,0
40279,0
40287,0
40319,0
40331,0
40342,0
40342,0
40376,0
40494,0
40546,0
40548,0
40631,0
40639,0
40640,0
40678,0
40699,0
40738,0
40833,0
40872,0
40897,0
40985,0
41002,0
41025,0
41051,0
41070,0
41097,0
41231,0
41234,0
41238,0
41266,0
41269,0
41321,0
41329,0
41335,0
41337,0
41374,0
41383,0
41411,0
41458,0
41490,0
41510,0
41575,0
41603,0
41631,0
41665,0
41684,0
41718,0
41773,0
41880,0
41891,0
41913,0
41953,0
42028,0
42052,0
42078,0
42086,0
42102,0
42139,0
42141,0
42166,0
42184,0
42260,0
42312,0
42381,0
42416,0
42470,0
42549,0
42585,0
42640,0
42649,0
42689,0
42704,0
42749,0
42755,0
42763,0
42776,0
42776,0
42795,0
42801,0
42831,0
42844,0
42852,0
42861,0
42917,0
42927,0
42948,0
42985,0
43012,0
43047,0
43127,0
43146,0
43148,0
43149,0
43187,0
43202,0
43296,0
43302,0
43307,0
43325,0
43330,0
43341,0
43363,0
43378,0
43387,0
43473,0
43488,0
43586,0
43606,0
43619,0
43683,0
43707,0
43717,0
43841,0
43867,0
43883,0
43958,0
43997,0
44045,0
44153,0
44233,0
44347,0
44371,0
44403,0
44452,0
44493,0
44548,0
44568,0
44573,0
44669,0
44677,0
44801,0
44834,0
44913,0
44970,0
45062,0
45091,0
45104,0
45124,0
45135,0
45193,0
45194,0
45197,0
45199,0
45214,0
45240,0
45248,0
45272,0
45276,0
45290,0
45408,0
45416,0
45438,0
45441,0
45482,0
45490,0
45493,0
45501,0
45510,0
45541,0
45557,0
45574,0
45583,0
45598,0
45647,0
45653,0
45662,0
45703,0
45705,0
45707,0
45727,0
45732,0
45760,0
45849,0
45936,0
46070,0
46090,0
46103,0
46299,0
46336,0
46339,0
46367,0
46383,0
46445,0
46466,0
46492,0
46521,0
46536,0
46546,0
46580,0
46599,0
46636,0
46708,0
46750,0
46774,0
46826,0
46874,0
46900,0
46959,0
47114,0
47119,0
47133,0
47139,0
47268,0
47306,0
47329,0
47403,0
47421,0
47455,0
47460,0
47475,0
47496,0
47508,0
47529,0
47594,0
47635,0
47641,0
47658,0
47803,0
47832,0
47850,0
47860,0
47870,0
48029,0
48042,0
48055,0
48070,0
48096,0
48108,0
48142,0
48195,0
48243,0
48321,0
48334,0
48355,0
48371,0
48436,0
48477,0
48524,0
48527,0
48632,0
48672,0
48772,0
48888,0
48905,0
48983,0
49016,0
49020,0
49038,0
49055,0
49101,0
49150,0
49152,0
49153,0
49230,0
49263,0
49384,0
49451,0
49461,0
49469,0
49475,0
49529,0
49566,0
49577,0
49598,0
49636,0
49709,0
49723,0
49731,0
49811,0
49820,0
49824,0
49841,0
49854,0
49869,0
49935,0
49968,0
50017,0
50060,0
50154,0
50188,0
50232,0
50322,0
50350,0
50361,0
50362,0
50394,0
50407,0
50427,0
50562,0
50571,0
50617,0
50767,0
50877,0
50899,0
50902,0
51000,0
51021,0
51098,0
51303,0
51321,0
51335,0
51356,0
51397,0
51446,0
51466,0
51482,0
51505,0
51520,0
51582,0
51610,0
51636,0
51714,0
51724,0
51793,0
51796,0
51801,0
51810,0
51842,0
51860,0
51921,0
51925,0
51942,0
52006,0
52027,0
52039,0
52074,0
52144,0
52183,0
52206,0
52229,0
52261,0
52364,0
52411,0
52415,0
52421,0
52440,0
52526,0
52560,0
52580,0
52616,0
52630,0
52634,0
52641,0
52684,0
52691,0
52703,0
52707,0
52728,0
52729,0
52738,0
52741,0
52742,0
52779,0
52833,0
52841,0
52862,0
52886,0
52898,0
52905,0
52923,0
52939,0
53191,0
53256,0
53283,0
53303,0
53375,0
53385,0
53447,0
53475,0
53518,0
53593,0
53608,0
53709,0
53709,0
53718,0
53754,0
53882,0
53896,0
53992,0
54009,0
54076,0
54084,0
54087,0
54103,0
54147,0
54148,0
54162,0
54220,0
54294,0
54303,0
54382,0
54385,0
54395,0
54455,0
54455,0
54515,0
54545,0
54561,0
54635,0
54642,0
54676,0
54689,0
54701,0
54712,0
54714,0
54830,0
54885,0
54943,0
54958,0
55014,0
55110,0
55115,0
55153,0
55242,0
55272,0
55332,0
55458,0
55502,0
55510,0
55522,0
55563,0
55657,0
55793,0
55797,0
55822,0
55825,0
55850,0
55868,0
55890,0
55906,0
55994,0
55995,0
56007,0
56019,0
56059,0
56059,0
56091,0
56200,0
56236,0
56270,0
56286,0
56301,0
56312,0
56327,0
56348,0
56383,0
56395,0
56413,0
56430,0
56468,0
56481,0
56495,0
56554,0
56558,0
56559,0
56602,0
56649,0
56649,0
56677,0
56738,0
56739,0
56766,0
56868,0
56873,0
56905,0
57008,0
57033,0
57049,0
57081,0
57127,0
57222,0
57251,0
57322,0
57349,0
57355,0
57373,0
57400,0
57422,0
57504,0
57536,0
57574,0
57621,0
57629,0
57654,0
57656,0
57669,0
57672,0
57721,0
57768,0
57780,0
57782,0
57807,0
57838,0
57962,0
58006,0
58043,0
58128,0
58141,0
58143,0
58145,0
58154,0
58195,0
58198,0
58201,0
58203,0
58389,0
58425,0
58482,0
58487,0
58562,0
58644,0
58647,0
58657,0
58701,0
58744,0
58868,0
58872,0
58887,0
58891,0
58896,0
58927,0
58949,0
58956,0
59029,0
59041,0
59079,0
59098,0
59163,0
59172,0
59175,0
59175,0
59183,0
59231,0
59237,0
59253,0
59288,0
59319,0
59512,0
59518,0
59528,0
59538,0
59581,0
59622,0
59641,0
59647,0
59661,0
59741,0
59757,0
59764,0
59795,0
59839,0
59846,0
59878,0
59922,0
59924,0
59987,0
60011,0
60046,0
60106,0
60121,0
60143,0
60143,0
60191,0
60284,0
60318,0
60325,0
60366,0
60432,0
60497,0
60498,0
60505,0
60591,0
60640,0
60673,0
60712,0
60730,0
60798,0
60804,0
60850,0
60902,0
60921,0
60999,0
61022,0
61189,0
61194,0
61278,0
61328,0
61349,0
61411,0
61420,0
61436,0
61636,0
61781,0
61789,0
61816,0
61835,0
61921,0
61923,0
61990,0
61992,0
62015,0
62023,0
62061,0
62086,0
62093,0
62175,0
62230,0
62256,0
62341,0
62342,0
62366,0
62448,0
62466,0
62480,0
62486,0
62557,0
62607,0
62650,0
62754,0
62790,0
62798,0
62809,0
62829,0
62914,0
62931,0
62957,0
62976,0
62999,0
63088,0
63101,0
63134,0
63134,0
63153,0
63157,0
63174,0
63229,0
63289,0
63327,0
63363,0
63384,0
63481,0
63504,0
63513,0
63543,0
63613,0
63693,0
63757,0
63780,0
63783,0
63812,0
63851,0
63871,0
63971,0
63973,0
63986,0
64019,0
64037,0
64054,0
64200,0
64211,0
64221,0
64222,0
64239,0
64272,0
64279,0
64317,0
64393,0
64427,0
64449,0
64466,0
64489,0
64500,0
64506,0
64512,0
64516,0
64520,0
64545,0
64629,0
64704,0
64759,0
64779,0
64784,0
64849,0
64858,0
64865,0
64878,0
64889,0
64890,0
64955,0
65016,0
65056,0
65065,0
65096,0
65190,0
65203,0
65216,0
65220,0
65254,0
65295,0
65298,0
65321,0
65359,0
65463,0
65518,0
65524,0
65555,0
65564,0
65577,0
65585,0
65596,0
65598,0
65598,0
65644,0
65804,0
65913,0
65916,0
65957,0
65975,0
65976,0
65993,0
65994,0
66065,0
66083,0
66114,0
66114,0
66128,0
66185,0
66256,0
66267,0
66275,0
66285,0
66343,0
66348,0
66351,0
66363,0
66380,0
66398,0
66403,0
66424,0
66525,0
66545,0
66596,0
66596,0
66599,0
66662,0
66700,0
66711,0
66777,0
66799,0
66819,0
66824,0
66878,0
66949,0
66961,0
66967,0
67026,0
67037,0
67077,0
67089,0
67121,0
67177,0
67218,0
67239,0
67250,0
67294,0
67302,0
67334,0
67443,0
67462,0
67661,0
67699,0
67739,0
67766,0
67838,0
67848,0
67872,0
67884,0
67915,0
67923,0
67926,0
67930,0
67955,0
67969,0
68029,0
68051,0
68124,0
68227,0
68280,0
68281,0
68346,0
68391,0
68597,0
68600,0
68620,0
68624,0
68720,0
68720,0
68759,0
68774,0
68846,0
68867,0
68896,0
68912,0
69088,0
69090,0
69094,0
69160,0
69192,0
69231,0
69238,0
69265,0
69284,0
69361,0
69383,0
69386,0
69547,0
69595,0
69606,0
69647,0
69653,0
69701,0
69721,0
69756,0
69793,0
69805,0
69808,0
69822,0
69849,0
69859,0
69861,0
69889,0
69910,0
69991,0
69997,0
70014,0
70033,0
70040,0
70044,0
70119,0
70127,0
70151,0
70190,0
70297,0
70317,0
70348,0
70390,0
70398,0
70412,0
70416,0
70479,0
70516,0
70519,0
70633,0
70648,0
70682,0
70700,0
70729,0
70734,0
70757,0
70807,0
70861,0
70887,0
70888,0
70889,0
70956,0
70972,0
71002,0
71115,0
71141,0
71142,0
71225,0
71229,0
71313,0
71325,0
71374,0
71417,0
71492,0
71505,0
71549,0
71556,0
71562,0
71602,0
71608,0
71666,0
71727,0
71739,0
71765,0
71802,0
71844,0
71890,0
71909,0
71920,0
72030,0
72112,0
72117,0
72184,0
72191,0
72230,0
72250,0
72271,0
72449,0
72568,0
72603,0
72604,0
72631,0
72644,0
72648,0
72670,0
72730,0
72741,0
72800,0
72868,0
72900,0
72900,0
72946,0
72955,0
72961,0
73174,0
73187,0
73232,0
73247,0
73297,0
73373,0
73382,0
73439,0
73468,0
73500,0
73514,0
73555,0
73565,0
73581,0
73616,0
73636,0
73655,0
73668,0
73736,0
73764,0
73771,0
73813,0
73815,0
73832,0
73849,0
73873,0
73911,0
73926,0
73958,0
73958,0
73961,0
73983,0
74020,0
74076,0
74086,0
74131,0
74163,0
74183,0
74202,0
74228,0
74234,0
74240,0
74277,0
74290,0
74295,0
74360,0
74367,0
74380,0
74443,0
74443,0
74466,0
74483,0
74512,0
74558,0
74584,0
74650,0
74704,0
74740,0
74764,0
74778,0
74837,0
74880,0
74883,0
74923,0
74948,0
74956,0
74959,0
74973,0
74974,0
74986,0
75078,0
75087,0
75122,0
75135,0
75138,0
75206,0
75211,0
75215,0
75329,0
75361,0
75367,0
75375,0
75432,0
75435,0
75491,0
75520,0
75539,0
75619,0
75630,0
75661,0
75666,0
75684,0
75863,0
75907,0
75920,0
75923,0
76019,0
76044,0
76058,0
76073,0
76125,0
76131,0
76216,0
76223,0
76225,0
76340,0
76374,0
76374,0
76388,0
76412,0
76441,0
76470,0
76530,0
76531,0
76534,0
76547,0
76556,0
76625,0
76649,0
76651,0
76669,0
76689,0
76723,0
76733,0
76774,0
76811,0
76839,0
76842,0
76846,0
76862,0
76867,0
76872,0
76884,0
76893,0
76918,0
76930,0
76946,0
76956,0
76967,0
76972,0
76977,0
77123,0
77128,0
77143,0
77181,0
77209,0
77213,0
77264,0
77266,0
77290,0
77291,0
77293,0
77308,0
77407,0
77422,0
77472,0
77503,0
77510,0
77540,0
77565,0
77584,0
77586,0
77605,0
77609,0
77645,0
77764,0
77778,0
77872,0
78012,0
78020,0
78032,0
78032,0
78058,0
78063,0
78082,0
78111,0
78213,0
78219,0
78255,0
78271,0
78323,0
78346,0
78354,0
78406,0
78448,0
78459,0
78520,0
78590,0
78604,0
78679,0
78689,0
78730,0
78778,0
78878,0
78881,0
78887,0
78893,0
78935,0
78957,0
78966,0
79029,0
79125,0
79133,0
79152,0
79156,0
79202,0
79289,0
79315,0
79344,0
79345,0
79352,0
79455,0
79502,0
79525,0
79557,0
79590,0
79644,0
79703,0
79741,0
79764,0
79770,0
79816,0
79851,0
79852,0
79868,0
79897,0
79916,0
79961,0
79969,0
80035,0
80062,0
80091,0
80223,0
80283,0
80304,0
80337,0
80337,0
80445,0
80474,0
80500,0
80521,0
80582,0
80622,0
80686,0
80713,0
80753,0
80754,0
80789,0
80823,0
80855,0
80880,0
80925,0
80977,0
81036,0
81080,0
81146,0
81203,0
81205,0
81209,0
81277,0
81307,0
81324,0
81337,0
81343,0
81440,0
81511,0
81556,0
81565,0
81645,0
81739,0
81801,0
81887,0
81894,0
81940,0
81953,0
81954,0
82082,0
82118,0
82129,0
82133,0
82145,0
82215,0
82235,0
82247,0
82381,0
82396,0
82405,0
82411,0
82429,0
82505,0
82523,0
82557,0
82559,0
82620,0
82739,0
82753,0
82759,0
82835,0
82926,0
82936,0
82978,0
83073,0
83088,0
83115,0
83141,0
83211,0
83250,0
83293,0
83327,0
83333,0
83365,0
83438,0
83440,0
83495,0
83529,0
83540,0
83613,0
83721,0
83870,0
83900,0
83931,0
83938,0
83990,0
84086,0
84114,0
84117,0
84205,0
84211,0
84274,0
84298,0
84301,0
84304,0
84420,0
84420,0
84459,0
84477,0
84520,0
84558,0
84560,0
84645,0
84647,0
84651,0
84668,0
84747,0
84759,0
84789,0
84792,0
84816,0
84966,0
85002,0
85031,0
85049,0
85076,0
85141,0
85189,0
85238,0
85244,0
85246,0
85258,0
85261,0
85299,0
85325,0
85468,0
85516,0
85599,0
85618,0
85622,0
85634,0
85653,0
85755,0
85758,0
85758,0
85794,0
85819,0
85819,0
85897,0
85898,0
85972,0
86018,0
86026,0
86055,0
86186,0
86256,0
86294,0
86330,0
86349,0
86362,0
86369,0
86383,0
86425,0
86426,0
86441,0
86467,0
86567,0
86571,0
86602,0
86612,0
86646,0
86651,0
86653,0
86776,0
86893,0
86898,0
86923,0
86926,0
87012,0
87029,0
87184,0
87213,0
87250,0
87250,0
87286,0
87305,0
87326,0
87327,0
87386,0
87482,0
87497,0
87523,0
87650,0
87661,0
87741,0
87812,0
87816,0
87842,0
87908,0
87968,0
87968,0
87989,0
87991,0
88050,0
88099,0
88118,0
88178,0
88199,0
88233,0
88241,0
88263,0
88290,0
88356,0
88442,0
88444,0
88498,0
88510,0
88548,0
88597,0
88603,0
88604,0
88615,0
88617,0
88643,0
88646,0
88659,0
88740,0
88833,0
88848,0
88907,0
88954,0
89028,0
89056,0
89061,0
89147,0
89153,0
89155,0
89215,0
89216,0
89224,0
89253,0
89346,0
89374,0
89391,0
89391,0
89393,0
89397,0
89421,0
89445,0
89469,0
89485,0
89493,0
89591,0
89620,0
89724,0
89890,0
89892,0
90094,0
90101,0
90107,0
90122,0
90140,0
90157,0
90211,0
90239,0
90246,0
90260,0
90261,0
90274,0
90291,0
90357,0
90375,0
90385,0
90469,0
90506,0
90526,0
90536,0
90567,0
90602,0
90635,0
90647,0
90648,0
90663,0
90675,0
90718,0
90746,0
90878,0
90912,0
90915,0
90955,0
90962,0
91222,0
91225,0
91260,0
91321,0
91330,0
91333,0
91343,0
91354,0
91417,0
91476,0
91521,0
91576,0
91576,0
91587,0
91641,0
91726,0
91751,0
91781,0
91828,0
91831,0
91869,0
91898,0
91922,0
91947,0
92010,0
92017,0
92133,0
92194,0
92225,0
92272,0
92282,0
92292,0
92302,0
92335,0
92344,0
92452,0
92457,0
92495,0
92566,0
92571,0
92588,0
92642,0
92661,0
92685,0
92691,0
92732,0
92836,0
92921,0
92983,0
93031,0
93085,0
93101,0
93122,0
93150,0
93218,0
93286,0
93369,0
93481,0
93486,0
93503,0
93526,0
93528,0
93535,0
93640,0
93712,0
93844,0
93887,0
93888,0
93888,0
93909,0
93913,0
93944,0
93983,0
93990,0
93997,0
94031,0
94032,0
94048,0
94053,0
94079,0
94174,0
94215,0
94320,0
94327,0
94358,0
94439,0
94456,0
94476,0
94505,0
94530,0
94571,0
94605,0
94605,0
94612,0
94647,0
94653,0
94698,0
94699,0
94718,0
94763,0
94787,0
94827,0
94839,0
94881,0
94882,0
94923,0
94941,0
94976,0
94976,0
94996,0
94996,0
95138,0
95141,0
95142,0
95166,0
95283,0
95304,0
95386,0
95395,0
95441,0
95519,0
95553,0
95590,0
95605,0
95618,0
95621,0
95654,0
95674,0
95744,0
95820,0
95930,0
96006,0
96027,0
96131,0
96146,0
96248,0
96395,0
96475,0
96477,0
96477,0
96514,0
96533,0
96546,0
96555,0
96584,0
96589,0
96616,0
96640,0
96642,0
96666,0
96669,0
96705,0
96722,0
96765,0
96790,0
96829,0
96869,0
96899,0
96995,0
97065,0
97102,0
97104,0
97153,0
97169,0
97173,0
97175,0
97254,0
97260,0
97272,0
97300,0
97307,0
97350,0
97364,0
97378,0
97482,0
97506,0
97528,0
97531,0
97587,0
97598,0
97625,0
97642,0
97666,0
97675,0
97706,0
97706,0
97761,0
97786,0
97815,0
97816,0
97887,0
97890,0
97929,0
97932,0
98046,0
98047,0
98057,0
98098,0
98142,0
98191,0
98203,0
98212,0
98288,0
98372,0
98375,0
98512,0
98529,0
98567,0
98571,0
98571,0
98807,0
98869,0
98893,0
98930,0
98938,0
99089,0
99098,0
99112,0
99127,0
99136,0
99224,0
99286,0
99322,0
99357,0
99369,0
99438,0
99454,0
99456,0
99528,0
99575,0
99582,0
99703,0
99706,0
99714,0
99721,0
99831,0
99842,0
99848,0
99862,0
99880,0
99881,0
99915,0
99924,0
99926,0
99934,0
99963,0
99981,0
99989,0
99993,0
100031,0
100150,0
100150,0
100159,0
100200,0
100244,0
100256,0
100349,0
100435,0
100440,0
100445,0
100460,0
100474,0
100517,0
100544,0
100549,0
100549,0
100560,0
100657,0
100671,0
100680,0
100689,0
100703,0
100706,0
100709,0
100762,0
100767,0
100817,0
100891,0
100897,0
100901,0
100918,0
100919,0
100924,0
100948,0
100957,0
100957,0
101029,0
101063,0
101063,0
101089,0
101114,0
101152,0
101184,0
101214,0
101263,0
101269,0
101278,0
101364,0
101366,0
101368,0
101378,0
101392,0
101409,0
101435,0
101450,0
101491,0
101570,0
101626,0
101669,0
101791,0
101826,0
101835,0
101931,0
101993,0
102015,0
102016,0
102029,0
102035,0
102078,0
102103,0
102109,0
102125,0
102165,0
102224,0
102323,0
102350,0
102363,0
102367,0
102376,0
102379,0
102409,0
102434,0
102465,0
102494,0
102529,0
102555,0
102580,0
102629,0
102631,0
102747,0
102749,0
102757,0
102774,0
102820,0
102828,0
102846,0
102867,0
102873,0
102884,0
102908,0
102927,0
102938,0
102938,0
103025,0
103042,0
103067,0
103081,0
103098,0
103105,0
103133,0
103157,0
103173,0
103201,0
103203,0
103210,0
103231,0
103233,0
103305,0
103383,0
103410,0
103421,0
103436,0
103451,0
103501,0
103515,0
103624,0
103648,0
103657,0
103672,0
103676,0
103746,0
103757,0
103761,0
103766,0
103767,0
103772,0
103782,0
103782,0
103783,0
103789,0
103821,0
103860,0
103904,0
103919,0
103932,0
103946,0
103949,0
103978,0
103980,0
103984,0
104045,0
104048,0
104097,0
104120,0
104127,0
104146,0
104165,0
104223,0
104238,0
104267,0
104295,0
104296,0
104332,0
104344,0
104379,0
104388,0
104421,0
104434,0
104445,0
104446,0
104495,0
104500,0
104509,0
104531,0
104589,0
104605,0
104629,0
104690,0
104693,0
104693,0
104831,0
104836,0
104840,0
104909,0
105027,0
105103,0
105133,0
105156,0
105203,0
105227,0
105236,0
105242,0
105259,0
105298,0
105308,0
105392,0
105425,0
105497,0
105498,0
105508,0
105524,0
105545,0
105584,0
105592,0
105614,0
105643,0
105684,0
105745,0
105764,0
105770,0
105851,0
105890,0
105936,0
105982,0
105988,0
106009,0
106047,0
106117,0
106189,0
106281,0
106309,0
106312,0
106415,0
106490,0
106501,0
106584,0
106644,0
106667,0
106681,0
106683,0
106686,0
106729,0
106744,0
106797,0
106877,0
106894,0
106942,0
106949,0
107007,0
107023,0
107027,0
107048,0
107112,0
107153,0
107157,0
107168,0
107266,0
107270,0
107291,0
107312,0
107326,0
107355,0
107368,0
107514,0
107518,0
107518,0
107533,0
107574,0
107615,0
107625,0
107675,0
107714,0
107728,0
107740,0
107740,0
107765,0
107769,0
107782,0
107813,0
107932,0
107943,0
107944,0
107960,0
107963,0
107981,0
108042,0
108046,0
108066,0
108097,0
108121,0
108127,0
108133,0
108146,0
108149,0
108172,0
108193,0
108246,0
108259,0
108295,0
108301,0
108311,0
108445,0
108525,0
108529,0
108590,0
108597,0
108649,0
108652,0
108689,0
108772,0
108815,0
108823,0
108835,0
108838,0
108851,0
108865,0
108882,0
108901,0
108926,0
108964,0
108972,0
109024,0
109039,0
109068,0
109076,0
109211,0
109245,0
109248,0
109249,0
109335,0
109360,0
109378,0
109409,0
109443,0
109448,0
109472,0
109483,0
109568,0
109593,0
109643,0
109660,0
109698,0
109718,0
109742,0
109816,0
109823,0
109878,0
110078,0
110159,0
110168,0
110175,0
110203,0
110297,0
110301,0
110316,0
110324,0
110360,0
110429,0
110569,0
110580,0
110623,0
110645,0
110676,0
110690,0
110737,0
110769,0
110793,0
110813,0
110897,0
110944,0
110955,0
110973,0
110975,0
111049,0
111107,0
111175,0
111202,0
111261,0
111346,0
111366,0
111408,0
111470,0
111477,0
111510,0
111536,0
111537,0
111581,0
111588,0
111645,0
111654,0
111712,0
111720,0
111760,0
111872,0
111905,0
111989,0
111993,0
111995,0
112008,0
112058,0
112061,0
112088,0
112117,0
112156,0
112286,0
112315,0
112339,0
112354,0
112378,0
112400,0
112587,0
112592,0
112619,0
112629,0
112709,0
112787,0
112789,0
112895,0
112996,0
113013,0
113032,0
113074,0
113109,0
113149,0
113165,0
113172,0
113302,0
113341,0
113354,0
113355,0
113364,0
113435,0
113477,0
113495,0
113507,0
113563,0
113587,0
113612,0
113644,0
113671,0
113682,0
113691,0
113702,0
113752,0
113755,0
113789,0
113851,0
113879,0
113924,0
113983,0
114011,0
114066,0
114066,0
114100,0
114171,0
114196,0
114201,0
114250,0
114282,0
114289,0
114293,0
114307,0
114344,0
114347,0
114350,0
114351,0
114366,0
114396,0
114466,0
114585,0
114590,0
114636,0
114648,0
114669,0
114669,0
114682,0
114707,0
114781,0
114830,0
114867,0
114876,0
114881,0
114894,0
114910,0
114960,0
114969,0
115009,0
115158,0
115177,0
115186,0
115222,0
115243,0
115249,0
115316,0
115327,0
115345,0
115369,0
115387,0
115391,0
115473,0
115507,0
115615,0
115639,0
115645,0
115654,0
115705,0
115728,0
115817,0
115842,0
115866,0
115867,0
115873,0
115874,0
115890,0
115927,0
115928,0
115969,0
115981,0
116009,0
116009,0
116018,0
116060,0
116068,0
116196,0
116238,0
116241,0
116256,0
116345,0
116353,0
116361,0
116361,0
116410,0
116412,0
116455,0
116468,0
116522,0
116554,0
116627,0
116683,0
116706,0
116735,0
116764,0
116788,0
116808,0
116864,0
116865,0
116932,0
116933,0
117003,0
117036,0
117098,0
117138,0
117143,0
117200,0
117237,0
117255,0
117342,0
117422,0
117472,0
117480,0
117504,0
117519,0
117560,0
117570,0
117579,0
117679,0
117686,0
117706,0
117714,0
117724,0
117800,0
117837,0
117866,0
117871,0
117913,0
117948,0
117949,0
117956,0
117967,0
117979,0
117988,0
118023,0
118051,0
118091,0
118102,0
118111,0
118135,0
118165,0
118187,0
118199,0
118205,0
118207,0
118252,0
118278,0
118328,0
118349,0
118369,0
118381,0
118417,0
118479,0
118504,0
118510,0
118516,0
118562,0
118677,0
118687,0
118693,0
118702,0
118729,0
118757,0
118759,0
118771,0
118808,0
118810,0
118815,0
118819,0
118896,0
118896,0
118953,0
118955,0
118956,0
118994,0
119005,0
119134,0
119154,0
119204,0
119206,0
119318,0
119349,0
119353,0
119371,0
119400,0
119402,0
119421,0
119556,0
119565,0
119566,0
119660,0
119669,0
119685,0
119727,0
119937,0
119945,0
120014,0
120046,0
120101,0
120111,0
120112,0
120127,0
120150,0
120152,0
120152,0
120155,0
120159,0
120162,0
120204,0
120233,0
120244,0
120277,0
120282,0
120309,0
120313,0
120356,0
120384,0
120397,0
120431,0
120545,0
120563,0
120603,0
120619,0
120649,0
120697,0
120713,0
120826,0
120834,0
120839,0
120893,0
120895,0
120991,0
120994,0
121014,0
121030,0
121034,0
121059,0
121069,0
121144,0
121252,0
121276,0
121309,0
121342,0
121360,0
121393,0
121423,0
121423,0
121462,0
121571,0
121576,0
121577,0
121636,0
121692,0
121700,0
121737,0
121806,0
121828,0
121836,0
121840,0
121889,0
121913,0
121989,0
121992,0
122021,0
122034,0
122175,0
122197,0
122257,0
122285,0
122287,0
122291,0
122364,0
122369,0
122424,0
122433,0
122450,0
122483,0
122497,0
122592,0
122650,0
122680,0
122726,0
122764,0
122874,0
122911,0
122927,0
122934,0
123054,0
123087,0
123121,0
123134,0
123147,0
123151,0
123187,0
123194,0
123197,0
123210,0
123310,0
123372,0
123395,0
123399,0
123409,0
123425,0
123496,0
123548,0
123552,0
123562,0
123615,0
123618,0
123702,0
123703,0
123756,0
123793,0
123815,0
123824,0
123829,0
123836,0
124066,0
124070,0
124071,0
124080,0
124101,0
124136,0
124201,0
124215,0
124219,0
124232,0
124264,0
124276,0
124289,0
124291,0
124392,0
124455,0
124590,0
124659,0
124682,0
124797,0
124867,0
124870,0
124938,0
124983,0
125049,0
125079,0
125121,0
125168,0
125197,0
125263,0
125317,0
125366,0
125467,0
125490,0
125522,0
125523,0
125526,0
125536,0
125604,0
125618,0
125652,0
125694,0
125714,0
125720,0
125733,0
125797,0
125848,0
125948,0
125964,0
125969,0
126032,0
126051,0
126072,0
126090,0
126116,0
126126,0
126163,0
126210,0
126268,0
126271,0
126306,0
126337,0
126350,0
126374,0
126417,0
126450,0
126534,0
126579,0
126661,0
126764,0
126800,0
126834,0
126847,0
126933,0
127023,0
127032,0
127091,0
127185,0
127245,0
127269,0
127273,0
127285,0
127297,0
127350,0
127369,0
127382,0
127422,0
127425,0
127452,0
127467,0
127473,0
127520,0
127528,0
127559,0
127594,0
127614,0
127639,0
127654,0
127695,0
127749,0
127780,0
127822,0
127872,0
127881,0
127896,0
127907,0
127929,0
127941,0
127994,0
128048,0
128111,0
128148,0
128275,0
128346,0
128418,0
128522,0
128524,0
128535,0
128583,0
128589,0
128597,0
128635,0
128687,0
128697,0
128726,0
128753,0
128868,0
128868,0
128874,0
128896,0
128951,0
129001,0
129024,0
129037,0
129043,0
129047,0
129049,0
129065,0
129069,0
129117,0
129118,0
129135,0
129193,0
129210,0
129309,0
129338,0
129416,0
129480,0
129523,0
129561,0
129718,0
129726,0
129774,0
129806,0
129862,0
129871,0
129881,0
129907,0
129954,0
130055,0
130079,0
130087,0
130117,0
130121,0
130179,0
130209,0
130220,0
130256,0
130313,0
130318,0
130374,0
130419,0
130433,0
130440,0
130447,0
130448,0
130466,0
130483,0
130514,0
130530,0
130562,0
130562,0
130592,0
130615,0
130819,0
130919,0
130957,0
130988,0
131034,0
131037,0
131043,0
131101,0
131123,0
131159,0
131206,0
131247,0
131273,0
131282,0
131283,0
131314,0
131406,0
131416,0
131424,0
131488,0
131516,0
131519,0
131555,0
131575,0
131580,0
131587,0
131603,0
131619,0
131621,0
131648,0
131652,0
131674,0
131677,0
131707,0
131727,0
131791,0
131866,0
132004,0
132040,0
132101,0
132114,0
132138,0
132255,0
132330,0
132348,0
132433,0
132435,0
132485,0
132541,0
132606,0
132642,0
132676,0
132751,0
132761,0
132829,0
132854,0
132882,0
132919,0
132936,0
133025,0
133048,0
133072,0
133136,0
133166,0
133229,0
133323,0
133343,0
133409,0
133410,0
133580,0
133597,0
133624,0
133640,0
133653,0
133783,0
133795,0
133846,0
133878,0
133944,0
133974,0
134042,0
134080,0
134096,0
134099,0
134112,0
134152,0
134166,0
134178,0
134182,0
134186,0
134215,0
134235,0
134262,0
134279,0
134281,0
134363,0
134371,0
134376,0
134391,0
134442,0
134473,0
134474,0
134486,0
134511,0
134525,0
134656,0
134660,0
134672,0
134677,0
134724,0
134727,0
134786,0
134850,0
134878,0
134916,0
135057,0
135058,0
135094,0
135130,0
135212,0
135223,0
135258,0
135302,0
135320,0
135321,0
135328,0
135377,0
135383,0
135415,0
135454,0
135482,0
135498,0
135690,0
135723,0
135754,0
135795,0
135906,0
135913,0
135978,0
136003,0
136013,0
136036,0
136093,0
136144,0
136173,0
136230,0
136236,0
136295,0
136313,0
136396,0
136422,0
136442,0
136506,0
136507,0
136547,0
136562,0
136580,0
136594,0
136599,0
136602,0
136669,0
136683,0
136734,0
136799,0
136906,0
136945,0
136966,0
136982,0
137008,0
137032,0
137097,0
137119,0
137197,0
137284,0
137348,0
137411,0
137431,0
137477,0
137511,0
137522,0
137522,0
137530,0
137544,0
137623,0
137630,0
137666,0
137675,0
137748,0
137773,0
137791,0
137842,0
137981,0
137986,0
138024,0
138031,0
138050,0
138086,0
138133,0
138142,0
138157,0
138178,0
138210,0
138219,0
138253,0
138282,0
138304,0
138333,0
138337,0
138361,0
138379,0
138491,0
138586,0
138605,0
138610,0
138688,0
138720,0
138732,0
138823,0
138841,0
138855,0
138897,0
138913,0
138950,0
138962,0
138971,0
138985,0
139053,0
139074,0
139112,0
139129,0
139134,0
139134,0
139143,0
139154,0
139185,0
139231,0
139235,0
139264,0
139307,0
139363,0
139376,0
139461,0
139468,0
139474,0
139483,0
139498,0
139587,0
139611,0
139750,0
139773,0
139792,0
139804,0
139826,0
139826,0
139903,0
139920,0
139968,0
139989,0
140011,0
140020,0
140087,0
140117,0
140132,0
140159,0
140212,0
140231,0
140234,0
140240,0
140310,0
140348,0
140419,0
140431,0
140456,0
140481,0
140522,0
140522,0
140540,0
140597,0
140615,0
140627,0
140655,0
140676,0
140750,0
140826,0
140885,0
140917,0
140942,0
140968,0
141015,0
141056,0
141061,0
141073,0
141093,0
141123,0
141176,0
141179,0
141244,0
141248,0
141273,0
141316,0
141369,0
141402,0
141428,0
141430,0
141660,0
141685,0
141761,0
141831,0
141856,0
141888,0
141934,0
141951,0
142009,0
142017,0
142049,0
142124,0
142211,0
142274,0
142287,0
142311,0
142346,0
142405,0
142499,0
142510,0
142515,0
142565,0
142623,0
142633,0
142685,0
142696,0
142696,0
142843,0
142867,0
142881,0
142954,0
143019,0
143027,0
143037,0
143051,0
143074,0
143090,0
143099,0
143195,0
143198,0
143212,0
143263,0
143308,0
143393,0
143435,0
143491,0
143503,0
143544,0
143569,0
143594,0
143603,0
143741,0
143764,0
143776,0
143800,0
143897,0
143903,0
143904,0
143910,0
143917,0
143933,0
143998,0
144074,0
144083,0
144150,0
144152,0
144225,0
144262,0
144293,0
144324,0
144337,0
144468,0
144505,0
144558,0
144594,0
144601,0
144605,0
144674,0
144689,0
144744,0
144787,0
144799,0
144806,0
144860,0
144891,0
144897,0
144899,0
144908,0
144957,0
145001,0
145017,0
145030,0
145062,0
145068,0
145074,0
145089,0
145158,0
145159,0
145227,0
145286,0
145286,0
145322,0
145354,0
145367,0
145369,0
145444,0
145495,0
145527,0
145536,0
145607,0
145623,0
145635,0
145664,0
145682,0
145704,0
145724,0
145758,0
145801,0
145802,0
145880,0
145902,0
145964,0
145997,0
146014,0
146066,0
146267,0
146275,0
146389,0
146405,0
146449,0
146456,0
146517,0
146558,0
146617,0
146700,0
146754,0
146764,0
146781,0
146871,0
146876,0
146949,0
146951,0
146999,0
147059,0
147074,0
147103,0
147172,0
147215,0
147293,0
147302,0
147369,0
147374,0
147414,0
147485,0
147498,0
147502,0
147532,0
147566,0
147574,0
147698,0
147719,0
147735,0
147768,0
147774,0
147779,0
147792,0
147800,0
147819,0
147827,0
147892,0
147911,0
147932,0
147944,0
147994,0
148055,0
148124,0
148134,0
148182,0
148190,0
148259,0
148310,0
148346,0
148389,0
148391,0
148431,0
148491,0
148510,0
148517,0
148542,0
148574,0
148577,0
148583,0
148602,0
148612,0
148643,0
148690,0
148702,0
148723,0
148728,0
148773,0
148923,0
148938,0
149005,0
149028,0
149072,0
149077,0
149083,0
149084,0
149120,0
149122,0
149144,0
149167,0
149168,0
149231,0
149234,0
149238,0
149246,0
149306,0
149328,0
149344,0
149352,0
149356,0
149420,0
149485,0
149487,0
149515,0
149604,0
149612,0
149625,0
149633,0
149671,0
149705,0
149716,0
149737,0
149773,0
149777,0
149804,0
149805,0
150011,0
150024,0
150029,0
150210,0
150279,0
150284,0
150307,0
150322,0
150342,0
150344,0
150392,0
150465,0
150481,0
150652,0
150658,0
150661,0
150668,0
150681,0
150794,0
150811,0
150827,0
150828,0
150834,0
150900,0
150970,0
151041,0
151043,0
151090,0
151142,0
151158,0
151196,0
151253,0
151312,0
151320,0
151340,0
151411,0
151465,0
151471,0
151477,0
151641,0
151837,0
151840,0
151846,0
151848,0
151916,0
151927,0
152021,0
152042,0
152045,0
152050,0
152067,0
152068,0
152072,0
152081,0
152239,0
152304,0
152380,0
152416,0
152418,0
152473,0
152473,0
152504,0
152544,0
152570,0
152614,0
152728,0
152735,0
152736,0
152737,0
152754,0
152756,0
152772,0
152794,0
152816,0
152825,0
152896,0
152915,0
152993,0
153026,0
153049,0
153069,0
153119,0
153119,0
153119,0
153138,0
153153,0
153165,0
153196,0
153413,0
153445,0
153455,0
153471,0
153476,0
153481,0
153599,0
153617,0
153631,0
153714,0
153753,0
153821,0
153828,0
153836,0
153847,0
153910,0
153946,0
154002,0
154041,0
154059,0
154064,0
154137,0
154216,0
154300,0
154312,0
154329,0
154401,0
154412,0
154433,0
154482,0
154619,0
154659,0
154785,0
154785,0
154803,0
154807,0
154828,0
154900,0
154909,0
154917,0
154938,0
154953,0
154975,0
154982,0
155007,0
155053,0
155099,0
155114,0
155207,0
155221,0
155240,0
155266,0
155266,0
155293,0
155298,0
155345,0
155376,0
155448,0
155505,0
155513,0
155531,0
155579,0
155687,0
155738,0
155743,0
155756,0
155768,0
155814,0
155849,0
155959,0
155971,0
156002,0
156067,0
156147,0
156157,0
156168,0
156173,0
156284,0
156292,0
156298,0
156325,0
156353,0
156381,0
156393,0
156398,0
156402,0
156402,0
156418,0
156431,0
156480,0
156584,0
156593,0
156599,0
156606,0
156750,0
156768,0
156832,0
156848,0
156894,0
156907,0
156951,0
156981,0
157030,0
157032,0
157052,0
157166,0
157184,0
157193,0
157265,0
157281,0
157289,0
157324,0
157403,0
157439,0
157441,0
157461,0
157471,0
157471,0
157496,0
157522,0
157537,0
157554,0
157612,0
157675,0
157751,0
157882,0
157927,0
157942,0
157951,0
157982,0
157988,0
158008,0
158013,0
158036,0
158179,0
158184,0
158189,0
158233,0
158285,0
158350,0
158432,0
158494,0
158532,0
158550,0
158562,0
158617,0
158636,0
158650,0
158681,0
158803,0
158818,0
158827,0
158841,0
158850,0
158905,0
158932,0
159056,0
159074,0
159081,0
159103,0
159119,0
159161,0
159210,0
159232,0
159241,0
159257,0
159281,0
159285,0
159294,0
159297,0
159306,0
159324,0
159357,0
159381,0
159385,0
159393,0
159511,0
159535,0
159539,0
159591,0
159689,0
159704,0
159798,0
159879,0
159974,0
159985,0
160006,0
160025,0
160037,0
160131,0
160133,0
160138,0
160166,0
160184,0
160212,0
160232,0
160232,0
160234,0
160284,0
160309,0
160318,0
160319,0
160359,0
160404,0
160430,0
160454,0
160472,0
160583,0
160633,0
160650,0
160664,0
160733,0
160823,0
160840,0
160865,0
160900,0
160910,0
160938,0
160963,0
160980,0
161001,0
161028,0
161051,0
161082,0
161089,0
161114,0
161116,0
161127,0
161155,0
161237,0
161334,0
161402,0
161411,0
161446,0
161549,0
161581,0
161620,0
161646,0
161736,0
161834,0
161862,0
161912,0
161914,0
162074,0
162174,0
162199,0
162221,0
162225,0
162233,0
162242,0
162369,0
162392,0
162401,0
162460,0
162499,0
162500,0
162515,0
162526,0
162564,0
162584,0
162646,0
162659,0
162660,0
162660,0
162674,0
162698,0
162733,0
162804,0
162819,0
162908,0
162913,0
162988,0
163097,0
163132,0
163236,0
163238,0
163289,0
163320,0
163453,0
163455,0
163531,0
163540,0
163553,0
163583,0
163646,0
163678,0
163773,0
163802,0
163809,0
163830,0
163839,0
163843,0
163846,0
163889,0
164011,0
164138,0
164176,0
164223,0
164257,0
164299,0
164307,0
164318,0
164331,0
164348,0
164389,0
164437,0
164461,0
164477,0
164545,0
164566,0
164595,0
164632,0
164641,0
164713,0
164736,0
164759,0
164796,0
164808,0
164822,0
164919,0
164945,0
165040,0
165052,0
165154,0
165157,0
165212,0
165219,0
165259,0
165325,0
165352,0
165364,0
165399,0
165407,0
165415,0
165438,0
165440,0
165448,0
165485,0
165538,0
165612,0
165662,0
165705,0
165783,0
165907,0
165921,0
165995,0
166000,0
166067,0
166069,0
166119,0
166191,0
166245,0
166247,0
166306,0
166381,0
166391,0
166430,0
166479,0
166525,0
166541,0
166547,0
166581,0
166592,0
166600,0
166621,0
166691,0
166691,0
166696,0
166757,0
166813,0
166837,0
166842,0
166843,0
166858,0
166864,0
166912,0
166956,0
166958,0
167005,0
167038,0
167052,0
167063,0
167076,0
167192,0
167220,0
167227,0
167231,0
167277,0
167283,0
167295,0
167337,0
167367,0
167390,0
167425,0
167455,0
167478,0
167586,0
167617,0
167634,0
167635,0
167673,0
167746,0
167792,0
167795,0
167825,0
167844,0
167867,0
167898,0
167912,0
167999,0
168094,0
168180,0
168206,0
168209,0
168239,0
168300,0
168314,0
168316,0
168353,0
168364,0
168390,0
168405,0
168414,0
168427,0
168429,0
168493,0
168564,0
168586,0
168602,0
168617,0
168627,0
168729,0
168928,0
168937,0
168946,0
168978,0
168990,0
168998,0
169093,0
169104,0
169127,0
169186,0
169252,0
169310,0
169319,0
169368,0
169373,0
169405,0
169408,0
169516,0
169519,0
169520,0
169525,0
169636,0
169647,0
169692,0
169767,0
169779,0
169798,0
169819,0
169822,0
169855,0
169883,0
169900,0
169910,0
170023,0
170040,0
170129,0
170132,0
170167,0
170273,0
170306,0
170336,0
170366,0
170409,0
170467,0
170499,0
170509,0
170520,0
170548,0
170594,0
170617,0
170618,0
170638,0
170644,0
170657,0
170663,0
170670,0
170672,0
170684,0
170696,0
170744,0
170749,0
170788,0
170829,0
170862,0
170871,0
170887,0
170902,0
170905,0
170986,0
171108,0
171111,0
171134,0
171156,0
171181,0
171183,0
171197,0
171207,0
171220,0
171352,0
171371,0
171375,0
171405,0
171412,0
171424,0
171436,0
171451,0
171462,0
171564,0
171572,0
171649,0
171653,0
171661,0
171689,0
171717,0
171731,0
171759,0
171808,0
171885,0
171885,0
171890,0
171932,0
171950,0
172004,0
172009,0
172040,0
172072,0
172080,0
172099,0
172114,0
172165,0
172180,0
172221,0
172229,0
172233,0
172237,0
172263,0
172320,0
172352,0
172420,0
172443,0
172451,0
172476,0
172523,0
172537,0
172681,0
172695,0
172794,0
172829,0
172829,0
172921,0
172945,0
172963,0
173078,0
173087,0
173098,0
173120,0
173165,0
173208,0
173276,0
173282,0
173301,0
173301,0
173351,0
173361,0
173442,0
173458,0
173488,0
173502,0
173634,0
173638,0
173649,0
173699,0
173706,0
173712,0
173716,0
173732,0
173759,0
173899,0
173931,0
174057,0
174069,0
174089,0
174125,0
174126,0
174132,0
174135,0
174165,0
174210,0
174211,0
174251,0
174275,0
174294,0
174322,0
174327,0
174331,0
174370,0
174455,0
174518,0
174518,0
174532,0
174552,0
174571,0
174575,0
174578,0
174584,0
174601,0
174630,0
174710,0
174740,0
174787,0
174841,0
174845,0
174855,0
174879,0
174925,0
175091,0
