1,0
63,0
129,0
166,0
205,0
280,0
285,0
296,0
331,0
377,0
411,0
685,0
716,0
776,0
784,0
799,0
812,0
813,0
1127,0
1129,0
1140,0
1166,0
1223,0
1275,0
1339,0
1366,0
1374,0
1399,0
1447,0
1489,0
1499,0
1506,0
1527,0
1533,0
1569,0
1582,0
1594,0
1610,0
1642,0
1688,0
1787,0
1813,0
1814,0
1822,0
1884,0
1939,0
1989,0
2011,0
2040,0
2133,0
2212,0
2428,0
2453,0
2455,0
2522,0
2631,0
2636,0
2641,0
2645,0
2765,0
2776,0
2778,0
2779,0
2780,0
2858,0
2871,0
2885,0
2896,0
2986,0
3034,0
3056,0
3070,0
3086,0
3145,0
3157,0
3196,0
3215,0
3273,0
3287,0
3332,0
3369,0
3380,0
3469,0
3492,0
3503,0
3554,0
3587,0
3647,0
3652,0
3668,0
3722,0
3844,0
3899,0
3903,0
3930,0
4214,0
4220,0
4222,0
4266,0
4269,0
4328,0
4341,0
4365,0
4561,0
4609,0
4778,0
4797,0
4806,0
4822,0
4828,0
4841,0
4871,0
4898,0
4903,0
4916,0
4927,0
5050,0
5130,0
5148,0
5198,0
5211,0
5241,0
5350,0
5413,0
5453,0
5483,0
5602,0
5618,0
5675,0
5680,0
5725,0
5740,0
5774,0
5797,0
5798,0
5843,0
5896,0
5929,0
5976,0
5993,0
5998,0
6004,0
6009,0
6009,0
6020,0
6056,0
6124,0
6125,0
6305,0
6380,0
6425,0
6534,0
6539,0
6574,0
6626,0
6654,0
6665,0
6698,0
6812,0
6848,0
6867,0
6872,0
6879,0
6966,0
6999,0
7098,0
7099,0
7208,0
7242,0
7259,0
7344,0
7352,0
7377,0
7409,0
7418,0
7428,0
7449,0
7525,0
7591,0
7679,0
7698,0
7702,0
7780,0
7796,0
7915,0
7955,0
7989,0
8035,0
8097,0
8128,0
8171,0
8185,0
8197,0
8233,0
8283,0
8306,0
8358,0
8451,0
8486,0
8492,0
8607,0
8611,0
8635,0
8646,0
8726,0
8764,0
8861,0
8877,0
8912,0
8971,0
8999,0
9076,0
9083,0
9136,0
9152,0
9164,0
9176,0
9259,0
9310,0
9402,0
9440,0
9441,0
9498,0
9509,0
9517,0
9540,0
9578,0
9589,0
9609,0
9651,0
9661,0
9761,0
9782,0
9789,0
9830,0
9837,0
9853,0
9863,0
10049,0
10055,0
10100,0
10238,0
10436,0
10474,0
10480,0
10484,0
10498,0
10570,0
10578,0
10606,0
10790,0
10792,0
10881,0
10907,0
10941,0
11050,0
11113,0
11146,0
11164,0
11170,0
11226,0
11249,0
11251,0
11257,0
11260,0
11316,0
11337,0
11358,0
11386,0
11398,0
11423,0
11441,0
11472,0
11532,0
11545,0
11546,0
11565,0
11581,0
11605,0
11608,0
11664,0
11667,0
11726,0
11785,0
11829,0
11837,0
11844,0
11844,0
11879,0
11886,0
11926,0
11934,0
11979,0
12018,0
12036,0
12089,0
12119,0
12146,0
12148,0
12233,0
12248,0
12281,0
12285,0
12502,0
12517,0
12538,0
12599,0
12708,0
12742,0
12745,0
12883,0
12956,0
12963,0
12977,0
13012,0
13093,0
13096,0
13150,0
13202,0
13383,0
13404,0
13483,0
13506,0
13526,0
13527,0
13693,0
13708,0
13753,0
13840,0
13845,0
13952,0
14028,0
14032,0
14033,0
14045,0
14051,0
14095,0
14129,0
14154,0
14156,0
14200,0
14209,0
14224,0
14252,0
14316,0
14331,0
14345,0
14377,0
14382,0
14389,0
14396,0
14470,0
14478,0
14489,0
14497,0
14533,0
14609,0
14621,0
14623,0
14687,0
14790,0
14827,0
14840,0
14852,0
14872,0
14881,0
14908,0
14951,0
14953,0
14994,0
15056,0
15150,0
15215,0
15224,0
15241,0
15260,0
15296,0
15387,0
15411,0
15419,0
15444,0
15445,0
15574,0
15605,0
15643,0
15703,0
15705,0
15760,0
15782,0
15809,0
15810,0
15822,0
15868,0
15870,0
15938,0
15980,0
15992,0
16055,0
16061,0
16114,0
16195,0
16211,0
16258,0
16262,0
16266,0
16290,0
16298,0
16299,0
16301,0
16382,0
16383,0
16431,0
16460,0
16475,0
16477,0
16524,0
16577,0
16695,0
16724,0
16761,0
16770,0
16796,0
16974,0
17001,0
17048,0
17268,0
17285,0
17352,0
17428,0
17491,0
17496,0
17499,0
17545,0
17619,0
17629,0
17637,0
17646,0
17672,0
17699,0
17942,0
18011,0
18040,0
18105,0
18152,0
18257,0
18265,0
18328,0
18332,0
18346,0
18412,0
18413,0
18471,0
18493,0
18541,0
18547,0
18552,0
18570,0
18592,0
18621,0
18622,0
18648,0
18704,0
18711,0
18725,0
18733,0
18815,0
18841,0
18855,0
18858,0
18868,0
19040,0
19042,0
19103,0
19125,0
19215,0
19252,0
19317,0
19333,0
19570,0
19605,0
19686,0
19696,0
19708,0
19733,0
19745,0
19791,0
19813,0
19817,0
19941,0
20035,0
20090,0
20103,0
20122,0
20212,0
20233,0
20285,0
20334,0
20408,0
20540,0
20710,0
20826,0
20851,0
20941,0
20982,0
21036,0
21040,0
21043,0
21176,0
21208,0
21235,0
21236,0
21242,0
21297,0
21361,0
21367,0
21459,0
21492,0
21619,0
21627,0
21673,0
21710,0
21760,0
21773,0
21780,0
21852,0
21862,0
21881,0
21886,0
22010,0
22048,0
22148,0
22171,0
22233,0
22266,0
22266,0
22270,0
22275,0
22500,0
22533,0
22603,0
22687,0
22700,0
22729,0
22778,0
22817,0
22867,0
22924,0
22928,0
22981,0
23019,0
23044,0
23058,0
23133,0
23198,0
23268,0
23283,0
23365,0
23373,0
23377,0
23415,0
23508,0
23555,0
23605,0
23623,0
23624,0
23749,0
23790,0
23798,0
23806,0
23845,0
24018,0
24019,0
24027,0
24057,0
24073,0
24105,0
24178,0
24193,0
24306,0
24323,0
24324,0
24369,0
24370,0
24379,0
24398,0
24398,0
24505,0
24573,0
24652,0
24672,0
24709,0
24726,0
24763,0
24944,0
24949,0
25004,0
25054,0
25254,0
25263,0
25270,0
25320,0
25335,0
25352,0
25359,0
25371,0
25384,0
25428,0
25442,0
25449,0
25455,0
25464,0
25521,0
25528,0
25624,0
25652,0
25672,0
25754,0
25784,0
25801,0
25826,0
25840,0
25893,0
25956,0
26077,0
26140,0
26159,0
26199,0
26218,0
26240,0
26331,0
26380,0
26411,0
26526,0
26554,0
26573,0
26591,0
26628,0
26686,0
26702,0
26706,0
26726,0
26729,0
26738,0
26760,0
26843,0
26860,0
26877,0
26881,0
27033,0
27086,0
27091,0
27155,0
27157,0
27159,0
27177,0
27189,0
27198,0
27204,0
27212,0
27277,0
27315,0
27322,0
27333,0
27362,0
27370,0
27379,0
27382,0
27408,0
27518,0
27521,0
27553,0
27556,0
27559,0
27567,0
27573,0
27577,0
27634,0
27720,0
27996,0
28029,0
28051,0
28146,0
28179,0
28191,0
28205,0
28250,0
28254,0
28269,0
28294,0
28376,0
28384,0
28437,0
28437,0
28515,0
28602,0
28615,0
28622,0
28642,0
28656,0
28704,0
28720,0
28732,0
28858,0
28867,0
28871,0
28905,0
28938,0
28966,0
29031,0
29039,0
29046,0
29109,0
29130,0
29182,0
29306,0
29328,0
29335,0
29416,0
29471,0
29479,0
29536,0
29540,0
29613,0
29627,0
29664,0
29678,0
29686,0
29833,0
29872,0
29900,0
29994,0
30051,0
30086,0
30118,0
30138,0
30211,0
30233,0
30287,0
30396,0
30461,0
30475,0
30477,0
30512,0
30552,0
30577,0
30652,0
30715,0
30759,0
30766,0
30789,0
30806,0
30808,0
30837,0
30850,0
30952,0
31020,0
31048,0
31070,0
31231,0
31248,0
31273,0
31295,0
31405,0
31462,0
31502,0
31535,0
31538,0
31587,0
31621,0
31631,0
31642,0
31732,0
31759,0
31902,0
31931,0
31948,0
32002,0
32003,0
32051,0
32135,0
32218,0
32221,0
32244,0
32258,0
32304,0
32393,0
32476,0
32498,0
32520,0
32530,0
32650,0
32682,0
32687,0
32702,0
32728,0
32757,0
32861,0
32877,0
32918,0
32939,0
32942,0
33000,0
33001,0
33031,0
33044,0
33078,0
33118,0
33125,0
33155,0
33178,0
33215,0
33220,0
33260,0
33294,0
33367,0
33470,0
33531,0
33531,0
33541,0
33601,0
33778,0
33810,0
33851,0
33859,0
34012,0
34062,0
34085,0
34117,0
34126,0
34138,0
34168,0
34302,0
34337,0
34383,0
34410,0
34422,0
34429,0
34462,0
34492,0
34507,0
34524,0
34532,0
34607,0
34644,0
34697,0
34749,0
34803,0
34839,0
34885,0
34962,0
35004,0
35015,0
35035,0
35067,0
35068,0
35094,0
35127,0
35204,0
35259,0
35294,0
35340,0
35348,0
35380,0
35434,0
35444,0
35459,0
35524,0
35525,0
35564,0
35583,0
35607,0
35627,0
35673,0
35679,0
35680,0
35741,0
35784,0
35805,0
35808,0
35877,0
35886,0
35897,0
35986,0
36055,0
36071,0
36093,0
36260,0
36283,0
36316,0
36345,0
36391,0
36411,0
36422,0
36438,0
36450,0
36511,0
36513,0
36537,0
36587,0
36665,0
36676,0
36679,0
36762,0
36850,0
36880,0
36887,0
36956,0
37131,0
37189,0
37219,0
37240,0
37241,0
37300,0
37392,0
37436,0
37440,0
37526,0
37567,0
37570,0
37606,0
37626,0
37685,0
37781,0
37809,0
37809,0
37857,0
37921,0
37923,0
37937,0
37941,0
37943,0
37965,0
37976,0
38005,0
38013,0
38080,0
38083,0
38097,0
38155,0
38339,0
38421,0
38485,0
38489,0
38515,0
38551,0
38596,0
38601,0
38609,0
38616,0
38641,0
38643,0
38658,0
38713,0
38716,0
38740,0
38838,0
38847,0
38856,0
38896,0
38930,0
38966,0
39009,0
39040,0
39069,0
39129,0
39148,0
39195,0
39274,0
39285,0
39301,0
39306,0
39326,0
39331,0
39438,0
39459,0
39484,0
39497,0
39501,0
39557,0
39589,0
39589,0
39709,0
39720,0
39733,0
39775,0
39800,0
39801,0
39868,0
39891,0
39892,0
39899,0
39923,0
39942,0
39965,0
39971,0
40021,0
40065,0
40068,0
40074,0
40084,0
40103,0
40143,0
40214,0
40224,0
40235,0
40242,0
40279,0
40306,0
40328,0
40384,0
40400,0
40424,0
40486,0
40556,0
40620,0
40623,0
40647,0
40654,0
40664,0
40681,0
40682,0
40690,0
40695,0
40729,0
40789,0
40810,0
40841,0
40874,0
40889,0
40917,0
40992,0
41013,0
41038,0
41040,0
41061,0
41098,0
41113,0
41190,0
41212,0
41224,0
41290,0
41302,0
41408,0
41415,0
41419,0
41458,0
41477,0
41484,0
41499,0
41603,0
41637,0
41662,0
41758,0
41791,0
41830,0
41851,0
41894,0
42050,0
42069,0
42093,0
42104,0
42115,0
42145,0
42162,0
42167,0
42167,0
42176,0
42262,0
42317,0
42380,0
42404,0
42438,0
42485,0
42488,0
42492,0
42593,0
42727,0
42755,0
42772,0
42787,0
42881,0
42887,0
42899,0
42969,0
42994,0
43048,0
43053,0
43120,0
43167,0
43171,0
43180,0
43223,0
43275,0
43324,0
43339,0
43370,0
43418,0
43433,0
43454,0
43463,0
43469,0
43557,0
43573,0
43695,0
43723,0
43726,0
43752,0
43857,0
43922,0
43930,0
43933,0
43993,0
44060,0
44122,0
44140,0
44156,0
44187,0
44189,0
44425,0
44440,0
44455,0
44486,0
44496,0
44502,0
44512,0
44587,0
44623,0
44683,0
44761,0
44805,0
44806,0
44829,0
44843,0
44867,0
44873,0
44921,0
44945,0
44949,0
45001,0
45012,0
45111,0
45120,0
45160,0
45175,0
45202,0
45227,0
45230,0
45249,0
45349,0
45367,0
45413,0
45420,0
45427,0
45460,0
45513,0
45538,0
45548,0
45553,0
45615,0
45627,0
45631,0
45641,0
45705,0
45721,0
45771,0
45778,0
45790,0
45805,0
45905,0
45918,0
45926,0
45933,0
45975,0
45991,0
46039,0
46064,0
46172,0
46232,0
46233,0
46264,0
46306,0
46314,0
46328,0
46342,0
46348,0
46365,0
46375,0
46418,0
46449,0
46461,0
46480,0
46504,0
46542,0
46590,0
46717,0
46822,0
46852,0
46873,0
46981,0
47142,0
47170,0
47273,0
47274,0
47280,0
47327,0
47383,0
47394,0
47397,0
47402,0
47427,0
47469,0
47490,0
47574,0
47592,0
47609,0
47654,0
47671,0
47680,0
47799,0
47801,0
47810,0
47851,0
47860,0
47886,0
47924,0
47996,0
48006,0
48061,0
48145,0
48194,0
48234,0
48244,0
48260,0
48359,0
48371,0
48455,0
48465,0
48570,0
48657,0
48667,0
48688,0
48715,0
48721,0
48730,0
48894,0
48993,0
49022,0
49058,0
49136,0
49149,0
49155,0
49166,0
49168,0
49179,0
49232,0
49397,0
49411,0
49412,0
49469,0
49479,0
49749,0
49758,0
49826,0
49828,0
49841,0
49864,0
49890,0
49900,0
49903,0
49913,0
49960,0
49991,0
50036,0
50044,0
50057,0
50158,0
50191,0
50205,0
50221,0
50231,0
50244,0
50252,0
50270,0
50282,0
50299,0
50312,0
50336,0
50356,0
50358,0
50386,0
50417,0
50480,0
50496,0
50500,0
50663,0
50668,0
50734,0
50735,0
50820,0
50841,0
50901,0
50918,0
50940,0
50942,0
50946,0
51023,0
51039,0
51122,0
51153,0
51158,0
51190,0
51287,0
51373,0
51402,0
51457,0
51597,0
51680,0
51745,0
51750,0
51758,0
51777,0
51874,0
51948,0
51983,0
52134,0
52146,0
52177,0
52295,0
52308,0
52341,0
52353,0
52376,0
52382,0
52405,0
52426,0
52519,0
52541,0
52563,0
52633,0
52747,0
52825,0
52842,0
52923,0
52946,0
52961,0
52975,0
53078,0
53092,0
53106,0
53182,0
53223,0
53231,0
53238,0
53288,0
53298,0
53299,0
53381,0
53426,0
53456,0
53458,0
53461,0
53512,0
53536,0
53540,0
53600,0
53611,0
53680,0
53700,0
53733,0
53800,0
53835,0
53889,0
53897,0
53900,0
54006,0
54055,0
54075,0
54079,0
54091,0
54099,0
54216,0
54228,0
54243,0
54268,0
54297,0
54316,0
54324,0
54347,0
54349,0
54394,0
54404,0
54412,0
54413,0
54416,0
54572,0
54623,0
54675,0
54751,0
54867,0
54882,0
54950,0
55058,0
55209,0
55303,0
55338,0
55343,0
55358,0
55460,0
55543,0
55631,0
55679,0
55706,0
55759,0
55783,0
55799,0
55839,0
55875,0
55990,0
55999,0
56042,0
56158,0
56361,0
56392,0
56461,0
56504,0
56529,0
56567,0
56583,0
56616,0
56700,0
56778,0
56792,0
56795,0
56821,0
56879,0
56891,0
56984,0
57007,0
57104,0
57108,0
57127,0
57175,0
57198,0
57238,0
57306,0
57320,0
57334,0
57449,0
57460,0
57461,0
57518,0
57701,0
57749,0
57772,0
57785,0
57822,0
57841,0
57883,0
57946,0
57990,0
58039,0
58058,0
58062,0
58067,0
58070,0
58104,0
58137,0
58170,0
58186,0
58246,0
58282,0
58313,0
58347,0
58378,0
58385,0
58418,0
58431,0
58485,0
58505,0
58514,0
58542,0
58570,0
58597,0
58639,0
58651,0
58685,0
58772,0
58882,0
59093,0
59171,0
59186,0
59208,0
59245,0
59251,0
59257,0
59293,0
59332,0
59402,0
59423,0
59443,0
59508,0
59568,0
59584,0
59614,0
59625,0
59640,0
59669,0
59683,0
59712,0
59716,0
59747,0
59833,0
59862,0
59876,0
59895,0
59896,0
59954,0
59992,0
60012,0
60013,0
60015,0
60015,0
60025,0
60045,0
60142,0
60162,0
60167,0
60228,0
60238,0
60266,0
60282,0
60351,0
60449,0
60457,0
60483,0
60504,0
60536,0
60575,0
60624,0
60652,0
60697,0
60727,0
60728,0
60929,0
60973,0
60975,0
60983,0
60985,0
60989,0
60999,0
61000,0
61056,0
61147,0
61180,0
61197,0
61264,0
61336,0
61341,0
61384,0
61440,0
61492,0
61550,0
61557,0
61584,0
61609,0
61637,0
61646,0
61674,0
61765,0
61843,0
61859,0
61954,0
61988,0
61995,0
62020,0
62039,0
62131,0
62193,0
62196,0
62315,0
62386,0
62395,0
62410,0
62441,0
62446,0
62496,0
62544,0
62606,0
62609,0
62651,0
62694,0
62703,0
62760,0
62854,0
62863,0
62869,0
62911,0
62957,0
63037,0
63092,0
63216,0
63263,0
63297,0
63350,0
63354,0
63401,0
63403,0
63407,0
63662,0
63748,0
63787,0
63858,0
63939,0
63964,0
64037,0
64047,0
64075,0
64088,0
64089,0
64190,0
64216,0
64236,0
64281,0
64289,0
64292,0
64294,0
64433,0
64468,0
64541,0
64545,0
64555,0
64570,0
64857,0
64878,0
64881,0
64953,0
65007,0
65075,0
65132,0
65140,0
65161,0
65192,0
65211,0
65255,0
65291,0
65293,0
65326,0
65439,0
65454,0
65510,0
65555,0
65584,0
65604,0
65624,0
65629,0
65641,0
65706,0
65738,0
65801,0
65916,0
65935,0
65959,0
65968,0
65983,0
66093,0
66116,0
66129,0
66222,0
66261,0
66276,0
66386,0
66407,0
66414,0
66416,0
66422,0
66470,0
66499,0
66520,0
66532,0
66542,0
66548,0
66555,0
66680,0
66769,0
66931,0
66975,0
66978,0
67010,0
67058,0
67075,0
67119,0
67122,0
67192,0
67219,0
67242,0
67306,0
67323,0
67339,0
67359,0
67468,0
67549,0
67634,0
67819,0
67951,0
68106,0
68108,0
68211,0
68251,0
68354,0
68370,0
68374,0
68391,0
68429,0
68463,0
68481,0
68509,0
68514,0
68572,0
68621,0
68632,0
68673,0
68701,0
68732,0
68733,0
68790,0
68803,0
68808,0
68831,0
68900,0
69029,0
69158,0
69197,0
69340,0
69346,0
69347,0
69354,0
69438,0
69484,0
69570,0
69589,0
69730,0
69787,0
69848,0
69850,0
69860,0
69925,0
69954,0
70042,0
70050,0
70056,0
70057,0
70072,0
70078,0
70166,0
70248,0
70272,0
70275,0
70331,0
70341,0
70363,0
70527,0
70566,0
70577,0
70611,0
70635,0
70655,0
70677,0
70712,0
70765,0
70844,0
70885,0
70911,0
70980,0
71065,0
71160,0
71242,0
71279,0
71285,0
71294,0
71331,0
71348,0
71349,0
71384,0
71396,0
71510,0
71637,0
71653,0
71659,0
71697,0
71712,0
71795,0
71811,0
71839,0
71868,0
71963,0
72088,0
72101,0
72104,0
72114,0
72147,0
72175,0
72229,0
72281,0
72324,0
72352,0
72359,0
72359,0
72363,0
72385,0
72388,0
72438,0
72508,0
72515,0
72641,0
72653,0
72663,0
72711,0
72728,0
72764,0
72806,0
72879,0
72995,0
73016,0
73017,0
73051,0
73096,0
73115,0
73122,0
73276,0
73343,0
73363,0
73381,0
73385,0
73405,0
73507,0
73542,0
73552,0
73561,0
73571,0
73591,0
73642,0
73741,0
73758,0
73759,0
73788,0
73795,0
73874,0
73943,0
73988,0
74073,0
74181,0
74260,0
74278,0
74325,0
74379,0
74449,0
74464,0
74515,0
74571,0
74624,0
74625,0
74651,0
74694,0
74719,0
74838,0
74881,0
74907,0
74921,0
74945,0
74963,0
75113,0
75116,0
75213,0
75217,0
75378,0
75397,0
75403,0
75407,0
75442,0
75487,0
75511,0
75514,0
75533,0
75534,0
75538,0
75556,0
75561,0
75567,0
75582,0
75617,0
75687,0
75720,0
75722,0
75767,0
75774,0
75855,0
75864,0
75879,0
76006,0
76011,0
76011,0
76017,0
76094,0
76198,0
76238,0
76238,0
76260,0
76278,0
76346,0
76386,0
76387,0
76471,0
76515,0
76525,0
76533,0
76554,0
76555,0
76562,0
76591,0
76612,0
76625,0
76626,0
76695,0
76732,0
76813,0
76840,0
76848,0
76875,0
76936,0
77015,0
77019,0
77128,0
77186,0
77259,0
77262,0
77280,0
77359,0
77385,0
77398,0
77511,0
77542,0
77553,0
77585,0
77605,0
77669,0
77676,0
77736,0
77868,0
77918,0
78021,0
78044,0
78067,0
78070,0
78117,0
78153,0
78182,0
78213,0
78218,0
78223,0
78228,0
78240,0
78243,0
78266,0
78318,0
78322,0
78324,0
78359,0
78447,0
78456,0
78458,0
78465,0
78548,0
78698,0
78716,0
78763,0
78828,0
78865,0
78900,0
78911,0
78917,0
78926,0
78940,0
79035,0
79097,0
79108,0
79214,0
79234,0
79340,0
79358,0
79392,0
79459,0
79504,0
79524,0
79526,0
79662,0
79663,0
79820,0
79837,0
79840,0
79894,0
79894,0
79901,0
79939,0
80013,0
80021,0
80030,0
80053,0
80068,0
80075,0
80129,0
80136,0
80158,0
80167,0
80268,0
80320,0
80327,0
80337,0
80359,0
80369,0
80482,0
80498,0
80606,0
80650,0
80652,0
80665,0
80675,0
80693,0
80840,0
80924,0
80941,0
80991,0
81081,0
81119,0
81134,0
81246,0
81280,0
81289,0
81391,0
81496,0
81604,0
81656,0
81702,0
81764,0
81811,0
81823,0
81859,0
81867,0
81948,0
81969,0
82008,0
82029,0
82064,0
82078,0
82139,0
82174,0
82184,0
82201,0
82256,0
82266,0
82278,0
82332,0
82335,0
82397,0
82401,0
82408,0
82447,0
82476,0
82502,0
82520,0
82594,0
82648,0
82669,0
82679,0
82751,0
82802,0
82839,0
82849,0
82849,0
82903,0
82940,0
82973,0
82976,0
83057,0
83092,0
83160,0
83178,0
83244,0
83261,0
83299,0
83424,0
83476,0
83489,0
83538,0
83644,0
83664,0
83772,0
83790,0
83828,0
83928,0
83970,0
83998,0
84007,0
84042,0
84097,0
84098,0
84141,0
84190,0
84250,0
84258,0
84270,0
84290,0
84324,0
84344,0
84473,0
84512,0
84553,0
84613,0
84657,0
84669,0
84727,0
84732,0
84734,0
84756,0
84764,0
84805,0
84845,0
84869,0
84968,0
84969,0
84979,0
85048,0
85111,0
85187,0
85225,0
85237,0
85265,0
85275,0
85276,0
85364,0
85368,0
85371,0
85396,0
85399,0
85418,0
85477,0
85533,0
85634,0
85658,0
85660,0
85689,0
85699,0
85754,0
85801,0
85890,0
85976,0
85989,0
86057,0
86057,0
86057,0
86059,0
86100,0
86118,0
86144,0
86336,0
86345,0
86395,0
86396,0
86396,0
86399,0
86405,0
86413,0
86453,0
86453,0
86543,0
86612,0
86620,0
86674,0
86680,0
86680,0
86790,0
86815,0
86847,0
86868,0
86948,0
86985,0
86993,0
87007,0
87039,0
87047,0
87093,0
87126,0
87149,0
87214,0
87238,0
87244,0
87264,0
87312,0
87325,0
87340,0
87351,0
87373,0
87423,0
87435,0
87440,0
87469,0
87485,0
87545,0
87558,0
87561,0
87646,0
87740,0
87812,0
87891,0
87897,0
87922,0
87979,0
88098,0
88192,0
88272,0
88310,0
88387,0
88447,0
88459,0
88463,0
88492,0
88553,0
88629,0
88642,0
88666,0
88667,0
88764,0
88886,0
88945,0
88979,0
88980,0
89006,0
89006,0
89016,0
89128,0
89134,0
89273,0
89343,0
89349,0
89353,0
89410,0
89431,0
89439,0
89498,0
89546,0
89596,0
89658,0
89668,0
89712,0
89733,0
89739,0
89749,0
89749,0
89765,0
89774,0
89789,0
89797,0
89808,0
89852,0
89904,0
89954,0
89968,0
89969,0
90033,0
90055,0
90133,0
90135,0
90172,0
90213,0
90277,0
90283,0
90344,0
90372,0
90377,0
90436,0
90517,0
90533,0
90544,0
90609,0
90631,0
90651,0
90665,0
90718,0
90731,0
90842,0
90863,0
90887,0
90902,0
90925,0
91011,0
91096,0
91119,0
91136,0
91169,0
91217,0
91262,0
91284,0
91317,0
91358,0
91406,0
91417,0
91431,0
91547,0
91550,0
91575,0
91583,0
91599,0
91729,0
91737,0
91808,0
91810,0
91820,0
91824,0
91827,0
91846,0
91922,0
91928,0
92026,0
92039,0
92044,0
92086,0
92090,0
92124,0
92153,0
92189,0
92195,0
92349,0
92418,0
92528,0
92543,0
92549,0
92556,0
92586,0
92606,0
92633,0
92652,0
92664,0
92687,0
92713,0
92849,0
92907,0
92936,0
92974,0
92994,0
93019,0
93048,0
93051,0
93106,0
93109,0
93115,0
93117,0
93125,0
93149,0
93156,0
93183,0
93217,0
93220,0
93266,0
93271,0
93331,0
93342,0
93392,0
93405,0
93413,0
93416,0
93418,0
93437,0
93440,0
93465,0
93510,0
93535,0
93737,0
93742,0
93751,0
93797,0
93827,0
93852,0
93869,0
93871,0
93912,0
93918,0
93920,0
93978,0
94021,0
94023,0
94033,0
94123,0
94165,0
94316,0
94330,0
94347,0
94357,0
94371,0
94398,0
94454,0
94460,0
94493,0
94494,0
94524,0
94530,0
94632,0
94645,0
94666,0
94724,0
94729,0
94895,0
94923,0
94949,0
94976,0
95030,0
95048,0
95062,0
95105,0
95109,0
95152,0
95169,0
95188,0
95248,0
95260,0
95281,0
95349,0
95366,0
95438,0
95479,0
95513,0
95534,0
95595,0
95647,0
95653,0
95658,0
95672,0
95699,0
95707,0
95739,0
95756,0
95795,0
95920,0
95944,0
96068,0
96177,0
96224,0
96300,0
96314,0
96338,0
96380,0
96388,0
96442,0
96449,0
96493,0
96496,0
96532,0
96614,0
96621,0
96642,0
96650,0
96680,0
96728,0
96776,0
96777,0
96781,0
96823,0
96850,0
96856,0
96905,0
96929,0
96945,0
97008,0
97097,0
97100,0
97102,0
97112,0
97188,0
97226,0
97241,0
97245,0
97288,0
97366,0
97376,0
97486,0
97507,0
97518,0
97608,0
97611,0
97723,0
97817,0
97838,0
97910,0
97922,0
97984,0
98022,0
98103,0
98113,0
98157,0
98174,0
98207,0
98217,0
98247,0
98407,0
98436,0
98474,0
98484,0
98574,0
98645,0
98674,0
98708,0
98801,0
98808,0
98833,0
98970,0
98978,0
98994,0
99058,0
99087,0
99249,0
99252,0
99277,0
99283,0
99298,0
99328,0
99356,0
99474,0
99491,0
99523,0
99524,0
99529,0
99564,0
99665,0
99716,0
99744,0
99782,0
99783,0
99850,0
99900,0
99934,0
99942,0
99990,0
100028,0
100037,0
100053,0
100200,0
100237,0
100292,0
100308,0
100419,0
100427,0
100433,0
100436,0
100472,0
100533,0
100563,0
100589,0
100592,0
100594,0
100619,0
100649,0
100651,0
100741,0
100789,0
100801,0
100948,0
101022,0
101103,0
101123,0
101134,0
101208,0
101256,0
101257,0
101276,0
101342,0
101356,0
101428,0
101446,0
101468,0
101549,0
101553,0
101553,0
101560,0
101590,0
101618,0
101678,0
101688,0
101705,0
101799,0
101928,0
101936,0
101946,0
101996,0
102051,0
102054,0
102106,0
102110,0
102132,0
102163,0
102164,0
102187,0
102247,0
102260,0
102315,0
102359,0
102382,0
102384,0
102415,0
102460,0
102528,0
102721,0
102752,0
102753,0
102911,0
102940,0
103009,0
103036,0
103094,0
103103,0
103211,0
103293,0
103294,0
103345,0
103373,0
103402,0
103416,0
103430,0
103452,0
103464,0
103493,0
103569,0
103586,0
103652,0
103672,0
103683,0
103876,0
103877,0
103898,0
103917,0
103931,0
103952,0
104003,0
104004,0
104079,0
104119,0
104133,0
104134,0
104138,0
104181,0
104305,0
104315,0
104395,0
104400,0
104433,0
104440,0
104456,0
104460,0
104474,0
104490,0
104571,0
104731,0
104871,0
104897,0
104899,0
104916,0
104932,0
104937,0
105020,0
105022,0
105022,0
105024,0
105109,0
105122,0
105163,0
105244,0
105246,0
105249,0
105374,0
105378,0
105382,0
105423,0
105431,0
105459,0
105475,0
105503,0
105608,0
105634,0
105715,0
105716,0
105719,0
105738,0
105799,0
105850,0
105852,0
105920,0
105983,0
105985,0
106043,0
106089,0
106147,0
106288,0
106344,0
106392,0
106465,0
106538,0
106550,0
106612,0
106652,0
106675,0
106729,0
106792,0
106866,0
106867,0
106962,0
106976,0
107120,0
107138,0
107163,0
107200,0
107215,0
107220,0
107337,0
107348,0
107359,0
107398,0
107447,0
107465,0
107474,0
107483,0
107537,0
107555,0
107563,0
107615,0
107629,0
107677,0
107722,0
107771,0
107796,0
107835,0
107899,0
107922,0
107964,0
107979,0
107992,0
108111,0
108118,0
108159,0
108181,0
108222,0
108254,0
108301,0
108309,0
108335,0
108404,0
108415,0
108430,0
108504,0
108543,0
108554,0
108554,0
108588,0
108595,0
108640,0
108686,0
108721,0
108755,0
108804,0
108807,0
108821,0
108827,0
108944,0
108946,0
108978,0
108991,0
109011,0
109040,0
109049,0
109070,0
109076,0
109123,0
109196,0
109278,0
109422,0
109423,0
109435,0
109439,0
109491,0
109551,0
109575,0
109580,0
109600,0
109626,0
109629,0
109631,0
109643,0
109653,0
109682,0
109703,0
109762,0
109818,0
109834,0
110003,0
110014,0
110034,0
110095,0
110116,0
110128,0
110136,0
110186,0
110325,0
110345,0
110349,0
110397,0
110422,0
110439,0
110473,0
110562,0
110589,0
110641,0
110692,0
110703,0
110788,0
110807,0
110807,0
110854,0
110857,0
110986,0
111036,0
111036,0
111088,0
111130,0
111166,0
111169,0
111239,0
111297,0
111330,0
111416,0
111419,0
111468,0
111470,0
111504,0
111559,0
111703,0
111718,0
111807,0
111814,0
111840,0
111927,0
112001,0
112016,0
112021,0
112070,0
112098,0
112118,0
112209,0
112252,0
112347,0
112354,0
112357,0
112390,0
112431,0
112490,0
112502,0
112509,0
112539,0
112559,0
112575,0
112660,0
112684,0
112687,0
112699,0
112799,0
112853,0
112899,0
112958,0
113041,0
113046,0
113050,0
113081,0
113150,0
113300,0
113307,0
113310,0
113337,0
113376,0
113379,0
113418,0
113437,0
113494,0
113529,0
113582,0
113616,0
113644,0
113648,0
113659,0
113669,0
113708,0
113738,0
113831,0
113903,0
113918,0
113933,0
113944,0
113944,0
114001,0
114003,0
114035,0
114054,0
114069,0
114285,0
114285,0
114315,0
114317,0
114404,0
114445,0
114481,0
114594,0
114627,0
114629,0
114644,0
114658,0
114768,0
114806,0
114808,0
114858,0
114883,0
114973,0
115071,0
115118,0
115165,0
115203,0
115222,0
115230,0
115234,0
115258,0
115298,0
115327,0
115401,0
115402,0
115432,0
115444,0
115498,0
115592,0
115594,0
115632,0
115634,0
115677,0
115698,0
115701,0
115750,0
115841,0
115870,0
115880,0
115887,0
115928,0
115934,0
115996,0
116012,0
116027,0
116050,0
116053,0
116114,0
116137,0
116141,0
116203,0
116244,0
116289,0
116291,0
116379,0
116384,0
116391,0
116395,0
116435,0
116453,0
116496,0
116528,0
116581,0
116585,0
116700,0
116795,0
116827,0
116827,0
116899,0
116923,0
116948,0
116977,0
116995,0
117024,0
117045,0
117056,0
117117,0
117121,0
117126,0
117174,0
117342,0
117396,0
117450,0
117494,0
117511,0
117566,0
117586,0
117621,0
117656,0
117718,0
117754,0
117800,0
117869,0
117954,0
117979,0
118095,0
118282,0
118289,0
118412,0
118433,0
118440,0
118473,0
118493,0
118552,0
118597,0
118598,0
118601,0
118653,0
118687,0
118747,0
118747,0
118785,0
118848,0
118880,0
118888,0
118972,0
119303,0
119392,0
119392,0
119394,0
119573,0
119581,0
119597,0
119610,0
119648,0
119787,0
119817,0
119849,0
119856,0
119882,0
119886,0
119893,0
119911,0
119912,0
119925,0
119937,0
119968,0
119985,0
120071,0
120082,0
120243,0
120349,0
120358,0
120461,0
120498,0
120509,0
120580,0
120616,0
120674,0
120696,0
120745,0
120769,0
120807,0
120809,0
120905,0
120909,0
120972,0
120996,0
120999,0
121038,0
121056,0
121115,0
121164,0
121198,0
121208,0
121303,0
121304,0
121318,0
121361,0
121375,0
121506,0
121570,0
121618,0
121637,0
121638,0
121713,0
121755,0
121781,0
121835,0
121934,0
121943,0
121952,0
122070,0
122108,0
122139,0
122154,0
122156,0
122159,0
122203,0
122239,0
122261,0
122277,0
122281,0
122480,0
122503,0
122512,0
122528,0
122591,0
122594,0
122617,0
122643,0
122686,0
122753,0
122764,0
122843,0
122857,0
122881,0
122934,0
122964,0
123073,0
123122,0
123177,0
123239,0
123265,0
123272,0
123275,0
123368,0
123427,0
123456,0
123489,0
123508,0
123563,0
123568,0
123580,0
123663,0
123697,0
123717,0
123770,0
123789,0
123870,0
123874,0
123919,0
123943,0
124039,0
124039,0
124167,0
124174,0
124209,0
124242,0
124325,0
124334,0
124419,0
124460,0
124488,0
124692,0
124877,0
124889,0
124906,0
125038,0
125085,0
125119,0
125297,0
125356,0
125409,0
125435,0
125624,0
125628,0
125707,0
125721,0
125731,0
125806,0
125898,0
125979,0
126088,0
126111,0
126161,0
126243,0
126256,0
126273,0
126301,0
126309,0
126329,0
126366,0
126383,0
126434,0
126559,0
126584,0
126594,0
126637,0
126650,0
126665,0
126666,0
126682,0
126691,0
126743,0
126770,0
126848,0
126857,0
126899,0
126912,0
126924,0
127025,0
127047,0
127103,0
127121,0
127183,0
127194,0
127207,0
127225,0
127319,0
127324,0
127359,0
127443,0
127604,0
127635,0
127682,0
127763,0
127858,0
127861,0
127863,0
127868,0
127879,0
127906,0
127921,0
127955,0
127978,0
128066,0
128147,0
128193,0
128203,0
128216,0
128261,0
128328,0
128333,0
128352,0
128360,0
128489,0
128513,0
128554,0
128565,0
128629,0
128719,0
128745,0
128797,0
128815,0
128817,0
128825,0
128832,0
128853,0
128858,0
128879,0
128916,0
128927,0
128970,0
128976,0
129001,0
129112,0
129142,0
129193,0
129240,0
129328,0
129380,0
129464,0
129508,0
129525,0
129535,0
129635,0
129654,0
129732,0
129846,0
129901,0
129980,0
130003,0
130021,0
130025,0
130027,0
130036,0
130070,0
130076,0
130100,0
130116,0
130143,0
130161,0
130303,0
130454,0
130455,0
130460,0
130477,0
130481,0
130493,0
130544,0
130670,0
130677,0
130698,0
130768,0
130823,0
130833,0
130841,0
130929,0
131052,0
131101,0
131208,0
131293,0
131321,0
131383,0
131383,0
131410,0
131418,0
131419,0
131462,0
131518,0
131550,0
131558,0
131621,0
131637,0
131639,0
131642,0
131674,0
131730,0
131735,0
131786,0
131795,0
131889,0
131909,0
131941,0
131960,0
132045,0
132101,0
132202,0
132227,0
132246,0
132275,0
132347,0
132350,0
132448,0
132516,0
132534,0
132675,0
132839,0
132867,0
132893,0
132900,0
132908,0
132908,0
133001,0
133020,0
133022,0
133030,0
133045,0
133061,0
133083,0
133196,0
133281,0
133287,0
133287,0
133302,0
133367,0
133627,0
133665,0
133804,0
133831,0
133873,0
133879,0
133931,0
133931,0
133949,0
133998,0
134002,0
134050,0
134119,0
134131,0
134139,0
134144,0
134179,0
134237,0
134359,0
134412,0
134420,0
134438,0
134551,0
134616,0
134742,0
134792,0
134857,0
134859,0
134961,0
134987,0
135053,0
135056,0
135063,0
135065,0
135102,0
135106,0
135245,0
135276,0
135276,0
135286,0
135407,0
135441,0
135450,0
135467,0
135472,0
135474,0
135478,0
135485,0
135504,0
135556,0
135574,0
135661,0
135680,0
135709,0
135767,0
135780,0
135787,0
135873,0
135878,0
135925,0
135939,0
135943,0
135945,0
135955,0
135972,0
136101,0
136134,0
136150,0
136192,0
136261,0
136297,0
136337,0
136347,0
136381,0
136416,0
136554,0
136578,0
136649,0
136658,0
136658,0
136666,0
136688,0
136703,0
136776,0
136823,0
136854,0
136866,0
136887,0
136918,0
136958,0
136965,0
137137,0
137165,0
137217,0
137235,0
137350,0
137525,0
137533,0
137617,0
137642,0
137657,0
137665,0
137815,0
137851,0
137862,0
137878,0
137883,0
137952,0
138039,0
138066,0
138122,0
138135,0
138201,0
138232,0
138276,0
138278,0
138301,0
138399,0
138428,0
138543,0
138575,0
138597,0
138675,0
138742,0
138777,0
138780,0
138860,0
138864,0
138913,0
138919,0
138938,0
138980,0
138995,0
139018,0
139046,0
139054,0
139057,0
139118,0
139207,0
139251,0
139258,0
139302,0
139304,0
139309,0
139321,0
139394,0
139532,0
139572,0
139588,0
139593,0
139625,0
139672,0
139705,0
139707,0
139793,0
139805,0
139815,0
139839,0
139899,0
139983,0
140002,0
140015,0
140019,0
140044,0
140251,0
140290,0
140297,0
140445,0
140446,0
140491,0
140561,0
140592,0
140643,0
140646,0
140725,0
140750,0
140769,0
140776,0
140825,0
140859,0
140920,0
140986,0
141047,0
141074,0
141122,0
141163,0
141202,0
141218,0
141255,0
141313,0
141322,0
141391,0
141413,0
141418,0
141481,0
141484,0
141511,0
141521,0
141531,0
141577,0
141594,0
141656,0
141740,0
141793,0
141798,0
141865,0
141882,0
141908,0
141948,0
141987,0
142057,0
142103,0
142139,0
142190,0
142201,0
142231,0
142329,0
142524,0
142644,0
142796,0
142879,0
142894,0
142943,0
143042,0
143180,0
143211,0
143243,0
143362,0
143407,0
143497,0
143642,0
143659,0
143698,0
143700,0
143810,0
143876,0
143881,0
143906,0
143964,0
144030,0
144039,0
144318,0
144319,0
144333,0
144388,0
144417,0
144496,0
144498,0
144508,0
144567,0
144747,0
144766,0
144772,0
144840,0
144868,0
144909,0
144930,0
144977,0
145006,0
145041,0
145046,0
145106,0
145210,0
145226,0
145269,0
145338,0
145360,0
145363,0
145378,0
145387,0
145405,0
145428,0
145429,0
145443,0
145456,0
145572,0
145603,0
145677,0
145715,0
145832,0
145883,0
145929,0
145953,0
145964,0
145985,0
146207,0
146237,0
146261,0
146277,0
146284,0
146285,0
146299,0
146305,0
146391,0
146424,0
146497,0
146505,0
146511,0
146531,0
146556,0
146689,0
146721,0
146784,0
146789,0
146826,0
146885,0
146895,0
146911,0
146911,0
146916,0
146917,0
146929,0
147011,0
147011,0
147122,0
147122,0
147128,0
147143,0
147154,0
147266,0
147341,0
147374,0
147379,0
147472,0
147477,0
147491,0
147554,0
147587,0
147680,0
147771,0
147836,0
147849,0
147851,0
147897,0
147910,0
147938,0
147962,0
147968,0
148040,0
148069,0
148112,0
148164,0
148173,0
148189,0
148198,0
148247,0
148313,0
148345,0
148382,0
148390,0
148434,0
148501,0
148533,0
148571,0
148582,0
148620,0
148635,0
148671,0
148702,0
148711,0
148746,0
148760,0
148766,0
148795,0
148797,0
148809,0
148867,0
148868,0
148890,0
148914,0
148939,0
148960,0
148966,0
149047,0
149057,0
149114,0
149124,0
149154,0
149257,0
149275,0
149277,0
149304,0
149333,0
149418,0
149490,0
149500,0
149539,0
149618,0
149676,0
149678,0
149705,0
149727,0
149737,0
149764,0
149785,0
149813,0
149891,0
149921,0
149937,0
150089,0
150159,0
150236,0
150259,0
150269,0
150289,0
150320,0
150336,0
150404,0
150491,0
150624,0
150744,0
150780,0
150872,0
150880,0
150899,0
150940,0
151026,0
151110,0
151115,0
151117,0
151133,0
151179,0
151189,0
151194,0
151260,0
151261,0
151283,0
151342,0
151350,0
151365,0
151426,0
151437,0
151475,0
151501,0
151533,0
151536,0
151594,0
151596,0
151613,0
151660,0
151690,0
151711,0
151828,0
151846,0
151853,0
151885,0
152013,0
152017,0
152021,0
152056,0
152084,0
152098,0
152132,0
152167,0
152189,0
152266,0
152271,0
152285,0
152339,0
152374,0
152380,0
152428,0
152479,0
152527,0
152564,0
152578,0
152642,0
152712,0
152737,0
152774,0
152789,0
152865,0
152883,0
152893,0
152920,0
152931,0
152996,0
153027,0
153051,0
153083,0
153084,0
153110,0
153145,0
153174,0
153286,0
153286,0
153355,0
153400,0
153446,0
153458,0
153485,0
153537,0
153563,0
153595,0
153639,0
153648,0
153666,0
153704,0
153713,0
153717,0
153760,0
153893,0
154034,0
154054,0
154059,0
154127,0
154214,0
154217,0
154291,0
154298,0
154432,0
154473,0
154484,0
154498,0
154522,0
154560,0
154668,0
154780,0
154841,0
154850,0
154870,0
155001,0
155076,0
155082,0
155089,0
155145,0
155206,0
155259,0
155359,0
155367,0
155376,0
155422,0
155429,0
155467,0
155494,0
155520,0
155523,0
155531,0
155541,0
155611,0
155652,0
155671,0
155714,0
155725,0
155737,0
155740,0
155775,0
155855,0
155896,0
155917,0
155983,0
155989,0
156091,0
156130,0
156136,0
156163,0
156167,0
156209,0
156270,0
156342,0
156407,0
156426,0
156428,0
156442,0
156452,0
156482,0
156482,0
156550,0
156555,0
156569,0
156578,0
156589,0
156623,0
156656,0
156828,0
156980,0
156995,0
157033,0
157049,0
157069,0
157145,0
157157,0
157186,0
157204,0
157212,0
157213,0
157330,0
157383,0
157400,0
157447,0
157524,0
157537,0
157543,0
157564,0
157571,0
157598,0
157671,0
157688,0
157820,0
157843,0
157918,0
157962,0
157979,0
158087,0
158286,0
158290,0
158299,0
158336,0
158389,0
158395,0
158397,0
158437,0
158545,0
158567,0
158572,0
158615,0
158642,0
158704,0
158716,0
158737,0
158756,0
158781,0
158813,0
158856,0
158964,0
158969,0
159057,0
159102,0
159135,0
159138,0
159150,0
159219,0
159245,0
159323,0
159344,0
159409,0
159430,0
159443,0
159451,0
159471,0
159481,0
159490,0
159512,0
159573,0
159591,0
159607,0
159641,0
159704,0
159707,0
159801,0
159846,0
159878,0
160010,0
160017,0
160058,0
160081,0
160159,0
160209,0
160238,0
160367,0
160371,0
160397,0
160400,0
160468,0
160562,0
160716,0
160761,0
160852,0
160863,0
160895,0
160915,0
160941,0
160964,0
161009,0
161015,0
161083,0
161088,0
161106,0
161208,0
161265,0
161286,0
161288,0
161343,0
161355,0
161357,0
161395,0
161402,0
161407,0
161481,0
161522,0
161546,0
161550,0
161559,0
161588,0
161613,0
161616,0
161640,0
161653,0
161676,0
161725,0
161781,0
161823,0
161885,0
161908,0
161949,0
161990,0
162019,0
162040,0
162089,0
162104,0
162109,0
162130,0
162181,0
162205,0
162225,0
162432,0
162469,0
162474,0
162495,0
162534,0
162599,0
162607,0
162620,0
162640,0
162645,0
162677,0
162682,0
162724,0
162803,0
162849,0
162856,0
162857,0
162879,0
162893,0
163002,0
163133,0
163136,0
163238,0
163242,0
163245,0
163327,0
163349,0
163372,0
163377,0
163411,0
163413,0
163456,0
163495,0
163539,0
163561,0
163630,0
163643,0
163687,0
163751,0
163778,0
163804,0
163884,0
163890,0
163892,0
163898,0
163901,0
163991,0
163999,0
163999,0
164089,0
164120,0
164157,0
164163,0
164183,0
164196,0
164235,0
164295,0
164398,0
164437,0
164446,0
164450,0
164473,0
164516,0
164587,0
164592,0
164636,0
164638,0
164655,0
164669,0
164676,0
164684,0
164696,0
164717,0
164732,0
164741,0
164816,0
164904,0
164912,0
164938,0
164967,0
165026,0
165039,0
165062,0
165068,0
165072,0
165097,0
165218,0
165238,0
165329,0
165354,0
165357,0
165359,0
165379,0
165391,0
165435,0
165452,0
165504,0
165557,0
165580,0
165604,0
165672,0
165673,0
165719,0
165824,0
165826,0
165992,0
166036,0
166107,0
166123,0
166131,0
166179,0
166196,0
166216,0
166236,0
166237,0
166242,0
166356,0
166385,0
166509,0
166517,0
166574,0
166612,0
166682,0
166721,0
166737,0
166819,0
166882,0
166890,0
166901,0
166956,0
166973,0
167045,0
167076,0
167145,0
167162,0
167172,0
167242,0
167268,0
167275,0
167369,0
167381,0
167432,0
167440,0
167442,0
167466,0
167507,0
167522,0
167547,0
167563,0
167597,0
167745,0
167859,0
167871,0
167874,0
167989,0
167990,0
168038,0
168092,0
168113,0
168203,0
168219,0
168295,0
168302,0
168392,0
168410,0
168490,0
168503,0
168557,0
168565,0
168783,0
168851,0
168888,0
168936,0
168982,0
168992,0
168996,0
169013,0
169143,0
169165,0
169177,0
169188,0
169212,0
169229,0
169300,0
169340,0
169347,0
169402,0
169418,0
169583,0
169600,0
169767,0
169796,0
169846,0
169883,0
170081,0
170107,0
170168,0
170358,0
170445,0
170658,0
170781,0
170792,0
170839,0
170858,0
170858,0
170894,0
170908,0
170940,0
170985,0
171031,0
171213,0
171217,0
171249,0
171332,0
171354,0
171417,0
171435,0
171457,0
171469,0
171495,0
171551,0
171559,0
171585,0
171599,0
171600,0
171663,0
171675,0
171690,0
171705,0
171821,0
171851,0
171872,0
172009,0
172015,0
172015,0
172042,0
172043,0
172125,0
172146,0
172246,0
172261,0
172299,0
172340,0
172426,0
172432,0
172444,0
172508,0
172530,0
172609,0
172668,0
172689,0
172726,0
172791,0
172823,0
172867,0
172890,0
172895,0
172900,0
172917,0
172917,0
172952,0
172980,0
172994,0
173010,0
173013,0
173047,0
173084,0
173087,0
173129,0
173147,0
173244,0
173259,0
173295,0
173308,0
173414,0
173481,0
173511,0
173513,0
173549,0
173638,0
173664,0
173699,0
173749,0
173879,0
173893,0
173937,0
174000,0
174041,0
174046,0
174111,0
174164,0
174179,0
174207,0
174280,0
174282,0
174298,0
174323,0
174338,0
174387,0
174414,0
174451,0
174478,0
174510,0
174514,0
174525,0
174563,0
174564,0
174565,0
174590,0
174627,0
174656,0
174675,0
174730,0
174885,0
174939,0
174983,0
175004,0
175069,0
175116,0
175145,0
175226,0
175271,0
175314,0
175335,0
175338,0
175358,0
175411,0
175435,0
175472,0
175547,0
175552,0
175615,0
175616,0
175654,0
175684,0
175684,0
175710,0
175734,0
175770,0
175771,0
175776,0
175812,0
175887,0
175926,0
175936,0
176003,0
176013,0
176035,0
176116,0
176167,0
176194,0
176232,0
176267,0
176364,0
176394,0
176460,0
176480,0
176532,0
176556,0
176559,0
176579,0
176601,0
176656,0
176658,0
176660,0
176692,0
176696,0
176760,0
176762,0
176797,0
176970,0
176986,0
176990,0
177020,0
177036,0
177100,0
177104,0
177120,0
177166,0
177248,0
177297,0
177308,0
177329,0
177352,0
177363,0
177364,0
177389,0
177443,0
177546,0
177548,0
177566,0
177590,0
177627,0
177641,0
177796,0
177946,0
178019,0
178154,0
178162,0
178165,0
178177,0
178194,0
178257,0
178310,0
178311,0
178372,0
178386,0
178504,0
178614,0
178658,0
178787,0
178796,0
178968,0
179038,0
179092,0
179099,0
179119,0
179189,0
179269,0
179371,0
179381,0
179414,0
179428,0
179446,0
179476,0
179493,0
179502,0
179509,0
179587,0
179588,0
179624,0
179650,0
179708,0
179746,0
179760,0
179787,0
179935,0
180052,0
180054,0
180148,0
180220,0
180234,0
180296,0
180298,0
180330,0
180361,0
180432,0
180637,0
180665,0
180677,0
180698,0
180707,0
180740,0
180767,0
180790,0
180796,0
180848,0
180848,0
180869,0
180893,0
180913,0
180963,0
181111,0
181141,0
181143,0
181151,0
181161,0
181189,0
181260,0
181274,0
181298,0
181326,0
181347,0
181356,0
181371,0
181423,0
181526,0
181534,0
181548,0
181589,0
181599,0
181681,0
181696,0
181699,0
181726,0
181784,0
181815,0
181849,0
181852,0
181878,0
181884,0
181950,0
181992,0
182065,0
182082,0
182090,0
182092,0
182197,0
182262,0
182268,0
182289,0
182335,0
182358,0
182397,0
182399,0
182470,0
182555,0
182560,0
182609,0
182685,0
182710,0
182742,0
182742,0
182746,0
182801,0
182838,0
182856,0
182860,0
182876,0
182896,0
182900,0
182982,0
182997,0
183113,0
183115,0
183116,0
183119,0
183130,0
183208,0
183234,0
183252,0
183276,0
183290,0
183436,0
183536,0
183569,0
183583,0
183593,0
183599,0
183619,0
183634,0
183663,0
183803,0
183833,0
183852,0
183878,0
184134,0
184159,0
184204,0
184220,0
184223,0
184325,0
184328,0
184352,0
184474,0
184510,0
184537,0
184543,0
184587,0
184617,0
184678,0
184739,0
184804,0
184816,0
184875,0
184904,0
184927,0
184928,0
184933,0
184943,0
184945,0
184984,0
185033,0
185090,0
185110,0
185289,0
185352,0
185357,0
185363,0
185392,0
185399,0
185421,0
185523,0
185564,0
185635,0
185638,0
185659,0
185665,0
185779,0
185858,0
185985,0
185990,0
186015,0
186080,0
186087,0
186094,0
186101,0
186120,0
186131,0
186228,0
186244,0
186246,0
186295,0
186298,0
186420,0
186451,0
186535,0
186541,0
186573,0
186737,0
186793,0
186808,0
186903,0
186911,0
186919,0
186951,0
186980,0
187000,0
187018,0
187067,0
187075,0
187097,0
187144,0
187204,0
187223,0
187230,0
187251,0
187254,0
187313,0
187318,0
187350,0
187363,0
187364,0
187402,0
187402,0
187456,0
187458,0
187533,0
187561,0
187564,0
187583,0
187624,0
187650,0
187710,0
187722,0
187728,0
187764,0
187901,0
187902,0
187908,0
187916,0
187977,0
187990,0
188001,0
188009,0
188015,0
188033,0
188067,0
188081,0
188123,0
188129,0
188133,0
188134,0
188185,0
188256,0
188271,0
188284,0
188291,0
188356,0
188380,0
188380,0
188393,0
188404,0
188477,0
188497,0
188560,0
188620,0
188676,0
188685,0
188729,0
188730,0
188736,0
188792,0
188861,0
188911,0
188978,0
189017,0
189019,0
189031,0
189086,0
189137,0
189225,0
189232,0
189271,0
189295,0
189335,0
189381,0
189418,0
189469,0
189511,0
189551,0
189601,0
189658,0
189757,0
189768,0
189822,0
189916,0
190079,0
190091,0
190095,0
190101,0
190143,0
190150,0
190191,0
190250,0
190320,0
190379,0
190398,0
190426,0
190536,0
190559,0
190620,0
190809,0
190828,0
190828,0
190851,0
190861,0
190863,0
190875,0
190885,0
190888,0
190925,0
190949,0
191027,0
191030,0
191030,0
191062,0
191082,0
191244,0
191246,0
191264,0
191385,0
191494,0
191541,0
191578,0
191672,0
191674,0
191924,0
191968,0
192045,0
192063,0
192163,0
192179,0
192314,0
192360,0
192363,0
192505,0
192546,0
192597,0
192640,0
192712,0
192723,0
192730,0
192736,0
192773,0
192808,0
192887,0
192999,0
193070,0
193118,0
193217,0
193228,0
193283,0
193369,0
193389,0
193433,0
193477,0
193517,0
193578,0
193676,0
193714,0
193719,0
193755,0
193789,0
193866,0
193894,0
193944,0
193960,0
193965,0
194029,0
194050,0
194217,0
194386,0
194456,0
194483,0
194526,0
194642,0
194663,0
194684,0
194784,0
194827,0
194836,0
194842,0
194893,0
194937,0
194944,0
194962,0
194990,0
195110,0
195117,0
195249,0
195281,0
195303,0
195336,0
195364,0
195385,0
195388,0
195413,0
195427,0
195453,0
195461,0
195498,0
195501,0
195541,0
195577,0
195616,0
195653,0
195706,0
195719,0
195748,0
195828,0
195849,0
195871,0
196010,0
196016,0
196020,0
196029,0
196161,0
196212,0
196212,0
196213,0
196222,0
196232,0
196262,0
196286,0
196296,0
196308,0
196369,0
196414,0
196454,0
196469,0
196487,0
196498,0
196508,0
196528,0
196586,0
196598,0
196622,0
196668,0
196831,0
196840,0
196849,0
196875,0
196878,0
196910,0
196916,0
196920,0
196952,0
196991,0
197040,0
197063,0
197073,0
197076,0
197141,0
197146,0
197228,0
197268,0
197320,0
197376,0
197393,0
197433,0
197481,0
197509,0
197509,0
197510,0
197588,0
197636,0
197656,0
197704,0
197721,0
197764,0
197783,0
197784,0
197856,0
197862,0
197863,0
197866,0
197916,0
198013,0
198052,0
198174,0
198307,0
198313,0
198350,0
198366,0
198417,0
198503,0
198513,0
198515,0
198641,0
198652,0
198723,0
198845,0
198848,0
198889,0
198929,0
198984,0
199225,0
199331,0
199430,0
199433,0
199435,0
199502,0
199510,0
199539,0
199543,0
