30,0
45,0
49,0
49,0
120,0
172,0
196,0
299,0
370,0
385,0
385,0
399,0
432,0
468,0
537,0
593,0
721,0
752,0
906,0
936,0
961,0
961,0
975,0
1002,0
1011,0
1066,0
1067,0
1087,0
1112,0
1127,0
1210,0
1316,0
1331,0
1343,0
1380,0
1391,0
1429,0
1447,0
1652,0
1818,0
1839,0
1862,0
1867,0
1876,0
1983,0
2020,0
2034,0
2073,0
2158,0
2204,0
2241,0
2421,0
2423,0
2481,0
2485,0
2586,0
2627,0
2644,0
2669,0
2723,0
2876,0
2880,0
3119,0
3323,0
3436,0
3506,0
3541,0
3591,0
3601,0
3637,0
3675,0
3706,0
3825,0
3847,0
3899,0
3900,0
3989,0
4020,0
4136,0
4261,0
4270,0
4313,0
4357,0
4379,0
4421,0
4468,0
4480,0
4535,0
4540,0
4553,0
4616,0
4767,0
4817,0
4830,0
4899,0
4956,0
4990,0
5014,0
5066,0
5175,0
5181,0
5204,0
5224,0
5356,0
5378,0
5420,0
5539,0
5579,0
5592,0
5684,0
5714,0
5761,0
5801,0
5923,0
5973,0
6153,0
6181,0
6257,0
6311,0
6373,0
6399,0
6411,0
6426,0
6448,0
6467,0
6556,0
6596,0
6621,0
6642,0
6679,0
6679,0
6683,0
6715,0
6742,0
6746,0
6763,0
6861,0
6904,0
6972,0
7032,0
7063,0
7088,0
7215,0
7269,0
7271,0
7340,0
7350,0
7353,0
7400,0
7415,0
7437,0
7472,0
7492,0
7523,0
7608,0
7670,0
7670,0
7670,0
7703,0
7718,0
7720,0
7815,0
7831,0
7948,0
7954,0
7969,0
7970,0
7977,0
8006,0
8009,0
8079,0
8083,0
8102,0
8116,0
8128,0
8142,0
8182,0
8213,0
8220,0
8243,0
8266,0
8327,0
8336,0
8360,0
8381,0
8422,0
8475,0
8505,0
8533,0
8552,0
8635,0
8640,0
8644,0
8659,0
8717,0
8729,0
8741,0
8765,0
8793,0
8838,0
8917,0
8922,0
8936,0
8942,0
9037,0
9077,0
9114,0
9173,0
9202,0
9239,0
9312,0
9353,0
9367,0
9392,0
9512,0
9686,0
9692,0
9783,0
9786,0
9970,0
10008,0
10013,0
10061,0
10078,0
10089,0
10120,0
10292,0
10293,0
10326,0
10327,0
10517,0
10603,0
10776,0
10822,0
10831,0
10860,0
10973,0
10977,0
10983,0
11021,0
11025,0
11106,0
11123,0
11233,0
11303,0
11360,0
11381,0
11421,0
11484,0
11496,0
11505,0
11546,0
11550,0
11561,0
11570,0
11644,0
11675,0
11752,0
11804,0
11858,0
11864,0
11869,0
11882,0
11943,0
12092,0
12143,0
12158,0
12172,0
12199,0
12228,0
12258,0
12304,0
12321,0
12328,0
12350,0
12468,0
12524,0
12544,0
12624,0
12669,0
12670,0
12719,0
12746,0
12824,0
12897,0
12960,0
13082,0
13100,0
13104,0
13130,0
13211,0
13284,0
13401,0
13409,0
13420,0
13640,0
13643,0
13719,0
13746,0
13787,0
13812,0
13845,0
13883,0
13914,0
13938,0
13988,0
14005,0
14085,0
14093,0
14168,0
14179,0
14193,0
14256,0
14261,0
14311,0
14500,0
14506,0
14515,0
14553,0
14559,0
14567,0
14651,0
14800,0
14861,0
14884,0
15008,0
15026,0
15071,0
15295,0
15331,0
15537,0
15547,0
15596,0
15771,0
15780,0
15785,0
15790,0
15932,0
15955,0
15964,0
15978,0
16048,0
16060,0
16100,0
16167,0
16286,0
16291,0
16464,0
16474,0
16490,0
16549,0
16633,0
16738,0
16756,0
16835,0
16868,0
16885,0
16906,0
16934,0
16983,0
16994,0
17006,0
17023,0
17072,0
17253,0
17319,0
17321,0
17458,0
17525,0
17567,0
17602,0
17627,0
17700,0
17728,0
17813,0
17872,0
17876,0
17886,0
17912,0
17972,0
18053,0
18092,0
18129,0
18176,0
18194,0
18229,0
18319,0
18342,0
18433,0
18460,0
18467,0
18521,0
18538,0
18543,0
18650,0
18683,0
18689,0
18752,0
18781,0
18790,0
18793,0
18912,0
18964,0
19046,0
19075,0
19105,0
19119,0
19129,0
19157,0
19164,0
19287,0
19309,0
19340,0
19386,0
19400,0
19571,0
19575,0
19621,0
19687,0
19700,0
19704,0
19841,0
19870,0
19970,0
19991,0
20038,0
20042,0
20083,0
20137,0
20320,0
20342,0
20403,0
20412,0
20425,0
20460,0
20527,0
20663,0
20744,0
20748,0
20755,0
20827,0
20881,0
20971,0
21025,0
21037,0
21120,0
21166,0
21233,0
21265,0
21492,0
21520,0
21565,0
21590,0
21681,0
21716,0
21789,0
21806,0
21821,0
21870,0
21871,0
21898,0
21925,0
21982,0
22013,0
22013,0
22027,0
22029,0
22053,0
22074,0
22153,0
22232,0
22281,0
22282,0
22304,0
22338,0
22339,0
22345,0
22358,0
22418,0
22562,0
22575,0
22641,0
22831,0
22834,0
22913,0
22921,0
22956,0
22961,0
22981,0
23116,0
23142,0
23289,0
23370,0
23591,0
23593,0
23602,0
23684,0
23700,0
23748,0
23800,0
23830,0
23912,0
23914,0
23953,0
23957,0
23976,0
23987,0
24061,0
24062,0
24078,0
24129,0
24138,0
24151,0
24218,0
24311,0
24405,0
24469,0
24530,0
24532,0
24537,0
24586,0
24647,0
24689,0
24698,0
24709,0
24778,0
24786,0
24849,0
24891,0
24911,0
24929,0
24999,0
25029,0
25110,0
25188,0
25217,0
25225,0
25300,0
25301,0
25326,0
25338,0
25467,0
25474,0
25529,0
25529,0
25623,0
25636,0
25677,0
25685,0
25810,0
25817,0
25831,0
25900,0
25921,0
25998,0
26024,0
26089,0
26158,0
26200,0
26283,0
26296,0
26297,0
26298,0
26365,0
26371,0
26386,0
26407,0
26432,0
26445,0
26451,0
26482,0
26503,0
26547,0
26549,0
26663,0
26737,0
26750,0
26783,0
26861,0
27120,0
27213,0
27215,0
27243,0
27350,0
27376,0
27386,0
27405,0
27418,0
27453,0
27666,0
27749,0
27840,0
27906,0
27912,0
27953,0
27955,0
27978,0
27989,0
28080,0
28115,0
28286,0
28360,0
28403,0
28574,0
28687,0
28707,0
28734,0
28806,0
28818,0
28850,0
28926,0
29047,0
29085,0
29134,0
29141,0
29154,0
29206,0
29253,0
29293,0
29303,0
29314,0
29329,0
29338,0
29339,0
29398,0
29431,0
29443,0
29458,0
29475,0
29491,0
29492,0
29669,0
29682,0
29700,0
29720,0
29730,0
29761,0
29798,0
29818,0
29835,0
29846,0
30067,0
30069,0
30081,0
30082,0
30108,0
30112,0
30147,0
30257,0
30311,0
30332,0
30439,0
30591,0
30604,0
30633,0
30700,0
30708,0
30814,0
30892,0
30946,0
30991,0
31077,0
31109,0
31110,0
31114,0
31229,0
31239,0
31247,0
31267,0
31453,0
31480,0
31495,0
31510,0
31511,0
31547,0
31661,0
31674,0
31702,0
31724,0
31728,0
31744,0
31828,0
31882,0
31888,0
31919,0
31956,0
32067,0
32068,0
32097,0
32228,0
32233,0
32238,0
32302,0
32345,0
32393,0
32429,0
32476,0
32482,0
32511,0
32539,0
32552,0
32605,0
32621,0
32644,0
32711,0
32717,0
32762,0
32841,0
32862,0
32960,0
33107,0
33143,0
33185,0
33408,0
33437,0
33513,0
33592,0
33600,0
33601,0
33611,0
33781,0
33847,0
33853,0
34055,0
34086,0
34089,0
34092,0
34131,0
34167,0
34349,0
34352,0
34410,0
34684,0
34774,0
34810,0
34826,0
34948,0
34996,0
34997,0
34998,0
35003,0
35069,0
35099,0
35183,0
35192,0
35254,0
35266,0
35360,0
35459,0
35466,0
35467,0
35477,0
35494,0
35562,0
35585,0
35592,0
35603,0
35650,0
35703,0
35722,0
35758,0
35812,0
35813,0
35962,0
35986,0
36013,0
36042,0
36046,0
36080,0
36122,0
36145,0
36186,0
36222,0
36243,0
36285,0
36295,0
36326,0
36403,0
36406,0
36414,0
36494,0
36497,0
36524,0
36536,0
36633,0
36653,0
36662,0
36663,0
36684,0
36692,0
36695,0
36752,0
36756,0
36792,0
36795,0
36825,0
36963,0
36976,0
37046,0
37061,0
37068,0
37082,0
37093,0
37184,0
37207,0
37291,0
37439,0
37453,0
37471,0
37483,0
37520,0
37547,0
37550,0
37621,0
37870,0
37907,0
37968,0
38092,0
38176,0
38201,0
38232,0
38259,0
38280,0
38290,0
38325,0
38366,0
38374,0
38395,0
38400,0
38541,0
38574,0
38578,0
38586,0
38597,0
38616,0
38623,0
38772,0
38787,0
38804,0
38827,0
38845,0
38861,0
38902,0
39008,0
39063,0
39078,0
39107,0
39114,0
39125,0
39180,0
39256,0
39335,0
39369,0
39425,0
39440,0
39441,0
39490,0
39527,0
39549,0
39570,0
39740,0
39789,0
40008,0
40114,0
40343,0
40354,0
40360,0
40436,0
40442,0
40478,0
40478,0
40496,0
40569,0
40572,0
40714,0
40750,0
40806,0
41019,0
41027,0
41041,0
41155,0
41199,0
41240,0
41250,0
41296,0
41355,0
41360,0
41374,0
41388,0
41411,0
41463,0
41485,0
41496,0
41545,0
41555,0
41564,0
41784,0
41800,0
41802,0
41831,0
41884,0
41921,0
41946,0
41958,0
42077,0
42115,0
42129,0
42131,0
42157,0
42190,0
42191,0
42192,0
42210,0
42213,0
42308,0
42337,0
42363,0
42401,0
42409,0
42432,0
42503,0
42539,0
42579,0
42597,0
42652,0
42677,0
42763,0
42765,0
42833,0
42846,0
42854,0
42897,0
42985,0
42992,0
43045,0
43070,0
43104,0
43152,0
43159,0
43161,0
43265,0
43279,0
43328,0
43382,0
43461,0
43483,0
43546,0
43548,0
43791,0
43802,0
43888,0
43901,0
44099,0
44102,0
44133,0
44178,0
44211,0
44263,0
44271,0
44326,0
44331,0
44380,0
44419,0
44438,0
44451,0
44489,0
44533,0
44554,0
44588,0
44766,0
44795,0
44804,0
44881,0
44882,0
45013,0
45037,0
45039,0
45062,0
45115,0
45126,0
45134,0
45135,0
45135,0
45222,0
45276,0
45344,0
45391,0
45398,0
45426,0
45470,0
45473,0
45483,0
45510,0
45576,0
45618,0
45626,0
45638,0
45798,0
45884,0
45971,0
45975,0
46169,0
46187,0
46230,0
46343,0
46428,0
46432,0
46475,0
46605,0
46607,0
46675,0
46699,0
46838,0
46854,0
46877,0
46934,0
46944,0
46991,0
47035,0
47077,0
47101,0
47135,0
47284,0
47290,0
47335,0
47369,0
47389,0
47397,0
47426,0
47432,0
47477,0
47486,0
47516,0
47584,0
47590,0
47593,0
47601,0
47734,0
47753,0
47802,0
47820,0
47908,0
48143,0
48209,0
48230,0
48331,0
48456,0
48485,0
48532,0
48581,0
48620,0
48742,0
48755,0
48785,0
48855,0
48891,0
49091,0
49141,0
49173,0
49173,0
49260,0
49377,0
49476,0
49489,0
49508,0
49543,0
49644,0
49693,0
49721,0
49724,0
49783,0
49796,0
49809,0
49854,0
49953,0
49974,0
49989,0
49990,0
50059,0
50103,0
50114,0
50120,0
50229,0
50290,0
50322,0
50417,0
50629,0
50665,0
50690,0
50735,0
50741,0
50748,0
50845,0
50847,0
50909,0
51008,0
51021,0
51046,0
51060,0
51086,0
51123,0
51435,0
51460,0
51532,0
51618,0
51637,0
51692,0
51768,0
51868,0
51885,0
52002,0
52018,0
52044,0
52050,0
52125,0
52129,0
52192,0
52199,0
52230,0
52240,0
52314,0
52334,0
52354,0
52385,0
52414,0
52416,0
52439,0
52491,0
52499,0
52500,0
52581,0
52596,0
52702,0
52792,0
52798,0
52844,0
52849,0
52867,0
53022,0
53090,0
53100,0
53138,0
53199,0
53206,0
53234,0
53274,0
53339,0
53378,0
53388,0
53388,0
53438,0
53469,0
53481,0
53484,0
53488,0
53510,0
53529,0
53581,0
53629,0
53661,0
53664,0
53793,0
53824,0
53841,0
53900,0
53912,0
54003,0
54014,0
54038,0
54047,0
54114,0
54166,0
54204,0
54224,0
54226,0
54287,0
54307,0
54313,0
54423,0
54495,0
54504,0
54518,0
54522,0
54579,0
54588,0
54622,0
54622,0
54624,0
54638,0
54731,0
54732,0
54753,0
54767,0
54795,0
54943,0
54989,0
55168,0
55247,0
55283,0
55310,0
55384,0
55414,0
55447,0
55479,0
55483,0
55499,0
55586,0
55591,0
55633,0
55638,0
55646,0
55653,0
55657,0
55680,0
55805,0
55858,0
55867,0
55932,0
55969,0
56013,0
56175,0
56198,0
56352,0
56387,0
56403,0
56406,0
56436,0
56503,0
56539,0
56549,0
56566,0
56573,0
56581,0
56583,0
56620,0
56645,0
56655,0
56707,0
56751,0
56763,0
56771,0
56775,0
56853,0
56858,0
56960,0
56968,0
56994,0
57001,0
57017,0
57032,0
57057,0
57067,0
57103,0
57113,0
57119,0
57133,0
57240,0
57271,0
57299,0
57432,0
57462,0
57563,0
57595,0
57597,0
57674,0
57677,0
57704,0
57708,0
57763,0
57778,0
57868,0
57918,0
57979,0
57992,0
58004,0
58024,0
58183,0
58228,0
58270,0
58312,0
58326,0
58354,0
58400,0
58429,0
58466,0
58478,0
58601,0
58631,0
58675,0
58783,0
58823,0
58831,0
58911,0
58928,0
58956,0
58990,0
59060,0
59116,0
59181,0
59182,0
59196,0
59209,0
59247,0
59270,0
59307,0
59334,0
59395,0
59417,0
59479,0
59484,0
59584,0
59623,0
59636,0
59661,0
59703,0
59810,0
59870,0
59881,0
59893,0
59893,0
59908,0
59918,0
59926,0
60022,0
60062,0
60134,0
60143,0
60276,0
60298,0
60299,0
60321,0
60464,0
60519,0
60544,0
60568,0
60632,0
60676,0
60695,0
60710,0
60762,0
60783,0
60839,0
60897,0
60932,0
61096,0
61143,0
61151,0
61243,0
61287,0
61333,0
61340,0
61401,0
61417,0
61452,0
61466,0
61534,0
61556,0
61564,0
61618,0
61636,0
61654,0
61662,0
61700,0
61718,0
61823,0
61839,0
62009,0
62092,0
62150,0
62244,0
62245,0
62264,0
62266,0
62308,0
62318,0
62321,0
62332,0
62393,0
62504,0
62546,0
62760,0
62773,0
62782,0
62801,0
62818,0
62857,0
62894,0
62898,0
62956,0
63006,0
63081,0
63155,0
63195,0
63195,0
63256,0
63297,0
63366,0
63400,0
63424,0
63457,0
63540,0
63546,0
63581,0
63652,0
63666,0
63666,0
63678,0
63727,0
63757,0
63767,0
63812,0
63912,0
63926,0
63938,0
63954,0
64080,0
64100,0
64123,0
64260,0
64291,0
64318,0
64330,0
64345,0
64345,0
64361,0
64379,0
64388,0
64442,0
64445,0
64556,0
64621,0
64640,0
64644,0
64675,0
64754,0
64765,0
64812,0
64844,0
64861,0
64876,0
64996,0
65026,0
65037,0
65049,0
65074,0
65113,0
65115,0
65119,0
65125,0
65149,0
65223,0
65251,0
65276,0
65311,0
65357,0
65419,0
65441,0
65480,0
65522,0
65550,0
65559,0
65671,0
65678,0
65688,0
65731,0
65790,0
65827,0
65999,0
66052,0
66058,0
66113,0
66122,0
66137,0
66195,0
66199,0
66224,0
66228,0
66235,0
66316,0
66407,0
66593,0
66711,0
66740,0
66775,0
66808,0
66912,0
66982,0
67006,0
67143,0
67179,0
67185,0
67230,0
67234,0
67277,0
67355,0
67358,0
67435,0
67435,0
67541,0
67644,0
67650,0
67653,0
67737,0
67787,0
67958,0
68035,0
68100,0
68126,0
68209,0
68221,0
68242,0
68246,0
68288,0
68320,0
68326,0
68449,0
68469,0
68505,0
68540,0
68605,0
68634,0
68650,0
68722,0
68741,0
68765,0
68825,0
68851,0
68928,0
68941,0
68978,0
68989,0
69035,0
69050,0
69066,0
69126,0
69143,0
69153,0
69205,0
69224,0
69234,0
69295,0
69360,0
69373,0
69464,0
69524,0
69550,0
69598,0
69623,0
69641,0
69749,0
69801,0
69813,0
69815,0
69851,0
69872,0
69912,0
69963,0
69964,0
69990,0
70005,0
70050,0
70058,0
70070,0
70073,0
70094,0
70165,0
70178,0
70201,0
70343,0
70460,0
70469,0
70486,0
70486,0
70499,0
70627,0
70631,0
70667,0
70675,0
70676,0
70687,0
70714,0
70735,0
70782,0
70799,0
70845,0
70931,0
70959,0
70973,0
70998,0
71004,0
71037,0
71057,0
71070,0
71155,0
71225,0
71246,0
71270,0
71285,0
71351,0
71387,0
71387,0
71400,0
71461,0
71545,0
71578,0
71585,0
71602,0
71792,0
71896,0
71945,0
71980,0
72068,0
72085,0
72122,0
72125,0
72213,0
72268,0
72278,0
72391,0
72457,0
72522,0
72571,0
72601,0
72649,0
72654,0
72732,0
72741,0
72754,0
72760,0
72808,0
72819,0
72821,0
72829,0
72831,0
72832,0
72856,0
72884,0
72956,0
72957,0
72981,0
73117,0
73132,0
73132,0
73222,0
73223,0
73254,0
73278,0
73455,0
73494,0
73585,0
73627,0
73664,0
73672,0
73695,0
73726,0
73762,0
73771,0
73933,0
73971,0
74107,0
74238,0
74309,0
74378,0
74419,0
74450,0
74452,0
74462,0
74602,0
74640,0
74680,0
74692,0
74922,0
74977,0
75143,0
75208,0
75248,0
75258,0
75266,0
75356,0
75449,0
75456,0
75519,0
75625,0
75637,0
75649,0
75716,0
75754,0
75788,0
75808,0
75832,0
75837,0
75911,0
75928,0
75973,0
75974,0
76002,0
76007,0
76031,0
76088,0
76130,0
76186,0
76189,0
76196,0
76207,0
76216,0
76247,0
76343,0
76360,0
76362,0
76424,0
76450,0
76451,0
76611,0
76619,0
76688,0
76773,0
76828,0
76873,0
76924,0
77004,0
77061,0
77065,0
77117,0
77145,0
77333,0
77413,0
77431,0
77445,0
77504,0
77576,0
77579,0
77598,0
77605,0
77640,0
77811,0
77841,0
77856,0
77857,0
77869,0
77902,0
78088,0
78091,0
78111,0
78142,0
78158,0
78203,0
78228,0
78232,0
78248,0
78263,0
78271,0
78271,0
78278,0
78300,0
78418,0
78435,0
78484,0
78519,0
78526,0
78533,0
78582,0
78668,0
78708,0
78712,0
78819,0
78873,0
78874,0
78876,0
78954,0
78959,0
78978,0
78996,0
79032,0
79062,0
79157,0
79258,0
79281,0
79332,0
79361,0
79376,0
79382,0
79382,0
79534,0
79588,0
79594,0
79683,0
79686,0
79800,0
79842,0
79963,0
80059,0
80061,0
80070,0
80163,0
80223,0
80255,0
80427,0
80476,0
80569,0
80768,0
80799,0
80892,0
80919,0
81072,0
81132,0
81258,0
81265,0
81304,0
81429,0
81496,0
81580,0
81582,0
81608,0
81612,0
81615,0
81682,0
81779,0
81844,0
81860,0
81886,0
81917,0
82085,0
82312,0
82319,0
82406,0
82411,0
82520,0
82670,0
82721,0
82845,0
82853,0
82857,0
82896,0
82907,0
82912,0
82928,0
82943,0
82954,0
82962,0
83053,0
83069,0
83074,0
83169,0
83195,0
83217,0
83226,0
83242,0
83253,0
83273,0
83284,0
83294,0
83367,0
83406,0
83435,0
83483,0
83538,0
83603,0
83618,0
83637,0
83666,0
83773,0
83808,0
83857,0
83949,0
84017,0
84033,0
84192,0
84212,0
84213,0
84227,0
84291,0
84302,0
84466,0
84488,0
84513,0
84556,0
84641,0
84682,0
84706,0
84765,0
84796,0
84807,0
84817,0
84844,0
84853,0
84864,0
84876,0
84940,0
84958,0
84973,0
85171,0
85223,0
85305,0
85395,0
85416,0
85535,0
85563,0
85564,0
85622,0
85624,0
85640,0
85650,0
85669,0
85674,0
85772,0
85809,0
85813,0
85824,0
85846,0
85865,0
85869,0
85878,0
85896,0
85921,0
85938,0
85955,0
85992,0
86024,0
86047,0
86083,0
86106,0
86132,0
86144,0
86192,0
86267,0
86280,0
86340,0
86349,0
86422,0
86453,0
86496,0
86567,0
86594,0
86605,0
86638,0
86653,0
86681,0
86698,0
86701,0
86702,0
86706,0
86710,0
86751,0
86855,0
86954,0
86975,0
86980,0
86999,0
87019,0
87085,0
87111,0
87119,0
87143,0
87196,0
87374,0
87401,0
87408,0
87522,0
87548,0
87621,0
87697,0
87713,0
87758,0
87840,0
87884,0
88002,0
88061,0
88075,0
88117,0
88143,0
88238,0
88259,0
88335,0
88408,0
88453,0
88496,0
88550,0
88616,0
88641,0
88643,0
88681,0
88714,0
88719,0
88727,0
88735,0
88752,0
88770,0
88816,0
88987,0
89084,0
89131,0
89152,0
89158,0
89294,0
89343,0
89368,0
89387,0
89414,0
89458,0
89470,0
89488,0
89533,0
89568,0
89573,0
89651,0
89671,0
89716,0
89770,0
89776,0
89776,0
89873,0
89947,0
90152,0
90156,0
90159,0
90171,0
90229,0
90241,0
90298,0
90303,0
90320,0
90370,0
90385,0
90389,0
90389,0
90420,0
90560,0
90580,0
90590,0
90745,0
90795,0
90797,0
90800,0
90847,0
90849,0
91018,0
91052,0
91053,0
91242,0
91269,0
91319,0
91411,0
91423,0
91436,0
91451,0
91517,0
91558,0
91566,0
91654,0
91668,0
91709,0
91760,0
91863,0
91926,0
91928,0
92061,0
92183,0
92202,0
92231,0
92251,0
92350,0
92382,0
92554,0
92644,0
92765,0
92772,0
92845,0
92887,0
92950,0
92951,0
92960,0
93032,0
93082,0
93097,0
93222,0
93247,0
93327,0
93351,0
93402,0
93402,0
93485,0
93486,0
93505,0
93568,0
93573,0
93622,0
93663,0
93671,0
93683,0
93756,0
93780,0
93780,0
93794,0
93959,0
93998,0
94028,0
94172,0
94177,0
94216,0
94232,0
94349,0
94434,0
94473,0
94476,0
94506,0
94555,0
94603,0
94618,0
94621,0
94623,0
94639,0
94664,0
94717,0
94829,0
94943,0
94949,0
95294,0
95296,0
95304,0
95317,0
95360,0
95366,0
95415,0
95451,0
95482,0
95525,0
95533,0
95556,0
95654,0
95767,0
95809,0
95852,0
95888,0
95894,0
95917,0
95919,0
95949,0
96065,0
96084,0
96098,0
96136,0
96268,0
96317,0
96327,0
96362,0
96404,0
96545,0
96548,0
96561,0
96617,0
96637,0
96777,0
96831,0
96833,0
96862,0
96874,0
96906,0
96915,0
96917,0
96933,0
96988,0
97055,0
97098,0
97107,0
97275,0
97279,0
97288,0
97291,0
97344,0
97521,0
97545,0
97563,0
97634,0
97739,0
97747,0
97832,0
97874,0
97899,0
98089,0
98102,0
98173,0
98186,0
98313,0
98324,0
98384,0
98414,0
98547,0
98608,0
98652,0
98667,0
98687,0
98705,0
98719,0
98722,0
98778,0
98814,0
98868,0
98880,0
98886,0
98974,0
98993,0
99004,0
99034,0
99081,0
99099,0
99185,0
99187,0
99229,0
99340,0
99404,0
99407,0
99477,0
99506,0
99551,0
99708,0
99713,0
99743,0
99777,0
99843,0
99901,0
99912,0
99954,0
99967,0
99968,0
99976,0
100121,0
100261,0
100262,0
100289,0
100349,0
100437,0
100475,0
100494,0
100503,0
100521,0
100621,0
100636,0
100700,0
100721,0
100764,0
100772,0
100805,0
100901,0
100911,0
100923,0
100934,0
100954,0
101053,0
101099,0
101182,0
101239,0
101256,0
101278,0
101315,0
101329,0
101378,0
101482,0
101571,0
101617,0
101778,0
101970,0
102009,0
102097,0
102099,0
102124,0
102198,0
102366,0
102397,0
102417,0
102458,0
102464,0
102534,0
102535,0
102611,0
102627,0
102672,0
102732,0
102769,0
102779,0
102794,0
102810,0
102839,0
102903,0
102979,0
103050,0
103066,0
103102,0
103313,0
103331,0
103496,0
103569,0
103762,0
103767,0
103803,0
103822,0
103905,0
103919,0
103942,0
103970,0
104010,0
104057,0
104093,0
104139,0
104178,0
104202,0
104214,0
104274,0
104289,0
104334,0
104360,0
104383,0
104442,0
104445,0
104451,0
104465,0
104495,0
104505,0
104570,0
104615,0
104705,0
104786,0
104817,0
104834,0
104850,0
104977,0
105037,0
105092,0
105131,0
105143,0
105269,0
105304,0
105327,0
105376,0
105402,0
105496,0
105555,0
105570,0
105584,0
105593,0
105606,0
105709,0
105796,0
105798,0
105841,0
105877,0
105893,0
105947,0
105969,0
105983,0
106012,0
106016,0
106020,0
106199,0
106213,0
106220,0
106248,0
106368,0
106536,0
106577,0
106584,0
106613,0
106708,0
106728,0
106757,0
106792,0
106834,0
106884,0
106903,0
106961,0
107001,0
107004,0
107049,0
107092,0
107118,0
107119,0
107142,0
107194,0
107194,0
107198,0
107271,0
107276,0
107304,0
107315,0
107395,0
107396,0
107436,0
107450,0
107489,0
107503,0
107607,0
107615,0
107625,0
107672,0
107683,0
107783,0
107893,0
107957,0
107988,0
107989,0
108049,0
108097,0
108130,0
108142,0
108154,0
108232,0
108249,0
108289,0
108310,0
108423,0
108429,0
108493,0
108524,0
108529,0
108580,0
108599,0
108632,0
108642,0
108645,0
108693,0
108840,0
108902,0
108976,0
109048,0
109056,0
109089,0
109123,0
109184,0
109214,0
109227,0
109288,0
109347,0
109385,0
109470,0
109499,0
109581,0
109596,0
109636,0
109838,0
109918,0
109924,0
109963,0
110015,0
110022,0
110067,0
110150,0
110219,0
110250,0
110256,0
110285,0
110286,0
110307,0
110326,0
110379,0
110653,0
110784,0
110869,0
110912,0
110948,0
110967,0
110987,0
111033,0
111115,0
111166,0
111173,0
111197,0
111274,0
111321,0
111349,0
111381,0
111395,0
111454,0
111473,0
111500,0
111516,0
111516,0
111525,0
111531,0
111535,0
111575,0
111634,0
111650,0
111724,0
111802,0
111806,0
111817,0
111934,0
111941,0
111961,0
111968,0
112004,0
112088,0
112129,0
112171,0
112208,0
112310,0
112311,0
112324,0
112378,0
112378,0
112437,0
112524,0
112532,0
112633,0
112676,0
112721,0
112739,0
112762,0
112787,0
112790,0
112865,0
112871,0
112913,0
112975,0
112995,0
113009,0
113029,0
113031,0
113083,0
113173,0
113220,0
113246,0
113405,0
113434,0
113558,0
113562,0
113577,0
113639,0
113640,0
113645,0
113656,0
113672,0
113691,0
113754,0
113771,0
113774,0
113814,0
113834,0
113847,0
113939,0
114040,0
114081,0
114223,0
114265,0
114292,0
114395,0
114399,0
114404,0
114483,0
114551,0
114623,0
114759,0
114781,0
114791,0
114792,0
114817,0
114831,0
114919,0
114922,0
114971,0
115016,0
115019,0
115093,0
115098,0
115109,0
115130,0
115138,0
115159,0
115211,0
115370,0
115397,0
115414,0
115422,0
115433,0
115439,0
115493,0
115512,0
115569,0
115570,0
115576,0
115654,0
115751,0
115758,0
115857,0
115919,0
115963,0
115964,0
115980,0
115982,0
115995,0
116022,0
116084,0
116091,0
116103,0
116123,0
116166,0
116186,0
116195,0
116223,0
116267,0
116407,0
116420,0
116422,0
116439,0
116477,0
116503,0
116517,0
116543,0
116551,0
116619,0
116699,0
116746,0
116753,0
116914,0
116916,0
116930,0
116962,0
116991,0
117006,0
117032,0
117052,0
117206,0
117211,0
117228,0
117235,0
117358,0
117423,0
117452,0
117465,0
117486,0
117559,0
117743,0
117759,0
117821,0
117834,0
117863,0
117882,0
117931,0
117951,0
117979,0
117986,0
118044,0
118056,0
118080,0
118090,0
118098,0
118157,0
118207,0
118239,0
118273,0
118295,0
118324,0
118471,0
118517,0
118540,0
118622,0
118644,0
118658,0
118685,0
118691,0
118739,0
118799,0
118936,0
118952,0
118993,0
119071,0
119079,0
119120,0
119147,0
119185,0
119224,0
119235,0
119328,0
119387,0
119393,0
119426,0
119438,0
119502,0
119560,0
119586,0
119611,0
119639,0
119763,0
119772,0
119778,0
119789,0
119846,0
119870,0
119932,0
119937,0
119977,0
119995,0
120043,0
120059,0
120113,0
120132,0
120132,0
120151,0
120190,0
120221,0
120235,0
120236,0
120382,0
120448,0
120574,0
120583,0
120632,0
120670,0
120695,0
120699,0
120776,0
120831,0
120938,0
120980,0
121077,0
121152,0
121232,0
121264,0
121302,0
121379,0
121405,0
121414,0
121458,0
121467,0
121494,0
121521,0
121559,0
121583,0
121620,0
121644,0
121644,0
121713,0
121733,0
121783,0
122011,0
122245,0
122257,0
122271,0
122303,0
122311,0
122333,0
122395,0
122427,0
122431,0
122452,0
122655,0
122676,0
122687,0
122717,0
122724,0
122756,0
122765,0
122852,0
122907,0
122945,0
122987,0
123207,0
123254,0
123340,0
123345,0
123355,0
123432,0
123485,0
123497,0
123536,0
123549,0
123551,0
123556,0
123558,0
123582,0
123595,0
123604,0
123617,0
123719,0
123719,0
123730,0
123846,0
123859,0
123949,0
123996,0
124035,0
124042,0
124074,0
124136,0
124232,0
124238,0
124253,0
124273,0
124414,0
124454,0
124482,0
124544,0
124573,0
124607,0
124608,0
124630,0
124668,0
124742,0
124760,0
124788,0
124809,0
124824,0
124883,0
124955,0
124973,0
125067,0
125093,0
125098,0
125100,0
125147,0
125147,0
125172,0
125201,0
125218,0
125312,0
125326,0
125330,0
125338,0
125384,0
125479,0
125487,0
125550,0
125568,0
125585,0
125592,0
125710,0
125721,0
125738,0
125799,0
125908,0
125940,0
125955,0
125960,0
125999,0
126011,0
126013,0
126084,0
126229,0
126232,0
126263,0
126273,0
126280,0
126330,0
126388,0
126428,0
126429,0
126431,0
126499,0
126568,0
126599,0
126655,0
126670,0
126697,0
126802,0
126818,0
126840,0
126878,0
126907,0
126954,0
126994,0
127030,0
127165,0
127211,0
127221,0
127223,0
127423,0
127465,0
127524,0
127527,0
127553,0
127618,0
127632,0
127741,0
127749,0
127751,0
127771,0
127820,0
127832,0
127844,0
127909,0
127918,0
128080,0
128173,0
128184,0
128278,0
128334,0
128397,0
128429,0
128443,0
128494,0
128635,0
128656,0
128661,0
128699,0
128732,0
128740,0
128831,0
128898,0
128905,0
128929,0
128930,0
129017,0
129090,0
129155,0
129164,0
129189,0
129205,0
129214,0
129251,0
129271,0
129314,0
129422,0
129482,0
129492,0
129523,0
129569,0
129620,0
129796,0
129825,0
129910,0
129925,0
129946,0
130011,0
130030,0
130064,0
130147,0
130199,0
130289,0
130291,0
130361,0
130364,0
130399,0
130433,0
130497,0
130511,0
130522,0
130544,0
130615,0
130668,0
130676,0
130679,0
130776,0
130803,0
130881,0
130890,0
130927,0
131104,0
131152,0
131161,0
131182,0
131220,0
131243,0
131347,0
131359,0
131361,0
131374,0
131390,0
131442,0
131470,0
131479,0
131610,0
131625,0
131629,0
131647,0
131657,0
131712,0
131714,0
132054,0
132060,0
132167,0
132243,0
132284,0
132320,0
132324,0
132324,0
132365,0
132381,0
132489,0
132504,0
132513,0
132581,0
132667,0
132680,0
132698,0
132701,0
132864,0
132870,0
132937,0
132959,0
133042,0
133086,0
133092,0
133101,0
133183,0
133229,0
133314,0
133319,0
133372,0
133400,0
133439,0
133568,0
133569,0
133714,0
133830,0
133836,0
133840,0
133869,0
133887,0
133895,0
133923,0
133968,0
133973,0
134017,0
134036,0
134076,0
134105,0
134123,0
134175,0
134193,0
134223,0
134260,0
134271,0
134306,0
134350,0
134415,0
134464,0
134487,0
134517,0
134594,0
134668,0
134671,0
134720,0
134749,0
134825,0
134854,0
134886,0
134981,0
135074,0
135094,0
135098,0
135126,0
135196,0
135197,0
135234,0
135254,0
135261,0
135297,0
135343,0
135346,0
135437,0
135437,0
135535,0
135637,0
135660,0
135744,0
135777,0
135819,0
135833,0
135871,0
135901,0
135917,0
135993,0
136053,0
136162,0
136168,0
136188,0
136190,0
136223,0
136376,0
136388,0
136462,0
136484,0
136532,0
136538,0
136538,0
136545,0
136606,0
136667,0
136699,0
136727,0
136926,0
136970,0
136984,0
137008,0
137016,0
137056,0
137071,0
137128,0
137138,0
137145,0
137200,0
137241,0
137243,0
137251,0
137274,0
137328,0
137425,0
137447,0
137470,0
137578,0
137621,0
137694,0
137724,0
137787,0
137827,0
137838,0
137886,0
137917,0
137952,0
137983,0
138034,0
138087,0
138161,0
138373,0
138377,0
138497,0
138518,0
138521,0
138572,0
138592,0
138613,0
138709,0
138786,0
138802,0
138803,0
138883,0
138996,0
138998,0
138999,0
139102,0
139106,0
139115,0
139139,0
139268,0
139330,0
139342,0
139342,0
139364,0
139404,0
139433,0
139522,0
139545,0
139557,0
139580,0
139593,0
139694,0
139743,0
139802,0
139804,0
139846,0
139858,0
139868,0
139954,0
139961,0
139994,0
140000,0
140036,0
140045,0
140074,0
140115,0
140185,0
140214,0
140267,0
140282,0
140422,0
140643,0
140654,0
140656,0
140682,0
140810,0
140811,0
140956,0
140974,0
140995,0
141144,0
141174,0
141176,0
141201,0
141227,0
141274,0
141302,0
141331,0
141336,0
141380,0
141384,0
141435,0
141463,0
141497,0
141534,0
141643,0
141682,0
141776,0
141855,0
141888,0
141922,0
142121,0
142151,0
142158,0
142168,0
142203,0
142242,0
142251,0
142253,0
142265,0
142292,0
142331,0
142353,0
142363,0
142364,0
142387,0
142405,0
142453,0
142468,0
142548,0
142549,0
142577,0
142583,0
142692,0
142767,0
142861,0
142869,0
142964,0
142978,0
142983,0
142990,0
143011,0
143048,0
143051,0
143067,0
143088,0
143137,0
143140,0
143202,0
143215,0
143240,0
143297,0
143297,0
143354,0
143366,0
143374,0
143379,0
143412,0
143414,0
143415,0
143498,0
143654,0
143684,0
143684,0
143688,0
143725,0
143789,0
143816,0
143903,0
143912,0
143937,0
143980,0
143997,0
144048,0
144064,0
144088,0
144243,0
144272,0
144445,0
144479,0
144528,0
144540,0
144637,0
144691,0
144692,0
144700,0
144731,0
144760,0
144839,0
144869,0
144902,0
145057,0
145093,0
145184,0
145222,0
145257,0
145267,0
145287,0
145293,0
145442,0
145473,0
145518,0
145564,0
145580,0
145636,0
145644,0
145770,0
145987,0
146064,0
146065,0
146249,0
146287,0
146310,0
146333,0
146368,0
146373,0
146437,0
146449,0
146540,0
146570,0
146586,0
146587,0
146761,0
146787,0
146790,0
146793,0
146811,0
146849,0
146869,0
146875,0
146888,0
146900,0
146939,0
146957,0
146971,0
146977,0
147013,0
147054,0
147088,0
147128,0
147205,0
147257,0
147305,0
147328,0
147354,0
147377,0
147487,0
147539,0
147569,0
147578,0
147581,0
147612,0
147633,0
147660,0
147792,0
147808,0
147842,0
147847,0
147930,0
148000,0
148043,0
148106,0
148145,0
148155,0
148242,0
148264,0
148304,0
148309,0
148320,0
148381,0
148395,0
148446,0
148503,0
148508,0
148519,0
148556,0
148565,0
148647,0
148723,0
148765,0
148792,0
148845,0
148850,0
148993,0
149064,0
149076,0
149114,0
149123,0
149233,0
149297,0
149340,0
149447,0
149464,0
149516,0
149605,0
149693,0
149703,0
149715,0
149738,0
149765,0
149820,0
149823,0
149844,0
149883,0
149932,0
149956,0
150075,0
150112,0
150129,0
150130,0
150199,0
150214,0
150226,0
150232,0
150283,0
150286,0
150334,0
150373,0
150394,0
150400,0
150484,0
150502,0
150546,0
150641,0
150669,0
150711,0
150713,0
150778,0
150792,0
150806,0
150893,0
150971,0
151018,0
151025,0
151050,0
151067,0
151134,0
151152,0
151194,0
151243,0
151243,0
151264,0
151322,0
151388,0
151414,0
151466,0
151473,0
151516,0
151574,0
151605,0
151618,0
151694,0
151723,0
151783,0
151795,0
151863,0
151866,0
151923,0
151984,0
152029,0
152056,0
152073,0
152112,0
152228,0
152233,0
152263,0
152296,0
152348,0
152370,0
152391,0
152397,0
152421,0
152450,0
152506,0
152571,0
152573,0
152630,0
152657,0
152749,0
152778,0
152790,0
152800,0
152801,0
152831,0
152864,0
152899,0
152950,0
152952,0
153388,0
153420,0
153434,0
153457,0
153480,0
153485,0
153487,0
153520,0
153537,0
153864,0
153868,0
153920,0
153950,0
154086,0
154103,0
154112,0
154245,0
154248,0
154303,0
154427,0
154565,0
154569,0
154588,0
154604,0
154614,0
154761,0
154848,0
154951,0
155032,0
155180,0
155379,0
155386,0
155469,0
155474,0
155487,0
155530,0
155577,0
155598,0
155663,0
155826,0
155873,0
155956,0
156019,0
156034,0
156124,0
156216,0
156225,0
156234,0
156272,0
156324,0
156336,0
156352,0
156384,0
156575,0
156578,0
156752,0
156754,0
156756,0
156787,0
156797,0
156828,0
156861,0
156877,0
156937,0
156957,0
156970,0
157019,0
157110,0
157146,0
157193,0
157239,0
157256,0
157280,0
157293,0
157456,0
157540,0
157541,0
157564,0
157575,0
157632,0
157685,0
157720,0
157755,0
157794,0
157809,0
157879,0
157884,0
157905,0
157950,0
157969,0
157983,0
158083,0
158171,0
158186,0
158215,0
158288,0
158339,0
158368,0
158501,0
158507,0
158542,0
158602,0
158632,0
158634,0
158644,0
158666,0
158731,0
158745,0
158798,0
158840,0
158843,0
158861,0
158902,0
158908,0
158959,0
158975,0
159059,0
159069,0
159094,0
159119,0
159165,0
159238,0
159257,0
159285,0
159319,0
159444,0
159456,0
159475,0
159538,0
159554,0
159641,0
159729,0
159832,0
159845,0
159887,0
159890,0
159904,0
159930,0
159940,0
159941,0
159967,0
160130,0
160291,0
160391,0
160396,0
160401,0
160428,0
160518,0
160556,0
160556,0
160593,0
160600,0
160629,0
160632,0
160737,0
160789,0
160839,0
160879,0
161022,0
161057,0
161068,0
161127,0
161245,0
161254,0
161258,0
161303,0
161306,0
161356,0
161449,0
161487,0
161591,0
161685,0
161756,0
161777,0
162042,0
162061,0
162190,0
162225,0
162284,0
162288,0
162306,0
162322,0
162324,0
162389,0
162481,0
162557,0
162575,0
162628,0
162668,0
162743,0
162800,0
162924,0
162930,0
163025,0
163097,0
163136,0
163141,0
163233,0
163266,0
163284,0
163335,0
163358,0
163370,0
163429,0
163475,0
163864,0
163889,0
163960,0
164079,0
164194,0
164240,0
164257,0
164296,0
164310,0
164375,0
164491,0
164542,0
164573,0
164689,0
164875,0
164875,0
164889,0
164957,0
164985,0
165139,0
165153,0
165162,0
165320,0
165331,0
165501,0
165535,0
165556,0
165595,0
165676,0
165681,0
165722,0
165826,0
165839,0
165856,0
165863,0
166081,0
166122,0
166142,0
166159,0
166187,0
166209,0
166268,0
166273,0
166333,0
166351,0
166352,0
166365,0
166519,0
166528,0
166529,0
166537,0
166563,0
166590,0
166620,0
166641,0
166643,0
166652,0
166770,0
166859,0
166875,0
166933,0
166964,0
166985,0
167005,0
167005,0
167109,0
167126,0
167182,0
167252,0
167313,0
167398,0
167442,0
167473,0
167559,0
167579,0
167697,0
167764,0
167941,0
167949,0
167964,0
167975,0
167977,0
168076,0
168080,0
168112,0
168185,0
168221,0
168242,0
168243,0
168247,0
168249,0
168252,0
168287,0
168335,0
168341,0
168532,0
168546,0
168617,0
168670,0
168674,0
168685,0
168775,0
168793,0
168887,0
168912,0
168933,0
168946,0
168948,0
168956,0
169120,0
169128,0
169136,0
169229,0
169273,0
169475,0
169496,0
169550,0
169555,0
169583,0
169641,0
169645,0
169696,0
169722,0
169736,0
169745,0
169814,0
169908,0
170035,0
170081,0
170176,0
170199,0
170288,0
170290,0
170299,0
170313,0
170329,0
170355,0
170372,0
170442,0
170469,0
170531,0
170539,0
170561,0
170585,0
170667,0
170676,0
170772,0
170848,0
170860,0
170941,0
171041,0
171134,0
171187,0
171205,0
171306,0
171366,0
171383,0
171427,0
171449,0
171454,0
171472,0
171565,0
171589,0
171649,0
171747,0
171753,0
171826,0
171879,0
171892,0
171919,0
171932,0
172025,0
172027,0
172191,0
172209,0
172216,0
172231,0
172278,0
172326,0
172386,0
172447,0
172479,0
172518,0
172536,0
172595,0
172597,0
172632,0
172650,0
172688,0
172786,0
172833,0
172897,0
172925,0
172940,0
172962,0
172983,0
173041,0
173077,0
173180,0
173352,0
173394,0
173461,0
173491,0
173587,0
173601,0
173643,0
173670,0
173670,0
173729,0
173743,0
173792,0
173823,0
173870,0
173890,0
173903,0
173913,0
174032,0
174116,0
174119,0
174150,0
174223,0
174359,0
174366,0
174372,0
174383,0
174398,0
174481,0
174481,0
174504,0
174566,0
174624,0
174627,0
174627,0
174656,0
174673,0
174724,0
174742,0
174778,0
174784,0
174884,0
174939,0
175021,0
175044,0
175051,0
175051,0
175140,0
175166,0
175191,0
175302,0
175307,0
175356,0
175424,0
175441,0
175462,0
175466,0
175479,0
175518,0
175551,0
175556,0
175601,0
175680,0
175712,0
175725,0
175766,0
175808,0
175839,0
175851,0
175928,0
176000,0
176058,0
176064,0
176144,0
176214,0
176254,0
176263,0
176362,0
176380,0
176392,0
176395,0
176434,0
176443,0
176464,0
176555,0
176585,0
176622,0
176631,0
176722,0
176782,0
176842,0
176847,0
176883,0
176894,0
176936,0
177060,0
177105,0
177108,0
177162,0
177185,0
177223,0
177283,0
177320,0
177356,0
177364,0
177390,0
177496,0
177512,0
177529,0
177555,0
177585,0
177585,0
177586,0
177590,0
177653,0
177670,0
177734,0
177765,0
177815,0
177820,0
177824,0
177849,0
177893,0
177899,0
177954,0
177977,0
178005,0
178046,0
178084,0
178128,0
178147,0
178181,0
178197,0
178207,0
178219,0
178307,0
178373,0
178443,0
178444,0
178494,0
178568,0
178568,0
178590,0
178603,0
178627,0
178754,0
178763,0
178835,0
178961,0
178983,0
178989,0
178995,0
179031,0
179101,0
179137,0
179166,0
179217,0
179229,0
179314,0
179395,0
179413,0
179460,0
179507,0
179577,0
179607,0
179611,0
179613,0
179639,0
179857,0
179938,0
179948,0
179960,0
179982,0
180032,0
180091,0
180120,0
180140,0
180185,0
180217,0
180467,0
180514,0
180685,0
180702,0
180750,0
180779,0
180905,0
180931,0
181009,0
181062,0
181193,0
181255,0
181259,0
181302,0
181441,0
181505,0
181613,0
181632,0
181649,0
181738,0
181872,0
181964,0
182053,0
182056,0
182058,0
182113,0
182329,0
182505,0
182522,0
182546,0
182567,0
182570,0
182610,0
182623,0
182649,0
182683,0
182770,0
182884,0
182932,0
182940,0
182975,0
183003,0
183032,0
183037,0
183092,0
183132,0
183170,0
183378,0
183386,0
183399,0
183405,0
183410,0
183499,0
183562,0
183591,0
183601,0
183670,0
183757,0
183763,0
183802,0
183824,0
183882,0
183887,0
183918,0
183969,0
184080,0
184208,0
184212,0
184315,0
184321,0
184349,0
184355,0
184425,0
184637,0
184655,0
184705,0
184744,0
184787,0
184794,0
184909,0
184953,0
184992,0
185021,0
185084,0
185136,0
185204,0
185225,0
185241,0
185286,0
185345,0
185348,0
185467,0
185503,0
185544,0
185559,0
185581,0
185584,0
185634,0
185657,0
185683,0
185720,0
185747,0
185779,0
185881,0
185926,0
185973,0
185986,0
186047,0
186064,0
186185,0
186234,0
186280,0
186288,0
186429,0
186446,0
186617,0
186645,0
186651,0
186673,0
186721,0
186902,0
186928,0
187009,0
187097,0
187153,0
187237,0
187268,0
187372,0
187373,0
187385,0
187461,0
187485,0
187685,0
187705,0
187723,0
187762,0
187886,0
187926,0
187952,0
187954,0
187961,0
187982,0
188047,0
188119,0
188154,0
188174,0
188244,0
188244,0
188291,0
188372,0
188389,0
188462,0
188610,0
188644,0
188712,0
188745,0
188748,0
188832,0
188853,0
188911,0
188960,0
189018,0
189078,0
189097,0
189122,0
189162,0
189173,0
189224,0
189240,0
189306,0
189425,0
189442,0
189453,0
189459,0
189545,0
189557,0
189600,0
189666,0
189682,0
189701,0
189721,0
189797,0
189874,0
189887,0
189904,0
189929,0
189943,0
189954,0
190012,0
190047,0
190054,0
190078,0
190084,0
190140,0
190171,0
190204,0
190210,0
190241,0
190282,0
190300,0
190325,0
190335,0
190344,0
190451,0
190462,0
190497,0
190498,0
190519,0
190523,0
190585,0
190585,0
190662,0
190663,0
190687,0
190733,0
190750,0
190837,0
190858,0
190861,0
190873,0
190895,0
190967,0
191105,0
191272,0
191327,0
191577,0
191581,0
191641,0
191661,0
191679,0
191680,0
191715,0
191748,0
191812,0
191828,0
191835,0
191944,0
192048,0
192094,0
192103,0
192170,0
192205,0
192215,0
192216,0
192240,0
192259,0
192390,0
192393,0
192436,0
192499,0
192514,0
192572,0
192581,0
192655,0
192692,0
192740,0
192745,0
192762,0
192779,0
192798,0
192885,0
192885,0
192920,0
192976,0
193043,0
193145,0
193206,0
193232,0
193251,0
193253,0
193373,0
193411,0
193437,0
193438,0
193455,0
193564,0
193611,0
193652,0
193671,0
193695,0
193790,0
193868,0
194022,0
194029,0
194030,0
194037,0
194077,0
194125,0
194140,0
194199,0
194206,0
194214,0
194231,0
194288,0
194315,0
194323,0
194364,0
194381,0
194454,0
194460,0
194483,0
194690,0
194840,0
194893,0
194926,0
194949,0
195077,0
195088,0
195097,0
195102,0
195121,0
195222,0
195269,0
195332,0
195365,0
195365,0
195460,0
195528,0
195589,0
195629,0
195641,0
195691,0
195729,0
195791,0
195822,0
195882,0
195910,0
195910,0
195976,0
195993,0
196041,0
196098,0
196124,0
196128,0
196256,0
196270,0
196317,0
196398,0
196422,0
196611,0
196647,0
196651,0
196762,0
196769,0
196797,0
196798,0
197004,0
197086,0
197097,0
197150,0
197179,0
197185,0
197207,0
197226,0
197268,0
197321,0
197391,0
197397,0
197408,0
197427,0
197518,0
197546,0
197567,0
197626,0
197629,0
197659,0
197687,0
197688,0
197702,0
197732,0
197734,0
197764,0
197767,0
197815,0
197832,0
197845,0
197862,0
197876,0
198192,0
198266,0
198301,0
198339,0
198399,0
198420,0
198424,0
198466,0
198520,0
198557,0
198610,0
198706,0
198768,0
198815,0
198889,0
198963,0
198965,0
198978,0
198987,0
198992,0
198994,0
199177,0
199185,0
199308,0
199309,0
199337,0
199348,0
199433,0
199480,0
199513,0
199600,0
199629,0
199645,0
199713,0
199716,0
199762,0
199803,0
199843,0
199860,0
200006,0
200037,0
200038,0
200039,0
200263,0
200278,0
200293,0
200322,0
200376,0
200386,0
200442,0
200462,0
200490,0
200551,0
200556,0
200604,0
200709,0
200781,0
200878,0
200933,0
200951,0
200957,0
200981,0
201019,0
201095,0
201130,0
201165,0
201219,0
201248,0
201286,0
201335,0
201425,0
201476,0
201516,0
201523,0
201530,0
201550,0
201559,0
201598,0
201616,0
201641,0
201646,0
201691,0
201857,0
201869,0
201886,0
201909,0
201945,0
201945,0
201963,0
201990,0
202120,0
202163,0
202169,0
202192,0
202229,0
202301,0
202347,0
202361,0
202373,0
202418,0
202494,0
202496,0
202688,0
202700,0
202776,0
202922,0
202961,0
202986,0
203055,0
203079,0
203103,0
203172,0
203176,0
203196,0
203209,0
203248,0
203276,0
203368,0
203377,0
203386,0
203387,0
203413,0
203466,0
203466,0
203488,0
203518,0
203573,0
203601,0
203749,0
203774,0
203786,0
203794,0
203908,0
203982,0
203997,0
204045,0
204071,0
204093,0
204196,0
204199,0
204204,0
204270,0
204474,0
204496,0
204535,0
204602,0
204610,0
204647,0
204659,0
204696,0
204717,0
204757,0
204767,0
204798,0
204814,0
204944,0
204963,0
204987,0
204996,0
205028,0
205039,0
205241,0
205312,0
205348,0
205474,0
205490,0
205576,0
205582,0
205673,0
205894,0
205956,0
205981,0
206023,0
206062,0
206163,0
206224,0
206254,0
206274,0
206311,0
206322,0
206438,0
206467,0
206474,0
206532,0
206535,0
206540,0
206602,0
206618,0
206661,0
206688,0
206697,0
206713,0
206716,0
206778,0
206785,0
206798,0
206874,0
206885,0
206939,0
207022,0
207146,0
207153,0
207161,0
207172,0
207215,0
207226,0
207278,0
207415,0
207455,0
207465,0
207466,0
207488,0
207522,0
207539,0
207611,0
207625,0
207672,0
207677,0
207690,0
207829,0
207838,0
207851,0
207909,0
207976,0
207994,0
208032,0
208180,0
208314,0
208369,0
208385,0
208387,0
208405,0
208416,0
208495,0
208500,0
208511,0
208652,0
208654,0
208722,0
208741,0
208812,0
208823,0
208846,0
208857,0
208860,0
208937,0
209003,0
209006,0
209021,0
209086,0
209114,0
209140,0
209201,0
209217,0
209258,0
209307,0
209350,0
209520,0
209546,0
209572,0
209638,0
209700,0
209759,0
209795,0
209871,0
209907,0
209910,0
209941,0
209952,0
210056,0
210116,0
210279,0
210325,0
210385,0
210453,0
210536,0
210566,0
210586,0
210611,0
210635,0
210997,0
211037,0
211054,0
211275,0
211375,0
211388,0
211395,0
211417,0
211482,0
211550,0
211589,0
211616,0
211617,0
211626,0
211638,0
211642,0
211645,0
211705,0
211706,0
211744,0
211749,0
211750,0
211758,0
211787,0
211880,0
211914,0
211922,0
211923,0
211950,0
212015,0
212105,0
212145,0
212173,0
212215,0
212235,0
212276,0
212285,0
212407,0
212426,0
212427,0
212491,0
212504,0
212540,0
212620,0
212683,0
212750,0
212786,0
212789,0
212838,0
212840,0
212857,0
212876,0
212967,0
212984,0
213045,0
213062,0
213075,0
213117,0
213148,0
213161,0
213228,0
213235,0
213261,0
213342,0
213348,0
213382,0
213457,0
213468,0
213575,0
213581,0
213613,0
213613,0
213691,0
213711,0
213726,0
213799,0
213848,0
213859,0
213859,0
213940,0
213966,0
214045,0
214361,0
214424,0
214426,0
214526,0
214543,0
214570,0
214575,0
214603,0
214627,0
214645,0
214661,0
214758,0
214776,0
214811,0
214933,0
214990,0
215023,0
215080,0
215142,0
215145,0
215320,0
215335,0
215352,0
215391,0
215429,0
215442,0
215448,0
215489,0
215495,0
215516,0
215524,0
215548,0
215574,0
215597,0
215614,0
215764,0
215787,0
215802,0
215815,0
215877,0
215974,0
215996,0
216208,0
216234,0
216269,0
216273,0
216324,0
216325,0
216369,0
216418,0
216457,0
216489,0
216529,0
216534,0
216578,0
216721,0
216723,0
216735,0
216787,0
216811,0
216848,0
216855,0
216858,0
217002,0
217007,0
217052,0
217099,0
217111,0
217132,0
217153,0
217254,0
217291,0
217424,0
217429,0
217645,0
217658,0
217777,0
217857,0
217875,0
217903,0
217972,0
218093,0
218115,0
218271,0
218342,0
218447,0
218578,0
218622,0
218627,0
218629,0
218657,0
218890,0
218900,0
218935,0
218957,0
219017,0
219062,0
219108,0
219272,0
219400,0
219438,0
219450,0
219480,0
219566,0
219664,0
219778,0
219859,0
219897,0
220075,0
220175,0
220240,0
220332,0
220414,0
220439,0
220445,0
220448,0
220476,0
220538,0
220561,0
220564,0
220569,0
220629,0
220640,0
220656,0
220700,0
220761,0
221022,0
221032,0
221095,0
221187,0
221249,0
221261,0
221286,0
221320,0
221321,0
221342,0
221380,0
221407,0
221442,0
221461,0
221493,0
221515,0
221549,0
221552,0
221576,0
221633,0
221703,0
221766,0
221890,0
221895,0
222045,0
222070,0
222093,0
222248,0
222291,0
222301,0
222339,0
222360,0
222375,0
222437,0
222457,0
222529,0
222552,0
222581,0
222585,0
222589,0
222628,0
222759,0
222772,0
222798,0
222825,0
222860,0
222880,0
222896,0
222933,0
223122,0
223185,0
223205,0
223369,0
223420,0
223439,0
223460,0
223560,0
223565,0
223599,0
223736,0
223805,0
223846,0
223929,0
223982,0
224056,0
224085,0
224100,0
224213,0
224257,0
224280,0
224546,0
224568,0
224581,0
224602,0
224643,0
224673,0
224710,0
224748,0
224801,0
224802,0
224802,0
