38,0
42,0
81,0
157,0
228,0
246,0
255,0
360,0
401,0
473,0
481,0
481,0
500,0
516,0
522,0
590,0
610,0
638,0
695,0
706,0
720,0
767,0
797,0
812,0
870,0
907,0
916,0
962,0
1022,0
1052,0
1064,0
1068,0
1080,0
1103,0
1126,0
1143,0
1194,0
1235,0
1264,0
1281,0
1358,0
1429,0
1487,0
1487,0
1556,0
1559,0
1590,0
1598,0
1670,0
1687,0
1700,0
1735,0
1756,0
1956,0
2011,0
2051,0
2053,0
2059,0
2094,0
2129,0
2222,0
2297,0
2313,0
2435,0
2458,0
2510,0
2571,0
2715,0
2782,0
2840,0
2845,0
2848,0
2877,0
2894,0
2931,0
3087,0
3146,0
3160,0
3229,0
3244,0
3245,0
3278,0
3334,0
3348,0
3365,0
3383,0
3450,0
3521,0
3523,0
3610,0
3627,0
3718,0
3718,0
3752,0
3824,0
3962,0
4056,0
4099,0
4141,0
4149,0
4210,0
4226,0
4254,0
4325,0
4333,0
4347,0
4369,0
4374,0
4518,0
4600,0
4630,0
4632,0
4653,0
4744,0
4749,0
4783,0
5023,0
5103,0
5117,0
5120,0
5121,0
5149,0
5220,0
5255,0
5302,0
5324,0
5393,0
5507,0
5666,0
5742,0
5947,0
6087,0
6180,0
6185,0
6421,0
6458,0
6494,0
6521,0
6528,0
6572,0
6604,0
6604,0
6709,0
6763,0
6834,0
6963,0
6977,0
7035,0
7047,0
7079,0
7165,0
7236,0
7387,0
7410,0
7411,0
7497,0
7574,0
7595,0
7619,0
7622,0
7659,0
7662,0
7723,0
7733,0
7780,0
7846,0
7873,0
7894,0
7934,0
7943,0
8009,0
8167,0
8172,0
8228,0
8291,0
8293,0
8488,0
8525,0
8570,0
8636,0
8718,0
8721,0
8816,0
8852,0
8872,0
8948,0
8992,0
9009,0
9051,0
9138,0
9228,0
9234,0
9266,0
9358,0
9359,0
9367,0
9372,0
9395,0
9422,0
9448,0
9535,0
9620,0
9865,0
9914,0
10030,0
10090,0
10144,0
10166,0
10167,0
10169,0
10207,0
10221,0
10225,0
10245,0
10247,0
10347,0
10368,0
10407,0
10440,0
10535,0
10540,0
10575,0
10584,0
10617,0
10636,0
10662,0
10675,0
10727,0
10747,0
10810,0
10895,0
10946,0
10985,0
11010,0
11013,0
11144,0
11175,0
11290,0
11307,0
11323,0
11331,0
11447,0
11453,0
11485,0
11497,0
11525,0
11587,0
11596,0
11630,0
11714,0
11789,0
11809,0
11821,0
11848,0
11852,0
11858,0
11992,0
12023,0
12068,0
12238,0
12276,0
12297,0
12395,0
12464,0
12522,0
12577,0
12606,0
12650,0
12653,0
12714,0
12875,0
12877,0
12917,0
13030,0
13064,0
13075,0
13094,0
13122,0
13224,0
13273,0
13307,0
13313,0
13375,0
13415,0
13479,0
13621,0
13881,0
14107,0
14123,0
14134,0
14331,0
14377,0
14422,0
14491,0
14494,0
14520,0
14539,0
14551,0
14593,0
14610,0
14687,0
14792,0
14813,0
14835,0
14890,0
14932,0
15082,0
15160,0
15234,0
15266,0
15267,0
15322,0
15387,0
15429,0
15508,0
15522,0
15553,0
15686,0
15687,0
15687,0
15708,0
15798,0
15815,0
15865,0
15887,0
15927,0
15986,0
15991,0
16150,0
16350,0
16372,0
16477,0
16539,0
16544,0
16545,0
16564,0
16585,0
16725,0
16759,0
16764,0
16777,0
16790,0
16790,0
16821,0
16848,0
16945,0
16958,0
17055,0
17143,0
17171,0
17190,0
17231,0
17277,0
17326,0
17329,0
17432,0
17440,0
17534,0
17546,0
17646,0
17779,0
17784,0
17827,0
17841,0
17862,0
17943,0
18032,0
18073,0
18168,0
18212,0
18254,0
18255,0
18286,0
18289,0
18298,0
18314,0
18403,0
18407,0
18416,0
18527,0
18545,0
18555,0
18610,0
18673,0
18688,0
18798,0
18849,0
18897,0
18926,0
18933,0
18933,0
18968,0
19102,0
19175,0
19338,0
19399,0
19562,0
19718,0
19746,0
19797,0
19824,0
19958,0
19970,0
19998,0
20016,0
20022,0
20073,0
20173,0
20308,0
20312,0
20400,0
20421,0
20467,0
20479,0
20577,0
20577,0
20579,0
20602,0
20644,0
20692,0
20817,0
20849,0
20866,0
20943,0
21033,0
21194,0
21199,0
21214,0
21227,0
21239,0
21315,0
21346,0
21408,0
21464,0
21518,0
21556,0
21566,0
21595,0
21633,0
21765,0
21965,0
22080,0
22100,0
22139,0
22177,0
22205,0
22207,0
22227,0
22239,0
22253,0
22309,0
22322,0
22364,0
22396,0
22424,0
22542,0
22561,0
22623,0
22642,0
22650,0
22837,0
22862,0
22916,0
22939,0
23021,0
23076,0
23193,0
23294,0
23311,0
23315,0
23333,0
23483,0
23546,0
23552,0
23580,0
23617,0
23664,0
23670,0
23673,0
23710,0
23777,0
23805,0
23838,0
23947,0
23956,0
23985,0
24006,0
24025,0
24066,0
24093,0
24194,0
24195,0
24202,0
24386,0
24423,0
24453,0
24498,0
24560,0
24580,0
24600,0
24663,0
24695,0
24701,0
24713,0
24721,0
24732,0
24744,0
24756,0
24770,0
24883,0
25033,0
25070,0
25115,0
25194,0
25208,0
25215,0
25245,0
25359,0
25386,0
25399,0
25469,0
25544,0
25555,0
25599,0
25623,0
25641,0
25686,0
25713,0
25716,0
25732,0
25819,0
25909,0
25922,0
25940,0
25948,0
25955,0
26016,0
26083,0
26131,0
26208,0
26240,0
26302,0
26360,0
26493,0
26533,0
26559,0
26569,0
26581,0
26623,0
26784,0
26794,0
26809,0
26859,0
26861,0
27008,0
27016,0
27049,0
27053,0
27141,0
27148,0
27202,0
27203,0
27310,0
27319,0
27341,0
27361,0
27438,0
27501,0
27502,0
27546,0
27616,0
27772,0
27856,0
27867,0
27872,0
27909,0
28041,0
28082,0
28092,0
28309,0
28317,0
28347,0
28418,0
28479,0
28574,0
28589,0
28918,0
28922,0
28940,0
28991,0
29018,0
29067,0
29255,0
29296,0
29364,0
29573,0
29597,0
29623,0
29625,0
29664,0
29688,0
29698,0
29721,0
29727,0
29735,0
29770,0
29843,0
29851,0
29854,0
29862,0
29879,0
29896,0
29904,0
29928,0
29954,0
29987,0
30128,0
30145,0
30186,0
30313,0
30333,0
30364,0
30428,0
30436,0
30472,0
30476,0
30497,0
30649,0
30713,0
30744,0
30885,0
30906,0
31011,0
31070,0
31097,0
31143,0
31249,0
31250,0
31272,0
31335,0
31339,0
31381,0
31405,0
31405,0
31423,0
31426,0
31440,0
31544,0
31547,0
31592,0
31592,0
31640,0
31669,0
31811,0
32009,0
32080,0
32115,0
32140,0
32178,0
32234,0
32307,0
32311,0
32355,0
32409,0
32515,0
32590,0
32709,0
32753,0
32825,0
32843,0
32857,0
32887,0
32892,0
32990,0
33053,0
33065,0
33087,0
33132,0
33150,0
33254,0
33256,0
33268,0
33400,0
33426,0
33442,0
33449,0
33480,0
33502,0
33654,0
33733,0
33827,0
33865,0
33920,0
33947,0
34051,0
34122,0
34282,0
34307,0
34352,0
34404,0
34420,0
34429,0
34504,0
34581,0
34659,0
34677,0
34685,0
34717,0
34734,0
34743,0
34829,0
34861,0
34896,0
34940,0
34951,0
35056,0
35084,0
35174,0
35178,0
35206,0
35222,0
35239,0
35279,0
35443,0
35513,0
35536,0
35548,0
35550,0
35604,0
35627,0
35691,0
35703,0
35705,0
35757,0
35844,0
35868,0
35925,0
35955,0
35955,0
35994,0
36060,0
36191,0
36284,0
36297,0
36512,0
36527,0
36536,0
36608,0
36627,0
36636,0
36679,0
36746,0
36871,0
36873,0
36903,0
36906,0
36926,0
36931,0
36986,0
37095,0
37149,0
37227,0
37256,0
37258,0
37282,0
37312,0
37454,0
37485,0
37493,0
37526,0
37568,0
37633,0
37690,0
37706,0
37796,0
37835,0
37855,0
37958,0
38104,0
38116,0
38169,0
38184,0
38215,0
38261,0
38338,0
38451,0
38480,0
38528,0
38559,0
38579,0
38665,0
38727,0
38821,0
38886,0
39075,0
39302,0
39314,0
39401,0
39401,0
39442,0
39470,0
39501,0
39506,0
39523,0
39755,0
39770,0
39817,0
39909,0
39923,0
39934,0
39935,0
39957,0
39991,0
39992,0
40086,0
40100,0
40101,0
40134,0
40171,0
40276,0
40315,0
40384,0
40386,0
40430,0
40490,0
40511,0
40625,0
40697,0
40717,0
40826,0
41075,0
41106,0
41131,0
41135,0
41238,0
41420,0
41425,0
41483,0
41515,0
41571,0
41586,0
41592,0
41728,0
41808,0
41808,0
41811,0
41854,0
41865,0
41926,0
42017,0
42025,0
42149,0
42258,0
42265,0
42271,0
42276,0
42279,0
42283,0
42348,0
42424,0
42450,0
42584,0
42622,0
42706,0
42742,0
42797,0
42839,0
42962,0
43081,0
43081,0
43122,0
43129,0
43303,0
43315,0
43374,0
43439,0
43453,0
43496,0
43541,0
43562,0
43609,0
43643,0
43798,0
43819,0
43976,0
44032,0
44077,0
44231,0
44249,0
44414,0
44573,0
44578,0
44594,0
44621,0
44631,0
44673,0
44677,0
44698,0
44715,0
44760,0
44773,0
44823,0
44861,0
44871,0
44910,0
44942,0
44951,0
45188,0
45241,0
45275,0
45292,0
45302,0
45323,0
45336,0
45392,0
45437,0
45479,0
45495,0
45529,0
45599,0
45611,0
45635,0
45657,0
45883,0
45895,0
45911,0
46028,0
46103,0
46110,0
46114,0
46114,0
46118,0
46118,0
46161,0
46241,0
46322,0
46331,0
46366,0
46444,0
46464,0
46484,0
46648,0
46666,0
46690,0
46736,0
46805,0
46831,0
46885,0
46932,0
46932,0
46942,0
46957,0
46969,0
47002,0
47101,0
47178,0
47218,0
47240,0
47294,0
47320,0
47336,0
47375,0
47442,0
47453,0
47519,0
47642,0
47667,0
47759,0
47835,0
47909,0
47988,0
47991,0
47992,0
47994,0
48021,0
48036,0
48066,0
48131,0
48134,0
48259,0
48413,0
48461,0
48540,0
48558,0
48620,0
48621,0
48643,0
48655,0
48660,0
48669,0
48674,0
48716,0
48773,0
48849,0
48860,0
48908,0
48963,0
49011,0
49021,0
49081,0
49142,0
49160,0
49202,0
49208,0
49229,0
49243,0
49268,0
49596,0
49671,0
49769,0
49790,0
49824,0
49862,0
50030,0
50119,0
50145,0
50147,0
50152,0
50172,0
50191,0
50194,0
50206,0
50233,0
50255,0
50256,0
50282,0
50313,0
50344,0
50408,0
50430,0
50500,0
50508,0
50621,0
50638,0
50652,0
50924,0
50977,0
51022,0
51089,0
51134,0
51465,0
51472,0
51518,0
51532,0
51621,0
51701,0
51822,0
51845,0
51852,0
51895,0
52031,0
52046,0
52087,0
52111,0
52113,0
52164,0
52193,0
52206,0
52222,0
52227,0
52236,0
52321,0
52337,0
52382,0
52509,0
52513,0
52515,0
52587,0
52589,0
52641,0
52727,0
52772,0
52835,0
52852,0
52914,0
52964,0
53061,0
53086,0
53217,0
53223,0
53239,0
53264,0
53289,0
53403,0
53459,0
53471,0
53629,0
53655,0
53692,0
53699,0
53736,0
53791,0
53843,0
53932,0
53988,0
54027,0
54074,0
54101,0
54145,0
54145,0
54264,0
54285,0
54298,0
54337,0
54362,0
54408,0
54430,0
54436,0
54438,0
54486,0
54494,0
54535,0
54583,0
54585,0
54592,0
54678,0
54739,0
54795,0
54982,0
54983,0
54997,0
54997,0
55079,0
55105,0
55111,0
55195,0
55204,0
55225,0
55271,0
55324,0
55365,0
55446,0
55480,0
55499,0
55522,0
55638,0
55666,0
55682,0
55747,0
55747,0
55892,0
55898,0
55919,0
56029,0
56158,0
56179,0
56313,0
56319,0
56398,0
56421,0
56448,0
56462,0
56464,0
56508,0
56572,0
56605,0
56618,0
56629,0
56640,0
56704,0
56743,0
56795,0
56840,0
56926,0
57095,0
57103,0
57126,0
57325,0
57461,0
57577,0
57597,0
57650,0
57663,0
57670,0
57689,0
57879,0
58054,0
58060,0
58160,0
58291,0
58376,0
58399,0
58453,0
58462,0
58485,0
58494,0
58514,0
58529,0
58580,0
58657,0
58787,0
58812,0
58934,0
58974,0
59118,0
59126,0
59152,0
59345,0
59365,0
59378,0
59446,0
59619,0
59672,0
59714,0
59727,0
59795,0
59824,0
59869,0
60028,0
60111,0
60131,0
60140,0
60166,0
60167,0
60426,0
60482,0
60491,0
60542,0
60611,0
60671,0
60702,0
60838,0
60860,0
60918,0
60935,0
60984,0
61016,0
61044,0
61078,0
61248,0
61278,0
61304,0
61308,0
61328,0
61329,0
61392,0
61523,0
61580,0
61590,0
61594,0
61649,0
61650,0
61651,0
61797,0
61801,0
61856,0
61960,0
61982,0
62034,0
62054,0
62082,0
62132,0
62203,0
62340,0
62454,0
62457,0
62519,0
62567,0
62732,0
62756,0
62780,0
62804,0
62836,0
62859,0
62954,0
62965,0
63114,0
63205,0
63230,0
63239,0
63324,0
63528,0
63529,0
63547,0
63623,0
63736,0
63773,0
63777,0
63815,0
63828,0
63906,0
63916,0
64000,0
64059,0
64206,0
64233,0
64303,0
64431,0
64444,0
64493,0
64525,0
64569,0
64588,0
64692,0
64797,0
64839,0
64857,0
64883,0
64942,0
65049,0
65199,0
65253,0
65273,0
65288,0
65322,0
65403,0
65429,0
65473,0
65531,0
65562,0
65594,0
65597,0
65605,0
65807,0
65873,0
65893,0
65918,0
65938,0
65954,0
65963,0
66018,0
66092,0
66148,0
66158,0
66254,0
66286,0
66362,0
66368,0
66380,0
66469,0
66495,0
66501,0
66519,0
66534,0
66546,0
66561,0
66599,0
66724,0
66744,0
66776,0
66786,0
66814,0
66815,0
66864,0
66871,0
66894,0
66987,0
67036,0
67071,0
67076,0
67104,0
67133,0
67165,0
67326,0
67423,0
67437,0
67552,0
67613,0
67680,0
67813,0
67814,0
67878,0
67887,0
67917,0
68039,0
68136,0
68177,0
68201,0
68395,0
68495,0
68581,0
68681,0
68682,0
68692,0
68780,0
68934,0
68962,0
68964,0
69048,0
69083,0
69149,0
69226,0
69242,0
69277,0
69287,0
69368,0
69371,0
69446,0
69458,0
69467,0
69520,0
69554,0
69568,0
69725,0
69787,0
69797,0
69799,0
69844,0
69889,0
69959,0
69986,0
70031,0
70130,0
70133,0
70156,0
70312,0
70348,0
70377,0
70424,0
70430,0
70432,0
70433,0
70467,0
70474,0
70514,0
70613,0
70633,0
70740,0
70847,0
70878,0
70893,0
70898,0
71139,0
71232,0
71253,0
71271,0
71286,0
71333,0
71387,0
71543,0
71557,0
71586,0
71602,0
71608,0
71733,0
71754,0
71795,0
71817,0
71935,0
71947,0
71960,0
71982,0
72056,0
72077,0
72109,0
72205,0
72208,0
72261,0
72288,0
72420,0
72441,0
72460,0
72507,0
72659,0
72861,0
72869,0
72977,0
73020,0
73037,0
73062,0
73155,0
73194,0
73196,0
73216,0
73467,0
73595,0
73697,0
73878,0
73905,0
73995,0
74007,0
74035,0
74115,0
74167,0
74190,0
74209,0
74246,0
74351,0
74423,0
74438,0
74440,0
74506,0
74526,0
74662,0
74694,0
74765,0
74968,0
75055,0
75097,0
75120,0
75122,0
75129,0
75138,0
75269,0
75294,0
75322,0
75390,0
75433,0
75490,0
75507,0
75610,0
75635,0
75707,0
75748,0
76094,0
76216,0
76278,0
76421,0
76423,0
76458,0
76466,0
76491,0
76502,0
76580,0
76755,0
76781,0
76829,0
76838,0
76896,0
76933,0
76941,0
77011,0
77050,0
77088,0
77163,0
77295,0
77303,0
77387,0
77478,0
77494,0
77506,0
77509,0
77653,0
77671,0
77745,0
77870,0
77890,0
77905,0
77916,0
77944,0
77950,0
78024,0
78122,0
78167,0
78172,0
78176,0
78208,0
78222,0
78304,0
78357,0
78447,0
78450,0
78552,0
78584,0
78630,0
78657,0
78658,0
78664,0
78665,0
78710,0
78820,0
78869,0
78911,0
78934,0
79121,0
79189,0
79193,0
79286,0
79364,0
79378,0
79442,0
79447,0
79461,0
79573,0
79609,0
79630,0
79650,0
79765,0
79811,0
79835,0
79904,0
79929,0
79943,0
79955,0
79991,0
80060,0
80070,0
80086,0
80136,0
80219,0
80234,0
80290,0
80362,0
80449,0
80471,0
80568,0
80582,0
80590,0
80608,0
80637,0
80655,0
80749,0
80764,0
80878,0
81068,0
81114,0
81227,0
81244,0
81248,0
81289,0
81384,0
81393,0
81457,0
81475,0
81478,0
81535,0
81574,0
81579,0
81654,0
81680,0
81691,0
81691,0
81724,0
81816,0
81851,0
81882,0
81889,0
81917,0
82004,0
82080,0
82085,0
82144,0
82203,0
82301,0
82349,0
82359,0
82389,0
82419,0
82441,0
82470,0
82635,0
82692,0
82722,0
82740,0
82882,0
82899,0
83068,0
83119,0
83142,0
83152,0
83247,0
83250,0
83350,0
83435,0
83570,0
83582,0
83672,0
83720,0
83825,0
83964,0
83983,0
83991,0
84281,0
84480,0
84518,0
84597,0
84632,0
84659,0
84695,0
84719,0
84769,0
84775,0
84826,0
84866,0
84890,0
85078,0
85092,0
85139,0
85272,0
85276,0
85388,0
85434,0
85670,0
85787,0
85942,0
86025,0
86062,0
86077,0
86105,0
86131,0
86185,0
86191,0
86200,0
86248,0
86266,0
86400,0
86432,0
86461,0
86505,0
86606,0
86752,0
86809,0
86920,0
86948,0
86953,0
87046,0
87133,0
87173,0
87235,0
87258,0
87355,0
87431,0
87447,0
87466,0
87481,0
87533,0
87561,0
87565,0
87569,0
87577,0
87621,0
87688,0
87733,0
87872,0
87898,0
87939,0
88109,0
88184,0
88221,0
88246,0
88291,0
88361,0
88430,0
88557,0
88609,0
88638,0
88652,0
88698,0
88913,0
89014,0
89041,0
89055,0
89074,0
89120,0
89120,0
89151,0
89282,0
89331,0
89347,0
89413,0
89443,0
89553,0
89603,0
89619,0
89764,0
89795,0
89846,0
89874,0
89877,0
89918,0
89923,0
89944,0
89999,0
90040,0
90101,0
90199,0
90202,0
90262,0
90265,0
90305,0
90340,0
90372,0
90428,0
90442,0
90535,0
90551,0
90579,0
90669,0
90736,0
90788,0
90797,0
90884,0
91031,0
91044,0
91053,0
91158,0
91175,0
91176,0
91185,0
91210,0
91211,0
91217,0
91281,0
91373,0
91382,0
91455,0
91464,0
91491,0
91495,0
91545,0
91627,0
91635,0
91695,0
91740,0
91885,0
91919,0
92003,0
92054,0
92089,0
92097,0
92105,0
92108,0
92115,0
92181,0
92188,0
92263,0
92290,0
92302,0
92311,0
92311,0
92359,0
92467,0
92641,0
92675,0
92705,0
92708,0
92713,0
92815,0
92925,0
92993,0
93062,0
93133,0
93167,0
93189,0
93298,0
93303,0
93311,0
93315,0
93320,0
93374,0
93454,0
93544,0
93555,0
93583,0
93696,0
93713,0
93759,0
93807,0
93843,0
93894,0
93904,0
93910,0
93955,0
94051,0
94222,0
94233,0
94287,0
94352,0
94373,0
94376,0
94425,0
94512,0
94524,0
94546,0
94698,0
94720,0
94750,0
94770,0
94791,0
94833,0
94901,0
94965,0
95165,0
95166,0
95201,0
95249,0
95312,0
95388,0
95388,0
95405,0
95480,0
95495,0
95506,0
95524,0
95569,0
95579,0
95641,0
95695,0
95809,0
95836,0
95859,0
95900,0
96023,0
96078,0
96250,0
96274,0
96297,0
96409,0
96410,0
96470,0
96551,0
96639,0
96671,0
96829,0
96835,0
96989,0
97059,0
97121,0
97131,0
97204,0
97211,0
97259,0
97368,0
97503,0
97521,0
97638,0
97668,0
97764,0
97766,0
97768,0
97795,0
97825,0
97839,0
97960,0
98055,0
98105,0
98205,0
98258,0
98277,0
98297,0
98304,0
98321,0
98365,0
98373,0
98433,0
98448,0
98454,0
98625,0
98688,0
98702,0
98731,0
98779,0
98786,0
98836,0
98863,0
98909,0
99005,0
99012,0
99020,0
99046,0
99125,0
99164,0
99181,0
99244,0
99361,0
99368,0
99402,0
99407,0
99410,0
99433,0
99516,0
99520,0
99573,0
99642,0
99643,0
99684,0
99693,0
99772,0
99785,0
99785,0
99808,0
99822,0
99877,0
100050,0
100070,0
100209,0
100236,0
100348,0
100390,0
100394,0
100400,0
100425,0
100516,0
100557,0
100626,0
100725,0
100791,0
100830,0
100888,0
100911,0
100974,0
101022,0
101112,0
101117,0
101157,0
101160,0
101187,0
101252,0
101561,0
101728,0
101862,0
101992,0
102043,0
102102,0
102112,0
102113,0
102122,0
102152,0
102240,0
102249,0
102377,0
102381,0
102417,0
102436,0
102542,0
102673,0
102777,0
102807,0
102823,0
102901,0
102943,0
103014,0
103015,0
103036,0
103312,0
103336,0
103352,0
103354,0
103373,0
103375,0
103488,0
103529,0
103542,0
103573,0
103581,0
103604,0
103641,0
103685,0
103727,0
103824,0
103867,0
103888,0
103920,0
103998,0
104071,0
104103,0
104165,0
104168,0
104178,0
104184,0
104395,0
104397,0
104456,0
104594,0
104597,0
104601,0
104636,0
104728,0
104828,0
104868,0
104900,0
105073,0
105098,0
105100,0
105120,0
105124,0
105222,0
105339,0
105398,0
105433,0
105476,0
105606,0
105637,0
105651,0
105670,0
105710,0
105803,0
105838,0
105993,0
106113,0
106123,0
106129,0
106168,0
106174,0
106193,0
106231,0
106232,0
106279,0
106282,0
106327,0
106441,0
106508,0
106565,0
106598,0
106634,0
106689,0
106723,0
106775,0
106798,0
106869,0
106926,0
106932,0
106940,0
106989,0
107027,0
107072,0
107098,0
107109,0
107170,0
107184,0
107247,0
107268,0
107392,0
107396,0
107402,0
107495,0
107512,0
107534,0
107595,0
107602,0
107604,0
107704,0
107752,0
107790,0
107813,0
107923,0
107955,0
107973,0
108225,0
108256,0
108347,0
108347,0
108369,0
108417,0
108419,0
108453,0
108490,0
108582,0
108616,0
108659,0
108674,0
108706,0
108744,0
108792,0
108820,0
108875,0
108895,0
108971,0
109003,0
109131,0
109145,0
109149,0
109172,0
109222,0
109233,0
109293,0
109381,0
109426,0
109452,0
109503,0
109591,0
109685,0
109732,0
109736,0
109850,0
109880,0
109892,0
109988,0
110021,0
110256,0
110342,0
110454,0
110634,0
110690,0
110783,0
110834,0
110969,0
110990,0
111025,0
111042,0
111145,0
111236,0
111282,0
111388,0
111524,0
111608,0
111662,0
111663,0
111891,0
112031,0
112036,0
112086,0
112182,0
112313,0
112379,0
112451,0
112506,0
112562,0
112587,0
112742,0
112776,0
112857,0
112888,0
112925,0
112930,0
112947,0
112975,0
113060,0
113063,0
113066,0
113073,0
113074,0
113081,0
113090,0
113113,0
113125,0
113134,0
113236,0
113237,0
113252,0
113307,0
113386,0
113447,0
113473,0
113559,0
113567,0
113592,0
113609,0
113659,0
113683,0
113698,0
113707,0
113721,0
113745,0
113755,0
113765,0
113884,0
113929,0
113969,0
114004,0
114023,0
114067,0
114102,0
114154,0
114155,0
114179,0
114194,0
114248,0
114304,0
114451,0
114569,0
114635,0
114676,0
114802,0
114846,0
114878,0
114988,0
115071,0
115166,0
115192,0
115217,0
115280,0
115339,0
115425,0
115506,0
115508,0
115536,0
115577,0
115601,0
115611,0
115658,0
115676,0
115695,0
115710,0
115728,0
115806,0
115922,0
115969,0
115998,0
116003,0
116014,0
116091,0
116098,0
116123,0
116134,0
116150,0
116167,0
116230,0
116284,0
116399,0
116419,0
116432,0
116496,0
116518,0
116530,0
116544,0
116573,0
116609,0
116621,0
116638,0
116724,0
116868,0
116900,0
116928,0
117059,0
117158,0
117238,0
117273,0
117282,0
117368,0
117392,0
117409,0
117734,0
117767,0
117814,0
117913,0
118048,0
118060,0
118080,0
118081,0
118195,0
118241,0
118280,0
118304,0
118480,0
118515,0
118588,0
118628,0
118632,0
118670,0
118706,0
118727,0
118824,0
118987,0
119009,0
119161,0
119192,0
119222,0
119224,0
119258,0
119316,0
119439,0
119481,0
119523,0
119537,0
119609,0
119759,0
119793,0
119811,0
119878,0
119899,0
119915,0
119927,0
120055,0
120152,0
120152,0
120172,0
120172,0
120226,0
120303,0
120320,0
120389,0
120395,0
120412,0
120440,0
120458,0
120702,0
120711,0
120820,0
120833,0
120951,0
120990,0
121062,0
121065,0
121109,0
121198,0
121340,0
121382,0
121470,0
121492,0
121567,0
121649,0
121725,0
121736,0
121738,0
121789,0
121862,0
121919,0
121919,0
121970,0
122038,0
122056,0
122057,0
122130,0
122140,0
122268,0
122358,0
122359,0
122372,0
122409,0
122413,0
122428,0
122503,0
122508,0
122651,0
122664,0
122714,0
122755,0
122779,0
122834,0
122966,0
123017,0
123064,0
123094,0
123109,0
123184,0
123205,0
123241,0
123242,0
123262,0
123318,0
123388,0
123422,0
123449,0
123503,0
123620,0
123623,0
123633,0
123706,0
123746,0
123751,0
123770,0
123845,0
123860,0
123879,0
123949,0
123962,0
123973,0
123997,0
124012,0
124017,0
124087,0
124201,0
124341,0
124341,0
124352,0
124365,0
124473,0
124540,0
124569,0
124758,0
124775,0
124780,0
124800,0
124813,0
124863,0
124871,0
124968,0
125103,0
125109,0
125141,0
125152,0
125176,0
125215,0
125261,0
125319,0
125357,0
125381,0
125480,0
125487,0
125500,0
125541,0
125653,0
125678,0
125765,0
125797,0
125816,0
125831,0
125930,0
126004,0
126045,0
126104,0
126179,0
126214,0
126277,0
126277,0
126288,0
126359,0
126445,0
126468,0
126541,0
126553,0
126587,0
126661,0
126668,0
126721,0
126743,0
126828,0
126900,0
127004,0
127037,0
127070,0
127247,0
127309,0
127358,0
127463,0
127463,0
127626,0
127651,0
127702,0
127980,0
128009,0
128031,0
128060,0
128093,0
128109,0
128119,0
128207,0
128268,0
128299,0
128439,0
128453,0
128490,0
128539,0
128549,0
128552,0
128558,0
128737,0
128759,0
128802,0
128844,0
128926,0
128996,0
129034,0
129095,0
129157,0
129172,0
129269,0
129270,0
129294,0
129347,0
129354,0
129354,0
129394,0
129498,0
129526,0
129578,0
129644,0
129772,0
129824,0
129907,0
129912,0
130140,0
130146,0
130152,0
130187,0
130311,0
130363,0
130446,0
130483,0
130531,0
130547,0
130548,0
130690,0
130691,0
130734,0
130804,0
130853,0
130902,0
130907,0
130944,0
130947,0
131014,0
131083,0
131102,0
131126,0
131135,0
131192,0
131247,0
131307,0
131398,0
131429,0
131516,0
131628,0
131710,0
131908,0
131909,0
131979,0
132070,0
132107,0
132224,0
132270,0
132323,0
132378,0
132414,0
132455,0
132462,0
132499,0
132519,0
132540,0
132840,0
132854,0
132905,0
133175,0
133175,0
133187,0
133211,0
133304,0
133415,0
133419,0
133425,0
133442,0
133529,0
133534,0
133655,0
133677,0
133700,0
133776,0
133851,0
133859,0
133862,0
133921,0
133928,0
133936,0
133964,0
133994,0
134012,0
134014,0
134121,0
134154,0
134155,0
134198,0
134458,0
134496,0
134499,0
134526,0
134540,0
134557,0
134627,0
134665,0
134778,0
134839,0
134927,0
134959,0
135002,0
135032,0
135065,0
135071,0
135097,0
135098,0
135205,0
135226,0
135269,0
135302,0
135323,0
135483,0
135662,0
135662,0
135739,0
135770,0
135898,0
135981,0
135985,0
136005,0
136116,0
136122,0
136168,0
136262,0
136356,0
136432,0
136523,0
136548,0
136603,0
136782,0
136786,0
136880,0
136927,0
136962,0
136967,0
137048,0
137172,0
137255,0
137289,0
137346,0
137439,0
137472,0
137513,0
137571,0
137638,0
137642,0
137734,0
137888,0
137981,0
138054,0
138060,0
138072,0
138142,0
138150,0
138168,0
138181,0
138280,0
138288,0
138338,0
138351,0
138414,0
138592,0
138630,0
138691,0
138767,0
138811,0
138843,0
138868,0
138988,0
139107,0
139132,0
139193,0
139245,0
139286,0
139287,0
139371,0
139386,0
139428,0
139477,0
139513,0
139553,0
139564,0
139584,0
139724,0
139784,0
139812,0
139894,0
140016,0
140017,0
140032,0
140070,0
140216,0
140254,0
140263,0
140285,0
140355,0
140357,0
140406,0
140410,0
140508,0
140528,0
140583,0
140641,0
140656,0
140675,0
140713,0
140732,0
140750,0
140754,0
140866,0
140868,0
140954,0
141013,0
141177,0
141260,0
141299,0
141302,0
141362,0
141390,0
141410,0
141489,0
141630,0
141673,0
141701,0
141768,0
141884,0
141907,0
142013,0
142050,0
142100,0
142293,0
142299,0
142301,0
142346,0
142459,0
142506,0
142510,0
142821,0
142884,0
142913,0
143074,0
143159,0
143185,0
143209,0
143213,0
143388,0
143397,0
143406,0
143418,0
143434,0
143585,0
143610,0
143741,0
143772,0
143820,0
143847,0
143849,0
143915,0
143929,0
143949,0
143986,0
144004,0
144095,0
144101,0
144142,0
144179,0
144235,0
144270,0
144274,0
144297,0
144346,0
144467,0
144497,0
144547,0
144595,0
144601,0
144618,0
144683,0
144724,0
144732,0
144751,0
144810,0
144823,0
144959,0
145050,0
145084,0
145106,0
145153,0
145161,0
145179,0
145209,0
145343,0
145383,0
145419,0
145423,0
145531,0
145583,0
145587,0
145600,0
145676,0
145727,0
145767,0
145809,0
145931,0
145942,0
145976,0
146098,0
146137,0
146158,0
146288,0
146290,0
146321,0
146321,0
146328,0
146366,0
146384,0
146531,0
146556,0
146588,0
146641,0
146655,0
146750,0
146775,0
146809,0
146814,0
146836,0
146847,0
146981,0
147030,0
147031,0
147034,0
147044,0
147045,0
147104,0
147174,0
147319,0
147387,0
147402,0
147445,0
147485,0
147528,0
147597,0
147639,0
147727,0
147752,0
147829,0
147853,0
147931,0
147984,0
148013,0
148022,0
148087,0
148119,0
148309,0
148401,0
148507,0
148645,0
148663,0
148753,0
148819,0
148864,0
148894,0
148953,0
149071,0
149142,0
149143,0
149234,0
149305,0
149313,0
149324,0
149447,0
149461,0
149488,0
149507,0
149587,0
149615,0
149668,0
149699,0
149704,0
149718,0
149886,0
149905,0
150036,0
150096,0
150112,0
150156,0
150300,0
150408,0
150453,0
150463,0
150598,0
150628,0
150643,0
150725,0
150741,0
150840,0
150997,0
151020,0
151057,0
151165,0
151359,0
151399,0
151463,0
151500,0
151501,0
151522,0
151587,0
151642,0
151643,0
151669,0
151690,0
151695,0
151734,0
151809,0
151818,0
151867,0
151921,0
151924,0
151927,0
151973,0
152015,0
152199,0
152206,0
152312,0
152363,0
152390,0
152421,0
152462,0
152471,0
152493,0
152532,0
152550,0
152677,0
152733,0
152816,0
152832,0
152857,0
152914,0
152976,0
152979,0
153093,0
153141,0
153185,0
153208,0
153249,0
153297,0
153314,0
153346,0
153436,0
153481,0
153504,0
153516,0
153545,0
153629,0
153664,0
153674,0
153704,0
153734,0
153759,0
153781,0
153823,0
153834,0
153844,0
153869,0
153930,0
154008,0
154096,0
154114,0
154160,0
154177,0
154209,0
154293,0
154339,0
154420,0
154476,0
154564,0
154565,0
154590,0
154654,0
154687,0
154750,0
154828,0
154829,0
154915,0
154938,0
154944,0
155010,0
155035,0
155082,0
155328,0
155362,0
155449,0
155477,0
155550,0
155551,0
155564,0
155571,0
155616,0
155679,0
155739,0
155859,0
155869,0
155946,0
155951,0
156068,0
156121,0
156144,0
156273,0
156313,0
156323,0
156389,0
156428,0
156459,0
156461,0
156481,0
156537,0
156551,0
156568,0
156696,0
156707,0
156723,0
156735,0
156801,0
156806,0
156892,0
156895,0
156898,0
156904,0
156912,0
156940,0
156961,0
156999,0
157085,0
157104,0
157117,0
157117,0
157184,0
157202,0
157243,0
157254,0
157258,0
157269,0
157309,0
157317,0
157322,0
157341,0
157403,0
157509,0
157532,0
157620,0
157654,0
157668,0
157730,0
157752,0
157755,0
157899,0
157963,0
158053,0
158077,0
158133,0
158138,0
158155,0
158214,0
158260,0
158403,0
158505,0
158578,0
158611,0
158640,0
158693,0
158753,0
158857,0
158905,0
158960,0
159010,0
159060,0
159061,0
159084,0
159085,0
159109,0
159123,0
159289,0
159293,0
159351,0
159414,0
159415,0
159563,0
159573,0
159600,0
159634,0
159654,0
159745,0
159833,0
159909,0
159938,0
159951,0
159968,0
159984,0
160060,0
160201,0
160276,0
160329,0
160416,0
160520,0
160647,0
160658,0
160677,0
160713,0
160727,0
160788,0
160822,0
160877,0
161086,0
161128,0
161129,0
161300,0
161437,0
161518,0
161693,0
161705,0
161708,0
161826,0
161835,0
161921,0
161976,0
162028,0
162034,0
162048,0
162129,0
162160,0
162220,0
162366,0
162376,0
162404,0
162713,0
162768,0
162774,0
162914,0
162915,0
162917,0
162936,0
163064,0
163167,0
163348,0
163349,0
163350,0
163367,0
163432,0
163481,0
163497,0
163648,0
163671,0
163789,0
163868,0
163870,0
163902,0
163918,0
163951,0
163975,0
163982,0
163992,0
164020,0
164025,0
164176,0
164211,0
164304,0
164316,0
164321,0
164359,0
164376,0
164420,0
164424,0
164436,0
164439,0
164480,0
164551,0
164583,0
164615,0
164643,0
164681,0
164814,0
164863,0
164883,0
164899,0
164918,0
164932,0
164971,0
165104,0
165277,0
165321,0
165419,0
165427,0
165469,0
165471,0
165486,0
165639,0
165663,0
165677,0
165726,0
165792,0
165796,0
165828,0
165839,0
165873,0
166089,0
166208,0
166264,0
166345,0
166390,0
166478,0
166581,0
166609,0
166680,0
166693,0
166695,0
166857,0
166875,0
166876,0
166924,0
166987,0
166990,0
167095,0
167218,0
167232,0
167239,0
167241,0
167257,0
167260,0
167418,0
167437,0
167507,0
167508,0
167515,0
167517,0
167550,0
167754,0
167816,0
167834,0
167866,0
167870,0
167882,0
167915,0
167956,0
168000,0
168105,0
168169,0
168291,0
168312,0
168377,0
168440,0
168499,0
168500,0
168603,0
168677,0
168718,0
168923,0
168946,0
168963,0
168970,0
168995,0
168998,0
169035,0
169060,0
169079,0
169154,0
169179,0
169258,0
169391,0
169410,0
169426,0
169429,0
169437,0
169476,0
169504,0
169554,0
169573,0
169616,0
169653,0
169667,0
169733,0
169794,0
169837,0
169876,0
169890,0
169993,0
170004,0
170168,0
170169,0
170223,0
170256,0
170258,0
170290,0
170320,0
170371,0
170426,0
170472,0
170561,0
170662,0
170780,0
170888,0
170918,0
170952,0
171053,0
171112,0
171144,0
171164,0
171192,0
171208,0
171272,0
171300,0
171380,0
171398,0
171455,0
171509,0
171528,0
171582,0
171595,0
171596,0
171747,0
171772,0
171929,0
171934,0
171986,0
172020,0
172156,0
172212,0
172277,0
172284,0
172295,0
172319,0
172403,0
172408,0
172418,0
172555,0
172580,0
172641,0
172714,0
172793,0
172814,0
172861,0
172874,0
172960,0
173037,0
173043,0
173054,0
173056,0
173070,0
173098,0
173112,0
173164,0
173182,0
173268,0
173272,0
173385,0
173419,0
173471,0
173699,0
173734,0
173754,0
173785,0
173913,0
173965,0
173976,0
173989,0
173993,0
174034,0
174054,0
174073,0
174152,0
174182,0
174210,0
174219,0
174302,0
174314,0
174345,0
174444,0
174503,0
174567,0
174623,0
174630,0
174637,0
174703,0
174727,0
174823,0
174846,0
174862,0
174878,0
174891,0
175021,0
175071,0
175082,0
175098,0
175134,0
175243,0
175258,0
175279,0
175317,0
175453,0
175479,0
175567,0
175586,0
175666,0
175735,0
175742,0
175800,0
175937,0
176035,0
176039,0
176048,0
176058,0
176184,0
176220,0
176232,0
176261,0
176323,0
176341,0
176352,0
176371,0
176384,0
176422,0
176459,0
176519,0
176567,0
176633,0
176718,0
176770,0
176782,0
176815,0
176817,0
176838,0
176880,0
176965,0
177028,0
177077,0
177369,0
177632,0
177747,0
177817,0
177842,0
177895,0
177904,0
177909,0
177930,0
177938,0
177938,0
177985,0
177987,0
178006,0
178020,0
178027,0
178225,0
178233,0
178426,0
178446,0
178452,0
178499,0
178515,0
178546,0
178703,0
178730,0
178763,0
178899,0
178947,0
178966,0
179157,0
179215,0
179266,0
179291,0
179345,0
179356,0
179419,0
179508,0
179525,0
179536,0
179566,0
179572,0
179584,0
179621,0
179679,0
179716,0
179820,0
179864,0
179953,0
179959,0
180011,0
180074,0
180161,0
180322,0
180621,0
180652,0
180670,0
180671,0
180680,0
180688,0
180701,0
180702,0
180772,0
180886,0
180903,0
180909,0
180935,0
181007,0
181127,0
181157,0
181173,0
181236,0
181429,0
181437,0
181597,0
181643,0
181655,0
181719,0
181747,0
181755,0
181766,0
181783,0
181813,0
181911,0
181926,0
181931,0
181936,0
181943,0
181950,0
182010,0
182048,0
182106,0
182112,0
182190,0
182223,0
182244,0
182276,0
182336,0
182337,0
182343,0
182431,0
182571,0
182626,0
182638,0
182668,0
182751,0
182884,0
182972,0
182995,0
183105,0
183187,0
183195,0
183250,0
183346,0
183409,0
183502,0
183520,0
183580,0
183608,0
183633,0
183710,0
183711,0
183711,0
183744,0
183788,0
183796,0
183802,0
183897,0
183899,0
183909,0
183919,0
183968,0
183970,0
183995,0
184008,0
184169,0
184228,0
184379,0
184554,0
184601,0
184818,0
184872,0
185005,0
185036,0
185041,0
185141,0
185181,0
185244,0
185269,0
185299,0
185432,0
185492,0
185500,0
185514,0
185539,0
185572,0
185581,0
185808,0
185871,0
185915,0
185948,0
185956,0
186169,0
186196,0
186259,0
186280,0
186348,0
186407,0
186422,0
186478,0
186552,0
186609,0
186706,0
186787,0
186848,0
186849,0
186884,0
186926,0
186960,0
186972,0
187031,0
187033,0
187045,0
187114,0
187172,0
187174,0
187344,0
187380,0
187397,0
187422,0
187472,0
187482,0
187526,0
187620,0
187679,0
187739,0
187746,0
187798,0
187827,0
187879,0
187906,0
187926,0
187960,0
187984,0
188141,0
188152,0
188164,0
188244,0
188304,0
188331,0
188373,0
188418,0
188419,0
188443,0
188449,0
188493,0
188571,0
188628,0
188639,0
188662,0
188724,0
188733,0
188742,0
188751,0
188828,0
188858,0
188867,0
188920,0
188998,0
189062,0
189119,0
189172,0
189255,0
189369,0
189381,0
189488,0
189509,0
189541,0
189591,0
189597,0
189644,0
189677,0
189763,0
189765,0
189777,0
189780,0
189897,0
189901,0
189903,0
190036,0
190061,0
190075,0
190126,0
190128,0
190134,0
190305,0
190430,0
190505,0
190522,0
190539,0
190598,0
190675,0
190678,0
190756,0
190844,0
190884,0
190955,0
191011,0
191049,0
191154,0
191204,0
191297,0
191358,0
191386,0
191452,0
191470,0
191524,0
191540,0
191555,0
191565,0
191577,0
191578,0
191591,0
191675,0
191676,0
191704,0
191769,0
191794,0
191804,0
191832,0
191865,0
191885,0
191898,0
191968,0
191968,0
191985,0
192003,0
192013,0
192035,0
192051,0
192053,0
192086,0
192088,0
192163,0
192230,0
192246,0
192532,0
192552,0
192610,0
192616,0
192617,0
192728,0
192768,0
192837,0
192960,0
192964,0
193011,0
193034,0
193084,0
193107,0
193131,0
193286,0
193289,0
193320,0
193444,0
193561,0
193578,0
193628,0
193641,0
193668,0
193741,0
193755,0
193899,0
193911,0
193931,0
193957,0
194046,0
194065,0
194161,0
194218,0
194278,0
194389,0
194492,0
194500,0
194523,0
194536,0
194566,0
194599,0
194654,0
194750,0
194774,0
194848,0
194872,0
194906,0
194922,0
194938,0
195161,0
195181,0
195241,0
195288,0
195321,0
195465,0
195475,0
195611,0
195742,0
195797,0
195841,0
195875,0
195894,0
195938,0
195939,0
195952,0
195974,0
196006,0
196087,0
196088,0
196160,0
196164,0
196251,0
196334,0
196384,0
196414,0
196449,0
196506,0
196550,0
196765,0
196822,0
196856,0
196886,0
196933,0
196950,0
197069,0
197074,0
197109,0
197152,0
197240,0
197278,0
197279,0
197315,0
197396,0
197400,0
197402,0
197512,0
197544,0
197635,0
197757,0
197772,0
197820,0
197833,0
197951,0
197961,0
197976,0
197984,0
198259,0
198271,0
198292,0
198334,0
198364,0
198578,0
198642,0
198912,0
198921,0
199016,0
199100,0
199115,0
199131,0
199133,0
199160,0
199203,0
199266,0
199332,0
199487,0
199544,0
199565,0
199571,0
199590,0
199606,0
199613,0
199705,0
199796,0
199839,0
199878,0
199936,0
199939,0
199968,0
200187,0
200228,0
200230,0
200261,0
200332,0
200345,0
200360,0
200380,0
200401,0
200475,0
200491,0
200642,0
200718,0
200750,0
200806,0
200852,0
200855,0
200931,0
200966,0
200983,0
201021,0
201026,0
201071,0
201078,0
201131,0
201140,0
201162,0
201329,0
201380,0
201400,0
201452,0
201470,0
201536,0
201698,0
201735,0
201751,0
201866,0
202006,0
202062,0
202109,0
202110,0
202274,0
202282,0
202298,0
202300,0
202361,0
202448,0
202481,0
202570,0
202573,0
202595,0
202639,0
202656,0
202664,0
202785,0
202806,0
202864,0
202865,0
202901,0
202901,0
202913,0
203000,0
203061,0
203153,0
203272,0
203276,0
203364,0
203374,0
203412,0
203424,0
203460,0
203557,0
203599,0
203610,0
203628,0
203658,0
203724,0
203728,0
203734,0
203828,0
203894,0
203932,0
203996,0
203996,0
204010,0
204077,0
204167,0
204211,0
204232,0
204250,0
204274,0
204344,0
204365,0
204595,0
204657,0
204662,0
204695,0
204736,0
204800,0
204813,0
204831,0
204902,0
204932,0
204996,0
205046,0
205184,0
205217,0
205275,0
205323,0
205335,0
205460,0
205492,0
205534,0
205538,0
205572,0
205606,0
205704,0
205733,0
205746,0
205831,0
205852,0
205961,0
206041,0
206131,0
206154,0
206305,0
206397,0
206415,0
206468,0
206485,0
206563,0
206647,0
206697,0
206772,0
206806,0
206815,0
206852,0
206913,0
206922,0
206954,0
207023,0
207094,0
207102,0
207121,0
207122,0
207142,0
207153,0
207191,0
207241,0
207382,0
207397,0
207414,0
207421,0
207549,0
207578,0
207602,0
207625,0
207699,0
207826,0
207828,0
208094,0
208135,0
208161,0
208171,0
208276,0
208280,0
208282,0
208321,0
208491,0
208811,0
208843,0
208949,0
208954,0
209003,0
209009,0
209060,0
209102,0
209104,0
209142,0
209289,0
209335,0
209699,0
209755,0
209789,0
209927,0
209948,0
209957,0
209978,0
210126,0
210287,0
210342,0
210486,0
210495,0
210516,0
210605,0
210627,0
210657,0
210709,0
210791,0
210870,0
210953,0
210958,0
211029,0
211043,0
211056,0
211061,0
211098,0
211110,0
211113,0
211182,0
211187,0
211197,0
211271,0
211310,0
211343,0
211358,0
211463,0
211481,0
211514,0
211552,0
211584,0
211593,0
211711,0
211716,0
211724,0
211758,0
211767,0
211867,0
211914,0
211920,0
211936,0
211973,0
211981,0
212277,0
212332,0
212358,0
212364,0
212448,0
212477,0
212522,0
212559,0
212565,0
212637,0
212722,0
212724,0
212789,0
212931,0
213029,0
213125,0
213173,0
213194,0
213255,0
213277,0
213355,0
213386,0
213409,0
213425,0
213463,0
213574,0
213643,0
213696,0
213759,0
213787,0
213790,0
213812,0
213840,0
213851,0
213928,0
213944,0
213952,0
214009,0
214060,0
214079,0
214125,0
214194,0
214249,0
214285,0
214319,0
214319,0
214522,0
214527,0
214591,0
214596,0
214614,0
214663,0
214688,0
214714,0
214739,0
214766,0
214799,0
214857,0
214886,0
214898,0
214902,0
214967,0
214978,0
215116,0
215133,0
215245,0
215344,0
215365,0
215412,0
215521,0
215531,0
215537,0
215540,0
215553,0
215593,0
215627,0
215656,0
215665,0
215789,0
215825,0
215957,0
215978,0
216005,0
216172,0
216175,0
216205,0
216233,0
216278,0
216293,0
216393,0
216511,0
216567,0
216569,0
216907,0
216915,0
216987,0
217025,0
217028,0
217087,0
217102,0
217118,0
217127,0
217204,0
217249,0
217249,0
217300,0
217317,0
217337,0
217369,0
217383,0
217402,0
217585,0
217589,0
217595,0
217636,0
217675,0
217735,0
217747,0
217750,0
217800,0
217823,0
217897,0
217903,0
218107,0
218154,0
218193,0
218201,0
218213,0
218291,0
218294,0
218459,0
218560,0
218638,0
218669,0
218767,0
218769,0
218773,0
218797,0
218814,0
218877,0
218978,0
219049,0
219078,0
219116,0
219152,0
219191,0
219232,0
219257,0
219282,0
219396,0
219512,0
219538,0
219727,0
219781,0
219870,0
219874,0
219878,0
219897,0
219903,0
219947,0
219954,0
220026,0
220100,0
220150,0
220264,0
220288,0
220322,0
220381,0
220402,0
220423,0
220427,0
220439,0
220468,0
220584,0
220605,0
220815,0
220824,0
220828,0
220894,0
220895,0
220896,0
220952,0
220979,0
220996,0
221025,0
221084,0
221089,0
221190,0
221197,0
221346,0
221500,0
221548,0
221586,0
221611,0
221631,0
221697,0
221811,0
221862,0
221892,0
221923,0
221961,0
221985,0
221985,0
222117,0
222120,0
222135,0
222232,0
222234,0
222296,0
222297,0
222339,0
222383,0
222412,0
222469,0
222486,0
222498,0
222512,0
222516,0
222596,0
222613,0
222657,0
222698,0
222724,0
222731,0
222758,0
222788,0
222818,0
222866,0
222873,0
222896,0
222945,0
222946,0
223029,0
223065,0
223239,0
223247,0
223281,0
223314,0
223337,0
223452,0
223469,0
223471,0
223493,0
223580,0
223641,0
223646,0
223647,0
223784,0
223798,0
223842,0
223909,0
223919,0
223945,0
224004,0
224060,0
224131,0
224319,0
224376,0
224466,0
224514,0
224537,0
224577,0
224579,0
224622,0
224812,0
224814,0
224902,0
224930,0
224947,0
224988,0
225063,0
225074,0
225087,0
225229,0
225355,0
225393,0
225401,0
225495,0
225537,0
225538,0
225739,0
225799,0
225827,0
225829,0
225890,0
225954,0
225990,0
226023,0
226046,0
226231,0
226251,0
226253,0
226336,0
226346,0
226425,0
226481,0
226517,0
226617,0
226629,0
226683,0
226686,0
226703,0
226707,0
226785,0
226796,0
226803,0
226826,0
226853,0
226936,0
226998,0
227082,0
227244,0
227380,0
227537,0
227563,0
227611,0
227631,0
227732,0
227735,0
227810,0
227859,0
227934,0
228035,0
228045,0
228095,0
228096,0
228117,0
228144,0
228163,0
228214,0
228364,0
228442,0
228470,0
228471,0
228499,0
228523,0
228524,0
228685,0
228695,0
228726,0
228773,0
228798,0
228817,0
228909,0
228951,0
229002,0
229032,0
229100,0
229258,0
229381,0
229441,0
229492,0
229503,0
229522,0
229534,0
229608,0
229638,0
229674,0
229733,0
229834,0
229933,0
229963,0
229969,0
230024,0
230038,0
230065,0
230108,0
230123,0
230146,0
230182,0
230201,0
230237,0
230275,0
230290,0
230316,0
230342,0
230428,0
230433,0
230440,0
230454,0
230464,0
230597,0
230734,0
230774,0
230852,0
230885,0
230946,0
230972,0
231015,0
231025,0
231069,0
231139,0
231148,0
231199,0
231375,0
231428,0
231535,0
231578,0
231633,0
231636,0
231642,0
231689,0
231732,0
231736,0
231768,0
231799,0
231889,0
231905,0
231914,0
232146,0
232421,0
232456,0
232459,0
232580,0
232587,0
232620,0
232654,0
232691,0
232778,0
232781,0
232793,0
232796,0
232870,0
232951,0
232978,0
233064,0
233081,0
233092,0
233101,0
233136,0
233157,0
233158,0
233184,0
233248,0
233314,0
233332,0
233379,0
233476,0
233520,0
233665,0
233688,0
233841,0
233847,0
233884,0
233931,0
233933,0
233977,0
234011,0
234024,0
234055,0
234057,0
234193,0
234257,0
234276,0
234328,0
234460,0
234485,0
234501,0
234577,0
234634,0
234722,0
234882,0
235038,0
235083,0
235134,0
235174,0
235203,0
235232,0
235291,0
235366,0
235369,0
235406,0
235468,0
235468,0
235476,0
235541,0
235560,0
235685,0
235694,0
235710,0
235711,0
235761,0
235850,0
235945,0
235959,0
235982,0
236028,0
236034,0
236119,0
236160,0
236179,0
236194,0
236220,0
236326,0
236404,0
236507,0
236566,0
236566,0
236607,0
236617,0
236674,0
236674,0
236693,0
236723,0
236768,0
236852,0
236859,0
236890,0
236919,0
236945,0
236958,0
237010,0
237092,0
237110,0
237157,0
237177,0
237271,0
237404,0
237422,0
237506,0
237549,0
237813,0
237877,0
237888,0
238007,0
238076,0
238093,0
238268,0
238276,0
238339,0
238349,0
238411,0
238489,0
238504,0
238506,0
238535,0
238536,0
238572,0
238581,0
238609,0
238674,0
238710,0
238734,0
238763,0
238769,0
238846,0
238976,0
239068,0
239098,0
239099,0
239203,0
239220,0
239336,0
239364,0
239379,0
239423,0
239429,0
239517,0
239532,0
239561,0
239583,0
239602,0
239696,0
239715,0
239716,0
239741,0
239817,0
239861,0
239882,0
239890,0
239912,0
240050,0
240058,0
240119,0
240145,0
240197,0
240226,0
240270,0
240271,0
240401,0
240420,0
240428,0
240449,0
240581,0
240643,0
240660,0
240664,0
240688,0
240724,0
240743,0
240754,0
240754,0
240783,0
240787,0
240825,0
240836,0
240927,0
240941,0
240967,0
241093,0
241101,0
241237,0
241279,0
241337,0
241356,0
241370,0
241375,0
241383,0
241427,0
241428,0
241472,0
241479,0
241493,0
241498,0
241571,0
241607,0
241791,0
241877,0
241942,0
242013,0
242050,0
242088,0
242094,0
242128,0
242152,0
242254,0
242279,0
242323,0
242377,0
242480,0
242481,0
242482,0
242550,0
242566,0
242580,0
242591,0
242733,0
242745,0
242763,0
242793,0
242821,0
242887,0
242907,0
242997,0
243031,0
243062,0
243113,0
243162,0
243172,0
243215,0
243251,0
243298,0
243404,0
243422,0
243426,0
243433,0
243448,0
243474,0
243500,0
243501,0
243598,0
243613,0
243704,0
243723,0
243761,0
243796,0
243950,0
243963,0
243973,0
244065,0
244077,0
244092,0
244094,0
244101,0
244107,0
244173,0
244177,0
244190,0
244234,0
244236,0
244261,0
244327,0
244339,0
244357,0
244393,0
244416,0
244466,0
244490,0
244522,0
244686,0
244737,0
244830,0
244881,0
244906,0
244907,0
244926,0
244926,0
245060,0
245155,0
245168,0
245195,0
245226,0
245295,0
245369,0
245431,0
245456,0
245465,0
245519,0
245598,0
245638,0
245780,0
245802,0
245812,0
245833,0
245921,0
246011,0
246021,0
246041,0
246125,0
246172,0
246197,0
246234,0
246265,0
246403,0
246489,0
246496,0
246544,0
246567,0
246632,0
246657,0
246681,0
246789,0
246903,0
246997,0
247075,0
247101,0
247112,0
247161,0
247171,0
247257,0
247280,0
247330,0
247342,0
247347,0
247349,0
247400,0
247447,0
247459,0
247463,0
247510,0
247519,0
247537,0
247548,0
247578,0
247623,0
247708,0
247772,0
247850,0
247888,0
247898,0
247946,0
248021,0
248103,0
248140,0
248156,0
248319,0
248323,0
248331,0
248381,0
248404,0
248450,0
248529,0
248540,0
248560,0
248573,0
248592,0
248613,0
248658,0
248703,0
248754,0
248788,0
248844,0
248911,0
248949,0
248959,0
249029,0
249052,0
249126,0
249282,0
249284,0
249325,0
249451,0
249479,0
249552,0
249702,0
249726,0
249733,0
249756,0
249797,0
249998,0
250023,0
250038,0
250056,0
250080,0
250093,0
250121,0
250126,0
250167,0
250215,0
250251,0
250272,0
250314,0
250339,0
250378,0
250396,0
250430,0
250433,0
250457,0
250513,0
250629,0
250672,0
250678,0
250797,0
250806,0
250816,0
250977,0
251022,0
251115,0
251131,0
251149,0
251232,0
251238,0
251377,0
251394,0
251404,0
251510,0
251536,0
251559,0
251560,0
251588,0
251593,0
251651,0
251657,0
251697,0
