0 100
2 100
4 100
6 100
8 100
10 100
12 100
14 100
16 100
18 100
20 100
22 100
24 100
26 100
28 100
30 100
32 100
34 100
36 100
38 100
40 100
42 100
44 100
46 100
48 100
50 100
52 100
54 100
56 100
58 100
60 100
62 100
64 100
66 100
68 100
70 100
72 100
74 100
76 100
78 100
80 100
82 100
84 100
86 100
88 100
90 100
92 100
94 713
96 719
98 725
100 738
102 731
104 740
106 712
108 709
110 714
112 726
114 746
116 709
118 740
120 745
122 702
124 719
126 721
128 720
130 722
132 731
134 741
136 742
138 720
140 739
142 729
144 728
146 705
148 726
150 711
152 732
154 705
156 737
158 701
160 739
162 719
164 712
166 704
168 731
170 720
172 713
174 729
176 716
178 703
180 707
182 713
184 730
186 707
188 100
190 100
192 100
194 100
196 100
198 100
200 100
202 100
204 100
206 100
208 100
210 100
212 100
214 100
216 100
218 100
220 100
222 100
224 100
226 100
228 100
230 100
232 100
234 100
236 100
238 100
240 100
242 100
244 100
246 100
248 100
250 100
252 100
254 100
256 100
258 100
260 100
262 100
264 100
266 100
268 100
270 100
272 100
274 100
276 100
278 100
280 100
282 704
284 738
286 749
288 712
290 709
292 731
294 708
296 731
298 742
300 726
302 723
304 735
306 702
308 715
310 717
312 719
314 726
316 740
318 726
320 726
322 711
324 719
326 723
328 718
330 734
332 724
334 749
336 715
338 746
340 734
342 731
344 731
346 716
348 715
350 729
352 707
354 719
356 739
358 716
360 727
362 720
364 748
366 721
368 737
370 747
372 749
374 738
376 100
378 100
380 100
382 100
384 100
386 100
388 100
390 100
392 100
394 100
396 100
398 100
400 100
402 100
404 100
406 100
408 100
410 100
412 100
414 100
416 100
418 100
420 100
422 100
424 100
426 100
428 100
430 100
432 100
434 100
436 100
438 100
440 100
442 100
444 100
446 100
448 100
450 100
452 100
454 100
456 100
458 100
460 100
462 100
464 100
466 100
468 100
470 703
472 721
474 738
476 733
478 747
480 705
482 713
484 738
486 730
488 741
490 731
492 716
494 744
496 738
498 713
500 748
502 736
504 713
506 727
508 721
510 702
512 707
514 739
516 729
518 708
520 709
522 724
524 701
526 717
528 729
530 733
532 717
534 732
536 709
538 709
540 748
542 714
544 725
546 733
548 731
550 735
552 725
554 737
556 738
558 721
560 708
562 722
564 100
566 100
568 100
570 100
572 100
574 100
576 100
578 100
580 100
