0 119
2 101
4 87
6 104
8 119
10 82
12 83
14 85
16 66
18 231
20 143
22 115
24 121
26 98
28 183
30 97
32 95
34 38
36 10
38 55
40 61
42 270
44 166
46 141
48 168
50 78
52 111
54 134
56 152
58 120
60 84
62 125
64 66
66 370
68 212
70 175
72 170
74 126
76 173
78 180
80 204
82 158
84 136
86 159
88 156
90 421
92 352
94 345
96 314
98 315
100 359
102 310
104 336
106 281
108 254
110 338
112 281
114 598
116 445
118 452
120 387
122 437
124 430
126 423
128 439
130 426
132 420
134 416
136 460
138 787
140 650
142 620
144 640
146 584
148 627
150 607
152 595
154 600
156 602
158 565
160 586
162 841
164 698
166 695
168 689
170 639
172 685
174 667
176 688
178 659
180 620
182 661
184 633
186 1000
188 739
190 721
192 699
194 669
196 674
198 667
200 683
202 604
204 638
206 586
208 589
210 731
212 559
214 533
216 505
218 483
220 524
222 525
224 535
226 469
228 470
230 463
232 481
234 517
236 383
238 367
240 346
242 354
244 346
246 328
248 355
250 293
252 317
254 318
256 283
258 385
260 256
262 259
264 246
266 185
268 215
270 209
272 232
274 201
276 197
278 215
280 152
282 268
284 132
286 136
288 133
290 175
292 156
294 124
296 174
298 103
300 109
302 119
304 73
306 214
308 150
310 111
312 102
314 73
316 109
318 122
320 170
322 44
324 65
326 55
328 71
330 239
332 122
334 129
336 105
338 59
340 115
342 80
344 120
346 68
348 60
350 78
352 44
354 273
356 141
358 125
360 87
362 57
364 97
366 100
368 148
370 96
372 76
374 108
376 59
378 251
380 104
382 87
384 148
386 88
388 101
390 113
392 125
394 91
396 81
398 99
400 60
402 342
404 137
406 122
408 143
410 124
412 126
414 150
416 146
418 66
420 88
422 103
424 124
426 304
428 193
430 153
432 142
434 145
436 131
438 155
440 177
442 136
444 136
446 144
448 154
450 366
452 293
454 286
456 298
458 241
460 242
462 292
464 243
466 218
468 217
470 250
472 238
474 459
476 279
478 296
480 319
482 269
484 265
486 301
488 302
490 256
492 252
494 229
496 194
498 374
500 234
502 216
504 249
506 226
508 214
510 221
512 268
514 204
516 217
518 207
520 193
522 280
524 153
526 178
528 167
530 114
532 140
534 125
536 121
538 88
540 84
542 93
544 74
546 74
548 84
550 82
552 75
554 57
556 31
558 47
560 41
562 72
564 86
566 211
568 113
570 64
572 69
574 77
576 67
578 62
580 67
