1839,1,inf
1852,1,inf
1877,1,inf
2644,1,inf
3037,1,inf
3894,1,inf
5677,1,inf
6267,1,inf
6313,1,inf
6412,1,inf
6728,1,inf
7531,1,inf
8067,1,inf
8681,1,inf
9162,1,inf
9766,1,inf
10003,1,inf
11454,1,inf
12018,1,inf
12306,1,inf
13237,1,inf
13582,1,inf
14032,1,inf
14802,1,inf
14809,1,inf
15245,1,inf
15425,1,inf
16052,1,inf
16556,1,inf
17075,1,inf
17504,1,inf
18025,1,inf
18484,1,inf
19069,1,inf
20873,1,inf
21063,1,inf
22380,1,inf
22400,1,inf
22960,1,inf
23287,1,inf
23407,1,inf
24212,1,inf
24353,1,inf
25290,1,inf
27811,1,inf
27828,1,inf
28670,1,inf
28711,1,inf
30066,1,inf
30085,1,inf
30454,1,inf
31520,1,inf
31555,1,inf
32282,1,inf
32533,1,inf
33350,1,inf
33514,1,inf
34039,1,inf
34055,1,inf
35647,1,inf
36020,1,inf
36067,1,inf
37006,1,inf
37151,1,inf
38558,1,inf
38732,1,inf
39108,1,inf
39994,1,inf
41092,1,inf
41369,1,inf
41563,1,inf
42516,1,inf
42601,1,inf
43027,1,inf
43650,1,inf
44085,1,inf
44676,1,inf
45275,1,inf
46142,1,inf
47532,1,inf
47837,1,inf
48641,1,inf
49059,1,inf
49416,1,inf
49653,1,inf
50504,1,inf
51493,1,inf
51785,1,inf
53286,1,inf
53588,1,inf
54004,1,inf
54117,1,inf
54485,1,inf
55173,1,inf
56593,1,inf
57331,1,inf
57369,1,inf
57480,1,inf
58400,1,inf
58463,1,inf
59204,1,inf
59437,1,inf
60053,1,inf
60196,1,inf
61713,1,inf
62113,1,inf
62577,1,inf
62772,1,inf
64469,1,inf
64533,1,inf
65806,1,inf
66083,1,inf
66162,1,inf
66266,1,inf
67507,1,inf
68012,1,inf
68042,1,inf
69217,1,inf
69658,1,inf
70650,1,inf
70726,1,inf
71644,1,inf
72020,1,inf
72039,1,inf
73295,1,inf
73547,1,inf
74322,1,inf
74415,1,inf
75370,1,inf
76022,1,inf
76099,1,inf
76643,1,inf
77002,1,inf
78332,1,inf
79168,1,inf
79209,1,inf
80641,1,inf
81356,1,inf
81454,1,inf
81559,1,inf
82002,1,inf
82877,1,inf
83554,1,inf
83702,1,inf
84052,1,inf
84227,1,inf
85984,1,inf
86598,1,inf
86848,1,inf
86934,1,inf
87845,1,inf
88208,1,inf
88654,1,inf
88763,1,inf
89452,1,inf
90466,1,inf
90961,1,inf
91091,1,inf
91103,1,inf
93082,1,inf
93562,1,inf
94023,1,inf
94711,1,inf
95287,1,inf
95350,1,inf
96323,1,inf
96468,1,inf
97980,1,inf
98290,1,inf
98666,1,inf
100240,1,inf
100906,1,inf
101732,1,inf
102025,1,inf
102029,1,inf
102163,1,inf
103733,1,inf
103743,1,inf
104772,1,inf
105128,1,inf
105408,1,inf
105647,1,inf
106136,1,inf
106433,1,inf
107511,1,inf
107524,1,inf
108110,1,inf
108331,1,inf
109580,1,inf
110322,1,inf
110416,1,inf
110557,1,inf
111195,1,inf
111735,1,inf
113083,1,inf
113492,1,inf
114336,1,inf
114764,1,inf
115279,1,inf
115360,1,inf
115375,1,inf
116794,1,inf
117005,1,inf
117286,1,inf
117576,1,inf
118562,1,inf
118989,1,inf
119170,1,inf
119740,1,inf
120999,1,inf
121317,1,inf
121501,1,inf
122687,1,inf
123102,1,inf
123175,1,inf
124380,1,inf
125007,1,inf
125647,1,inf
125777,1,inf
126108,1,inf
127846,1,inf
127886,1,inf
128007,1,inf
128824,1,inf
129075,1,inf
129411,1,inf
130399,1,inf
130609,1,inf
131202,1,inf
131621,1,inf
132226,1,inf
132338,1,inf
133557,1,inf
133633,1,inf
134338,1,inf
134913,1,inf
135822,1,inf
136247,1,inf
136511,1,inf
136656,1,inf
137200,1,inf
137441,1,inf
138601,1,inf
138725,1,inf
139115,1,inf
140604,1,inf
141182,1,inf
141436,1,inf
141637,1,inf
142671,1,inf
142912,1,inf
143304,1,inf
143398,1,inf
144178,1,inf
144580,1,inf
145446,1,inf
146174,1,inf
146204,1,inf
146322,1,inf
147268,1,inf
147636,1,inf
148494,1,inf
149072,1,inf
150729,1,inf
151005,1,inf
151114,1,inf
151221,1,inf
152363,1,inf
153217,1,inf
153265,1,inf
153637,1,inf
154248,1,inf
154742,1,inf
155161,1,inf
155859,1,inf
156208,1,inf
156481,1,inf
157375,1,inf
158051,1,inf
158103,1,inf
159111,1,inf
160971,1,inf
161264,1,inf
161302,1,inf
161711,1,inf
162339,1,inf
162358,1,inf
164237,1,inf
164464,1,inf
165216,1,inf
165276,1,inf
166231,1,inf
166815,1,inf
166821,1,inf
169240,1,inf
169989,1,inf
170099,1,inf
170202,1,inf
170800,1,inf
173250,1,inf
173508,1,inf
174426,1,inf
174581,1,inf
175910,1,inf
176184,1,inf
176348,1,inf
176708,1,inf
177196,1,inf
177680,1,inf
178378,1,inf
179047,1,inf
179279,1,inf
179338,1,inf
181164,1,inf
181818,1,inf
182239,1,inf
182324,1,inf
182414,1,inf
184214,1,inf
184762,1,inf
184942,1,inf
185119,1,inf
185247,1,inf
186139,1,inf
186447,1,inf
189087,1,inf
189403,1,inf
189950,1,inf
190374,1,inf
190468,1,inf
190929,1,inf
192665,1,inf
192666,1,inf
193086,1,inf
193130,1,inf
193794,1,inf
194740,1,inf
194824,1,inf
195186,1,inf
195795,1,inf
196588,1,inf
196718,1,inf
197020,1,inf
197101,1,inf
198695,1,inf
198792,1,inf
199166,1,inf
199269,1,inf
200028,1,inf
201324,1,inf
202313,1,inf
202777,1,inf
203839,1,inf
204227,1,inf
205660,1,inf
206390,1,inf
206394,1,inf
207098,1,inf
207305,1,inf
207330,1,inf
208151,1,inf
208363,1,inf
209307,1,inf
209558,1,inf
210031,1,inf
211291,1,inf
211834,1,inf
212829,1,inf
213185,1,inf
213562,1,inf
213784,1,inf
214448,1,inf
214789,1,inf
215493,1,inf
216004,1,inf
216152,1,inf
216220,1,inf
217906,1,inf
218327,1,inf
219494,1,inf
219765,1,inf
221195,1,inf
221596,1,inf
221740,1,inf
222504,1,inf
222505,1,inf
223158,1,inf
223585,1,inf
224082,1,inf
225688,1,inf
228083,1,inf
228178,1,inf
229061,1,inf
229177,1,inf
229769,1,inf
230191,1,inf
231424,1,inf
231887,1,inf
232021,1,inf
232179,1,inf
233134,1,inf
233705,1,inf
234405,1,inf
234903,1,inf
235018,1,inf
235236,1,inf
236028,1,inf
236704,1,inf
238176,1,inf
238322,1,inf
238885,1,inf
239837,1,inf
240195,1,inf
240536,1,inf
240542,1,inf
242043,1,inf
242112,1,inf
242354,1,inf
243770,1,inf
244215,1,inf
244567,1,inf
245368,1,inf
245554,1,inf
245694,1,inf
246260,1,inf
246469,1,inf
247904,1,inf
248400,1,inf
248631,1,inf
249791,1,inf
250103,1,inf
250234,1,inf
250589,1,inf
251325,1,inf
251770,1,inf
252280,1,inf
254477,1,inf
254924,1,inf
255172,1,inf
255196,1,inf
255478,1,inf
255756,1,inf
256084,1,inf
256148,1,inf
257061,1,inf
258170,1,inf
259710,1,inf
260160,1,inf
261439,1,inf
262280,1,inf
263651,1,inf
264042,1,inf
264142,1,inf
264493,1,inf
264533,1,inf
264649,1,inf
265378,1,inf
265763,1,inf
267711,1,inf
267835,1,inf
268033,1,inf
268192,1,inf
268288,1,inf
268734,1,inf
269492,1,inf
270073,1,inf
270459,1,inf
270813,1,inf
271264,1,inf
271536,1,inf
271949,1,inf
272235,1,inf
272283,1,inf
272413,1,inf
274112,1,inf
274655,1,inf
274926,1,inf
276085,1,inf
276307,1,inf
276733,1,inf
277019,1,inf
278118,1,inf
279180,1,inf
279523,1,inf
279828,1,inf
280211,1,inf
281040,1,inf
281337,1,inf
282543,1,inf
284532,1,inf
284726,1,inf
285026,1,inf
285906,1,inf
286225,1,inf
287692,1,inf
288559,1,inf
289647,1,inf
289940,1,inf
290302,1,inf
290682,1,inf
290710,1,inf
291076,1,inf
292839,1,inf
293155,1,inf
293393,1,inf
294620,1,inf
295351,1,inf
295502,1,inf
295650,1,inf
296091,1,inf
296272,1,inf
298008,1,inf
299159,1,inf
299266,1,inf
300511,1,inf
300521,1,inf
302860,1,inf
303173,1,inf
303431,1,inf
303781,1,inf
304076,1,inf
306350,1,inf
306573,1,inf
306722,1,inf
309225,1,inf
310521,1,inf
310744,1,inf
310753,1,inf
310846,1,inf
311487,1,inf
312575,1,inf
313114,1,inf
313624,1,inf
314018,1,inf
315805,1,inf
316022,1,inf
316056,1,inf
316364,1,inf
316742,1,inf
316883,1,inf
317611,1,inf
317834,1,inf
319995,1,inf
320113,1,inf
320363,1,inf
320602,1,inf
320919,1,inf
321014,1,inf
321158,1,inf
322242,1,inf
322525,1,inf
323266,1,inf
323458,1,inf
324113,1,inf
324233,1,inf
325207,1,inf
325494,1,inf
325640,1,inf
326398,1,inf
327571,1,inf
327977,1,inf
328039,1,inf
328539,1,inf
329739,1,inf
330178,1,inf
330655,1,inf
331596,1,inf
331628,1,inf
332376,1,inf
333427,1,inf
333437,1,inf
335072,1,inf
335500,1,inf
335727,1,inf
336211,1,inf
336799,1,inf
337337,1,inf
338050,1,inf
339071,1,inf
339139,1,inf
339253,1,inf
339739,1,inf
340141,1,inf
340294,1,inf
340297,1,inf
340456,1,inf
340602,1,inf
340609,1,inf
341959,1,inf
342082,1,inf
342225,1,inf
343108,1,inf
343498,1,inf
344117,1,inf
344177,1,inf
344732,1,inf
345084,1,inf
345193,1,inf
345879,1,inf
346133,1,inf
346169,1,inf
347599,1,inf
347813,1,inf
348183,1,inf
349054,1,inf
349197,1,inf
349452,1,inf
350142,1,inf
350185,1,inf
350795,1,inf
350849,1,inf
351046,1,inf
351157,1,inf
351524,1,inf
352016,1,inf
352029,1,inf
352390,1,inf
352476,1,inf
353027,1,inf
353186,1,inf
354118,1,inf
354663,1,inf
354783,1,inf
354889,1,inf
355037,1,inf
355070,1,inf
355101,1,inf
356264,1,inf
356481,1,inf
356627,1,inf
356669,1,inf
357159,1,inf
357400,1,inf
358213,1,inf
358242,1,inf
359233,1,inf
359375,1,inf
359506,1,inf
360234,1,inf
360279,1,inf
360288,1,inf
360544,1,inf
360687,1,inf
360827,1,inf
361144,1,inf
361283,1,inf
361376,1,inf
361524,1,inf
362101,1,inf
362137,1,inf
362191,1,inf
362201,1,inf
362238,1,inf
362375,1,inf
362464,1,inf
363530,1,inf
363702,1,inf
363788,1,inf
364157,1,inf
364278,1,inf
364349,1,inf
364430,1,inf
364784,1,inf
365107,1,inf
365780,1,inf
366280,1,inf
366376,1,inf
366612,1,inf
366622,1,inf
367029,1,inf
367046,1,inf
367183,1,inf
367194,1,inf
367900,1,inf
368250,1,inf
368315,1,inf
369675,1,inf
370031,1,inf
370040,1,inf
370098,1,inf
370412,1,inf
371205,1,inf
371257,1,inf
371288,1,inf
371603,1,inf
372154,1,inf
372494,1,inf
372802,1,inf
372855,1,inf
373011,1,inf
373110,1,inf
373168,1,inf
374063,1,inf
374098,1,inf
374494,1,inf
375005,1,inf
375111,1,inf
375652,1,inf
376013,1,inf
376555,1,inf
376867,1,inf
377299,1,inf
377311,1,inf
378001,1,inf
379000,1,inf
379657,1,inf
380137,1,inf
380194,1,inf
380231,1,inf
380244,1,inf
380576,1,inf
381255,1,inf
381359,1,inf
382334,1,inf
382380,1,inf
382634,1,inf
383018,1,inf
383506,1,inf
383631,1,inf
384301,1,inf
384936,1,inf
385006,1,inf
385235,1,inf
385387,1,inf
385478,1,inf
385945,1,inf
386052,1,inf
386179,1,inf
386547,1,inf
387183,1,inf
387187,1,inf
387848,1,inf
388069,1,inf
388717,1,inf
388934,1,inf
389495,1,inf
389840,1,inf
390033,1,inf
390043,1,inf
390109,1,inf
390166,1,inf
390267,1,inf
390272,1,inf
390541,1,inf
391877,1,inf
392167,1,inf
392855,1,inf
393357,1,inf
393383,1,inf
393769,1,inf
394015,1,inf
394547,1,inf
