48,1,275
94,1,275
133,1,275
147,1,275
323,1,275
436,1,275
532,1,275
587,1,275
695,1,275
707,1,275
1161,1,275
1323,1,275
1349,1,275
1920,1,275
1930,1,275
2039,1,275
2061,1,275
2095,1,275
2101,1,275
2156,1,275
2157,1,275
2191,1,275
2205,1,275
2284,1,275
2285,1,275
2299,1,275
2328,1,275
2603,1,275
3071,1,275
3073,1,275
3394,1,275
3617,1,275
3757,1,275
4042,1,275
4101,1,275
4114,1,275
4233,1,275
4256,1,275
4366,1,275
4368,1,275
4439,1,275
4492,1,275
4545,1,275
4623,1,275
4666,1,275
4785,1,275
4896,1,275
4962,1,275
5006,1,275
5008,1,275
5045,1,275
5072,1,275
5196,1,275
5228,1,275
5454,1,275
6101,1,275
6193,1,275
6210,1,275
6279,1,275
6318,1,275
6349,1,275
6386,1,275
7103,1,275
7192,1,275
7217,1,275
7622,1,275
7784,1,275
7793,1,275
8005,1,275
8241,1,275
8317,1,275
8557,1,275
8698,1,275
8751,1,275
8778,1,275
9003,1,275
9043,1,275
9235,1,275
9295,1,275
9366,1,275
9378,1,275
9438,1,275
9536,1,275
9577,1,275
9870,1,275
9910,1,275
10003,1,275
10005,1,275
10049,1,275
10061,1,275
10064,1,275
10136,1,275
10162,1,275
10165,1,275
10184,1,275
10189,1,275
10210,1,275
10227,1,275
10234,1,275
10310,1,275
10352,1,275
10432,1,275
10448,1,275
10571,1,275
10583,1,275
10598,1,275
10799,1,275
10872,1,275
10933,1,275
11016,1,275
11019,1,275
11044,1,275
11172,1,275
11312,1,275
11475,1,275
11520,1,275
11600,1,275
11617,1,275
11620,1,275
12027,1,275
12034,1,275
12082,1,275
12083,1,275
12259,1,275
12369,1,275
12519,1,275
12530,1,275
12535,1,275
12581,1,275
12637,1,275
13025,1,275
13187,1,275
13208,1,275
13306,1,275
13446,1,275
13458,1,275
13470,1,275
13533,1,275
13792,1,275
14129,1,275
14156,1,275
14247,1,275
14296,1,275
14298,1,275
14300,1,275
14324,1,275
14371,1,275
14399,1,275
14521,1,275
14668,1,275
14960,1,275
15009,1,275
15019,1,275
15054,1,275
15176,1,275
15196,1,275
15216,1,275
15603,1,275
15729,1,275
15738,1,275
16044,1,275
16060,1,275
16066,1,275
16102,1,275
16185,1,275
16198,1,275
16315,1,275
16358,1,275
16404,1,275
16450,1,275
16455,1,275
16607,1,275
17263,1,275
17507,1,275
17973,1,275
18757,1,275
19074,1,275
19183,1,275
19318,1,275
19700,1,275
19759,1,275
20131,1,275
20394,1,275
20572,1,275
20707,1,275
20935,1,275
21084,1,275
21129,1,275
21170,1,275
21172,1,275
21223,1,275
21274,1,275
21398,1,275
21411,1,275
21467,1,275
21556,1,275
21560,1,275
21581,1,275
21596,1,275
21703,1,275
21705,1,275
21831,1,275
21850,1,275
21903,1,275
22032,1,275
22039,1,275
22052,1,275
22068,1,275
22071,1,275
22164,1,275
22170,1,275
22179,1,275
22184,1,275
22196,1,275
22204,1,275
22220,1,275
22279,1,275
22562,1,275
22565,1,275
22592,1,275
22655,1,275
22709,1,275
22756,1,275
22765,1,275
22847,1,275
23057,1,275
23294,1,275
23296,1,275
23376,1,275
23400,1,275
23530,1,275
23674,1,275
23742,1,275
23750,1,275
23804,1,275
23853,1,275
24065,1,275
24144,1,275
24154,1,275
24158,1,275
24191,1,275
24249,1,275
24298,1,275
24466,1,275
24517,1,275
24599,1,275
24650,1,275
24727,1,275
24743,1,275
24753,1,275
24770,1,275
24833,1,275
25180,1,275
25204,1,275
25206,1,275
25216,1,275
25312,1,275
25531,1,275
25769,1,275
26223,1,275
26248,1,275
26353,1,275
26380,1,275
26413,1,275
26942,1,275
27020,1,275
27045,1,275
27099,1,275
27137,1,275
27155,1,275
27160,1,275
27174,1,275
27229,1,275
27253,1,275
27323,1,275
27376,1,275
27398,1,275
27427,1,275
27435,1,275
27453,1,275
27494,1,275
28031,1,275
28033,1,275
28049,1,275
28282,1,275
28332,1,275
28359,1,275
28397,1,275
28441,1,275
28452,1,275
28465,1,275
28649,1,275
28662,1,275
28730,1,275
29173,1,275
29271,1,275
29601,1,275
29674,1,275
30004,1,275
30051,1,275
30055,1,275
30146,1,275
30149,1,275
30194,1,275
30301,1,275
30314,1,275
30316,1,275
30334,1,275
30513,1,275
30607,1,275
30632,1,275
31041,1,275
31101,1,275
31128,1,275
31148,1,275
31163,1,275
31175,1,275
31191,1,275
31227,1,275
31333,1,275
31349,1,275
31401,1,275
31777,1,275
32243,1,275
32430,1,275
32471,1,275
32989,1,275
33034,1,275
33048,1,275
33062,1,275
33070,1,275
33111,1,275
33131,1,275
33157,1,275
33217,1,275
33309,1,275
33343,1,275
33376,1,275
33377,1,275
33380,1,275
33407,1,275
33420,1,275
33426,1,275
33468,1,275
33503,1,275
33510,1,275
33560,1,275
33600,1,275
33651,1,275
33740,1,275
33740,1,275
33753,1,275
33766,1,275
33768,1,275
33792,1,275
33832,1,275
33849,1,275
33855,1,275
33887,1,275
33904,1,275
33922,1,275
33946,1,275
34039,1,275
34042,1,275
34075,1,275
34086,1,275
34115,1,275
34216,1,275
34436,1,275
34495,1,275
34500,1,275
34500,1,275
34507,1,275
34515,1,275
34552,1,275
34571,1,275
34589,1,275
34609,1,275
34633,1,275
34673,1,275
34749,1,275
35035,1,275
35109,1,275
35122,1,275
35286,1,275
35303,1,275
35329,1,275
35338,1,275
35380,1,275
35418,1,275
35663,1,275
35730,1,275
35763,1,275
35860,1,275
35895,1,275
35971,1,275
36027,1,275
36066,1,275
36387,1,275
36401,1,275
36419,1,275
36429,1,275
36433,1,275
36468,1,275
36491,1,275
36531,1,275
36616,1,275
36625,1,275
36681,1,275
36685,1,275
36721,1,275
37132,1,275
37195,1,275
37197,1,275
37328,1,275
37524,1,275
37593,1,275
38058,1,275
38154,1,275
38172,1,275
38271,1,275
38273,1,275
38326,1,275
38334,1,275
38347,1,275
38525,1,275
38614,1,275
38656,1,275
38679,1,275
38692,1,275
38705,1,275
38706,1,275
38751,1,275
38752,1,275
38776,1,275
38783,1,275
38851,1,275
39113,1,275
39113,1,275
39197,1,275
39204,1,275
39209,1,275
39255,1,275
39342,1,275
39399,1,275
39463,1,275
39550,1,275
39708,1,275
39711,1,275
39742,1,275
39759,1,275
39841,1,275
39880,1,275
40048,1,275
40082,1,275
40190,1,275
40210,1,275
40308,1,275
40342,1,275
40475,1,275
40544,1,275
40608,1,275
40657,1,275
40708,1,275
40738,1,275
40765,1,275
40861,1,275
40935,1,275
40948,1,275
40966,1,275
41100,1,275
41266,1,275
41323,1,275
41347,1,275
41389,1,275
41541,1,275
41552,1,275
41632,1,275
41640,1,275
41720,1,275
41789,1,275
41791,1,275
41876,1,275
41994,1,275
42083,1,275
42091,1,275
42184,1,275
42328,1,275
42477,1,275
42597,1,275
42627,1,275
42709,1,275
42710,1,275
42741,1,275
42782,1,275
42788,1,275
42874,1,275
43040,1,275
43252,1,275
43300,1,275
43340,1,275
43563,1,275
43657,1,275
43743,1,275
43818,1,275
43901,1,275
43938,1,275
44005,1,275
44150,1,275
44187,1,275
44210,1,275
44239,1,275
44363,1,275
44375,1,275
44389,1,275
44402,1,275
44405,1,275
44413,1,275
44480,1,275
44670,1,275
44731,1,275
44737,1,275
44791,1,275
44879,1,275
44965,1,275
45020,1,275
45024,1,275
45063,1,275
45067,1,275
45075,1,275
45082,1,275
45086,1,275
45127,1,275
45221,1,275
45244,1,275
45292,1,275
45303,1,275
45304,1,275
45342,1,275
45345,1,275
45356,1,275
45356,1,275
45506,1,275
45546,1,275
45561,1,275
45586,1,275
45614,1,275
45656,1,275
45697,1,275
45705,1,275
45766,1,275
45794,1,275
45843,1,275
45870,1,275
45886,1,275
45897,1,275
45920,1,275
45935,1,275
45941,1,275
45944,1,275
45991,1,275
46064,1,275
46084,1,275
46093,1,275
46098,1,275
46203,1,275
46256,1,275
46325,1,275
46337,1,275
46345,1,275
46350,1,275
46367,1,275
46369,1,275
46574,1,275
46647,1,275
46668,1,275
46674,1,275
46730,1,275
46779,1,275
46803,1,275
46867,1,275
46905,1,275
46914,1,275
46920,1,275
46932,1,275
46945,1,275
46971,1,275
47012,1,275
47015,1,275
47030,1,275
47042,1,275
47077,1,275
47084,1,275
47097,1,275
47186,1,275
47208,1,275
47240,1,275
47286,1,275
47332,1,275
47333,1,275
47343,1,275
47351,1,275
47354,1,275
47449,1,275
47490,1,275
47497,1,275
47554,1,275
47570,1,275
47640,1,275
47641,1,275
47661,1,275
47666,1,275
47699,1,275
47699,1,275
47719,1,275
47743,1,275
47746,1,275
47783,1,275
47788,1,275
47822,1,275
47974,1,275
48004,1,275
48027,1,275
48038,1,275
48076,1,275
48129,1,275
48160,1,275
48170,1,275
48174,1,275
48181,1,275
48222,1,275
48228,1,275
48232,1,275
48303,1,275
48323,1,275
48362,1,275
48386,1,275
48486,1,275
48540,1,275
48542,1,275
48586,1,275
48589,1,275
48600,1,275
48633,1,275
48639,1,275
48727,1,275
48779,1,275
48830,1,275
48839,1,275
48882,1,275
48930,1,275
48968,1,275
49045,1,275
49051,1,275
49115,1,275
49161,1,275
49170,1,275
49188,1,275
49199,1,275
49305,1,275
49311,1,275
49326,1,275
49328,1,275
49328,1,275
49330,1,275
49373,1,275
49410,1,275
49411,1,275
49416,1,275
49457,1,275
49555,1,275
49570,1,275
49587,1,275
49596,1,275
49635,1,275
49646,1,275
49704,1,275
49753,1,275
49812,1,275
49835,1,275
50002,1,275
50014,1,275
50056,1,275
50084,1,275
50110,1,275
50147,1,275
50208,1,275
50358,1,275
50468,1,275
50547,1,275
50589,1,275
50626,1,275
50672,1,275
50674,1,275
50677,1,275
50720,1,275
50805,1,275
50834,1,275
50850,1,275
50858,1,275
50898,1,275
50917,1,275
50935,1,275
50948,1,275
50960,1,275
50965,1,275
50990,1,275
51026,1,275
51027,1,275
51031,1,275
51032,1,275
51042,1,275
51061,1,275
51119,1,275
51144,1,275
51157,1,275
51177,1,275
51223,1,275
51277,1,275
51278,1,275
51333,1,275
51352,1,275
51393,1,275
51415,1,275
51418,1,275
51423,1,275
51437,1,275
51450,1,275
51462,1,275
51529,1,275
51575,1,275
51606,1,275
51685,1,275
51699,1,275
51761,1,275
51770,1,275
51784,1,275
51804,1,275
51811,1,275
52126,1,275
52130,1,275
52153,1,275
52244,1,275
52292,1,275
52313,1,275
52361,1,275
52366,1,275
52426,1,275
52448,1,275
52502,1,275
52523,1,275
52534,1,275
52557,1,275
52564,1,275
52593,1,275
52607,1,275
52641,1,275
52656,1,275
52658,1,275
52752,1,275
52755,1,275
52766,1,275
52793,1,275
52802,1,275
52835,1,275
52849,1,275
52908,1,275
52942,1,275
53006,1,275
53075,1,275
53089,1,275
53102,1,275
53137,1,275
53140,1,275
53151,1,275
53177,1,275
53215,1,275
53217,1,275
53238,1,275
53300,1,275
53356,1,275
53357,1,275
53411,1,275
53430,1,275
53561,1,275
53577,1,275
53590,1,275
53647,1,275
53666,1,275
53675,1,275
53708,1,275
53729,1,275
53805,1,275
53862,1,275
54052,1,275
54132,1,275
54150,1,275
54195,1,275
54234,1,275
54243,1,275
54306,1,275
54340,1,275
54370,1,275
54413,1,275
54436,1,275
54458,1,275
54498,1,275
54508,1,275
54552,1,275
54624,1,275
54755,1,275
54779,1,275
54852,1,275
54858,1,275
54943,1,275
54974,1,275
54974,1,275
55069,1,275
55073,1,275
55108,1,275
55152,1,275
55208,1,275
55283,1,275
55319,1,275
55334,1,275
55352,1,275
55355,1,275
55405,1,275
55427,1,275
55429,1,275
55509,1,275
55565,1,275
55579,1,275
55606,1,275
55702,1,275
55721,1,275
55728,1,275
55787,1,275
55788,1,275
55855,1,275
55928,1,275
55984,1,275
55996,1,275
56003,1,275
56045,1,275
56064,1,275
56065,1,275
56110,1,275
56132,1,275
56163,1,275
56248,1,275
56267,1,275
56382,1,275
56450,1,275
56470,1,275
56504,1,275
56516,1,275
56618,1,275
56701,1,275
56720,1,275
56886,1,275
56958,1,275
57024,1,275
57029,1,275
57055,1,275
57056,1,275
57063,1,275
57105,1,275
57115,1,275
57126,1,275
57140,1,275
57143,1,275
57153,1,275
57160,1,275
57165,1,275
57172,1,275
57176,1,275
57190,1,275
57190,1,275
57193,1,275
57202,1,275
57205,1,275
57205,1,275
57238,1,275
57252,1,275
57253,1,275
57279,1,275
57280,1,275
57286,1,275
57294,1,275
57299,1,275
57305,1,275
57307,1,275
57338,1,275
57340,1,275
57340,1,275
57341,1,275
57357,1,275
57379,1,275
57393,1,275
57453,1,275
57457,1,275
57458,1,275
57478,1,275
57493,1,275
57500,1,275
57534,1,275
57548,1,275
57556,1,275
57559,1,275
57560,1,275
57560,1,275
57617,1,275
57632,1,275
57645,1,275
57658,1,275
57677,1,275
57709,1,275
57737,1,275
57764,1,275
57776,1,275
57786,1,275
57803,1,275
57836,1,275
57836,1,275
58003,1,275
58016,1,275
58022,1,275
58083,1,275
58107,1,275
58121,1,275
58128,1,275
58146,1,275
58154,1,275
58155,1,275
58195,1,275
58220,1,275
58270,1,275
58292,1,275
58323,1,275
58421,1,275
58545,1,275
58552,1,275
58561,1,275
58575,1,275
58588,1,275
58603,1,275
58612,1,275
58618,1,275
58620,1,275
58621,1,275
58653,1,275
58657,1,275
58666,1,275
58674,1,275
58682,1,275
58732,1,275
58747,1,275
58827,1,275
58840,1,275
58879,1,275
58897,1,275
58982,1,275
59001,1,275
59013,1,275
59017,1,275
59019,1,275
59034,1,275
59068,1,275
59087,1,275
59144,1,275
59158,1,275
59195,1,275
59235,1,275
59250,1,275
59255,1,275
59278,1,275
59285,1,275
59306,1,275
59317,1,275
59332,1,275
59338,1,275
59345,1,275
59405,1,275
59501,1,275
59520,1,275
59521,1,275
59543,1,275
59549,1,275
59585,1,275
59598,1,275
59609,1,275
59617,1,275
59621,1,275
59623,1,275
59628,1,275
59634,1,275
59653,1,275
59689,1,275
59694,1,275
59821,1,275
59829,1,275
59855,1,275
59965,1,275
60064,1,275
60214,1,275
60248,1,275
60260,1,275
60267,1,275
60290,1,275
60337,1,275
60375,1,275
60398,1,275
60402,1,275
60406,1,275
60457,1,275
60476,1,275
60513,1,275
60581,1,275
60588,1,275
60615,1,275
60622,1,275
60664,1,275
60678,1,275
60692,1,275
60696,1,275
60709,1,275
60802,1,275
60833,1,275
60903,1,275
60927,1,275
60965,1,275
60981,1,275
61003,1,275
61021,1,275
61027,1,275
61029,1,275
61034,1,275
61060,1,275
61070,1,275
61093,1,275
61107,1,275
61174,1,275
61174,1,275
61186,1,275
61196,1,275
61251,1,275
61339,1,275
61348,1,275
61415,1,275
61419,1,275
61424,1,275
61451,1,275
61476,1,275
61508,1,275
61562,1,275
61623,1,275
61651,1,275
61672,1,275
61685,1,275
61691,1,275
61697,1,275
61707,1,275
61724,1,275
61735,1,275
61746,1,275
61752,1,275
61753,1,275
61783,1,275
61797,1,275
61808,1,275
61812,1,275
61844,1,275
61846,1,275
61849,1,275
61878,1,275
61906,1,275
62007,1,275
62031,1,275
62093,1,275
62136,1,275
62191,1,275
62212,1,275
62226,1,275
62242,1,275
62278,1,275
62284,1,275
62300,1,275
62376,1,275
62388,1,275
62402,1,275
62427,1,275
62498,1,275
62527,1,275
62622,1,275
62633,1,275
62639,1,275
62642,1,275
62657,1,275
62667,1,275
62706,1,275
62718,1,275
62799,1,275
62819,1,275
62821,1,275
62840,1,275
62867,1,275
62920,1,275
63007,1,275
63017,1,275
63020,1,275
63032,1,275
63047,1,275
63072,1,275
63082,1,275
63107,1,275
63124,1,275
63133,1,275
63145,1,275
63149,1,275
63152,1,275
63180,1,275
63182,1,275
63199,1,275
63215,1,275
63238,1,275
63242,1,275
63251,1,275
63290,1,275
63297,1,275
63365,1,275
63365,1,275
63371,1,275
63397,1,275
63448,1,275
63452,1,275
63497,1,275
63499,1,275
63521,1,275
63549,1,275
63613,1,275
63628,1,275
63664,1,275
63684,1,275
63698,1,275
63705,1,275
63737,1,275
63757,1,275
63831,1,275
63890,1,275
63890,1,275
63954,1,275
64029,1,275
64054,1,275
64102,1,275
64124,1,275
64145,1,275
64264,1,275
64267,1,275
64299,1,275
64358,1,275
64364,1,275
64381,1,275
64387,1,275
64390,1,275
64391,1,275
64398,1,275
64429,1,275
64452,1,275
64513,1,275
64534,1,275
64570,1,275
64605,1,275
64613,1,275
64619,1,275
64632,1,275
64658,1,275
64712,1,275
64722,1,275
64727,1,275
64731,1,275
64755,1,275
64792,1,275
64795,1,275
64813,1,275
64941,1,275
65007,1,275
65008,1,275
65033,1,275
65051,1,275
65052,1,275
65060,1,275
65061,1,275
65064,1,275
65078,1,275
65096,1,275
65099,1,275
65126,1,275
65136,1,275
65152,1,275
65216,1,275
65257,1,275
65285,1,275
65311,1,275
65354,1,275
65367,1,275
65367,1,275
65428,1,275
65446,1,275
65474,1,275
65490,1,275
65552,1,275
65554,1,275
65569,1,275
65579,1,275
65588,1,275
65588,1,275
65613,1,275
65630,1,275
65701,1,275
65753,1,275
65775,1,275
65775,1,275
65777,1,275
65846,1,275
65865,1,275
65873,1,275
65890,1,275
65911,1,275
66008,1,275
66094,1,275
66101,1,275
66101,1,275
66146,1,275
66174,1,275
66179,1,275
66200,1,275
66218,1,275
66220,1,275
66231,1,275
66261,1,275
66291,1,275
66336,1,275
66377,1,275
66383,1,275
66388,1,275
66409,1,275
66432,1,275
66433,1,275
66435,1,275
66500,1,275
66522,1,275
66536,1,275
66542,1,275
66591,1,275
66660,1,275
66689,1,275
66748,1,275
66781,1,275
66877,1,275
66913,1,275
66955,1,275
66960,1,275
66987,1,275
67000,1,275
67021,1,275
67026,1,275
67048,1,275
67048,1,275
67051,1,275
67080,1,275
67081,1,275
67090,1,275
67098,1,275
67119,1,275
67174,1,275
67208,1,275
67263,1,275
67279,1,275
67286,1,275
67288,1,275
67298,1,275
67318,1,275
67339,1,275
67375,1,275
67401,1,275
67434,1,275
67482,1,275
67490,1,275
67521,1,275
67529,1,275
67544,1,275
67568,1,275
67578,1,275
67579,1,275
67602,1,275
67686,1,275
67714,1,275
67747,1,275
67801,1,275
67810,1,275
67815,1,275
67827,1,275
68058,1,275
68099,1,275
68126,1,275
68173,1,275
68175,1,275
68184,1,275
68233,1,275
68240,1,275
68263,1,275
68296,1,275
68306,1,275
68331,1,275
68385,1,275
68447,1,275
68486,1,275
68494,1,275
68498,1,275
68506,1,275
68593,1,275
68596,1,275
68601,1,275
68633,1,275
68641,1,275
68686,1,275
68712,1,275
68769,1,275
68806,1,275
68834,1,275
68871,1,275
68893,1,275
68914,1,275
68932,1,275
68951,1,275
68958,1,275
68981,1,275
69004,1,275
69006,1,275
69022,1,275
69026,1,275
69027,1,275
69030,1,275
69037,1,275
69043,1,275
69059,1,275
69072,1,275
69075,1,275
69080,1,275
69098,1,275
69111,1,275
69126,1,275
69145,1,275
69160,1,275
69167,1,275
69171,1,275
69189,1,275
69197,1,275
69203,1,275
69228,1,275
69232,1,275
69240,1,275
69242,1,275
69267,1,275
69269,1,275
69299,1,275
69309,1,275
69311,1,275
69319,1,275
69338,1,275
69346,1,275
69355,1,275
69367,1,275
69402,1,275
69402,1,275
69405,1,275
69408,1,275
69417,1,275
69420,1,275
69441,1,275
69446,1,275
69464,1,275
69466,1,275
69466,1,275
69472,1,275
69485,1,275
69527,1,275
69540,1,275
69541,1,275
69543,1,275
69546,1,275
69547,1,275
69580,1,275
69647,1,275
69660,1,275
69684,1,275
69692,1,275
69703,1,275
69716,1,275
69735,1,275
69753,1,275
69762,1,275
69768,1,275
69826,1,275
69829,1,275
69844,1,275
69844,1,275
69849,1,275
69882,1,275
69890,1,275
69890,1,275
69915,1,275
69916,1,275
70008,1,275
70027,1,275
70030,1,275
70074,1,275
70094,1,275
70096,1,275
70096,1,275
70105,1,275
70108,1,275
70128,1,275
70179,1,275
70183,1,275
70184,1,275
70192,1,275
70249,1,275
70249,1,275
70263,1,275
70276,1,275
70305,1,275
70314,1,275
70324,1,275
70339,1,275
70351,1,275
70354,1,275
70361,1,275
70399,1,275
70405,1,275
70408,1,275
70433,1,275
70436,1,275
70442,1,275
70451,1,275
70457,1,275
70523,1,275
70524,1,275
70561,1,275
70561,1,275
70590,1,275
70614,1,275
70614,1,275
70626,1,275
70628,1,275
70633,1,275
70688,1,275
70689,1,275
70705,1,275
70716,1,275
70719,1,275
70719,1,275
70721,1,275
70729,1,275
70736,1,275
70758,1,275
70763,1,275
70770,1,275
70786,1,275
70794,1,275
70805,1,275
71009,1,275
71010,1,275
71017,1,275
71055,1,275
71062,1,275
71064,1,275
71067,1,275
71073,1,275
71075,1,275
71077,1,275
71079,1,275
71177,1,275
71223,1,275
71233,1,275
71240,1,275
71312,1,275
71362,1,275
71368,1,275
71406,1,275
71442,1,275
71484,1,275
71494,1,275
71503,1,275
71520,1,275
71541,1,275
71549,1,275
71549,1,275
71557,1,275
71559,1,275
71626,1,275
71660,1,275
71697,1,275
71742,1,275
71750,1,275
71774,1,275
71791,1,275
71802,1,275
71815,1,275
71815,1,275
71821,1,275
71843,1,275
71892,1,275
71919,1,275
71920,1,275
71948,1,275
71958,1,275
71990,1,275
71995,1,275
72003,1,275
72035,1,275
72036,1,275
72038,1,275
72040,1,275
72041,1,275
72042,1,275
72043,1,275
72055,1,275
72062,1,275
72063,1,275
72064,1,275
72067,1,275
72072,1,275
72104,1,275
72108,1,275
72129,1,275
72141,1,275
72155,1,275
72163,1,275
72180,1,275
72242,1,275
72258,1,275
72274,1,275
72292,1,275
72298,1,275
72314,1,275
72321,1,275
72346,1,275
72372,1,275
72381,1,275
72390,1,275
72392,1,275
72406,1,275
72428,1,275
72472,1,275
72481,1,275
72493,1,275
72495,1,275
72511,1,275
72569,1,275
72591,1,275
72596,1,275
72671,1,275
72685,1,275
72699,1,275
72721,1,275
72813,1,275
72850,1,275
72852,1,275
72860,1,275
72872,1,275
72889,1,275
72907,1,275
72923,1,275
72954,1,275
72980,1,275
72983,1,275
72984,1,275
73033,1,275
73036,1,275
73043,1,275
73043,1,275
73048,1,275
73053,1,275
73056,1,275
73063,1,275
73064,1,275
73105,1,275
73139,1,275
73153,1,275
73163,1,275
73201,1,275
73233,1,275
73244,1,275
73248,1,275
73252,1,275
73254,1,275
73257,1,275
73269,1,275
73270,1,275
73280,1,275
73298,1,275
73368,1,275
73391,1,275
73426,1,275
73433,1,275
73434,1,275
73505,1,275
73514,1,275
73568,1,275
73601,1,275
73617,1,275
73620,1,275
73662,1,275
73665,1,275
73736,1,275
73785,1,275
73805,1,275
73863,1,275
73873,1,275
73931,1,275
73943,1,275
73955,1,275
74013,1,275
74019,1,275
74049,1,275
74053,1,275
74060,1,275
74078,1,275
74097,1,275
74114,1,275
74127,1,275
74130,1,275
74148,1,275
74156,1,275
74162,1,275
74169,1,275
74175,1,275
74209,1,275
74225,1,275
74231,1,275
74233,1,275
74236,1,275
74244,1,275
74247,1,275
74264,1,275
74266,1,275
74299,1,275
74304,1,275
74304,1,275
74322,1,275
74325,1,275
74339,1,275
74355,1,275
74374,1,275
74374,1,275
74374,1,275
74387,1,275
74405,1,275
74408,1,275
74416,1,275
74425,1,275
74435,1,275
74465,1,275
74480,1,275
74485,1,275
74496,1,275
74521,1,275
74530,1,275
74601,1,275
74627,1,275
74656,1,275
74658,1,275
74703,1,275
74717,1,275
74745,1,275
74751,1,275
74768,1,275
74773,1,275
74778,1,275
74799,1,275
74799,1,275
74801,1,275
74817,1,275
74818,1,275
74835,1,275
74848,1,275
74871,1,275
74878,1,275
74903,1,275
74903,1,275
75031,1,275
75059,1,275
75062,1,275
75063,1,275
75082,1,275
75103,1,275
75153,1,275
75155,1,275
75165,1,275
75170,1,275
75187,1,275
75247,1,275
75259,1,275
75268,1,275
75282,1,275
75344,1,275
75365,1,275
75370,1,275
75378,1,275
75384,1,275
75418,1,275
75506,1,275
75551,1,275
75555,1,275
75567,1,275
75571,1,275
75611,1,275
75626,1,275
75685,1,275
75704,1,275
75746,1,275
75750,1,275
75759,1,275
75763,1,275
75788,1,275
75796,1,275
75865,1,275
75884,1,275
75895,1,275
75913,1,275
75956,1,275
75959,1,275
75986,1,275
75992,1,275
76004,1,275
76005,1,275
76007,1,275
76012,1,275
76016,1,275
76018,1,275
76021,1,275
76023,1,275
76029,1,275
76043,1,275
76053,1,275
76063,1,275
76081,1,275
76084,1,275
76089,1,275
76094,1,275
76116,1,275
76123,1,275
76124,1,275
76126,1,275
76135,1,275
76137,1,275
76141,1,275
76142,1,275
76150,1,275
76188,1,275
76189,1,275
76207,1,275
76217,1,275
76241,1,275
76246,1,275
76247,1,275
76255,1,275
76259,1,275
76289,1,275
76333,1,275
76357,1,275
76363,1,275
76366,1,275
76383,1,275
76387,1,275
76394,1,275
76409,1,275
76443,1,275
76446,1,275
76481,1,275
76487,1,275
76527,1,275
76561,1,275
76564,1,275
76572,1,275
76597,1,275
76611,1,275
76627,1,275
76642,1,275
76686,1,275
76709,1,275
76752,1,275
76775,1,275
76776,1,275
76785,1,275
76798,1,275
76831,1,275
77011,1,275
77013,1,275
77019,1,275
77042,1,275
77069,1,275
77083,1,275
77114,1,275
77123,1,275
77133,1,275
77138,1,275
77142,1,275
77146,1,275
77149,1,275
77155,1,275
77170,1,275
77172,1,275
77183,1,275
77224,1,275
77228,1,275
77231,1,275
77261,1,275
77261,1,275
77265,1,275
77300,1,275
77327,1,275
77347,1,275
77356,1,275
77358,1,275
77385,1,275
77398,1,275
77401,1,275
77402,1,275
77406,1,275
77425,1,275
77460,1,275
77460,1,275
77470,1,275
77479,1,275
77501,1,275
77501,1,275
77523,1,275
77535,1,275
77593,1,275
77605,1,275
77605,1,275
77639,1,275
77657,1,275
77664,1,275
77697,1,275
77728,1,275
77743,1,275
77797,1,275
77800,1,275
78023,1,275
78031,1,275
78037,1,275
78043,1,275
78053,1,275
78060,1,275
78083,1,275
78098,1,275
78109,1,275
78115,1,275
78162,1,275
78263,1,275
78264,1,275
78272,1,275
78279,1,275
78308,1,275
78328,1,275
78336,1,275
78340,1,275
78371,1,275
78379,1,275
78386,1,275
78429,1,275
78432,1,275
78465,1,275
78505,1,275
78541,1,275
78566,1,275
78577,1,275
78579,1,275
78595,1,275
78606,1,275
78612,1,275
78619,1,275
78630,1,275
78694,1,275
78706,1,275
78708,1,275
78721,1,275
78745,1,275
78756,1,275
78822,1,275
78840,1,275
78853,1,275
78880,1,275
78919,1,275
78944,1,275
78958,1,275
78961,1,275
78973,1,275
79007,1,275
79013,1,275
79028,1,275
79039,1,275
79047,1,275
79059,1,275
79071,1,275
79075,1,275
79105,1,275
79123,1,275
79133,1,275
79159,1,275
79179,1,275
79182,1,275
79219,1,275
79222,1,275
79232,1,275
79234,1,275
79239,1,275
79240,1,275
79245,1,275
79254,1,275
79263,1,275
79273,1,275
79278,1,275
79306,1,275
79316,1,275
79318,1,275
79344,1,275
79375,1,275
79391,1,275
79432,1,275
79443,1,275
79483,1,275
79491,1,275
79495,1,275
79528,1,275
79547,1,275
79555,1,275
79579,1,275
79592,1,275
79601,1,275
79608,1,275
79657,1,275
79659,1,275
79710,1,275
79738,1,275
79740,1,275
79774,1,275
79784,1,275
79796,1,275
79801,1,275
79868,1,275
80001,1,275
80007,1,275
80025,1,275
80029,1,275
80040,1,275
80086,1,275
80220,1,275
80227,1,275
80242,1,275
80260,1,275
80265,1,275
80311,1,275
80318,1,275
80352,1,275
80372,1,275
80381,1,275
80384,1,275
80391,1,275
80405,1,275
80416,1,275
80443,1,275
80518,1,275
80529,1,275
80545,1,275
80606,1,275
80630,1,275
80690,1,275
80735,1,275
80747,1,275
80766,1,275
80766,1,275
80775,1,275
80803,1,275
80839,1,275
80843,1,275
80846,1,275
80870,1,275
80885,1,275
80903,1,275
80909,1,275
80935,1,275
80967,1,275
80973,1,275
80999,1,275
81018,1,275
81020,1,275
81034,1,275
81035,1,275
81040,1,275
81040,1,275
81051,1,275
81057,1,275
81059,1,275
81089,1,275
81092,1,275
81094,1,275
81102,1,275
81108,1,275
81120,1,275
81125,1,275
81141,1,275
81146,1,275
81163,1,275
81171,1,275
81172,1,275
81237,1,275
81241,1,275
81252,1,275
81254,1,275
81285,1,275
81288,1,275
81296,1,275
81324,1,275
81337,1,275
81391,1,275
81392,1,275
81414,1,275
81432,1,275
81438,1,275
81473,1,275
81512,1,275
81514,1,275
81518,1,275
81518,1,275
81555,1,275
81556,1,275
81563,1,275
81586,1,275
81628,1,275
81659,1,275
81661,1,275
81672,1,275
81673,1,275
81674,1,275
81684,1,275
81700,1,275
81715,1,275
81745,1,275
81774,1,275
81781,1,275
81782,1,275
81783,1,275
81791,1,275
81811,1,275
81815,1,275
81824,1,275
81827,1,275
81844,1,275
81899,1,275
81899,1,275
81903,1,275
81950,1,275
81958,1,275
81984,1,275
82012,1,275
82013,1,275
82013,1,275
82018,1,275
82030,1,275
82049,1,275
82055,1,275
82063,1,275
82068,1,275
82070,1,275
82074,1,275
82087,1,275
82089,1,275
82090,1,275
82099,1,275
82100,1,275
82131,1,275
82136,1,275
82138,1,275
82140,1,275
82142,1,275
82149,1,275
82183,1,275
82188,1,275
82205,1,275
82217,1,275
82225,1,275
82239,1,275
82258,1,275
82273,1,275
82274,1,275
82278,1,275
82281,1,275
82292,1,275
82299,1,275
82318,1,275
82323,1,275
82353,1,275
82366,1,275
82386,1,275
82390,1,275
82428,1,275
82443,1,275
82479,1,275
82486,1,275
82502,1,275
82517,1,275
82528,1,275
82544,1,275
82545,1,275
82574,1,275
82594,1,275
82598,1,275
82599,1,275
82615,1,275
82624,1,275
82626,1,275
82659,1,275
82670,1,275
82680,1,275
82684,1,275
82695,1,275
82736,1,275
82755,1,275
82776,1,275
82780,1,275
82857,1,275
82903,1,275
82940,1,275
82955,1,275
82974,1,275
82977,1,275
83003,1,275
83007,1,275
83028,1,275
83040,1,275
83055,1,275
83077,1,275
83086,1,275
83097,1,275
83108,1,275
83127,1,275
83134,1,275
83145,1,275
83159,1,275
83169,1,275
83187,1,275
83189,1,275
83199,1,275
83259,1,275
83279,1,275
83306,1,275
83316,1,275
83317,1,275
83319,1,275
83329,1,275
83333,1,275
83337,1,275
83376,1,275
83377,1,275
83441,1,275
83448,1,275
83453,1,275
83454,1,275
83460,1,275
83471,1,275
83474,1,275
83482,1,275
83490,1,275
83523,1,275
83559,1,275
83567,1,275
83572,1,275
83587,1,275
83601,1,275
83608,1,275
83609,1,275
83615,1,275
83615,1,275
83627,1,275
83653,1,275
83665,1,275
83683,1,275
83690,1,275
83720,1,275
83729,1,275
83750,1,275
83766,1,275
83799,1,275
83802,1,275
83807,1,275
83813,1,275
83815,1,275
83834,1,275
83834,1,275
83860,1,275
84052,1,275
84084,1,275
84128,1,275
84132,1,275
84143,1,275
84195,1,275
84197,1,275
84199,1,275
84205,1,275
84214,1,275
84241,1,275
84261,1,275
84300,1,275
84306,1,275
84309,1,275
84320,1,275
84335,1,275
84352,1,275
84355,1,275
84361,1,275
84369,1,275
84372,1,275
84373,1,275
84377,1,275
84386,1,275
84407,1,275
84411,1,275
84431,1,275
84468,1,275
84491,1,275
84537,1,275
84552,1,275
84564,1,275
84573,1,275
84633,1,275
84636,1,275
84716,1,275
84758,1,275
84759,1,275
84780,1,275
84882,1,275
84892,1,275
84917,1,275
84959,1,275
84980,1,275
84984,1,275
84984,1,275
84985,1,275
84997,1,275
84999,1,275
85016,1,275
85019,1,275
85021,1,275
85025,1,275
85027,1,275
85030,1,275
85034,1,275
85037,1,275
85040,1,275
85049,1,275
85057,1,275
85064,1,275
85077,1,275
85078,1,275
85082,1,275
85084,1,275
85088,1,275
85105,1,275
85123,1,275
85178,1,275
85208,1,275
85237,1,275
85247,1,275
85262,1,275
85263,1,275
85283,1,275
85292,1,275
85325,1,275
85381,1,275
85394,1,275
85398,1,275
85438,1,275
85447,1,275
85451,1,275
85475,1,275
85478,1,275
85528,1,275
85540,1,275
85563,1,275
85581,1,275
85619,1,275
85620,1,275
85621,1,275
85627,1,275
85634,1,275
85651,1,275
85660,1,275
85669,1,275
85686,1,275
85722,1,275
85728,1,275
85786,1,275
85825,1,275
85836,1,275
85836,1,275
85862,1,275
85873,1,275
85878,1,275
85890,1,275
85932,1,275
85971,1,275
85972,1,275
85982,1,275
85993,1,275
86003,1,275
86007,1,275
86019,1,275
86022,1,275
86028,1,275
86058,1,275
86072,1,275
86077,1,275
86083,1,275
86087,1,275
86094,1,275
86099,1,275
86137,1,275
86146,1,275
86160,1,275
86190,1,275
86203,1,275
86223,1,275
86223,1,275
86225,1,275
86239,1,275
86273,1,275
86291,1,275
86298,1,275
86320,1,275
86336,1,275
86345,1,275
86376,1,275
86404,1,275
86421,1,275
86431,1,275
86436,1,275
86446,1,275
86452,1,275
86453,1,275
86526,1,275
86533,1,275
86551,1,275
86562,1,275
86578,1,275
86603,1,275
86606,1,275
86621,1,275
86665,1,275
86688,1,275
86702,1,275
86725,1,275
86726,1,275
86749,1,275
86752,1,275
86766,1,275
86774,1,275
86798,1,275
86807,1,275
86824,1,275
86831,1,275
86840,1,275
86876,1,275
86882,1,275
86909,1,275
86939,1,275
86959,1,275
86986,1,275
87001,1,275
87009,1,275
87009,1,275
87011,1,275
87032,1,275
87034,1,275
87037,1,275
87039,1,275
87050,1,275
87052,1,275
87063,1,275
87067,1,275
87070,1,275
87081,1,275
87084,1,275
87109,1,275
87116,1,275
87126,1,275
87127,1,275
87131,1,275
87132,1,275
87205,1,275
87217,1,275
87227,1,275
87335,1,275
87340,1,275
87366,1,275
87381,1,275
87397,1,275
87398,1,275
87416,1,275
87430,1,275
87434,1,275
87442,1,275
87461,1,275
87475,1,275
87476,1,275
87509,1,275
87521,1,275
87523,1,275
87529,1,275
87536,1,275
87536,1,275
87543,1,275
87559,1,275
87575,1,275
87586,1,275
87587,1,275
87593,1,275
87629,1,275
87639,1,275
87676,1,275
87678,1,275
87713,1,275
87769,1,275
87836,1,275
87840,1,275
87842,1,275
87850,1,275
87864,1,275
87928,1,275
88032,1,275
88091,1,275
88101,1,275
88141,1,275
88154,1,275
88178,1,275
88209,1,275
88236,1,275
88238,1,275
88245,1,275
88257,1,275
88265,1,275
88272,1,275
88275,1,275
88290,1,275
88352,1,275
88378,1,275
88397,1,275
88397,1,275
88403,1,275
88407,1,275
88435,1,275
88462,1,275
88489,1,275
88499,1,275
88505,1,275
88506,1,275
88518,1,275
88538,1,275
88549,1,275
88563,1,275
88567,1,275
88593,1,275
88595,1,275
88601,1,275
88609,1,275
88688,1,275
88694,1,275
88781,1,275
88793,1,275
88812,1,275
88884,1,275
88889,1,275
88894,1,275
88922,1,275
88937,1,275
88975,1,275
88979,1,275
89000,1,275
89000,1,275
89000,1,275
89024,1,275
89025,1,275
89029,1,275
89032,1,275
89034,1,275
89040,1,275
89072,1,275
89082,1,275
89086,1,275
89103,1,275
89106,1,275
89115,1,275
89127,1,275
89127,1,275
89129,1,275
89142,1,275
89143,1,275
89153,1,275
89171,1,275
89175,1,275
89175,1,275
89177,1,275
89179,1,275
89181,1,275
89205,1,275
89265,1,275
89269,1,275
89289,1,275
89301,1,275
89341,1,275
89417,1,275
89441,1,275
89448,1,275
89460,1,275
89472,1,275
89490,1,275
89495,1,275
89507,1,275
89526,1,275
89544,1,275
89555,1,275
89575,1,275
89600,1,275
89617,1,275
89626,1,275
89631,1,275
89640,1,275
89648,1,275
89657,1,275
89658,1,275
89694,1,275
89704,1,275
89746,1,275
89748,1,275
89787,1,275
89793,1,275
89795,1,275
89802,1,275
89803,1,275
89822,1,275
89829,1,275
89846,1,275
89854,1,275
89856,1,275
89891,1,275
89901,1,275
89944,1,275
89956,1,275
90025,1,275
90027,1,275
90030,1,275
90041,1,275
90068,1,275
90090,1,275
90145,1,275
90178,1,275
90179,1,275
90195,1,275
90200,1,275
90232,1,275
90234,1,275
90255,1,275
90260,1,275
90264,1,275
90277,1,275
90302,1,275
90343,1,275
90357,1,275
90363,1,275
90378,1,275
90412,1,275
90421,1,275
90421,1,275
90422,1,275
90433,1,275
90450,1,275
90463,1,275
90470,1,275
90513,1,275
90536,1,275
90541,1,275
90553,1,275
90574,1,275
90626,1,275
90659,1,275
90696,1,275
90700,1,275
90737,1,275
90754,1,275
90754,1,275
90837,1,275
90841,1,275
90866,1,275
90878,1,275
90929,1,275
90932,1,275
90959,1,275
90972,1,275
91001,1,275
91009,1,275
91034,1,275
91045,1,275
91046,1,275
91059,1,275
91059,1,275
91074,1,275
91099,1,275
91112,1,275
91116,1,275
91139,1,275
91149,1,275
91177,1,275
91206,1,275
91219,1,275
91229,1,275
91235,1,275
91240,1,275
91240,1,275
91264,1,275
91265,1,275
91273,1,275
91313,1,275
91356,1,275
91363,1,275
91372,1,275
91401,1,275
91404,1,275
91414,1,275
91420,1,275
91442,1,275
91457,1,275
91468,1,275
91469,1,275
91470,1,275
91489,1,275
91493,1,275
91495,1,275
91543,1,275
91545,1,275
91554,1,275
91566,1,275
91570,1,275
91581,1,275
91582,1,275
91605,1,275
91607,1,275
91608,1,275
91608,1,275
91616,1,275
91619,1,275
91651,1,275
91701,1,275
91714,1,275
91743,1,275
91749,1,275
91759,1,275
91762,1,275
91790,1,275
91804,1,275
91813,1,275
91847,1,275
91865,1,275
92008,1,275
92010,1,275
92016,1,275
92027,1,275
92075,1,275
92090,1,275
92093,1,275
92096,1,275
92099,1,275
92162,1,275
92165,1,275
92185,1,275
92217,1,275
92218,1,275
92222,1,275
92243,1,275
92246,1,275
92306,1,275
92312,1,275
92329,1,275
92340,1,275
92347,1,275
92349,1,275
92363,1,275
92380,1,275
92385,1,275
92389,1,275
92392,1,275
92403,1,275
92408,1,275
92410,1,275
92418,1,275
92418,1,275
92428,1,275
92444,1,275
92500,1,275
92543,1,275
92550,1,275
92568,1,275
92569,1,275
92581,1,275
92617,1,275
92623,1,275
92636,1,275
92679,1,275
92694,1,275
92696,1,275
92703,1,275
92714,1,275
92727,1,275
92728,1,275
92751,1,275
92761,1,275
92784,1,275
92790,1,275
92792,1,275
93005,1,275
93010,1,275
93021,1,275
93029,1,275
93039,1,275
93047,1,275
93076,1,275
93085,1,275
93123,1,275
93134,1,275
93135,1,275
93139,1,275
93143,1,275
93152,1,275
93181,1,275
93197,1,275
93199,1,275
93200,1,275
93216,1,275
93240,1,275
93240,1,275
93254,1,275
93254,1,275
93255,1,275
93256,1,275
93266,1,275
93269,1,275
93274,1,275
93297,1,275
93315,1,275
93327,1,275
93330,1,275
93342,1,275
93347,1,275
93350,1,275
93358,1,275
93377,1,275
93386,1,275
93408,1,275
93431,1,275
93433,1,275
93445,1,275
93451,1,275
93479,1,275
93480,1,275
93483,1,275
93484,1,275
93495,1,275
93504,1,275
93505,1,275
93511,1,275
93516,1,275
93537,1,275
93574,1,275
93582,1,275
93588,1,275
93600,1,275
93603,1,275
93622,1,275
93630,1,275
93643,1,275
93648,1,275
93654,1,275
93655,1,275
93657,1,275
93661,1,275
93691,1,275
93718,1,275
93727,1,275
93727,1,275
93730,1,275
93743,1,275
93751,1,275
93754,1,275
93770,1,275
93771,1,275
93789,1,275
93794,1,275
93800,1,275
93805,1,275
93819,1,275
93823,1,275
93827,1,275
93837,1,275
93840,1,275
93841,1,275
93848,1,275
93853,1,275
93862,1,275
94005,1,275
94006,1,275
94010,1,275
94012,1,275
94035,1,275
94037,1,275
94041,1,275
94043,1,275
94076,1,275
94080,1,275
94081,1,275
94096,1,275
94151,1,275
94164,1,275
94167,1,275
94178,1,275
94208,1,275
94211,1,275
94226,1,275
94249,1,275
94280,1,275
94281,1,275
94284,1,275
94284,1,275
94306,1,275
94331,1,275
94382,1,275
94384,1,275
94400,1,275
94410,1,275
94413,1,275
94414,1,275
94446,1,275
94450,1,275
94456,1,275
94457,1,275
94475,1,275
94496,1,275
94512,1,275
94529,1,275
94547,1,275
94554,1,275
94568,1,275
94601,1,275
94618,1,275
94638,1,275
94652,1,275
94669,1,275
94674,1,275
94684,1,275
94712,1,275
94729,1,275
94762,1,275
94763,1,275
94776,1,275
94791,1,275
94809,1,275
94841,1,275
94876,1,275
94894,1,275
94902,1,275
94990,1,275
94993,1,275
94999,1,275
95021,1,275
95023,1,275
95023,1,275
95059,1,275
95075,1,275
95076,1,275
95077,1,275
95123,1,275
95172,1,275
95210,1,275
95226,1,275
95231,1,275
95236,1,275
95245,1,275
95249,1,275
95250,1,275
95268,1,275
95271,1,275
95296,1,275
95303,1,275
95314,1,275
95331,1,275
95348,1,275
95361,1,275
95371,1,275
95406,1,275
95423,1,275
95448,1,275
95464,1,275
95482,1,275
95483,1,275
95489,1,275
95507,1,275
95528,1,275
95576,1,275
95614,1,275
95632,1,275
95656,1,275
95657,1,275
95726,1,275
95732,1,275
95748,1,275
95758,1,275
95760,1,275
95775,1,275
95794,1,275
95811,1,275
95818,1,275
95827,1,275
95858,1,275
95859,1,275
95861,1,275
95861,1,275
95868,1,275
95900,1,275
95900,1,275
95908,1,275
95927,1,275
95933,1,275
95946,1,275
95949,1,275
95964,1,275
95971,1,275
95980,1,275
96002,1,275
96012,1,275
96027,1,275
96035,1,275
96073,1,275
96078,1,275
96108,1,275
96137,1,275
96149,1,275
96161,1,275
96161,1,275
96171,1,275
96189,1,275
96193,1,275
96228,1,275
96236,1,275
96238,1,275
96245,1,275
96255,1,275
96301,1,275
96310,1,275
96323,1,275
96337,1,275
96339,1,275
96355,1,275
96367,1,275
96367,1,275
96380,1,275
96386,1,275
96394,1,275
96406,1,275
96423,1,275
96425,1,275
96428,1,275
96434,1,275
96443,1,275
96486,1,275
96488,1,275
96537,1,275
96615,1,275
96634,1,275
96650,1,275
96676,1,275
96676,1,275
96682,1,275
96688,1,275
96691,1,275
96702,1,275
96709,1,275
96730,1,275
96736,1,275
96745,1,275
96757,1,275
96763,1,275
96766,1,275
96781,1,275
96805,1,275
96806,1,275
96807,1,275
96825,1,275
96848,1,275
96868,1,275
96869,1,275
97009,1,275
97011,1,275
97027,1,275
97036,1,275
97048,1,275
97054,1,275
97055,1,275
97059,1,275
97076,1,275
97111,1,275
97131,1,275
97151,1,275
97153,1,275
97202,1,275
97203,1,275
97224,1,275
97231,1,275
97246,1,275
97273,1,275
97289,1,275
97292,1,275
97293,1,275
97335,1,275
97342,1,275
97362,1,275
97400,1,275
97404,1,275
97405,1,275
97409,1,275
97449,1,275
97466,1,275
97476,1,275
97483,1,275
97485,1,275
97489,1,275
97497,1,275
97498,1,275
97504,1,275
97511,1,275
97524,1,275
97529,1,275
97532,1,275
97563,1,275
97563,1,275
97594,1,275
97600,1,275
97611,1,275
97645,1,275
97657,1,275
97698,1,275
97758,1,275
97759,1,275
97765,1,275
97779,1,275
97794,1,275
97802,1,275
97806,1,275
97822,1,275
97830,1,275
98002,1,275
98044,1,275
98075,1,275
98096,1,275
98109,1,275
98125,1,275
98156,1,275
98186,1,275
98196,1,275
98231,1,275
98255,1,275
98258,1,275
98269,1,275
98270,1,275
98294,1,275
98310,1,275
98382,1,275
98384,1,275
98417,1,275
98418,1,275
98443,1,275
98461,1,275
98500,1,275
98507,1,275
98528,1,275
98536,1,275
98550,1,275
98561,1,275
98565,1,275
98567,1,275
98576,1,275
98580,1,275
98580,1,275
98624,1,275
98654,1,275
98666,1,275
98704,1,275
98711,1,275
98747,1,275
98748,1,275
98751,1,275
98768,1,275
98786,1,275
98816,1,275
98819,1,275
98832,1,275
98845,1,275
98861,1,275
98865,1,275
98867,1,275
98872,1,275
98894,1,275
98926,1,275
98931,1,275
98969,1,275
99000,1,275
99013,1,275
99025,1,275
99031,1,275
99032,1,275
99035,1,275
99048,1,275
99055,1,275
99059,1,275
99060,1,275
99077,1,275
99079,1,275
99084,1,275
99134,1,275
99143,1,275
99183,1,275
99190,1,275
99196,1,275
99214,1,275
99229,1,275
99261,1,275
99287,1,275
99338,1,275
99342,1,275
99351,1,275
99358,1,275
99363,1,275
99382,1,275
99394,1,275
99401,1,275
99411,1,275
99433,1,275
99445,1,275
99455,1,275
99459,1,275
99469,1,275
99491,1,275
99513,1,275
99538,1,275
99562,1,275
99590,1,275
99596,1,275
99597,1,275
99608,1,275
99613,1,275
99633,1,275
99651,1,275
99690,1,275
99748,1,275
99754,1,275
99763,1,275
99777,1,275
99785,1,275
99790,1,275
99832,1,275
99869,1,275
99876,1,275
99916,1,275
99917,1,275
99955,1,275
99969,1,275
99977,1,275
99979,1,275
100023,1,275
100024,1,275
100039,1,275
100046,1,275
100098,1,275
100117,1,275
100135,1,275
100158,1,275
100175,1,275
100180,1,275
100193,1,275
100198,1,275
100213,1,275
100215,1,275
100271,1,275
100283,1,275
100290,1,275
100302,1,275
100311,1,275
100405,1,275
100418,1,275
100441,1,275
100444,1,275
100518,1,275
100553,1,275
100561,1,275
100574,1,275
100633,1,275
100658,1,275
100671,1,275
100679,1,275
100733,1,275
100760,1,275
100782,1,275
100829,1,275
100861,1,275
100923,1,275
100938,1,275
100940,1,275
101021,1,275
101030,1,275
101036,1,275
101038,1,275
101051,1,275
101056,1,275
101057,1,275
101058,1,275
101062,1,275
101082,1,275
101084,1,275
101096,1,275
101102,1,275
101106,1,275
101124,1,275
101140,1,275
101146,1,275
101148,1,275
101154,1,275
101162,1,275
101176,1,275
101179,1,275
101180,1,275
101193,1,275
101204,1,275
101220,1,275
101221,1,275
101244,1,275
101254,1,275
101256,1,275
101257,1,275
101266,1,275
101267,1,275
101271,1,275
101276,1,275
101277,1,275
101308,1,275
101330,1,275
101335,1,275
101336,1,275
101343,1,275
101404,1,275
101408,1,275
101444,1,275
101446,1,275
101456,1,275
101462,1,275
101489,1,275
101498,1,275
101521,1,275
101540,1,275
101592,1,275
101602,1,275
101619,1,275
101667,1,275
101674,1,275
101701,1,275
101706,1,275
101750,1,275
101767,1,275
101772,1,275
101790,1,275
101800,1,275
101820,1,275
101872,1,275
101901,1,275
101925,1,275
101925,1,275
101977,1,275
101982,1,275
101996,1,275
101999,1,275
102004,1,275
102004,1,275
102006,1,275
102009,1,275
102019,1,275
102021,1,275
102051,1,275
102062,1,275
102083,1,275
102088,1,275
102118,1,275
102119,1,275
102147,1,275
102152,1,275
102161,1,275
102199,1,275
102208,1,275
102219,1,275
102254,1,275
102266,1,275
102266,1,275
102300,1,275
102308,1,275
102321,1,275
102327,1,275
102377,1,275
102378,1,275
102396,1,275
102412,1,275
102423,1,275
102429,1,275
102452,1,275
102461,1,275
102492,1,275
102509,1,275
102514,1,275
102547,1,275
102581,1,275
102606,1,275
102622,1,275
102622,1,275
102647,1,275
102670,1,275
102677,1,275
102704,1,275
102711,1,275
102715,1,275
102725,1,275
102745,1,275
102790,1,275
102791,1,275
102817,1,275
102847,1,275
102879,1,275
102907,1,275
102933,1,275
102940,1,275
102954,1,275
102965,1,275
102988,1,275
102993,1,275
103015,1,275
103020,1,275
103160,1,275
103244,1,275
103269,1,275
103329,1,275
103362,1,275
103384,1,275
103409,1,275
103420,1,275
103486,1,275
103499,1,275
103582,1,275
103593,1,275
103631,1,275
103635,1,275
103642,1,275
103652,1,275
103689,1,275
103692,1,275
103706,1,275
103713,1,275
103722,1,275
103739,1,275
103777,1,275
103838,1,275
103845,1,275
103860,1,275
103869,1,275
103896,1,275
103919,1,275
103923,1,275
103926,1,275
103950,1,275
103968,1,275
103980,1,275
103981,1,275
104017,1,275
104018,1,275
104022,1,275
104024,1,275
104027,1,275
104029,1,275
104032,1,275
104040,1,275
104043,1,275
104056,1,275
104059,1,275
104095,1,275
104110,1,275
104140,1,275
104145,1,275
104157,1,275
104160,1,275
104164,1,275
104173,1,275
104175,1,275
104179,1,275
104182,1,275
104196,1,275
104205,1,275
104214,1,275
104219,1,275
104225,1,275
104233,1,275
104242,1,275
104252,1,275
104255,1,275
104261,1,275
104265,1,275
104291,1,275
104305,1,275
104316,1,275
104383,1,275
104384,1,275
104387,1,275
104388,1,275
104425,1,275
104425,1,275
104428,1,275
104430,1,275
104472,1,275
104494,1,275
104520,1,275
104523,1,275
104588,1,275
104598,1,275
104619,1,275
104646,1,275
104654,1,275
104683,1,275
104689,1,275
104705,1,275
104746,1,275
104766,1,275
104775,1,275
104777,1,275
104777,1,275
104790,1,275
104795,1,275
104822,1,275
104829,1,275
104855,1,275
104865,1,275
105051,1,275
105054,1,275
105054,1,275
105060,1,275
105063,1,275
105071,1,275
105073,1,275
105074,1,275
105084,1,275
105102,1,275
105103,1,275
105117,1,275
105126,1,275
105127,1,275
105143,1,275
105152,1,275
105152,1,275
105153,1,275
105154,1,275
105172,1,275
105173,1,275
105195,1,275
105220,1,275
105239,1,275
105247,1,275
105275,1,275
105295,1,275
105302,1,275
105302,1,275
105306,1,275
105309,1,275
105395,1,275
105399,1,275
105400,1,275
105439,1,275
105453,1,275
105471,1,275
105543,1,275
105570,1,275
105610,1,275
105610,1,275
105613,1,275
105614,1,275
105615,1,275
105615,1,275
105617,1,275
105622,1,275
105648,1,275
105665,1,275
105688,1,275
105697,1,275
105699,1,275
105718,1,275
105729,1,275
105746,1,275
105746,1,275
105749,1,275
105755,1,275
105758,1,275
105792,1,275
105828,1,275
105830,1,275
105855,1,275
105864,1,275
105867,1,275
106054,1,275
106065,1,275
106104,1,275
106112,1,275
106135,1,275
106141,1,275
106153,1,275
106187,1,275
106188,1,275
106210,1,275
106251,1,275
106267,1,275
106271,1,275
106334,1,275
106335,1,275
106336,1,275
106363,1,275
106386,1,275
106392,1,275
106409,1,275
106422,1,275
106423,1,275
106454,1,275
106456,1,275
106458,1,275
106473,1,275
106473,1,275
106479,1,275
106514,1,275
106535,1,275
106542,1,275
106545,1,275
106567,1,275
106600,1,275
106604,1,275
106605,1,275
106647,1,275
106662,1,275
106669,1,275
106712,1,275
106743,1,275
106746,1,275
106757,1,275
106777,1,275
106813,1,275
106828,1,275
106838,1,275
106849,1,275
106849,1,275
107003,1,275
107014,1,275
107015,1,275
107026,1,275
107055,1,275
107063,1,275
107066,1,275
107066,1,275
107071,1,275
107087,1,275
107097,1,275
107117,1,275
107124,1,275
107142,1,275
107190,1,275
107209,1,275
107221,1,275
107234,1,275
107235,1,275
107279,1,275
107296,1,275
107298,1,275
107312,1,275
107338,1,275
107379,1,275
107399,1,275
107407,1,275
107458,1,275
107505,1,275
107508,1,275
107513,1,275
107520,1,275
107527,1,275
107534,1,275
107547,1,275
107552,1,275
107569,1,275
107601,1,275
107631,1,275
107666,1,275
107691,1,275
107702,1,275
107706,1,275
107712,1,275
107730,1,275
107730,1,275
107764,1,275
108001,1,275
108032,1,275
108050,1,275
108063,1,275
108076,1,275
108078,1,275
108118,1,275
108153,1,275
108159,1,275
108163,1,275
108172,1,275
108175,1,275
108187,1,275
108202,1,275
108222,1,275
108251,1,275
108255,1,275
108286,1,275
108324,1,275
108349,1,275
108396,1,275
108448,1,275
108469,1,275
108529,1,275
108539,1,275
108582,1,275
108592,1,275
108627,1,275
108627,1,275
108630,1,275
108652,1,275
108654,1,275
108665,1,275
108702,1,275
108712,1,275
108726,1,275
108734,1,275
108752,1,275
108760,1,275
108785,1,275
108805,1,275
108807,1,275
108823,1,275
108863,1,275
108876,1,275
109092,1,275
109106,1,275
109144,1,275
109205,1,275
109233,1,275
109237,1,275
109242,1,275
109270,1,275
109280,1,275
109297,1,275
109306,1,275
109314,1,275
109319,1,275
109352,1,275
109376,1,275
109445,1,275
109452,1,275
109474,1,275
109478,1,275
109496,1,275
109517,1,275
109539,1,275
109559,1,275
109560,1,275
109590,1,275
109603,1,275
109619,1,275
109661,1,275
109667,1,275
109706,1,275
109743,1,275
109785,1,275
109819,1,275
109824,1,275
109830,1,275
109851,1,275
109851,1,275
109933,1,275
109979,1,275
109980,1,275
110006,1,275
110013,1,275
110031,1,275
110047,1,275
110056,1,275
110059,1,275
110064,1,275
110067,1,275
110075,1,275
110087,1,275
110106,1,275
110114,1,275
110152,1,275
110180,1,275
110180,1,275
110184,1,275
110206,1,275
110228,1,275
110231,1,275
110285,1,275
110292,1,275
110297,1,275
110299,1,275
110328,1,275
110374,1,275
110389,1,275
110397,1,275
110422,1,275
110448,1,275
110453,1,275
110491,1,275
110505,1,275
110509,1,275
110523,1,275
110532,1,275
110568,1,275
110657,1,275
110690,1,275
110713,1,275
110715,1,275
110772,1,275
110777,1,275
110782,1,275
110789,1,275
110865,1,275
110886,1,275
110907,1,275
110916,1,275
110919,1,275
111030,1,275
111034,1,275
111054,1,275
111113,1,275
111119,1,275
111127,1,275
111137,1,275
111164,1,275
111184,1,275
111204,1,275
111209,1,275
111221,1,275
111224,1,275
111246,1,275
111256,1,275
111322,1,275
111422,1,275
111442,1,275
111457,1,275
111472,1,275
111482,1,275
111484,1,275
111485,1,275
111505,1,275
111525,1,275
111525,1,275
111546,1,275
111574,1,275
111586,1,275
111608,1,275
111621,1,275
111647,1,275
111652,1,275
111682,1,275
111715,1,275
111734,1,275
111752,1,275
111752,1,275
111791,1,275
111794,1,275
111799,1,275
111830,1,275
111839,1,275
111855,1,275
111860,1,275
111863,1,275
112030,1,275
112077,1,275
112085,1,275
112116,1,275
112140,1,275
112172,1,275
112212,1,275
112219,1,275
112247,1,275
112351,1,275
112450,1,275
112461,1,275
112478,1,275
112480,1,275
112509,1,275
112515,1,275
112525,1,275
112531,1,275
112590,1,275
112618,1,275
112620,1,275
112630,1,275
112667,1,275
112680,1,275
112725,1,275
112740,1,275
112762,1,275
112764,1,275
112786,1,275
112803,1,275
112805,1,275
112832,1,275
112840,1,275
112846,1,275
112871,1,275
112883,1,275
112916,1,275
112978,1,275
112982,1,275
113018,1,275
113037,1,275
113052,1,275
113068,1,275
113080,1,275
113081,1,275
113088,1,275
113108,1,275
113116,1,275
113145,1,275
113152,1,275
113194,1,275
113194,1,275
113205,1,275
113210,1,275
113215,1,275
113239,1,275
113271,1,275
113272,1,275
113324,1,275
113335,1,275
113346,1,275
113352,1,275
113356,1,275
113376,1,275
113379,1,275
113393,1,275
113402,1,275
113490,1,275
113524,1,275
113532,1,275
113540,1,275
113549,1,275
113618,1,275
113622,1,275
113631,1,275
113647,1,275
113659,1,275
113668,1,275
113692,1,275
113734,1,275
113738,1,275
113741,1,275
113753,1,275
113770,1,275
113774,1,275
113780,1,275
113787,1,275
113791,1,275
113820,1,275
114015,1,275
114015,1,275
114029,1,275
114118,1,275
114159,1,275
114174,1,275
114176,1,275
114193,1,275
114208,1,275
114213,1,275
114237,1,275
114260,1,275
114264,1,275
114266,1,275
114288,1,275
114319,1,275
114361,1,275
114378,1,275
114388,1,275
114390,1,275
114407,1,275
114440,1,275
114464,1,275
114468,1,275
114484,1,275
114485,1,275
114535,1,275
114543,1,275
114584,1,275
114600,1,275
114606,1,275
114617,1,275
114656,1,275
114661,1,275
114687,1,275
114698,1,275
114701,1,275
114710,1,275
114720,1,275
114735,1,275
114746,1,275
114750,1,275
115003,1,275
115008,1,275
115023,1,275
115024,1,275
115034,1,275
115070,1,275
115079,1,275
115203,1,275
115246,1,275
115275,1,275
115275,1,275
115301,1,275
115302,1,275
115306,1,275
115373,1,275
115424,1,275
115463,1,275
115483,1,275
115513,1,275
115523,1,275
115528,1,275
115540,1,275
115566,1,275
115607,1,275
115628,1,275
115649,1,275
115651,1,275
115737,1,275
115778,1,275
115817,1,275
115844,1,275
115873,1,275
115896,1,275
115907,1,275
115928,1,275
115965,1,275
115976,1,275
115984,1,275
116017,1,275
116023,1,275
116025,1,275
116039,1,275
116040,1,275
116057,1,275
116064,1,275
116064,1,275
116093,1,275
116105,1,275
116146,1,275
116147,1,275
116151,1,275
116152,1,275
116153,1,275
116221,1,275
116236,1,275
116270,1,275
116270,1,275
116272,1,275
116314,1,275
116319,1,275
116348,1,275
116373,1,275
116378,1,275
116418,1,275
116422,1,275
116447,1,275
116450,1,275
116475,1,275
116480,1,275
116491,1,275
116498,1,275
116507,1,275
116540,1,275
116558,1,275
116572,1,275
116580,1,275
116631,1,275
116632,1,275
116649,1,275
116650,1,275
116651,1,275
116680,1,275
116702,1,275
116754,1,275
117036,1,275
117086,1,275
117121,1,275
117122,1,275
117147,1,275
117150,1,275
117153,1,275
117161,1,275
117165,1,275
117167,1,275
117170,1,275
117184,1,275
117216,1,275
117242,1,275
117248,1,275
117257,1,275
117274,1,275
117285,1,275
117299,1,275
117312,1,275
117380,1,275
117396,1,275
117408,1,275
117423,1,275
117441,1,275
117487,1,275
117489,1,275
117516,1,275
117538,1,275
117552,1,275
117610,1,275
117617,1,275
117620,1,275
117628,1,275
117702,1,275
117714,1,275
117747,1,275
117787,1,275
117790,1,275
117798,1,275
117810,1,275
117822,1,275
117871,1,275
117878,1,275
117899,1,275
117914,1,275
118010,1,275
118032,1,275
118033,1,275
118051,1,275
118097,1,275
118100,1,275
118121,1,275
118160,1,275
118162,1,275
118181,1,275
118187,1,275
118263,1,275
118266,1,275
118270,1,275
118270,1,275
118335,1,275
118345,1,275
118367,1,275
118472,1,275
118478,1,275
118480,1,275
118497,1,275
118516,1,275
118569,1,275
118577,1,275
118604,1,275
118614,1,275
118667,1,275
118680,1,275
118685,1,275
118690,1,275
118694,1,275
118722,1,275
118820,1,275
119079,1,275
119092,1,275
119093,1,275
119125,1,275
119161,1,275
119191,1,275
119258,1,275
119272,1,275
119347,1,275
119351,1,275
119373,1,275
119437,1,275
119451,1,275
119520,1,275
119580,1,275
119581,1,275
119589,1,275
119653,1,275
119699,1,275
119714,1,275
119736,1,275
119746,1,275
119780,1,275
119821,1,275
119865,1,275
119913,1,275
119921,1,275
119934,1,275
119939,1,275
120004,1,275
120008,1,275
120012,1,275
120014,1,275
120015,1,275
120019,1,275
120042,1,275
120098,1,275
120160,1,275
120226,1,275
120445,1,275
120450,1,275
120621,1,275
120727,1,275
120955,1,275
120960,1,275
120978,1,275
120981,1,275
121011,1,275
121025,1,275
121025,1,275
121028,1,275
121031,1,275
121039,1,275
121061,1,275
121062,1,275
121068,1,275
121070,1,275
121146,1,275
121161,1,275
121185,1,275
121193,1,275
121195,1,275
121199,1,275
121218,1,275
121242,1,275
121245,1,275
121247,1,275
121264,1,275
121292,1,275
121296,1,275
121353,1,275
121359,1,275
121368,1,275
121383,1,275
121390,1,275
121409,1,275
121411,1,275
121418,1,275
121451,1,275
121462,1,275
121481,1,275
121493,1,275
121557,1,275
121585,1,275
121591,1,275
121600,1,275
121607,1,275
121626,1,275
121645,1,275
121701,1,275
121717,1,275
121789,1,275
121802,1,275
121838,1,275
122077,1,275
122137,1,275
122153,1,275
122193,1,275
122241,1,275
122292,1,275
122303,1,275
122316,1,275
122319,1,275
122343,1,275
122389,1,275
122423,1,275
122506,1,275
122519,1,275
122543,1,275
122573,1,275
122593,1,275
122615,1,275
122629,1,275
122661,1,275
122669,1,275
122671,1,275
122715,1,275
122731,1,275
122777,1,275
122792,1,275
122806,1,275
122824,1,275
122825,1,275
122879,1,275
122889,1,275
123018,1,275
123057,1,275
123096,1,275
123105,1,275
123112,1,275
123137,1,275
123147,1,275
123190,1,275
123238,1,275
123325,1,275
123345,1,275
123417,1,275
123420,1,275
123434,1,275
123532,1,275
123533,1,275
123534,1,275
123560,1,275
123649,1,275
123678,1,275
123688,1,275
123708,1,275
123748,1,275
123767,1,275
123787,1,275
123817,1,275
123818,1,275
123851,1,275
123930,1,275
124045,1,275
124055,1,275
124099,1,275
124115,1,275
124141,1,275
124144,1,275
124156,1,275
124167,1,275
124189,1,275
124205,1,275
124210,1,275
124337,1,275
124367,1,275
124438,1,275
124443,1,275
124465,1,275
124472,1,275
124511,1,275
124530,1,275
124551,1,275
124569,1,275
124599,1,275
124714,1,275
124761,1,275
124802,1,275
124858,1,275
124922,1,275
125001,1,275
125032,1,275
125042,1,275
125046,1,275
125103,1,275
125177,1,275
125230,1,275
125259,1,275
125292,1,275
125301,1,275
125412,1,275
125424,1,275
125431,1,275
125439,1,275
125453,1,275
125470,1,275
125500,1,275
125548,1,275
125597,1,275
125598,1,275
125609,1,275
125627,1,275
125671,1,275
125675,1,275
125724,1,275
125782,1,275
125838,1,275
125854,1,275
125915,1,275
126000,1,275
126012,1,275
126019,1,275
126036,1,275
126060,1,275
126063,1,275
126188,1,275
126192,1,275
126197,1,275
126216,1,275
126272,1,275
126315,1,275
126386,1,275
126399,1,275
126416,1,275
126448,1,275
126457,1,275
126482,1,275
126486,1,275
126536,1,275
126551,1,275
126633,1,275
126647,1,275
126679,1,275
126682,1,275
126698,1,275
126761,1,275
126815,1,275
126830,1,275
127071,1,275
127095,1,275
127140,1,275
127241,1,275
127274,1,275
127426,1,275
127433,1,275
127466,1,275
127547,1,275
127603,1,275
127623,1,275
127635,1,275
127638,1,275
127647,1,275
127658,1,275
127666,1,275
127681,1,275
127751,1,275
127778,1,275
127836,1,275
127846,1,275
127897,1,275
127968,1,275
127993,1,275
128017,1,275
128076,1,275
128132,1,275
128138,1,275
128164,1,275
128176,1,275
128180,1,275
128237,1,275
128310,1,275
128328,1,275
128333,1,275
128342,1,275
128391,1,275
128454,1,275
128474,1,275
128524,1,275
128566,1,275
128569,1,275
128579,1,275
128617,1,275
128624,1,275
128633,1,275
128658,1,275
128803,1,275
128826,1,275
128859,1,275
128875,1,275
128908,1,275
128936,1,275
129000,1,275
129012,1,275
129047,1,275
129080,1,275
129082,1,275
129086,1,275
129119,1,275
129142,1,275
129148,1,275
129188,1,275
129201,1,275
129217,1,275
129281,1,275
129312,1,275
129345,1,275
129360,1,275
129365,1,275
129367,1,275
129374,1,275
129379,1,275
129422,1,275
129424,1,275
129433,1,275
129472,1,275
129490,1,275
129516,1,275
129524,1,275
129554,1,275
129559,1,275
129654,1,275
129689,1,275
129764,1,275
129778,1,275
129925,1,275
130004,1,275
130019,1,275
130023,1,275
130028,1,275
130065,1,275
130176,1,275
130300,1,275
130381,1,275
130381,1,275
130390,1,275
130391,1,275
130515,1,275
130567,1,275
130608,1,275
130659,1,275
130686,1,275
130754,1,275
130817,1,275
131032,1,275
131040,1,275
131056,1,275
131100,1,275
131111,1,275
131138,1,275
131150,1,275
131200,1,275
131272,1,275
131322,1,275
131340,1,275
131345,1,275
131407,1,275
131409,1,275
131476,1,275
131496,1,275
131523,1,275
131570,1,275
131607,1,275
131766,1,275
131845,1,275
131885,1,275
131885,1,275
131900,1,275
131955,1,275
131962,1,275
131987,1,275
132082,1,275
132083,1,275
132106,1,275
132113,1,275
132129,1,275
132140,1,275
132208,1,275
132223,1,275
132292,1,275
132324,1,275
132331,1,275
132374,1,275
132399,1,275
132454,1,275
132488,1,275
132490,1,275
132494,1,275
132512,1,275
132525,1,275
132554,1,275
132564,1,275
132577,1,275
132610,1,275
133005,1,275
133027,1,275
133037,1,275
133081,1,275
133085,1,275
133121,1,275
133137,1,275
133185,1,275
133279,1,275
133284,1,275
133325,1,275
133474,1,275
133550,1,275
133596,1,275
133644,1,275
133651,1,275
134009,1,275
134056,1,275
134067,1,275
134069,1,275
134107,1,275
134133,1,275
134157,1,275
134233,1,275
134325,1,275
134407,1,275
134471,1,275
134549,1,275
134560,1,275
134596,1,275
134612,1,275
134625,1,275
134665,1,275
134686,1,275
134719,1,275
135037,1,275
135068,1,275
135068,1,275
135085,1,275
135142,1,275
135212,1,275
135242,1,275
135266,1,275
135278,1,275
135308,1,275
135313,1,275
135330,1,275
135373,1,275
135379,1,275
135414,1,275
135474,1,275
135485,1,275
135679,1,275
136013,1,275
136031,1,275
136055,1,275
136077,1,275
136120,1,275
136156,1,275
136302,1,275
136360,1,275
136422,1,275
136443,1,275
136527,1,275
136543,1,275
136608,1,275
136625,1,275
136866,1,275
136923,1,275
136933,1,275
136999,1,275
137083,1,275
137085,1,275
137092,1,275
137104,1,275
137137,1,275
137189,1,275
137226,1,275
137307,1,275
137384,1,275
137477,1,275
137499,1,275
137570,1,275
137580,1,275
137589,1,275
137674,1,275
137741,1,275
137789,1,275
137815,1,275
137970,1,275
137978,1,275
137995,1,275
138114,1,275
138201,1,275
138206,1,275
138212,1,275
138252,1,275
138339,1,275
138359,1,275
138379,1,275
138401,1,275
138419,1,275
138480,1,275
138524,1,275
138558,1,275
138579,1,275
138604,1,275
138689,1,275
138721,1,275
139011,1,275
139031,1,275
139123,1,275
139124,1,275
139133,1,275
139173,1,275
139237,1,275
139257,1,275
139271,1,275
139407,1,275
139551,1,275
139559,1,275
139574,1,275
139577,1,275
139605,1,275
139686,1,275
139698,1,275
139755,1,275
139803,1,275
140065,1,275
140116,1,275
140139,1,275
140235,1,275
140479,1,275
140503,1,275
140551,1,275
140786,1,275
141024,1,275
141058,1,275
141138,1,275
141154,1,275
141191,1,275
141226,1,275
141264,1,275
141299,1,275
141306,1,275
141307,1,275
141354,1,275
141453,1,275
141465,1,275
141480,1,275
141495,1,275
141496,1,275
141631,1,275
141650,1,275
141661,1,275
141706,1,275
141743,1,275
141773,1,275
141774,1,275
141846,1,275
141876,1,275
141983,1,275
141984,1,275
142001,1,275
142078,1,275
142139,1,275
142244,1,275
142257,1,275
142347,1,275
142491,1,275
142626,1,275
142629,1,275
142642,1,275
142649,1,275
142701,1,275
142721,1,275
142823,1,275
143086,1,275
143129,1,275
143139,1,275
143165,1,275
143181,1,275
143190,1,275
143275,1,275
143326,1,275
143464,1,275
143666,1,275
143870,1,275
143906,1,275
144009,1,275
144140,1,275
144155,1,275
144278,1,275
144288,1,275
144334,1,275
144350,1,275
144375,1,275
144433,1,275
144502,1,275
144545,1,275
144605,1,275
145010,1,275
145126,1,275
145170,1,275
145285,1,275
145302,1,275
145324,1,275
145339,1,275
145365,1,275
145368,1,275
145483,1,275
145550,1,275
145614,1,275
145721,1,275
145761,1,275
145806,1,275
146144,1,275
146333,1,275
146377,1,275
146405,1,275
146510,1,275
146546,1,275
146666,1,275
146761,1,275
146925,1,275
146942,1,275
147054,1,275
147096,1,275
147114,1,275
147160,1,275
147257,1,275
147311,1,275
147312,1,275
147321,1,275
147371,1,275
147560,1,275
147615,1,275
147635,1,275
147701,1,275
147989,1,275
148003,1,275
148007,1,275
148321,1,275
148417,1,275
148444,1,275
148591,1,275
148593,1,275
148595,1,275
148782,1,275
148788,1,275
148804,1,275
148824,1,275
148841,1,275
148968,1,275
149002,1,275
149043,1,275
149064,1,275
149442,1,275
149486,1,275
149495,1,275
149685,1,275
149699,1,275
149870,1,275
149903,1,275
150011,1,275
150018,1,275
150257,1,275
150325,1,275
150337,1,275
150448,1,275
150459,1,275
150538,1,275
150698,1,275
150815,1,275
151052,1,275
151095,1,275
151168,1,275
151217,1,275
151223,1,275
151365,1,275
151384,1,275
151425,1,275
151489,1,275
151543,1,275
151652,1,275
151703,1,275
152072,1,275
152182,1,275
152217,1,275
152311,1,275
152551,1,275
152558,1,275
153020,1,275
153055,1,275
153087,1,275
153113,1,275
153198,1,275
153291,1,275
153308,1,275
153450,1,275
153450,1,275
153561,1,275
153598,1,275
153681,1,275
153718,1,275
153846,1,275
153915,1,275
154032,1,275
154096,1,275
154125,1,275
154182,1,275
154264,1,275
154320,1,275
154476,1,275
154501,1,275
154596,1,275
154623,1,275
154624,1,275
154652,1,275
154680,1,275
154747,1,275
154788,1,275
154857,1,275
155018,1,275
155046,1,275
155056,1,275
155061,1,275
155084,1,275
155130,1,275
155137,1,275
155336,1,275
155361,1,275
155409,1,275
155455,1,275
156087,1,275
156172,1,275
156355,1,275
156355,1,275
156375,1,275
156507,1,275
156814,1,275
156966,1,275
156992,1,275
157107,1,275
157154,1,275
157211,1,275
157532,1,275
157653,1,275
157699,1,275
158090,1,275
158111,1,275
158128,1,275
158182,1,275
158279,1,275
158478,1,275
158516,1,275
158663,1,275
158677,1,275
158710,1,275
159019,1,275
159075,1,275
159141,1,275
159147,1,275
159230,1,275
159293,1,275
159575,1,275
159617,1,275
159627,1,275
159638,1,275
159755,1,275
160263,1,275
160353,1,275
160378,1,275
160391,1,275
160502,1,275
160566,1,275
160674,1,275
160683,1,275
160714,1,275
160754,1,275
160792,1,275
160820,1,275
160846,1,275
161029,1,275
161049,1,275
161590,1,275
161680,1,275
161879,1,275
161914,1,275
162288,1,275
162530,1,275
162577,1,275
162756,1,275
162894,1,275
163075,1,275
163245,1,275
163276,1,275
163295,1,275
163721,1,275
163886,1,275
164342,1,275
164362,1,275
164953,1,275
165045,1,275
165047,1,275
165119,1,275
165123,1,275
165128,1,275
165148,1,275
165153,1,275
165166,1,275
165303,1,275
165370,1,275
165402,1,275
165438,1,275
165442,1,275
165445,1,275
165551,1,275
165576,1,275
165611,1,275
165619,1,275
165669,1,275
165732,1,275
165798,1,275
165824,1,275
165880,1,275
165909,1,275
166157,1,275
166221,1,275
166241,1,275
166367,1,275
166402,1,275
166443,1,275
166748,1,275
166786,1,275
166860,1,275
166988,1,275
167030,1,275
167030,1,275
167062,1,275
167307,1,275
167382,1,275
167506,1,275
167509,1,275
167789,1,275
167800,1,275
167870,1,275
168018,1,275
168064,1,275
168261,1,275
168326,1,275
168450,1,275
168462,1,275
168547,1,275
168630,1,275
168677,1,275
168774,1,275
168873,1,275
169321,1,275
169596,1,275
169905,1,275
169914,1,275
170011,1,275
170034,1,275
170054,1,275
170125,1,275
170528,1,275
170582,1,275
170735,1,275
170748,1,275
170992,1,275
171120,1,275
171182,1,275
171196,1,275
171227,1,275
171252,1,275
171294,1,275
171445,1,275
171485,1,275
171665,1,275
172000,1,275
172104,1,275
172125,1,275
172343,1,275
172453,1,275
172514,1,275
172523,1,275
172545,1,275
172649,1,275
172669,1,275
173159,1,275
173191,1,275
173299,1,275
173377,1,275
173873,1,275
174105,1,275
174112,1,275
174259,1,275
174490,1,275
174543,1,275
174548,1,275
174969,1,275
175291,1,275
175580,1,275
175708,1,275
175929,1,275
176079,1,275
176287,1,275
176408,1,275
176424,1,275
176436,1,275
176530,1,275
176569,1,275
177004,1,275
177007,1,275
177074,1,275
177117,1,275
177185,1,275
177211,1,275
177214,1,275
177251,1,275
177261,1,275
177288,1,275
177295,1,275
177298,1,275
177337,1,275
177360,1,275
177366,1,275
177395,1,275
177455,1,275
177489,1,275
177522,1,275
177533,1,275
177697,1,275
177748,1,275
177759,1,275
177777,1,275
178036,1,275
178051,1,275
178180,1,275
178188,1,275
178290,1,275
178466,1,275
178623,1,275
178664,1,275
178822,1,275
179020,1,275
179036,1,275
179111,1,275
179287,1,275
179309,1,275
179313,1,275
179359,1,275
179403,1,275
179438,1,275
179588,1,275
179704,1,275
179765,1,275
179781,1,275
179811,1,275
180099,1,275
180100,1,275
180209,1,275
180309,1,275
180373,1,275
180400,1,275
180451,1,275
180595,1,275
182052,1,275
182080,1,275
182170,1,275
182214,1,275
182219,1,275
182235,1,275
182302,1,275
182354,1,275
182386,1,275
182416,1,275
182589,1,275
182610,1,275
182830,1,275
183126,1,275
183219,1,275
183247,1,275
183304,1,275
183504,1,275
183543,1,275
183562,1,275
183767,1,275
183787,1,275
184034,1,275
184075,1,275
184099,1,275
184100,1,275
184110,1,275
184120,1,275
184157,1,275
184340,1,275
184356,1,275
184393,1,275
184526,1,275
184551,1,275
184635,1,275
185062,1,275
185208,1,275
185368,1,275
185813,1,275
185819,1,275
186009,1,275
186062,1,275
186130,1,275
186206,1,275
186253,1,275
186257,1,275
186460,1,275
186517,1,275
186560,1,275
186564,1,275
186576,1,275
187192,1,275
187305,1,275
187334,1,275
187345,1,275
187747,1,275
187807,1,275
187989,1,275
188053,1,275
188099,1,275
188106,1,275
188107,1,275
188714,1,275
189012,1,275
189068,1,275
189077,1,275
189128,1,275
189139,1,275
189255,1,275
189353,1,275
189362,1,275
189396,1,275
189409,1,275
189446,1,275
189476,1,275
189593,1,275
189637,1,275
189648,1,275
189691,1,275
189712,1,275
189784,1,275
189939,1,275
189947,1,275
190014,1,275
190086,1,275
190149,1,275
190176,1,275
190185,1,275
190197,1,275
190338,1,275
190521,1,275
190737,1,275
190773,1,275
190855,1,275
191060,1,275
191251,1,275
191279,1,275
191314,1,275
191386,1,275
191507,1,275
191960,1,275
192037,1,275
192096,1,275
192117,1,275
192188,1,275
192273,1,275
192297,1,275
192351,1,275
192379,1,275
192402,1,275
192439,1,275
192495,1,275
192596,1,275
192678,1,275
192701,1,275
192747,1,275
193088,1,275
193173,1,275
193645,1,275
193773,1,275
193781,1,275
193818,1,275
193924,1,275
193966,1,275
194136,1,275
194255,1,275
194288,1,275
194461,1,275
194489,1,275
194549,1,275
194671,1,275
194773,1,275
194836,1,275
194850,1,275
194997,1,275
195131,1,275
195386,1,275
195412,1,275
195493,1,275
195591,1,275
195673,1,275
195714,1,275
195827,1,275
195854,1,275
196001,1,275
196022,1,275
196079,1,275
196096,1,275
196111,1,275
196142,1,275
196292,1,275
196587,1,275
196784,1,275
196911,1,275
197007,1,275
197020,1,275
197026,1,275
197067,1,275
197114,1,275
197176,1,275
197246,1,275
197259,1,275
197333,1,275
197634,1,275
198028,1,275
198237,1,275
198544,1,275
198565,1,275
198950,1,275
199015,1,275
199257,1,275
199263,1,275
199279,1,275
199525,1,275
199787,1,275
199855,1,275
200050,1,275
200073,1,275
200194,1,275
200223,1,275
200248,1,275
200298,1,275
200362,1,275
200415,1,275
201015,1,275
201016,1,275
201025,1,275
201037,1,275
201041,1,275
201161,1,275
201177,1,275
201246,1,275
201249,1,275
201325,1,275
201361,1,275
201431,1,275
201434,1,275
201464,1,275
201477,1,275
201525,1,275
201562,1,275
201578,1,275
201602,1,275
201612,1,275
201637,1,275
201671,1,275
201672,1,275
201673,1,275
201689,1,275
201743,1,275
201749,1,275
201778,1,275
201785,1,275
201836,1,275
201889,1,275
202035,1,275
202079,1,275
202137,1,275
202140,1,275
202204,1,275
202228,1,275
202390,1,275
202461,1,275
202601,1,275
202720,1,275
202793,1,275
202836,1,275
203150,1,275
203194,1,275
203289,1,275
203511,1,275
203584,1,275
203592,1,275
203734,1,275
203759,1,275
203888,1,275
203965,1,275
204053,1,275
204068,1,275
204149,1,275
204222,1,275
204228,1,275
204285,1,275
204467,1,275
204538,1,275
204547,1,275
204635,1,275
204649,1,275
204690,1,275
204765,1,275
204798,1,275
205168,1,275
205214,1,275
205290,1,275
205297,1,275
205349,1,275
205399,1,275
205544,1,275
205622,1,275
205676,1,275
205706,1,275
205727,1,275
206048,1,275
206183,1,275
206227,1,275
206285,1,275
206364,1,275
206456,1,275
206517,1,275
206614,1,275
206615,1,275
206634,1,275
206644,1,275
207082,1,275
207103,1,275
207320,1,275
207390,1,275
207409,1,275
207422,1,275
207425,1,275
207537,1,275
207740,1,275
207810,1,275
207815,1,275
207914,1,275
207971,1,275
208062,1,275
208067,1,275
208314,1,275
208320,1,275
208339,1,275
208396,1,275
208529,1,275
208604,1,275
208806,1,275
208906,1,275
209003,1,275
209143,1,275
209243,1,275
209355,1,275
209368,1,275
209408,1,275
209523,1,275
209795,1,275
210015,1,275
210044,1,275
210247,1,275
210484,1,275
210619,1,275
210628,1,275
210726,1,275
210824,1,275
210885,1,275
211351,1,275
211519,1,275
211624,1,275
211642,1,275
211706,1,275
211757,1,275
211915,1,275
211924,1,275
211937,1,275
212057,1,275
212101,1,275
212122,1,275
212135,1,275
212141,1,275
212265,1,275
212650,1,275
212720,1,275
212743,1,275
212797,1,275
212940,1,275
213074,1,275
213104,1,275
213184,1,275
213290,1,275
213313,1,275
213362,1,275
213435,1,275
213452,1,275
213458,1,275
213487,1,275
213493,1,275
213535,1,275
213562,1,275
213564,1,275
213570,1,275
213574,1,275
213579,1,275
213650,1,275
213666,1,275
213748,1,275
213783,1,275
213829,1,275
213851,1,275
213903,1,275
213927,1,275
213938,1,275
214011,1,275
214070,1,275
214161,1,275
214171,1,275
214261,1,275
214289,1,275
214303,1,275
214307,1,275
214540,1,275
214652,1,275
214725,1,275
214741,1,275
214792,1,275
214943,1,275
214943,1,275
214946,1,275
215028,1,275
215033,1,275
215044,1,275
215200,1,275
215295,1,275
215373,1,275
215383,1,275
215471,1,275
215519,1,275
215540,1,275
215627,1,275
215675,1,275
215676,1,275
215804,1,275
215961,1,275
215971,1,275
216054,1,275
216079,1,275
216101,1,275
216122,1,275
216142,1,275
216156,1,275
216208,1,275
216228,1,275
216263,1,275
216272,1,275
216303,1,275
216354,1,275
216409,1,275
217140,1,275
217263,1,275
217370,1,275
217442,1,275
217626,1,275
217778,1,275
217916,1,275
218001,1,275
218018,1,275
218071,1,275
218112,1,275
218218,1,275
218257,1,275
218273,1,275
218330,1,275
218344,1,275
218375,1,275
218544,1,275
218604,1,275
218649,1,275
218663,1,275
218753,1,275
218887,1,275
218908,1,275
218997,1,275
219446,1,275
219633,1,275
219862,1,275
220040,1,275
220082,1,275
220097,1,275
220114,1,275
220205,1,275
220259,1,275
220275,1,275
220301,1,275
220346,1,275
220400,1,275
220419,1,275
220433,1,275
220572,1,275
220595,1,275
220621,1,275
220643,1,275
220644,1,275
220737,1,275
220831,1,275
220837,1,275
220848,1,275
220890,1,275
220894,1,275
220908,1,275
220925,1,275
220929,1,275
221013,1,275
221087,1,275
221211,1,275
221251,1,275
221259,1,275
221285,1,275
221405,1,275
221617,1,275
221627,1,275
221680,1,275
221812,1,275
222011,1,275
222037,1,275
222066,1,275
222234,1,275
222343,1,275
222415,1,275
222466,1,275
222634,1,275
222731,1,275
222762,1,275
222923,1,275
222937,1,275
223006,1,275
223092,1,275
223104,1,275
223267,1,275
223284,1,275
223397,1,275
223513,1,275
223522,1,275
223532,1,275
223670,1,275
223695,1,275
223708,1,275
223721,1,275
223754,1,275
223759,1,275
224035,1,275
224066,1,275
224230,1,275
224246,1,275
224248,1,275
224291,1,275
224478,1,275
224540,1,275
224630,1,275
224856,1,275
224872,1,275
225002,1,275
225008,1,275
225032,1,275
225055,1,275
225071,1,275
225081,1,275
225088,1,275
225095,1,275
225135,1,275
225145,1,275
225176,1,275
225181,1,275
225224,1,275
225319,1,275
225353,1,275
225397,1,275
225465,1,275
225482,1,275
225487,1,275
225529,1,275
225530,1,275
225566,1,275
225643,1,275
225678,1,275
225731,1,275
225744,1,275
225765,1,275
225972,1,275
225986,1,275
226014,1,275
226022,1,275
226042,1,275
226049,1,275
226057,1,275
226066,1,275
226076,1,275
226084,1,275
226175,1,275
226177,1,275
226205,1,275
226223,1,275
226256,1,275
226264,1,275
226287,1,275
226291,1,275
226349,1,275
226404,1,275
226448,1,275
226524,1,275
226586,1,275
226632,1,275
226640,1,275
226673,1,275
226709,1,275
226717,1,275
226756,1,275
226773,1,275
226807,1,275
226850,1,275
226885,1,275
226896,1,275
227042,1,275
227045,1,275
227064,1,275
227101,1,275
227157,1,275
227166,1,275
227187,1,275
227227,1,275
227275,1,275
227302,1,275
227339,1,275
227398,1,275
227476,1,275
227552,1,275
227578,1,275
227640,1,275
227643,1,275
227660,1,275
227733,1,275
227748,1,275
227769,1,275
227775,1,275
227783,1,275
227820,1,275
227820,1,275
228051,1,275
228082,1,275
228147,1,275
228207,1,275
228216,1,275
228350,1,275
228396,1,275
228461,1,275
228516,1,275
228533,1,275
228649,1,275
228684,1,275
228690,1,275
228711,1,275
228832,1,275
228832,1,275
228864,1,275
228999,1,275
229000,1,275
229050,1,275
229059,1,275
229065,1,275
229075,1,275
229092,1,275
229107,1,275
229140,1,275
229157,1,275
229186,1,275
229258,1,275
229285,1,275
229294,1,275
229303,1,275
229321,1,275
229448,1,275
229485,1,275
229485,1,275
229604,1,275
229630,1,275
229641,1,275
229716,1,275
229787,1,275
229811,1,275
229910,1,275
229940,1,275
229941,1,275
229974,1,275
230020,1,275
230130,1,275
230172,1,275
230277,1,275
230488,1,275
230508,1,275
230516,1,275
230520,1,275
230569,1,275
230617,1,275
230679,1,275
230682,1,275
230818,1,275
230882,1,275
230893,1,275
230925,1,275
230943,1,275
231001,1,275
231046,1,275
231058,1,275
231065,1,275
231095,1,275
231105,1,275
231112,1,275
231113,1,275
231142,1,275
231147,1,275
231164,1,275
231174,1,275
231223,1,275
231223,1,275
231239,1,275
231281,1,275
231296,1,275
231339,1,275
231415,1,275
231441,1,275
231457,1,275
231479,1,275
231486,1,275
231488,1,275
231523,1,275
231538,1,275
231585,1,275
231640,1,275
231643,1,275
231737,1,275
231741,1,275
232048,1,275
232054,1,275
232165,1,275
232313,1,275
232324,1,275
232405,1,275
232594,1,275
232624,1,275
232716,1,275
232774,1,275
232882,1,275
232893,1,275
232905,1,275
232907,1,275
232927,1,275
233037,1,275
233097,1,275
233122,1,275
233127,1,275
233142,1,275
233174,1,275
233184,1,275
233195,1,275
233199,1,275
233215,1,275
233285,1,275
233298,1,275
233443,1,275
233450,1,275
233461,1,275
233469,1,275
233653,1,275
233706,1,275
233709,1,275
233755,1,275
233762,1,275
233808,1,275
233841,1,275
233932,1,275
233940,1,275
234002,1,275
234019,1,275
234031,1,275
234152,1,275
234201,1,275
234244,1,275
234248,1,275
234325,1,275
234352,1,275
234364,1,275
234452,1,275
234463,1,275
234470,1,275
234473,1,275
234476,1,275
234550,1,275
234600,1,275
234604,1,275
234645,1,275
235039,1,275
235052,1,275
235053,1,275
235112,1,275
235116,1,275
235128,1,275
235174,1,275
235289,1,275
235311,1,275
235330,1,275
235341,1,275
235346,1,275
235367,1,275
235409,1,275
235459,1,275
235464,1,275
235500,1,275
235664,1,275
235665,1,275
235676,1,275
235714,1,275
235729,1,275
236043,1,275
236075,1,275
236086,1,275
236090,1,275
236105,1,275
236247,1,275
236275,1,275
236292,1,275
236292,1,275
236302,1,275
236311,1,275
236387,1,275
236473,1,275
236532,1,275
236540,1,275
236584,1,275
236606,1,275
236625,1,275
236634,1,275
236663,1,275
236666,1,275
237076,1,275
237093,1,275
237110,1,275
237138,1,275
237162,1,275
237166,1,275
237169,1,275
237198,1,275
237252,1,275
237263,1,275
237266,1,275
237365,1,275
237409,1,275
237419,1,275
237440,1,275
237483,1,275
237484,1,275
237491,1,275
237571,1,275
237631,1,275
237636,1,275
237641,1,275
237645,1,275
237655,1,275
237656,1,275
237664,1,275
237673,1,275
237697,1,275
237698,1,275
237713,1,275
237748,1,275
237803,1,275
237876,1,275
237909,1,275
237964,1,275
238005,1,275
238021,1,275
238024,1,275
238024,1,275
238026,1,275
238031,1,275
238035,1,275
238039,1,275
238079,1,275
238126,1,275
238153,1,275
238211,1,275
238469,1,275
238524,1,275
238570,1,275
238580,1,275
238668,1,275
238690,1,275
238697,1,275
238794,1,275
238802,1,275
238824,1,275
238999,1,275
239000,1,275
239002,1,275
239021,1,275
239034,1,275
239039,1,275
239062,1,275
239072,1,275
239089,1,275
239124,1,275
239127,1,275
239150,1,275
239155,1,275
239178,1,275
239184,1,275
239197,1,275
239199,1,275
239223,1,275
239226,1,275
239244,1,275
239332,1,275
239473,1,275
239612,1,275
239630,1,275
239640,1,275
239641,1,275
239704,1,275
239717,1,275
239750,1,275
239823,1,275
239856,1,275
239861,1,275
239884,1,275
239887,1,275
239926,1,275
240000,1,275
240050,1,275
240110,1,275
240113,1,275
240127,1,275
240127,1,275
240127,1,275
240129,1,275
240228,1,275
240238,1,275
240277,1,275
240279,1,275
240303,1,275
240311,1,275
240357,1,275
240367,1,275
240435,1,275
240465,1,275
240578,1,275
240609,1,275
240614,1,275
240636,1,275
240643,1,275
240672,1,275
240736,1,275
240773,1,275
240790,1,275
240799,1,275
241005,1,275
241097,1,275
241110,1,275
241166,1,275
241201,1,275
241232,1,275
241251,1,275
241301,1,275
241459,1,275
241529,1,275
241604,1,275
241615,1,275
241615,1,275
241625,1,275
241710,1,275
241725,1,275
241756,1,275
241774,1,275
241896,1,275
241972,1,275
242004,1,275
242030,1,275
242040,1,275
242051,1,275
242055,1,275
242070,1,275
242088,1,275
242151,1,275
242157,1,275
242223,1,275
242439,1,275
242470,1,275
242512,1,275
242528,1,275
242530,1,275
242547,1,275
242552,1,275
242566,1,275
242568,1,275
242576,1,275
242607,1,275
242653,1,275
242688,1,275
242874,1,275
242905,1,275
242932,1,275
243025,1,275
243043,1,275
243072,1,275
243133,1,275
243155,1,275
243186,1,275
243195,1,275
243202,1,275
243232,1,275
243239,1,275
243276,1,275
243304,1,275
243341,1,275
243569,1,275
243569,1,275
243631,1,275
243865,1,275
243924,1,275
243974,1,275
243987,1,275
244002,1,275
244005,1,275
244063,1,275
244072,1,275
244073,1,275
244079,1,275
244101,1,275
244103,1,275
244130,1,275
244130,1,275
244136,1,275
244164,1,275
244241,1,275
244262,1,275
244298,1,275
244330,1,275
244357,1,275
244368,1,275
244399,1,275
244414,1,275
244502,1,275
244508,1,275
244522,1,275
244525,1,275
244537,1,275
244561,1,275
244576,1,275
244591,1,275
244685,1,275
244696,1,275
244716,1,275
244779,1,275
244818,1,275
244818,1,275
244956,1,275
245008,1,275
245064,1,275
245082,1,275
245143,1,275
245172,1,275
245225,1,275
245236,1,275
245396,1,275
245522,1,275
245558,1,275
245561,1,275
245663,1,275
245746,1,275
245870,1,275
245892,1,275
245898,1,275
245950,1,275
245979,1,275
246007,1,275
246067,1,275
246069,1,275
246071,1,275
246074,1,275
246095,1,275
246124,1,275
246164,1,275
246237,1,275
246255,1,275
246266,1,275
246282,1,275
246283,1,275
246284,1,275
246294,1,275
246328,1,275
246341,1,275
246358,1,275
246461,1,275
246521,1,275
246537,1,275
246576,1,275
246576,1,275
246615,1,275
246700,1,275
246829,1,275
247038,1,275
247047,1,275
247107,1,275
247112,1,275
247122,1,275
247136,1,275
247180,1,275
247183,1,275
247356,1,275
247374,1,275
247377,1,275
247424,1,275
247463,1,275
247525,1,275
247812,1,275
247814,1,275
247894,1,275
247928,1,275
247937,1,275
247965,1,275
248000,1,275
248081,1,275
248086,1,275
248138,1,275
248180,1,275
248220,1,275
248380,1,275
248446,1,275
248457,1,275
248553,1,275
248632,1,275
248711,1,275
248834,1,275
248877,1,275
248890,1,275
248932,1,275
248943,1,275
249030,1,275
249038,1,275
249043,1,275
249052,1,275
249088,1,275
249106,1,275
249126,1,275
249202,1,275
249294,1,275
249296,1,275
249348,1,275
249382,1,275
249443,1,275
249448,1,275
249493,1,275
249548,1,275
249580,1,275
249628,1,275
249638,1,275
249646,1,275
249669,1,275
249737,1,275
249746,1,275
249756,1,275
249803,1,275
249864,1,275
249887,1,275
249931,1,275
249943,1,275
249957,1,275
249968,1,275
249976,1,275
249980,1,275
250051,1,275
250067,1,275
250093,1,275
250127,1,275
250150,1,275
250178,1,275
250195,1,275
250271,1,275
250299,1,275
250400,1,275
250440,1,275
250551,1,275
250674,1,275
250695,1,275
250799,1,275
250822,1,275
250935,1,275
250957,1,275
251031,1,275
251125,1,275
251129,1,275
251134,1,275
251137,1,275
251142,1,275
251171,1,275
251180,1,275
251239,1,275
251240,1,275
251302,1,275
251344,1,275
251348,1,275
251440,1,275
251462,1,275
251489,1,275
251588,1,275
251599,1,275
251651,1,275
251741,1,275
251782,1,275
251950,1,275
252033,1,275
252101,1,275
252220,1,275
252385,1,275
252414,1,275
252431,1,275
252447,1,275
252494,1,275
252681,1,275
252743,1,275
252771,1,275
252773,1,275
252822,1,275
252828,1,275
252840,1,275
252849,1,275
252939,1,275
252945,1,275
252960,1,275
253010,1,275
253079,1,275
253097,1,275
253207,1,275
253207,1,275
253209,1,275
253214,1,275
253238,1,275
253262,1,275
253286,1,275
253453,1,275
253486,1,275
253530,1,275
253585,1,275
253607,1,275
253631,1,275
253822,1,275
253985,1,275
254000,1,275
254014,1,275
254047,1,275
254049,1,275
254063,1,275
254211,1,275
254222,1,275
254256,1,275
254303,1,275
254346,1,275
254476,1,275
254578,1,275
254641,1,275
254769,1,275
254779,1,275
254786,1,275
254791,1,275
254833,1,275
254880,1,275
254881,1,275
255112,1,275
255138,1,275
255164,1,275
255185,1,275
255204,1,275
255228,1,275
255253,1,275
255258,1,275
255330,1,275
255349,1,275
255416,1,275
255437,1,275
255481,1,275
255491,1,275
255582,1,275
255657,1,275
255783,1,275
255854,1,275
255887,1,275
255939,1,275
255942,1,275
256005,1,275
256020,1,275
256023,1,275
256032,1,275
256058,1,275
256078,1,275
256082,1,275
256106,1,275
256107,1,275
256139,1,275
256195,1,275
256243,1,275
256248,1,275
256388,1,275
256407,1,275
256486,1,275
256491,1,275
256667,1,275
256688,1,275
256707,1,275
256732,1,275
256740,1,275
256783,1,275
256879,1,275
256900,1,275
256927,1,275
256947,1,275
256964,1,275
257111,1,275
257117,1,275
257169,1,275
257223,1,275
257294,1,275
257309,1,275
257385,1,275
257386,1,275
257431,1,275
257437,1,275
257488,1,275
257544,1,275
257627,1,275
257722,1,275
257732,1,275
257754,1,275
257780,1,275
257813,1,275
258031,1,275
258081,1,275
258125,1,275
258183,1,275
258267,1,275
258279,1,275
258300,1,275
258343,1,275
258357,1,275
258360,1,275
258370,1,275
258440,1,275
258444,1,275
258478,1,275
258615,1,275
258672,1,275
258856,1,275
258858,1,275
258860,1,275
259006,1,275
259007,1,275
259009,1,275
259016,1,275
259173,1,275
259180,1,275
259193,1,275
259254,1,275
259254,1,275
259270,1,275
259345,1,275
259426,1,275
259464,1,275
259470,1,275
259723,1,275
259778,1,275
259797,1,275
259948,1,275
260031,1,275
260040,1,275
260056,1,275
260111,1,275
260164,1,275
260169,1,275
260171,1,275
260262,1,275
260287,1,275
260287,1,275
260407,1,275
260441,1,275
260445,1,275
260597,1,275
260697,1,275
260751,1,275
260777,1,275
261030,1,275
261032,1,275
261056,1,275
261095,1,275
261124,1,275
261301,1,275
261337,1,275
261407,1,275
261409,1,275
261460,1,275
261517,1,275
261558,1,275
261635,1,275
261656,1,275
261659,1,275
261701,1,275
261711,1,275
261722,1,275
261906,1,275
261963,1,275
261980,1,275
262005,1,275
262029,1,275
262058,1,275
262063,1,275
262147,1,275
262153,1,275
262187,1,275
262231,1,275
262240,1,275
262284,1,275
262307,1,275
262313,1,275
262316,1,275
262507,1,275
262658,1,275
262727,1,275
262843,1,275
262861,1,275
263088,1,275
263130,1,275
263450,1,275
263581,1,275
263698,1,275
264023,1,275
264052,1,275
264062,1,275
264074,1,275
264111,1,275
264116,1,275
264123,1,275
264124,1,275
264150,1,275
264179,1,275
264195,1,275
264201,1,275
264201,1,275
264214,1,275
264239,1,275
264259,1,275
264262,1,275
264319,1,275
264481,1,275
264517,1,275
264588,1,275
264766,1,275
264899,1,275
264927,1,275
264932,1,275
264966,1,275
265286,1,275
265461,1,275
265463,1,275
265589,1,275
266123,1,275
266204,1,275
266273,1,275
266283,1,275
266325,1,275
266332,1,275
266374,1,275
266389,1,275
266397,1,275
266520,1,275
266527,1,275
266586,1,275
266652,1,275
266754,1,275
266820,1,275
266850,1,275
266902,1,275
266942,1,275
267252,1,275
267268,1,275
267603,1,275
267605,1,275
267620,1,275
267794,1,275
267837,1,275
267910,1,275
268060,1,275
268099,1,275
268105,1,275
268149,1,275
268156,1,275
268323,1,275
268424,1,275
268588,1,275
268612,1,275
268659,1,275
268782,1,275
268942,1,275
269004,1,275
269100,1,275
269101,1,275
269119,1,275
269233,1,275
269241,1,275
269266,1,275
269291,1,275
269588,1,275
269593,1,275
270248,1,275
270305,1,275
270462,1,275
270501,1,275
270519,1,275
270527,1,275
270536,1,275
271078,1,275
271242,1,275
271264,1,275
271400,1,275
271436,1,275
271575,1,275
271979,1,275
272077,1,275
272089,1,275
272173,1,275
272310,1,275
272890,1,275
273134,1,275
273245,1,275
273298,1,275
273557,1,275
273561,1,275
273788,1,275
273793,1,275
274065,1,275
274107,1,275
274125,1,275
274130,1,275
274143,1,275
274148,1,275
274232,1,275
274319,1,275
274432,1,275
274658,1,275
275104,1,275
275205,1,275
275444,1,275
275786,1,275
275801,1,275
275830,1,275
275867,1,275
276031,1,275
276240,1,275
276687,1,275
276840,1,275
276934,1,275
277323,1,275
277472,1,275
277518,1,275
277840,1,275
277999,1,275
278090,1,275
278168,1,275
278436,1,275
278940,1,275
279011,1,275
279290,1,275
279384,1,275
279481,1,275
279639,1,275
280030,1,275
280495,1,275
280702,1,275
280853,1,275
281226,1,275
281354,1,275
281379,1,275
281561,1,275
281655,1,275
281881,1,275
282213,1,275
282227,1,275
282366,1,275
282707,1,275
282804,1,275
282873,1,275
282873,1,275
282978,1,275
283127,1,275
283389,1,275
283719,1,275
283723,1,275
283816,1,275
283822,1,275
284027,1,275
284041,1,275
284068,1,275
284076,1,275
284078,1,275
284141,1,275
284146,1,275
284204,1,275
284228,1,275
284314,1,275
284317,1,275
284339,1,275
284365,1,275
284381,1,275
284450,1,275
284475,1,275
284490,1,275
284529,1,275
284534,1,275
284549,1,275
284558,1,275
284710,1,275
284872,1,275
285214,1,275
285301,1,275
285309,1,275
285381,1,275
285707,1,275
285813,1,275
286016,1,275
286110,1,275
286148,1,275
286154,1,275
286229,1,275
286524,1,275
287094,1,275
287230,1,275
287562,1,275
287638,1,275
287889,1,275
288101,1,275
288228,1,275
288258,1,275
288277,1,275
288623,1,275
288627,1,275
288722,1,275
288723,1,275
289441,1,275
289897,1,275
290001,1,275
290004,1,275
290111,1,275
290442,1,275
290474,1,275
290479,1,275
290582,1,275
290790,1,275
291202,1,275
