139,1,175
167,1,175
179,1,175
298,1,175
314,1,175
751,1,175
786,1,175
802,1,175
819,1,175
1089,1,175
1370,1,175
1692,1,175
1953,1,175
2016,1,175
2021,1,175
2066,1,175
2337,1,175
2490,1,175
2548,1,175
2754,1,175
2856,1,175
3023,1,175
3238,1,175
3277,1,175
3420,1,175
3420,1,175
3525,1,175
3916,1,175
4073,1,175
4108,1,175
4176,1,175
4194,1,175
4267,1,175
4314,1,175
4358,1,175
4506,1,175
4582,1,175
4930,1,175
5009,1,175
5094,1,175
5406,1,175
5436,1,175
5466,1,175
5549,1,175
5553,1,175
6404,1,175
6430,1,175
6883,1,175
7070,1,175
7195,1,175
7237,1,175
7364,1,175
7369,1,175
7704,1,175
7792,1,175
7913,1,175
8162,1,175
8251,1,175
8282,1,175
8339,1,175
8676,1,175
9056,1,175
9101,1,175
9105,1,175
9173,1,175
9187,1,175
9267,1,175
9280,1,175
9304,1,175
9308,1,175
9484,1,175
9524,1,175
9544,1,175
9579,1,175
9590,1,175
9599,1,175
9647,1,175
9694,1,175
9825,1,175
10003,1,175
10068,1,175
10143,1,175
10304,1,175
10616,1,175
10704,1,175
10709,1,175
10766,1,175
10869,1,175
10991,1,175
11086,1,175
11092,1,175
11364,1,175
11367,1,175
11410,1,175
11495,1,175
11632,1,175
11684,1,175
11868,1,175
12276,1,175
12398,1,175
12407,1,175
12432,1,175
12526,1,175
12659,1,175
13013,1,175
13016,1,175
13094,1,175
13143,1,175
13743,1,175
13863,1,175
14013,1,175
14187,1,175
14318,1,175
14356,1,175
14431,1,175
14469,1,175
14512,1,175
14514,1,175
14581,1,175
14620,1,175
14679,1,175
14748,1,175
14852,1,175
14895,1,175
14959,1,175
15095,1,175
15284,1,175
15288,1,175
15342,1,175
15570,1,175
15770,1,175
16060,1,175
16166,1,175
16253,1,175
16280,1,175
16346,1,175
16453,1,175
16633,1,175
16830,1,175
16837,1,175
16983,1,175
17275,1,175
17934,1,175
18216,1,175
19176,1,175
19226,1,175
19452,1,175
19556,1,175
20236,1,175
20243,1,175
20361,1,175
20470,1,175
21045,1,175
21079,1,175
21096,1,175
21126,1,175
21185,1,175
21251,1,175
21255,1,175
21429,1,175
21478,1,175
21543,1,175
21683,1,175
21684,1,175
21869,1,175
21891,1,175
21927,1,175
21941,1,175
22001,1,175
22065,1,175
22157,1,175
22199,1,175
22209,1,175
22210,1,175
22279,1,175
22324,1,175
22351,1,175
22394,1,175
22428,1,175
22440,1,175
22442,1,175
22589,1,175
22708,1,175
22744,1,175
23057,1,175
23116,1,175
23396,1,175
23620,1,175
23733,1,175
23899,1,175
24009,1,175
24134,1,175
24159,1,175
24169,1,175
24258,1,175
24259,1,175
24412,1,175
24493,1,175
24509,1,175
24553,1,175
24581,1,175
25051,1,175
25186,1,175
25304,1,175
25318,1,175
25335,1,175
25347,1,175
25396,1,175
25425,1,175
25649,1,175
25739,1,175
25773,1,175
26244,1,175
26539,1,175
26618,1,175
27013,1,175
27041,1,175
27063,1,175
27072,1,175
27076,1,175
27144,1,175
27174,1,175
27251,1,175
27326,1,175
27459,1,175
27724,1,175
27860,1,175
27917,1,175
28032,1,175
28050,1,175
28235,1,175
28297,1,175
28365,1,175
28396,1,175
28771,1,175
29065,1,175
29078,1,175
29139,1,175
29215,1,175
29289,1,175
29301,1,175
29307,1,175
29368,1,175
29379,1,175
29500,1,175
29511,1,175
29749,1,175
29955,1,175
29967,1,175
30004,1,175
30063,1,175
30150,1,175
30178,1,175
30259,1,175
30368,1,175
31255,1,175
31255,1,175
31485,1,175
31503,1,175
31948,1,175
32122,1,175
32310,1,175
32337,1,175
32345,1,175
32397,1,175
32942,1,175
33052,1,175
33085,1,175
33134,1,175
33249,1,175
33278,1,175
33393,1,175
33433,1,175
33450,1,175
33496,1,175
33505,1,175
33562,1,175
33564,1,175
33569,1,175
33575,1,175
33585,1,175
33588,1,175
33629,1,175
33682,1,175
33691,1,175
33723,1,175
33920,1,175
33958,1,175
33998,1,175
34005,1,175
34007,1,175
34042,1,175
34051,1,175
34110,1,175
34195,1,175
34229,1,175
34234,1,175
34238,1,175
34245,1,175
34268,1,175
34361,1,175
34406,1,175
34447,1,175
34473,1,175
34501,1,175
34509,1,175
34625,1,175
34823,1,175
34853,1,175
34886,1,175
35025,1,175
35055,1,175
35097,1,175
35280,1,175
35408,1,175
35574,1,175
35763,1,175
35930,1,175
35932,1,175
36017,1,175
36113,1,175
36138,1,175
36193,1,175
36193,1,175
36194,1,175
36222,1,175
36284,1,175
36467,1,175
36490,1,175
36563,1,175
36673,1,175
36675,1,175
36776,1,175
36783,1,175
36873,1,175
36916,1,175
36933,1,175
36952,1,175
37152,1,175
37198,1,175
37204,1,175
37300,1,175
37359,1,175
37397,1,175
37418,1,175
37534,1,175
37658,1,175
38010,1,175
38012,1,175
38040,1,175
38080,1,175
38135,1,175
38217,1,175
38225,1,175
38269,1,175
38446,1,175
38558,1,175
38626,1,175
38648,1,175
38737,1,175
39148,1,175
39160,1,175
39247,1,175
39248,1,175
39317,1,175
39708,1,175
39809,1,175
39856,1,175
39897,1,175
40012,1,175
40024,1,175
40048,1,175
40058,1,175
40109,1,175
40134,1,175
40168,1,175
40174,1,175
40180,1,175
40346,1,175
40398,1,175
40520,1,175
40529,1,175
40557,1,175
40692,1,175
40694,1,175
40861,1,175
40909,1,175
40918,1,175
41089,1,175
41290,1,175
41372,1,175
41503,1,175
41531,1,175
41535,1,175
41703,1,175
41708,1,175
41712,1,175
41784,1,175
41790,1,175
41843,1,175
42063,1,175
42250,1,175
42463,1,175
42549,1,175
42550,1,175
42706,1,175
42755,1,175
42820,1,175
42950,1,175
43020,1,175
43030,1,175
43040,1,175
43045,1,175
43193,1,175
43345,1,175
43738,1,175
43759,1,175
43783,1,175
43982,1,175
43992,1,175
44029,1,175
44091,1,175
44210,1,175
44411,1,175
44420,1,175
44491,1,175
44519,1,175
44632,1,175
45025,1,175
45048,1,175
45049,1,175
45059,1,175
45104,1,175
45109,1,175
45109,1,175
45118,1,175
45173,1,175
45191,1,175
45195,1,175
45215,1,175
45238,1,175
45277,1,175
45280,1,175
45282,1,175
45360,1,175
45361,1,175
45374,1,175
45395,1,175
45404,1,175
45478,1,175
45533,1,175
45545,1,175
45562,1,175
45578,1,175
45587,1,175
45616,1,175
45617,1,175
45661,1,175
45704,1,175
45800,1,175
45818,1,175
45851,1,175
45874,1,175
45911,1,175
45938,1,175
46031,1,175
46035,1,175
46080,1,175
46105,1,175
46202,1,175
46269,1,175
46301,1,175
46345,1,175
46373,1,175
46440,1,175
46471,1,175
46489,1,175
46510,1,175
46530,1,175
46656,1,175
46680,1,175
46686,1,175
46716,1,175
46776,1,175
46823,1,175
46831,1,175
46866,1,175
46876,1,175
46934,1,175
46985,1,175
46997,1,175
47037,1,175
47044,1,175
47065,1,175
47086,1,175
47188,1,175
47200,1,175
47308,1,175
47321,1,175
47350,1,175
47381,1,175
47398,1,175
47400,1,175
47501,1,175
47555,1,175
47618,1,175
47647,1,175
47673,1,175
47718,1,175
47738,1,175
47785,1,175
47791,1,175
47791,1,175
47862,1,175
47891,1,175
47901,1,175
48002,1,175
48040,1,175
48059,1,175
48157,1,175
48176,1,175
48220,1,175
48229,1,175
48302,1,175
48331,1,175
48368,1,175
48514,1,175
48590,1,175
48626,1,175
48635,1,175
48662,1,175
48829,1,175
48831,1,175
48831,1,175
48859,1,175
48880,1,175
48918,1,175
48990,1,175
49007,1,175
49032,1,175
49037,1,175
49052,1,175
49074,1,175
49081,1,175
49193,1,175
49295,1,175
49298,1,175
49315,1,175
49498,1,175
49589,1,175
49708,1,175
49780,1,175
49791,1,175
49809,1,175
49898,1,175
49901,1,175
49903,1,175
49918,1,175
49936,1,175
49940,1,175
49962,1,175
49968,1,175
50004,1,175
50122,1,175
50136,1,175
50143,1,175
50195,1,175
50226,1,175
50228,1,175
50241,1,175
50324,1,175
50427,1,175
50473,1,175
50500,1,175
50588,1,175
50631,1,175
50634,1,175
50652,1,175
50660,1,175
50670,1,175
50697,1,175
50720,1,175
50760,1,175
50855,1,175
50870,1,175
50913,1,175
51028,1,175
51028,1,175
51039,1,175
51044,1,175
51126,1,175
51183,1,175
51211,1,175
51282,1,175
51340,1,175
51485,1,175
51505,1,175
51580,1,175
51604,1,175
51810,1,175
51881,1,175
51964,1,175
51975,1,175
52037,1,175
52051,1,175
52062,1,175
52087,1,175
52100,1,175
52116,1,175
52139,1,175
52169,1,175
52192,1,175
52195,1,175
52213,1,175
52217,1,175
52219,1,175
52274,1,175
52293,1,175
52339,1,175
52380,1,175
52411,1,175
52474,1,175
52510,1,175
52533,1,175
52560,1,175
52683,1,175
52795,1,175
52862,1,175
52974,1,175
53061,1,175
53078,1,175
53117,1,175
53123,1,175
53160,1,175
53164,1,175
53208,1,175
53237,1,175
53241,1,175
53242,1,175
53304,1,175
53311,1,175
53315,1,175
53315,1,175
53321,1,175
53338,1,175
53342,1,175
53345,1,175
53371,1,175
53440,1,175
53508,1,175
53528,1,175
53555,1,175
53617,1,175
53680,1,175
53693,1,175
53741,1,175
53861,1,175
54010,1,175
54065,1,175
54084,1,175
54092,1,175
54111,1,175
54120,1,175
54383,1,175
54401,1,175
54411,1,175
54473,1,175
54575,1,175
54631,1,175
54690,1,175
54711,1,175
54716,1,175
54738,1,175
54760,1,175
54766,1,175
54779,1,175
55055,1,175
55071,1,175
55149,1,175
55290,1,175
55328,1,175
55335,1,175
55358,1,175
55368,1,175
55459,1,175
55511,1,175
55522,1,175
55545,1,175
55549,1,175
55625,1,175
55636,1,175
55651,1,175
55666,1,175
55691,1,175
55705,1,175
55791,1,175
55823,1,175
55907,1,175
55946,1,175
55995,1,175
56000,1,175
56011,1,175
56035,1,175
56095,1,175
56125,1,175
56144,1,175
56187,1,175
56199,1,175
56249,1,175
56304,1,175
56305,1,175
56317,1,175
56344,1,175
56445,1,175
56451,1,175
56457,1,175
56480,1,175
56540,1,175
56608,1,175
56729,1,175
56829,1,175
56844,1,175
57007,1,175
57033,1,175
57038,1,175
57113,1,175
57159,1,175
57193,1,175
57194,1,175
57196,1,175
57303,1,175
57308,1,175
57324,1,175
57326,1,175
57343,1,175
57352,1,175
57358,1,175
57383,1,175
57385,1,175
57427,1,175
57429,1,175
57438,1,175
57445,1,175
57453,1,175
57530,1,175
57533,1,175
57566,1,175
57602,1,175
57606,1,175
57661,1,175
57668,1,175
57673,1,175
57682,1,175
57709,1,175
57739,1,175
57752,1,175
57784,1,175
57882,1,175
57919,1,175
57939,1,175
57947,1,175
58001,1,175
58006,1,175
58042,1,175
58052,1,175
58059,1,175
58075,1,175
58080,1,175
58090,1,175
58176,1,175
58187,1,175
58214,1,175
58250,1,175
58269,1,175
58297,1,175
58301,1,175
58359,1,175
58408,1,175
58409,1,175
58535,1,175
58540,1,175
58577,1,175
58584,1,175
58590,1,175
58599,1,175
58613,1,175
58641,1,175
58683,1,175
58685,1,175
58740,1,175
58760,1,175
58769,1,175
58823,1,175
58829,1,175
58844,1,175
58850,1,175
58901,1,175
58915,1,175
58927,1,175
59018,1,175
59084,1,175
59095,1,175
59200,1,175
59239,1,175
59251,1,175
59260,1,175
59286,1,175
59321,1,175
59356,1,175
59373,1,175
59424,1,175
59434,1,175
59462,1,175
59492,1,175
59493,1,175
59514,1,175
59522,1,175
59526,1,175
59546,1,175
59569,1,175
59579,1,175
59640,1,175
59684,1,175
59712,1,175
59737,1,175
59838,1,175
59880,1,175
59928,1,175
59976,1,175
60040,1,175
60047,1,175
60096,1,175
60134,1,175
60149,1,175
60174,1,175
60187,1,175
60236,1,175
60238,1,175
60249,1,175
60282,1,175
60293,1,175
60302,1,175
60320,1,175
60332,1,175
60367,1,175
60414,1,175
60437,1,175
60456,1,175
60461,1,175
60490,1,175
60548,1,175
60565,1,175
60583,1,175
60618,1,175
60626,1,175
60636,1,175
60647,1,175
60675,1,175
60692,1,175
60744,1,175
60753,1,175
61029,1,175
61041,1,175
61140,1,175
61268,1,175
61270,1,175
61274,1,175
61282,1,175
61297,1,175
61326,1,175
61328,1,175
61337,1,175
61351,1,175
61366,1,175
61369,1,175
61404,1,175
61409,1,175
61417,1,175
61427,1,175
61477,1,175
61487,1,175
61514,1,175
61539,1,175
61542,1,175
61587,1,175
61620,1,175
61652,1,175
61718,1,175
61725,1,175
61739,1,175
61745,1,175
61824,1,175
61829,1,175
62094,1,175
62114,1,175
62138,1,175
62157,1,175
62171,1,175
62182,1,175
62233,1,175
62322,1,175
62361,1,175
62370,1,175
62371,1,175
62381,1,175
62399,1,175
62418,1,175
62460,1,175
62466,1,175
62481,1,175
62485,1,175
62506,1,175
62513,1,175
62522,1,175
62525,1,175
62564,1,175
62571,1,175
62648,1,175
62701,1,175
62717,1,175
62722,1,175
62757,1,175
62807,1,175
62822,1,175
62899,1,175
63025,1,175
63033,1,175
63039,1,175
63045,1,175
63096,1,175
63107,1,175
63178,1,175
63211,1,175
63220,1,175
63338,1,175
63410,1,175
63411,1,175
63447,1,175
63490,1,175
63501,1,175
63507,1,175
63514,1,175
63540,1,175
63577,1,175
63581,1,175
63641,1,175
63710,1,175
63795,1,175
63933,1,175
63945,1,175
63947,1,175
63950,1,175
63982,1,175
64009,1,175
64014,1,175
64025,1,175
64026,1,175
64056,1,175
64070,1,175
64091,1,175
64091,1,175
64110,1,175
64112,1,175
64124,1,175
64139,1,175
64172,1,175
64180,1,175
64271,1,175
64294,1,175
64419,1,175
64424,1,175
64453,1,175
64507,1,175
64570,1,175
64653,1,175
64687,1,175
64728,1,175
64756,1,175
64758,1,175
64899,1,175
64958,1,175
64967,1,175
64967,1,175
65010,1,175
65052,1,175
65076,1,175
65090,1,175
65116,1,175
65127,1,175
65152,1,175
65162,1,175
65164,1,175
65175,1,175
65318,1,175
65320,1,175
65350,1,175
65377,1,175
65391,1,175
65399,1,175
65461,1,175
65461,1,175
65494,1,175
65504,1,175
65564,1,175
65568,1,175
65621,1,175
65672,1,175
65685,1,175
65688,1,175
65698,1,175
65714,1,175
65722,1,175
65747,1,175
65755,1,175
65797,1,175
65812,1,175
65813,1,175
65826,1,175
65935,1,175
66002,1,175
66018,1,175
66025,1,175
66043,1,175
66092,1,175
66137,1,175
66211,1,175
66215,1,175
66218,1,175
66229,1,175
66244,1,175
66263,1,175
66293,1,175
66306,1,175
66320,1,175
66358,1,175
66363,1,175
66368,1,175
66382,1,175
66396,1,175
66485,1,175
66496,1,175
66503,1,175
66613,1,175
66616,1,175
66663,1,175
66694,1,175
66694,1,175
66744,1,175
66818,1,175
66832,1,175
67004,1,175
67014,1,175
67069,1,175
67077,1,175
67096,1,175
67135,1,175
67167,1,175
67206,1,175
67219,1,175
67234,1,175
67241,1,175
67277,1,175
67284,1,175
67299,1,175
67321,1,175
67348,1,175
67412,1,175
67423,1,175
67428,1,175
67467,1,175
67552,1,175
67643,1,175
67672,1,175
67688,1,175
67698,1,175
67773,1,175
67791,1,175
67813,1,175
67817,1,175
67972,1,175
68070,1,175
68121,1,175
68172,1,175
68177,1,175
68238,1,175
68275,1,175
68291,1,175
68298,1,175
68331,1,175
68335,1,175
68370,1,175
68412,1,175
68440,1,175
68460,1,175
68480,1,175
68497,1,175
68548,1,175
68606,1,175
68612,1,175
68645,1,175
68651,1,175
68654,1,175
68729,1,175
68737,1,175
68779,1,175
68794,1,175
68825,1,175
68825,1,175
68889,1,175
68929,1,175
68981,1,175
69000,1,175
69000,1,175
69027,1,175
69031,1,175
69079,1,175
69096,1,175
69099,1,175
69112,1,175
69118,1,175
69125,1,175
69128,1,175
69154,1,175
69173,1,175
69181,1,175
69193,1,175
69194,1,175
69222,1,175
69241,1,175
69247,1,175
69263,1,175
69268,1,175
69322,1,175
69361,1,175
69419,1,175
69447,1,175
69449,1,175
69453,1,175
69461,1,175
69463,1,175
69477,1,175
69480,1,175
69487,1,175
69506,1,175
69516,1,175
69541,1,175
69550,1,175
69560,1,175
69604,1,175
69635,1,175
69670,1,175
69671,1,175
69675,1,175
69686,1,175
69687,1,175
69727,1,175
69739,1,175
69749,1,175
69760,1,175
69764,1,175
69767,1,175
69774,1,175
69781,1,175
69799,1,175
69822,1,175
69859,1,175
69885,1,175
69901,1,175
69913,1,175
69915,1,175
69931,1,175
69933,1,175
69945,1,175
70002,1,175
70004,1,175
70004,1,175
70029,1,175
70030,1,175
70040,1,175
70042,1,175
70088,1,175
70130,1,175
70139,1,175
70145,1,175
70149,1,175
70166,1,175
70174,1,175
70185,1,175
70207,1,175
70228,1,175
70230,1,175
70245,1,175
70286,1,175
70306,1,175
70344,1,175
70375,1,175
70378,1,175
70477,1,175
70511,1,175
70512,1,175
70515,1,175
70523,1,175
70529,1,175
70539,1,175
70631,1,175
70641,1,175
70671,1,175
70706,1,175
70724,1,175
70731,1,175
70761,1,175
70781,1,175
70838,1,175
70848,1,175
70875,1,175
70881,1,175
70905,1,175
70908,1,175
70919,1,175
70931,1,175
70938,1,175
71039,1,175
71056,1,175
71061,1,175
71083,1,175
71100,1,175
71132,1,175
71161,1,175
71173,1,175
71223,1,175
71227,1,175
71227,1,175
71248,1,175
71260,1,175
71316,1,175
71316,1,175
71321,1,175
71336,1,175
71368,1,175
71383,1,175
71389,1,175
71468,1,175
71482,1,175
71504,1,175
71513,1,175
71547,1,175
71560,1,175
71639,1,175
71667,1,175
71718,1,175
71750,1,175
71763,1,175
71816,1,175
71821,1,175
71865,1,175
71874,1,175
71957,1,175
72003,1,175
72016,1,175
72030,1,175
72036,1,175
72061,1,175
72071,1,175
72130,1,175
72138,1,175
72147,1,175
72151,1,175
72154,1,175
72199,1,175
72208,1,175
72231,1,175
72263,1,175
72266,1,175
72269,1,175
72292,1,175
72323,1,175
72326,1,175
72328,1,175
72329,1,175
72361,1,175
72374,1,175
72410,1,175
72418,1,175
72457,1,175
72470,1,175
72614,1,175
72635,1,175
72638,1,175
72643,1,175
72644,1,175
72650,1,175
72677,1,175
72681,1,175
72685,1,175
72694,1,175
72751,1,175
72776,1,175
72779,1,175
72797,1,175
72800,1,175
72820,1,175
72877,1,175
72912,1,175
72922,1,175
72923,1,175
72949,1,175
72968,1,175
72969,1,175
72989,1,175
72998,1,175
73000,1,175
73000,1,175
73003,1,175
73009,1,175
73010,1,175
73012,1,175
73016,1,175
73020,1,175
73037,1,175
73071,1,175
73087,1,175
73163,1,175
73195,1,175
73252,1,175
73260,1,175
73263,1,175
73279,1,175
73326,1,175
73330,1,175
73357,1,175
73361,1,175
73392,1,175
73394,1,175
73418,1,175
73477,1,175
73499,1,175
73541,1,175
73543,1,175
73547,1,175
73565,1,175
73631,1,175
73696,1,175
73706,1,175
73744,1,175
73746,1,175
73878,1,175
73890,1,175
73898,1,175
73947,1,175
73950,1,175
73974,1,175
73989,1,175
74016,1,175
74029,1,175
74043,1,175
74061,1,175
74061,1,175
74065,1,175
74065,1,175
74067,1,175
74080,1,175
74086,1,175
74090,1,175
74124,1,175
74126,1,175
74134,1,175
74160,1,175
74182,1,175
74231,1,175
74246,1,175
74250,1,175
74256,1,175
74274,1,175
74280,1,175
74283,1,175
74347,1,175
74370,1,175
74373,1,175
74375,1,175
74386,1,175
74443,1,175
74451,1,175
74465,1,175
74473,1,175
74482,1,175
74484,1,175
74495,1,175
74557,1,175
74578,1,175
74633,1,175
74663,1,175
74686,1,175
74687,1,175
74729,1,175
74732,1,175
74744,1,175
74747,1,175
74752,1,175
74759,1,175
74792,1,175
74802,1,175
74803,1,175
74832,1,175
75030,1,175
75039,1,175
75069,1,175
75071,1,175
75077,1,175
75133,1,175
75136,1,175
75145,1,175
75158,1,175
75164,1,175
75170,1,175
75175,1,175
75180,1,175
75204,1,175
75219,1,175
75223,1,175
75226,1,175
75232,1,175
75276,1,175
75324,1,175
75350,1,175
75354,1,175
75380,1,175
75410,1,175
75428,1,175
75445,1,175
75467,1,175
75479,1,175
75536,1,175
75547,1,175
75550,1,175
75569,1,175
75574,1,175
75617,1,175
75620,1,175
75632,1,175
75658,1,175
75659,1,175
75670,1,175
75683,1,175
75697,1,175
75716,1,175
75752,1,175
75759,1,175
75787,1,175
76004,1,175
76019,1,175
76039,1,175
76040,1,175
76040,1,175
76070,1,175
76097,1,175
76101,1,175
76126,1,175
76150,1,175
76185,1,175
76187,1,175
76189,1,175
76195,1,175
76201,1,175
76210,1,175
76211,1,175
76218,1,175
76223,1,175
76225,1,175
76240,1,175
76245,1,175
76281,1,175
76295,1,175
76348,1,175
76382,1,175
76400,1,175
76412,1,175
76413,1,175
76473,1,175
76488,1,175
76491,1,175
76510,1,175
76538,1,175
76568,1,175
76627,1,175
76687,1,175
76772,1,175
76778,1,175
76795,1,175
76800,1,175
76812,1,175
76831,1,175
76876,1,175
77061,1,175
77072,1,175
77090,1,175
77114,1,175
77170,1,175
77170,1,175
77173,1,175
77191,1,175
77240,1,175
77255,1,175
77256,1,175
77299,1,175
77341,1,175
77353,1,175
77369,1,175
77396,1,175
77399,1,175
77400,1,175
77402,1,175
77444,1,175
77459,1,175
77506,1,175
77525,1,175
77554,1,175
77591,1,175
77593,1,175
77640,1,175
77664,1,175
77686,1,175
77746,1,175
77766,1,175
77804,1,175
77807,1,175
77814,1,175
77818,1,175
77881,1,175
77884,1,175
77932,1,175
77946,1,175
77978,1,175
77984,1,175
77999,1,175
78046,1,175
78055,1,175
78060,1,175
78062,1,175
78092,1,175
78099,1,175
78115,1,175
78120,1,175
78138,1,175
78147,1,175
78153,1,175
78186,1,175
78186,1,175
78187,1,175
78233,1,175
78238,1,175
78248,1,175
78271,1,175
78340,1,175
78376,1,175
78402,1,175
78452,1,175
78468,1,175
78498,1,175
78511,1,175
78522,1,175
78524,1,175
78548,1,175
78549,1,175
78582,1,175
78623,1,175
78673,1,175
78674,1,175
78708,1,175
78740,1,175
78747,1,175
78757,1,175
78791,1,175
78815,1,175
78833,1,175
78846,1,175
78851,1,175
78858,1,175
78906,1,175
78913,1,175
78918,1,175
79007,1,175
79064,1,175
79114,1,175
79121,1,175
79187,1,175
79190,1,175
79255,1,175
79277,1,175
79293,1,175
79293,1,175
79349,1,175
79367,1,175
79390,1,175
79473,1,175
79487,1,175
79512,1,175
79582,1,175
79616,1,175
79628,1,175
79631,1,175
79632,1,175
79670,1,175
79727,1,175
79739,1,175
79786,1,175
79839,1,175
79850,1,175
79881,1,175
79959,1,175
79964,1,175
79964,1,175
79990,1,175
79993,1,175
80001,1,175
80003,1,175
80019,1,175
80023,1,175
80055,1,175
80059,1,175
80065,1,175
80070,1,175
80073,1,175
80073,1,175
80077,1,175
80093,1,175
80098,1,175
80105,1,175
80107,1,175
80137,1,175
80146,1,175
80148,1,175
80149,1,175
80214,1,175
80255,1,175
80335,1,175
80375,1,175
80384,1,175
80396,1,175
80409,1,175
80460,1,175
80474,1,175
80475,1,175
80476,1,175
80481,1,175
80482,1,175
80506,1,175
80627,1,175
80665,1,175
80678,1,175
80681,1,175
80698,1,175
80702,1,175
80709,1,175
80728,1,175
80729,1,175
80781,1,175
80791,1,175
80828,1,175
80830,1,175
80835,1,175
80843,1,175
80864,1,175
80867,1,175
80873,1,175
80901,1,175
81035,1,175
81037,1,175
81073,1,175
81078,1,175
81088,1,175
81117,1,175
81123,1,175
81129,1,175
81140,1,175
81142,1,175
81155,1,175
81162,1,175
81167,1,175
81219,1,175
81223,1,175
81232,1,175
81256,1,175
81295,1,175
81312,1,175
81313,1,175
81330,1,175
81334,1,175
81357,1,175
81360,1,175
81363,1,175
81404,1,175
81415,1,175
81417,1,175
81461,1,175
81473,1,175
81529,1,175
81535,1,175
81557,1,175
81566,1,175
81581,1,175
81611,1,175
81614,1,175
81649,1,175
81658,1,175
81667,1,175
81679,1,175
81705,1,175
81720,1,175
81730,1,175
81738,1,175
81740,1,175
81757,1,175
81768,1,175
81769,1,175
81780,1,175
81783,1,175
81784,1,175
81799,1,175
81822,1,175
81840,1,175
81854,1,175
81864,1,175
81876,1,175
81887,1,175
81889,1,175
81914,1,175
81934,1,175
82016,1,175
82019,1,175
82108,1,175
82112,1,175
82142,1,175
82177,1,175
82183,1,175
82209,1,175
82211,1,175
82253,1,175
82282,1,175
82289,1,175
82296,1,175
82338,1,175
82355,1,175
82371,1,175
82371,1,175
82398,1,175
82440,1,175
82479,1,175
82489,1,175
82511,1,175
82541,1,175
82559,1,175
82564,1,175
82596,1,175
82607,1,175
82659,1,175
82676,1,175
82701,1,175
82724,1,175
82742,1,175
82752,1,175
82752,1,175
82784,1,175
82785,1,175
82806,1,175
82818,1,175
82835,1,175
82854,1,175
82875,1,175
82910,1,175
82912,1,175
82953,1,175
82960,1,175
82964,1,175
82983,1,175
83016,1,175
83034,1,175
83036,1,175
83049,1,175
83051,1,175
83053,1,175
83074,1,175
83079,1,175
83107,1,175
83165,1,175
83198,1,175
83251,1,175
83267,1,175
83291,1,175
83332,1,175
83335,1,175
83347,1,175
83414,1,175
83437,1,175
83457,1,175
83471,1,175
83485,1,175
83491,1,175
83494,1,175
83496,1,175
83521,1,175
83541,1,175
83572,1,175
83576,1,175
83585,1,175
83608,1,175
83608,1,175
83626,1,175
83659,1,175
83675,1,175
83707,1,175
83711,1,175
83714,1,175
83770,1,175
83811,1,175
83819,1,175
83823,1,175
83830,1,175
83850,1,175
83855,1,175
83870,1,175
83876,1,175
83890,1,175
83895,1,175
83908,1,175
83925,1,175
83962,1,175
83966,1,175
83983,1,175
84013,1,175
84014,1,175
84035,1,175
84117,1,175
84151,1,175
84197,1,175
84199,1,175
84227,1,175
84256,1,175
84291,1,175
84292,1,175
84304,1,175
84367,1,175
84407,1,175
84433,1,175
84449,1,175
84468,1,175
84501,1,175
84514,1,175
84586,1,175
84618,1,175
84626,1,175
84630,1,175
84631,1,175
84636,1,175
84657,1,175
84672,1,175
84685,1,175
84718,1,175
84727,1,175
84741,1,175
84750,1,175
84769,1,175
84791,1,175
84866,1,175
84896,1,175
84897,1,175
84898,1,175
84906,1,175
84911,1,175
84914,1,175
84930,1,175
84996,1,175
85001,1,175
85004,1,175
85020,1,175
85022,1,175
85024,1,175
85032,1,175
85037,1,175
85042,1,175
85064,1,175
85075,1,175
85080,1,175
85082,1,175
85084,1,175
85086,1,175
85093,1,175
85099,1,175
85099,1,175
85101,1,175
85103,1,175
85104,1,175
85107,1,175
85132,1,175
85134,1,175
85146,1,175
85148,1,175
85149,1,175
85149,1,175
85166,1,175
85190,1,175
85203,1,175
85204,1,175
85218,1,175
85234,1,175
85241,1,175
85250,1,175
85262,1,175
85265,1,175
85293,1,175
85302,1,175
85322,1,175
85345,1,175
85363,1,175
85400,1,175
85429,1,175
85445,1,175
85458,1,175
85479,1,175
85483,1,175
85510,1,175
85536,1,175
85548,1,175
85596,1,175
85630,1,175
85649,1,175
85680,1,175
85690,1,175
86004,1,175
86019,1,175
86036,1,175
86065,1,175
86078,1,175
86101,1,175
86123,1,175
86125,1,175
86178,1,175
86192,1,175
86202,1,175
86217,1,175
86226,1,175
86248,1,175
86279,1,175
86292,1,175
86307,1,175
86324,1,175
86324,1,175
86352,1,175
86368,1,175
86375,1,175
86397,1,175
86416,1,175
86439,1,175
86456,1,175
86457,1,175
86491,1,175
86510,1,175
86553,1,175
86561,1,175
86625,1,175
86630,1,175
86630,1,175
86648,1,175
86664,1,175
86668,1,175
86687,1,175
86701,1,175
86717,1,175
86772,1,175
86782,1,175
86806,1,175
86824,1,175
86837,1,175
86845,1,175
86943,1,175
86965,1,175
86975,1,175
87022,1,175
87029,1,175
87072,1,175
87096,1,175
87138,1,175
87144,1,175
87166,1,175
87171,1,175
87177,1,175
87212,1,175
87216,1,175
87245,1,175
87254,1,175
87265,1,175
87281,1,175
87304,1,175
87336,1,175
87351,1,175
87358,1,175
87365,1,175
87383,1,175
87389,1,175
87423,1,175
87427,1,175
87430,1,175
87448,1,175
87471,1,175
87480,1,175
87492,1,175
87523,1,175
87533,1,175
87533,1,175
87540,1,175
87553,1,175
87556,1,175
87593,1,175
87648,1,175
87691,1,175
87717,1,175
87752,1,175
87770,1,175
87795,1,175
87846,1,175
87889,1,175
87945,1,175
87998,1,175
87999,1,175
88015,1,175
88056,1,175
88081,1,175
88090,1,175
88091,1,175
88098,1,175
88099,1,175
88104,1,175
88106,1,175
88116,1,175
88132,1,175
88137,1,175
88149,1,175
88236,1,175
88238,1,175
88247,1,175
88255,1,175
88257,1,175
88265,1,175
88270,1,175
88283,1,175
88287,1,175
88310,1,175
88316,1,175
88342,1,175
88344,1,175
88372,1,175
88375,1,175
88387,1,175
88398,1,175
88421,1,175
88453,1,175
88495,1,175
88511,1,175
88526,1,175
88544,1,175
88571,1,175
88595,1,175
88609,1,175
88641,1,175
88661,1,175
88667,1,175
88697,1,175
88768,1,175
88799,1,175
88810,1,175
88814,1,175
88827,1,175
88840,1,175
88843,1,175
88856,1,175
88856,1,175
88927,1,175
88934,1,175
89030,1,175
89042,1,175
89053,1,175
89070,1,175
89080,1,175
89094,1,175
89094,1,175
89108,1,175
89108,1,175
89112,1,175
89120,1,175
89141,1,175
89141,1,175
89163,1,175
89199,1,175
89200,1,175
89201,1,175
89242,1,175
89245,1,175
89303,1,175
89324,1,175
89335,1,175
89360,1,175
89380,1,175
89395,1,175
89423,1,175
89446,1,175
89451,1,175
89468,1,175
89483,1,175
89511,1,175
89591,1,175
89596,1,175
89625,1,175
89642,1,175
89656,1,175
89659,1,175
89669,1,175
89682,1,175
89687,1,175
89706,1,175
89721,1,175
89727,1,175
89729,1,175
89755,1,175
89773,1,175
89786,1,175
89798,1,175
89822,1,175
90007,1,175
90008,1,175
90016,1,175
90017,1,175
90056,1,175
90100,1,175
90102,1,175
90117,1,175
90181,1,175
90190,1,175
90210,1,175
90249,1,175
90254,1,175
90283,1,175
90312,1,175
90323,1,175
90346,1,175
90357,1,175
90361,1,175
90376,1,175
90384,1,175
90385,1,175
90409,1,175
90414,1,175
90416,1,175
90442,1,175
90452,1,175
90511,1,175
90521,1,175
90533,1,175
90537,1,175
90566,1,175
90586,1,175
90621,1,175
90639,1,175
90647,1,175
90665,1,175
90676,1,175
90749,1,175
90777,1,175
90787,1,175
90791,1,175
90793,1,175
90855,1,175
90871,1,175
90886,1,175
91006,1,175
91020,1,175
91048,1,175
91098,1,175
91099,1,175
91109,1,175
91154,1,175
91155,1,175
91164,1,175
91164,1,175
91171,1,175
91202,1,175
91238,1,175
91244,1,175
91256,1,175
91292,1,175
91300,1,175
91314,1,175
91339,1,175
91345,1,175
91373,1,175
91389,1,175
91392,1,175
91397,1,175
91400,1,175
91419,1,175
91426,1,175
91443,1,175
91447,1,175
91481,1,175
91521,1,175
91549,1,175
91555,1,175
91563,1,175
91615,1,175
91622,1,175
91689,1,175
91722,1,175
91729,1,175
91740,1,175
91773,1,175
91788,1,175
91832,1,175
91853,1,175
91873,1,175
91877,1,175
91879,1,175
91901,1,175
91914,1,175
92051,1,175
92105,1,175
92121,1,175
92149,1,175
92191,1,175
92264,1,175
92266,1,175
92280,1,175
92281,1,175
92291,1,175
92298,1,175
92347,1,175
92367,1,175
92383,1,175
92390,1,175
92395,1,175
92406,1,175
92461,1,175
92487,1,175
92487,1,175
92495,1,175
92513,1,175
92514,1,175
92526,1,175
92560,1,175
92590,1,175
92594,1,175
92623,1,175
92679,1,175
92685,1,175
92696,1,175
92729,1,175
92752,1,175
92754,1,175
92754,1,175
92760,1,175
92809,1,175
92823,1,175
92834,1,175
92840,1,175
92855,1,175
92903,1,175
92904,1,175
92915,1,175
92919,1,175
92921,1,175
92934,1,175
93030,1,175
93062,1,175
93065,1,175
93087,1,175
93090,1,175
93129,1,175
93131,1,175
93136,1,175
93162,1,175
93185,1,175
93187,1,175
93191,1,175
93193,1,175
93202,1,175
93212,1,175
93243,1,175
93252,1,175
93264,1,175
93278,1,175
93334,1,175
93338,1,175
93338,1,175
93352,1,175
93353,1,175
93356,1,175
93356,1,175
93358,1,175
93368,1,175
93396,1,175
93399,1,175
93406,1,175
93407,1,175
93422,1,175
93429,1,175
93436,1,175
93438,1,175
93440,1,175
93443,1,175
93482,1,175
93485,1,175
93516,1,175
93533,1,175
93553,1,175
93570,1,175
93574,1,175
93586,1,175
93597,1,175
93617,1,175
93633,1,175
93659,1,175
93670,1,175
93689,1,175
93692,1,175
93698,1,175
93707,1,175
93715,1,175
93718,1,175
93728,1,175
93731,1,175
93754,1,175
93828,1,175
93846,1,175
93849,1,175
93889,1,175
93889,1,175
93904,1,175
93916,1,175
93931,1,175
93932,1,175
93933,1,175
93935,1,175
93937,1,175
93941,1,175
93952,1,175
94000,1,175
94017,1,175
94022,1,175
94026,1,175
94039,1,175
94061,1,175
94063,1,175
94069,1,175
94104,1,175
94113,1,175
94115,1,175
94127,1,175
94163,1,175
94179,1,175
94211,1,175
94227,1,175
94228,1,175
94265,1,175
94282,1,175
94298,1,175
94319,1,175
94338,1,175
94353,1,175
94354,1,175
94367,1,175
94388,1,175
94422,1,175
94456,1,175
94475,1,175
94537,1,175
94616,1,175
94635,1,175
94651,1,175
94693,1,175
94705,1,175
94706,1,175
94714,1,175
94724,1,175
94755,1,175
94778,1,175
94800,1,175
94801,1,175
94807,1,175
94811,1,175
94830,1,175
94830,1,175
94831,1,175
94835,1,175
94842,1,175
94850,1,175
94856,1,175
94857,1,175
94871,1,175
94876,1,175
95025,1,175
95060,1,175
95062,1,175
95070,1,175
95072,1,175
95072,1,175
95096,1,175
95144,1,175
95162,1,175
95167,1,175
95175,1,175
95266,1,175
95268,1,175
95273,1,175
95278,1,175
95334,1,175
95409,1,175
95415,1,175
95442,1,175
95456,1,175
95466,1,175
95473,1,175
95476,1,175
95477,1,175
95547,1,175
95558,1,175
95694,1,175
95707,1,175
95728,1,175
95741,1,175
95779,1,175
95780,1,175
95790,1,175
95798,1,175
95807,1,175
95811,1,175
95828,1,175
95829,1,175
95843,1,175
95854,1,175
95896,1,175
95911,1,175
95916,1,175
95926,1,175
95970,1,175
95976,1,175
95991,1,175
95996,1,175
96019,1,175
96027,1,175
96051,1,175
96052,1,175
96060,1,175
96070,1,175
96096,1,175
96112,1,175
96128,1,175
96188,1,175
96206,1,175
96227,1,175
96234,1,175
96239,1,175
96267,1,175
96272,1,175
96284,1,175
96289,1,175
96309,1,175
96355,1,175
96356,1,175
96426,1,175
96449,1,175
96455,1,175
96458,1,175
96502,1,175
96520,1,175
96523,1,175
96547,1,175
96552,1,175
96597,1,175
96600,1,175
96603,1,175
96648,1,175
96665,1,175
96701,1,175
96722,1,175
96731,1,175
96744,1,175
96790,1,175
96798,1,175
96804,1,175
96811,1,175
96811,1,175
96906,1,175
96928,1,175
96976,1,175
97020,1,175
97024,1,175
97028,1,175
97028,1,175
97053,1,175
97059,1,175
97074,1,175
97081,1,175
97097,1,175
97107,1,175
97113,1,175
97119,1,175
97136,1,175
97162,1,175
97166,1,175
97169,1,175
97186,1,175
97196,1,175
97198,1,175
97205,1,175
97209,1,175
97214,1,175
97228,1,175
97231,1,175
97310,1,175
97316,1,175
97352,1,175
97352,1,175
97355,1,175
97376,1,175
97382,1,175
97399,1,175
97415,1,175
97461,1,175
97462,1,175
97546,1,175
97574,1,175
97578,1,175
97607,1,175
97638,1,175
97700,1,175
97706,1,175
97737,1,175
97759,1,175
97775,1,175
97786,1,175
97798,1,175
97802,1,175
97803,1,175
97819,1,175
97820,1,175
97827,1,175
97878,1,175
97892,1,175
97928,1,175
97952,1,175
97963,1,175
97971,1,175
97994,1,175
98015,1,175
98017,1,175
98075,1,175
98090,1,175
98092,1,175
98183,1,175
98188,1,175
98193,1,175
98221,1,175
98229,1,175
98231,1,175
98262,1,175
98296,1,175
98340,1,175
98344,1,175
98357,1,175
98365,1,175
98387,1,175
98388,1,175
98473,1,175
98482,1,175
98483,1,175
98488,1,175
98545,1,175
98637,1,175
98642,1,175
98657,1,175
98718,1,175
98719,1,175
98737,1,175
98742,1,175
98744,1,175
98755,1,175
98778,1,175
98787,1,175
98819,1,175
98824,1,175
98839,1,175
98841,1,175
98846,1,175
98866,1,175
98875,1,175
98894,1,175
98943,1,175
98947,1,175
98959,1,175
99006,1,175
99007,1,175
99027,1,175
99031,1,175
99047,1,175
99051,1,175
99067,1,175
99092,1,175
99107,1,175
99138,1,175
99139,1,175
99161,1,175
99179,1,175
99191,1,175
99233,1,175
99259,1,175
99264,1,175
99283,1,175
99286,1,175
99286,1,175
99297,1,175
99327,1,175
99336,1,175
99343,1,175
99345,1,175
99392,1,175
99405,1,175
99432,1,175
99486,1,175
99503,1,175
99515,1,175
99533,1,175
99556,1,175
99558,1,175
99563,1,175
99563,1,175
99599,1,175
99635,1,175
99651,1,175
99664,1,175
99671,1,175
99695,1,175
99703,1,175
99706,1,175
99708,1,175
99759,1,175
99921,1,175
99930,1,175
99933,1,175
99969,1,175
99971,1,175
100005,1,175
100030,1,175
100037,1,175
100038,1,175
100044,1,175
100047,1,175
100063,1,175
100081,1,175
100083,1,175
100151,1,175
100170,1,175
100184,1,175
100199,1,175
100213,1,175
100213,1,175
100250,1,175
100261,1,175
100278,1,175
100298,1,175
100315,1,175
100327,1,175
100341,1,175
100342,1,175
100356,1,175
100365,1,175
100369,1,175
100384,1,175
100440,1,175
100504,1,175
100526,1,175
100531,1,175
100544,1,175
100549,1,175
100593,1,175
100615,1,175
100621,1,175
100659,1,175
100668,1,175
100678,1,175
100685,1,175
100690,1,175
100698,1,175
100699,1,175
100716,1,175
100727,1,175
100769,1,175
100802,1,175
100806,1,175
100813,1,175
100844,1,175
100861,1,175
100863,1,175
101002,1,175
101009,1,175
101021,1,175
101054,1,175
101056,1,175
101083,1,175
101133,1,175
101161,1,175
101171,1,175
101223,1,175
101226,1,175
101228,1,175
101237,1,175
101305,1,175
101380,1,175
101400,1,175
101435,1,175
101513,1,175
101520,1,175
101525,1,175
101563,1,175
101564,1,175
101583,1,175
101628,1,175
101647,1,175
101723,1,175
101807,1,175
101814,1,175
101815,1,175
101859,1,175
101868,1,175
101884,1,175
101896,1,175
101933,1,175
101944,1,175
101951,1,175
102009,1,175
102010,1,175
102013,1,175
102014,1,175
102016,1,175
102034,1,175
102035,1,175
102074,1,175
102076,1,175
102083,1,175
102085,1,175
102103,1,175
102104,1,175
102114,1,175
102128,1,175
102241,1,175
102246,1,175
102248,1,175
102279,1,175
102290,1,175
102305,1,175
102307,1,175
102326,1,175
102327,1,175
102331,1,175
102367,1,175
102388,1,175
102421,1,175
102433,1,175
102445,1,175
102488,1,175
102509,1,175
102537,1,175
102539,1,175
102567,1,175
102574,1,175
102577,1,175
102643,1,175
102661,1,175
102668,1,175
102673,1,175
102692,1,175
102694,1,175
102728,1,175
102764,1,175
102765,1,175
102776,1,175
102783,1,175
102900,1,175
102924,1,175
102930,1,175
102963,1,175
102972,1,175
103004,1,175
103005,1,175
103016,1,175
103035,1,175
103042,1,175
103057,1,175
103078,1,175
103126,1,175
103136,1,175
103165,1,175
103184,1,175
103201,1,175
103219,1,175
103242,1,175
103242,1,175
103243,1,175
103271,1,175
103283,1,175
103287,1,175
103368,1,175
103409,1,175
103478,1,175
103508,1,175
103550,1,175
103562,1,175
103581,1,175
103595,1,175
103617,1,175
103635,1,175
103640,1,175
103642,1,175
103658,1,175
103732,1,175
103739,1,175
103751,1,175
103753,1,175
103799,1,175
103831,1,175
103928,1,175
103929,1,175
103938,1,175
103964,1,175
103981,1,175
103984,1,175
103988,1,175
103995,1,175
104028,1,175
104029,1,175
104089,1,175
104099,1,175
104130,1,175
104189,1,175
104215,1,175
104221,1,175
104239,1,175
104306,1,175
104307,1,175
104336,1,175
104338,1,175
104351,1,175
104360,1,175
104369,1,175
104372,1,175
104374,1,175
104376,1,175
104407,1,175
104446,1,175
104472,1,175
104483,1,175
104490,1,175
104492,1,175
104520,1,175
104581,1,175
104602,1,175
104615,1,175
104654,1,175
104665,1,175
104740,1,175
104788,1,175
104803,1,175
104838,1,175
104840,1,175
104853,1,175
104883,1,175
104888,1,175
104896,1,175
104917,1,175
104918,1,175
104922,1,175
105009,1,175
105011,1,175
105033,1,175
105074,1,175
105096,1,175
105096,1,175
105112,1,175
105138,1,175
105145,1,175
105175,1,175
105216,1,175
105223,1,175
105231,1,175
105259,1,175
105261,1,175
105262,1,175
105268,1,175
105271,1,175
105282,1,175
105283,1,175
105298,1,175
105298,1,175
105318,1,175
105325,1,175
105340,1,175
105344,1,175
105345,1,175
105366,1,175
105368,1,175
105385,1,175
105401,1,175
105407,1,175
105412,1,175
105437,1,175
105462,1,175
105502,1,175
105504,1,175
105522,1,175
105530,1,175
105552,1,175
105559,1,175
105572,1,175
105579,1,175
105587,1,175
105725,1,175
105738,1,175
105741,1,175
105774,1,175
105802,1,175
105810,1,175
105873,1,175
105898,1,175
105898,1,175
105907,1,175
106022,1,175
106026,1,175
106043,1,175
106059,1,175
106130,1,175
106139,1,175
106184,1,175
106188,1,175
106244,1,175
106248,1,175
106254,1,175
106264,1,175
106311,1,175
106322,1,175
106322,1,175
106326,1,175
106339,1,175
106391,1,175
106403,1,175
106424,1,175
106428,1,175
106448,1,175
106515,1,175
106522,1,175
106526,1,175
106575,1,175
106587,1,175
106670,1,175
106730,1,175
106875,1,175
106878,1,175
106908,1,175
106920,1,175
106933,1,175
106935,1,175
106942,1,175
106953,1,175
106968,1,175
106970,1,175
106975,1,175
106991,1,175
107008,1,175
107019,1,175
107042,1,175
107087,1,175
107104,1,175
107117,1,175
107165,1,175
107177,1,175
107177,1,175
107224,1,175
107262,1,175
107310,1,175
107331,1,175
107470,1,175
107499,1,175
107522,1,175
107524,1,175
107533,1,175
107597,1,175
107610,1,175
107682,1,175
107729,1,175
107741,1,175
107757,1,175
107770,1,175
107788,1,175
107846,1,175
107884,1,175
107906,1,175
107907,1,175
107970,1,175
108007,1,175
108012,1,175
108023,1,175
108061,1,175
108064,1,175
108069,1,175
108072,1,175
108106,1,175
108115,1,175
108127,1,175
108170,1,175
108184,1,175
108207,1,175
108214,1,175
108219,1,175
108254,1,175
108265,1,175
108281,1,175
108297,1,175
108356,1,175
108582,1,175
108614,1,175
108620,1,175
108621,1,175
108686,1,175
108765,1,175
108847,1,175
108850,1,175
108895,1,175
108901,1,175
108927,1,175
108941,1,175
108950,1,175
108973,1,175
109002,1,175
109005,1,175
109016,1,175
109017,1,175
109039,1,175
109057,1,175
109067,1,175
109070,1,175
109075,1,175
109087,1,175
109092,1,175
109096,1,175
109102,1,175
109107,1,175
109120,1,175
109123,1,175
109125,1,175
109129,1,175
109143,1,175
109150,1,175
109151,1,175
109158,1,175
109203,1,175
109223,1,175
109252,1,175
109282,1,175
109336,1,175
109340,1,175
109345,1,175
109367,1,175
109369,1,175
109433,1,175
109466,1,175
109466,1,175
109514,1,175
109542,1,175
109549,1,175
109623,1,175
109632,1,175
109636,1,175
109659,1,175
109669,1,175
109715,1,175
109725,1,175
109747,1,175
109764,1,175
109798,1,175
110028,1,175
110046,1,175
110101,1,175
110108,1,175
110162,1,175
110164,1,175
110183,1,175
110189,1,175
110198,1,175
110224,1,175
110225,1,175
110250,1,175
110254,1,175
110264,1,175
110312,1,175
110313,1,175
110333,1,175
110359,1,175
110370,1,175
110391,1,175
110407,1,175
110438,1,175
110466,1,175
110479,1,175
110492,1,175
110534,1,175
110640,1,175
110689,1,175
110723,1,175
110750,1,175
110769,1,175
110784,1,175
110816,1,175
110819,1,175
110820,1,175
110827,1,175
110857,1,175
110873,1,175
110882,1,175
111006,1,175
111046,1,175
111063,1,175
111093,1,175
111100,1,175
111125,1,175
111158,1,175
111193,1,175
111252,1,175
111262,1,175
111270,1,175
111283,1,175
111311,1,175
111318,1,175
111324,1,175
111336,1,175
111352,1,175
111399,1,175
111405,1,175
111420,1,175
111421,1,175
111447,1,175
111473,1,175
111508,1,175
111510,1,175
111528,1,175
111528,1,175
111571,1,175
111578,1,175
111580,1,175
111580,1,175
111637,1,175
111653,1,175
111695,1,175
111762,1,175
111763,1,175
111779,1,175
111803,1,175
111819,1,175
112056,1,175
112068,1,175
112076,1,175
112105,1,175
112124,1,175
112151,1,175
112161,1,175
112162,1,175
112188,1,175
112253,1,175
112254,1,175
112261,1,175
112346,1,175
112371,1,175
112383,1,175
112390,1,175
112432,1,175
112460,1,175
112461,1,175
112478,1,175
112512,1,175
112512,1,175
112534,1,175
112675,1,175
112677,1,175
112724,1,175
112744,1,175
112754,1,175
112783,1,175
112845,1,175
112903,1,175
112904,1,175
112931,1,175
112933,1,175
112939,1,175
112995,1,175
113011,1,175
113046,1,175
113052,1,175
113061,1,175
113081,1,175
113110,1,175
113177,1,175
113181,1,175
113196,1,175
113198,1,175
113229,1,175
113339,1,175
113398,1,175
113416,1,175
113440,1,175
113502,1,175
113544,1,175
113547,1,175
113558,1,175
113591,1,175
113603,1,175
113640,1,175
113669,1,175
113683,1,175
113683,1,175
113688,1,175
113703,1,175
113737,1,175
113755,1,175
113837,1,175
113926,1,175
113926,1,175
114010,1,175
114011,1,175
114030,1,175
114037,1,175
114055,1,175
114060,1,175
114079,1,175
114101,1,175
114102,1,175
114102,1,175
114149,1,175
114158,1,175
114173,1,175
114185,1,175
114204,1,175
114216,1,175
114237,1,175
114239,1,175
114285,1,175
114341,1,175
114363,1,175
114383,1,175
114437,1,175
114447,1,175
114468,1,175
114469,1,175
114475,1,175
114523,1,175
114527,1,175
114538,1,175
114548,1,175
114654,1,175
114812,1,175
114841,1,175
114907,1,175
114950,1,175
115008,1,175
115016,1,175
115019,1,175
115053,1,175
115060,1,175
115061,1,175
115109,1,175
115131,1,175
115168,1,175
115170,1,175
115195,1,175
115201,1,175
115213,1,175
115225,1,175
115242,1,175
115242,1,175
115267,1,175
115313,1,175
115603,1,175
115612,1,175
115619,1,175
115627,1,175
115694,1,175
115697,1,175
115707,1,175
115796,1,175
115797,1,175
115820,1,175
115848,1,175
115915,1,175
116015,1,175
116018,1,175
116023,1,175
116038,1,175
116071,1,175
116080,1,175
116096,1,175
116101,1,175
116101,1,175
116113,1,175
116121,1,175
116134,1,175
116159,1,175
116178,1,175
116195,1,175
116212,1,175
116248,1,175
116266,1,175
116274,1,175
116306,1,175
116323,1,175
116337,1,175
116341,1,175
116352,1,175
116355,1,175
116361,1,175
116385,1,175
116389,1,175
116410,1,175
116464,1,175
116501,1,175
116505,1,175
116511,1,175
116513,1,175
116524,1,175
116536,1,175
116542,1,175
116566,1,175
116598,1,175
116603,1,175
116604,1,175
116690,1,175
116696,1,175
116704,1,175
117005,1,175
117014,1,175
117029,1,175
117053,1,175
117061,1,175
117126,1,175
117180,1,175
117190,1,175
117203,1,175
117272,1,175
117276,1,175
117337,1,175
117340,1,175
117345,1,175
117361,1,175
117372,1,175
117444,1,175
117522,1,175
117542,1,175
117547,1,175
117557,1,175
117582,1,175
117602,1,175
117623,1,175
117652,1,175
117692,1,175
117708,1,175
117733,1,175
117739,1,175
117758,1,175
117758,1,175
117780,1,175
117803,1,175
117869,1,175
117882,1,175
117918,1,175
117982,1,175
117995,1,175
118008,1,175
118084,1,175
118118,1,175
118124,1,175
118153,1,175
118170,1,175
118215,1,175
118223,1,175
118229,1,175
118266,1,175
118282,1,175
118340,1,175
118387,1,175
118495,1,175
118511,1,175
118520,1,175
118535,1,175
118552,1,175
118584,1,175
118750,1,175
118786,1,175
118838,1,175
118910,1,175
118937,1,175
118969,1,175
118979,1,175
119011,1,175
119035,1,175
119058,1,175
119074,1,175
119122,1,175
119152,1,175
119153,1,175
119194,1,175
119200,1,175
119218,1,175
119363,1,175
119439,1,175
119446,1,175
119591,1,175
119633,1,175
119643,1,175
119647,1,175
119801,1,175
119803,1,175
119830,1,175
119870,1,175
119881,1,175
119938,1,175
119983,1,175
120005,1,175
120008,1,175
120020,1,175
120041,1,175
120075,1,175
120087,1,175
120092,1,175
120093,1,175
120103,1,175
120109,1,175
120119,1,175
120127,1,175
120150,1,175
120167,1,175
120180,1,175
120198,1,175
120201,1,175
120208,1,175
120233,1,175
120294,1,175
120407,1,175
120409,1,175
120410,1,175
120413,1,175
120416,1,175
120520,1,175
120521,1,175
120609,1,175
120825,1,175
120932,1,175
120959,1,175
121009,1,175
121037,1,175
121048,1,175
121225,1,175
121264,1,175
121308,1,175
121342,1,175
121363,1,175
121385,1,175
121435,1,175
121485,1,175
121492,1,175
121497,1,175
121525,1,175
121571,1,175
121577,1,175
121602,1,175
121660,1,175
121677,1,175
121700,1,175
121742,1,175
121750,1,175
121771,1,175
121787,1,175
121841,1,175
121892,1,175
122007,1,175
122088,1,175
122119,1,175
122123,1,175
122124,1,175
122184,1,175
122185,1,175
122210,1,175
122234,1,175
122235,1,175
122258,1,175
122275,1,175
122278,1,175
122376,1,175
122407,1,175
122418,1,175
122424,1,175
122428,1,175
122526,1,175
122565,1,175
122610,1,175
122663,1,175
122757,1,175
122797,1,175
122835,1,175
122838,1,175
123171,1,175
123189,1,175
123272,1,175
123299,1,175
123351,1,175
123378,1,175
123388,1,175
123398,1,175
123428,1,175
123461,1,175
123487,1,175
123583,1,175
123593,1,175
123728,1,175
123758,1,175
123816,1,175
123909,1,175
123914,1,175
123917,1,175
123950,1,175
123966,1,175
123973,1,175
123986,1,175
124051,1,175
124069,1,175
124100,1,175
124134,1,175
124148,1,175
124171,1,175
124224,1,175
124228,1,175
124384,1,175
124401,1,175
124425,1,175
124449,1,175
124459,1,175
124628,1,175
124640,1,175
124642,1,175
124688,1,175
124692,1,175
124692,1,175
124808,1,175
124928,1,175
124931,1,175
124977,1,175
124979,1,175
125012,1,175
125059,1,175
125078,1,175
125078,1,175
125097,1,175
125117,1,175
125160,1,175
125238,1,175
125253,1,175
125290,1,175
125330,1,175
125345,1,175
125397,1,175
125429,1,175
125503,1,175
125526,1,175
125535,1,175
125614,1,175
125642,1,175
125664,1,175
125706,1,175
125826,1,175
125837,1,175
125865,1,175
125878,1,175
126081,1,175
126171,1,175
126346,1,175
126425,1,175
126466,1,175
126638,1,175
126641,1,175
126703,1,175
126704,1,175
126711,1,175
126719,1,175
126809,1,175
126841,1,175
126848,1,175
126884,1,175
126959,1,175
126966,1,175
126999,1,175
127048,1,175
127051,1,175
127051,1,175
127059,1,175
127098,1,175
127104,1,175
127170,1,175
127172,1,175
127212,1,175
127224,1,175
127259,1,175
127270,1,175
127270,1,175
127282,1,175
127368,1,175
127377,1,175
127390,1,175
127404,1,175
127520,1,175
127613,1,175
127752,1,175
127840,1,175
127987,1,175
128021,1,175
128122,1,175
128140,1,175
128169,1,175
128207,1,175
128213,1,175
128246,1,175
128260,1,175
128301,1,175
128313,1,175
128347,1,175
128432,1,175
128537,1,175
128678,1,175
128760,1,175
128799,1,175
128819,1,175
128871,1,175
129030,1,175
129088,1,175
129162,1,175
129180,1,175
129183,1,175
129184,1,175
129224,1,175
129232,1,175
129237,1,175
129249,1,175
129292,1,175
129297,1,175
129321,1,175
129349,1,175
129360,1,175
129374,1,175
129451,1,175
129497,1,175
129523,1,175
129582,1,175
129638,1,175
129690,1,175
129744,1,175
129788,1,175
129869,1,175
129894,1,175
129896,1,175
129904,1,175
129905,1,175
129964,1,175
130001,1,175
130022,1,175
130026,1,175
130044,1,175
130056,1,175
130072,1,175
130081,1,175
130093,1,175
130204,1,175
130209,1,175
130367,1,175
130439,1,175
130457,1,175
130580,1,175
130658,1,175
130782,1,175
130795,1,175
130835,1,175
130869,1,175
130878,1,175
130898,1,175
130898,1,175
130899,1,175
130910,1,175
130931,1,175
131027,1,175
131049,1,175
131200,1,175
131222,1,175
131245,1,175
131255,1,175
131291,1,175
131297,1,175
131319,1,175
131400,1,175
131404,1,175
131414,1,175
131552,1,175
131557,1,175
131569,1,175
131622,1,175
131626,1,175
131648,1,175
131671,1,175
132010,1,175
132054,1,175
132058,1,175
132073,1,175
132113,1,175
132143,1,175
132144,1,175
132149,1,175
132189,1,175
132295,1,175
132417,1,175
132498,1,175
132567,1,175
132595,1,175
132596,1,175
132619,1,175
132628,1,175
132772,1,175
133032,1,175
133123,1,175
133138,1,175
133242,1,175
133253,1,175
133275,1,175
133324,1,175
133368,1,175
133530,1,175
133573,1,175
133576,1,175
133603,1,175
133706,1,175
133857,1,175
134074,1,175
134216,1,175
134364,1,175
134382,1,175
134400,1,175
134411,1,175
134536,1,175
134613,1,175
134907,1,175
134911,1,175
134952,1,175
135007,1,175
135019,1,175
135086,1,175
135105,1,175
135105,1,175
135133,1,175
135133,1,175
135146,1,175
135191,1,175
135215,1,175
135254,1,175
135268,1,175
135282,1,175
135293,1,175
135300,1,175
135303,1,175
135317,1,175
135371,1,175
135404,1,175
135448,1,175
136001,1,175
136032,1,175
136075,1,175
136115,1,175
136180,1,175
136215,1,175
136338,1,175
136342,1,175
136446,1,175
136457,1,175
136461,1,175
136474,1,175
136525,1,175
136587,1,175
136635,1,175
136712,1,175
136713,1,175
137022,1,175
137071,1,175
137159,1,175
137248,1,175
137264,1,175
137324,1,175
137348,1,175
137375,1,175
137395,1,175
137414,1,175
137434,1,175
137508,1,175
137562,1,175
137653,1,175
137835,1,175
138021,1,175
138147,1,175
138298,1,175
138523,1,175
138596,1,175
138626,1,175
138696,1,175
138722,1,175
138760,1,175
138775,1,175
138776,1,175
138785,1,175
138793,1,175
138894,1,175
138903,1,175
139015,1,175
139020,1,175
139186,1,175
139249,1,175
139334,1,175
139472,1,175
139568,1,175
139576,1,175
139659,1,175
139698,1,175
139727,1,175
139731,1,175
139835,1,175
139885,1,175
139906,1,175
139913,1,175
140132,1,175
140133,1,175
140233,1,175
140279,1,175
140312,1,175
140338,1,175
140482,1,175
140883,1,175
140900,1,175
141033,1,175
141096,1,175
141101,1,175
141138,1,175
141156,1,175
141168,1,175
141238,1,175
141268,1,175
141419,1,175
141435,1,175
141536,1,175
141539,1,175
141544,1,175
141709,1,175
141742,1,175
141747,1,175
141870,1,175
141931,1,175
142045,1,175
142091,1,175
142123,1,175
142129,1,175
142138,1,175
142544,1,175
142591,1,175
142701,1,175
142785,1,175
142839,1,175
142938,1,175
142982,1,175
143017,1,175
143147,1,175
143198,1,175
143252,1,175
143355,1,175
143442,1,175
143481,1,175
143706,1,175
143793,1,175
143816,1,175
143852,1,175
143898,1,175
144154,1,175
144211,1,175
144312,1,175
144454,1,175
144528,1,175
144629,1,175
144650,1,175
144898,1,175
145036,1,175
145073,1,175
145150,1,175
145213,1,175
145255,1,175
145340,1,175
145443,1,175
145495,1,175
145717,1,175
145830,1,175
145882,1,175
145969,1,175
146110,1,175
146141,1,175
146158,1,175
146228,1,175
146253,1,175
146273,1,175
146288,1,175
146295,1,175
146338,1,175
146391,1,175
146727,1,175
146812,1,175
146893,1,175
147008,1,175
147020,1,175
147051,1,175
147066,1,175
147114,1,175
147275,1,175
147299,1,175
147427,1,175
147659,1,175
147779,1,175
147871,1,175
148028,1,175
148052,1,175
148170,1,175
148220,1,175
148310,1,175
148373,1,175
148387,1,175
148468,1,175
148682,1,175
148789,1,175
148869,1,175
148932,1,175
148960,1,175
149015,1,175
149016,1,175
149091,1,175
149139,1,175
149208,1,175
149230,1,175
149278,1,175
149771,1,175
150007,1,175
150070,1,175
150118,1,175
150211,1,175
150230,1,175
150302,1,175
150409,1,175
150506,1,175
151039,1,175
151211,1,175
151418,1,175
151710,1,175
151763,1,175
151870,1,175
151874,1,175
151883,1,175
151932,1,175
152480,1,175
152627,1,175
152881,1,175
153100,1,175
153109,1,175
153226,1,175
153231,1,175
153257,1,175
153308,1,175
153472,1,175
153482,1,175
153483,1,175
153542,1,175
153568,1,175
153582,1,175
153647,1,175
153694,1,175
153712,1,175
153734,1,175
153773,1,175
154001,1,175
154080,1,175
154161,1,175
154245,1,175
154263,1,175
154266,1,175
154363,1,175
154435,1,175
154518,1,175
154591,1,175
154629,1,175
154699,1,175
155129,1,175
155282,1,175
155371,1,175
155441,1,175
155501,1,175
155736,1,175
155906,1,175
156032,1,175
156083,1,175
156121,1,175
156657,1,175
156683,1,175
156711,1,175
156730,1,175
156757,1,175
156816,1,175
157201,1,175
157382,1,175
157409,1,175
157442,1,175
157463,1,175
158203,1,175
158223,1,175
158396,1,175
158436,1,175
158571,1,175
158683,1,175
158729,1,175
158738,1,175
159016,1,175
159046,1,175
159076,1,175
159092,1,175
159209,1,175
159280,1,175
159294,1,175
159315,1,175
159477,1,175
160043,1,175
160179,1,175
160274,1,175
160393,1,175
160411,1,175
160427,1,175
160753,1,175
160822,1,175
160828,1,175
160865,1,175
160886,1,175
161071,1,175
161085,1,175
161105,1,175
161178,1,175
161192,1,175
162718,1,175
162915,1,175
163121,1,175
163127,1,175
163746,1,175
163759,1,175
163825,1,175
163975,1,175
164110,1,175
164171,1,175
164187,1,175
164433,1,175
164545,1,175
164704,1,175
165024,1,175
165100,1,175
165120,1,175
165134,1,175
165154,1,175
165368,1,175
165375,1,175
165434,1,175
165444,1,175
165497,1,175
165519,1,175
165626,1,175
165727,1,175
165742,1,175
165743,1,175
165981,1,175
166016,1,175
166043,1,175
166053,1,175
166053,1,175
166154,1,175
166156,1,175
166532,1,175
166855,1,175
167053,1,175
167123,1,175
167179,1,175
167215,1,175
167260,1,175
167263,1,175
167274,1,175
167276,1,175
167292,1,175
167323,1,175
167545,1,175
167767,1,175
168080,1,175
168204,1,175
168232,1,175
168242,1,175
168524,1,175
168535,1,175
168552,1,175
168690,1,175
169057,1,175
169256,1,175
169587,1,175
169687,1,175
170133,1,175
170423,1,175
170538,1,175
170589,1,175
170626,1,175
170827,1,175
171003,1,175
171019,1,175
171375,1,175
171686,1,175
171951,1,175
172097,1,175
172119,1,175
172231,1,175
172575,1,175
172630,1,175
172674,1,175
172788,1,175
172820,1,175
172878,1,175
172929,1,175
172984,1,175
172999,1,175
173236,1,175
173413,1,175
173574,1,175
173590,1,175
173623,1,175
174022,1,175
174198,1,175
174746,1,175
174910,1,175
175022,1,175
175448,1,175
175955,1,175
176002,1,175
176277,1,175
176394,1,175
176596,1,175
176682,1,175
176744,1,175
177007,1,175
177026,1,175
177258,1,175
177269,1,175
177351,1,175
177425,1,175
177456,1,175
177498,1,175
177516,1,175
177580,1,175
177584,1,175
177666,1,175
177735,1,175
177830,1,175
177924,1,175
177952,1,175
177966,1,175
177973,1,175
178011,1,175
178121,1,175
178154,1,175
178242,1,175
178244,1,175
178366,1,175
178603,1,175
178705,1,175
178709,1,175
178851,1,175
178905,1,175
178924,1,175
179066,1,175
179232,1,175
179273,1,175
179290,1,175
179300,1,175
179355,1,175
179786,1,175
180107,1,175
180186,1,175
180203,1,175
180255,1,175
180256,1,175
180284,1,175
180652,1,175
181149,1,175
181313,1,175
181396,1,175
181623,1,175
182021,1,175
182117,1,175
182168,1,175
182260,1,175
182432,1,175
182445,1,175
182846,1,175
182925,1,175
183051,1,175
183119,1,175
183133,1,175
183179,1,175
183341,1,175
183429,1,175
183620,1,175
184145,1,175
184282,1,175
184505,1,175
184598,1,175
184677,1,175
184707,1,175
184825,1,175
184830,1,175
185002,1,175
185008,1,175
185037,1,175
185082,1,175
185131,1,175
185197,1,175
185368,1,175
185554,1,175
185579,1,175
185635,1,175
186126,1,175
186264,1,175
186307,1,175
186350,1,175
186363,1,175
186636,1,175
187200,1,175
187636,1,175
187659,1,175
187679,1,175
187696,1,175
187934,1,175
188064,1,175
188208,1,175
188351,1,175
188357,1,175
188544,1,175
189025,1,175
189034,1,175
189181,1,175
189275,1,175
189277,1,175
189321,1,175
189329,1,175
189442,1,175
189623,1,175
189625,1,175
189628,1,175
189635,1,175
189640,1,175
189693,1,175
189711,1,175
189767,1,175
189837,1,175
189837,1,175
189850,1,175
190051,1,175
190304,1,175
190382,1,175
190755,1,175
190763,1,175
190802,1,175
191120,1,175
191153,1,175
191165,1,175
191394,1,175
191404,1,175
191438,1,175
191500,1,175
191516,1,175
192270,1,175
192356,1,175
192379,1,175
192443,1,175
192506,1,175
192513,1,175
192541,1,175
192564,1,175
192580,1,175
192667,1,175
192725,1,175
193164,1,175
193327,1,175
193372,1,175
193464,1,175
193723,1,175
193761,1,175
194101,1,175
194472,1,175
194532,1,175
194699,1,175
194719,1,175
194929,1,175
194940,1,175
195022,1,175
195101,1,175
195172,1,175
195232,1,175
195368,1,175
195471,1,175
195655,1,175
195713,1,175
196095,1,175
196169,1,175
196192,1,175
196233,1,175
196366,1,175
196448,1,175
196581,1,175
196636,1,175
196752,1,175
197168,1,175
197175,1,175
197385,1,175
197397,1,175
197431,1,175
197632,1,175
197943,1,175
198180,1,175
198961,1,175
199005,1,175
199088,1,175
199145,1,175
199212,1,175
199218,1,175
199435,1,175
199461,1,175
199541,1,175
199746,1,175
199802,1,175
199921,1,175
200030,1,175
200074,1,175
200203,1,175
200588,1,175
201020,1,175
201044,1,175
201183,1,175
201203,1,175
201226,1,175
201238,1,175
201250,1,175
201275,1,175
201296,1,175
201328,1,175
201333,1,175
201360,1,175
201441,1,175
201555,1,175
201569,1,175
201574,1,175
201652,1,175
201676,1,175
201693,1,175
201772,1,175
201814,1,175
201844,1,175
201873,1,175
201965,1,175
201975,1,175
202023,1,175
202258,1,175
202267,1,175
202269,1,175
202299,1,175
202308,1,175
202419,1,175
202473,1,175
202582,1,175
202688,1,175
203059,1,175
203583,1,175
203653,1,175
203666,1,175
203952,1,175
204037,1,175
204095,1,175
204219,1,175
204313,1,175
204350,1,175
204427,1,175
204430,1,175
204451,1,175
204478,1,175
204593,1,175
204648,1,175
204759,1,175
204788,1,175
205006,1,175
205020,1,175
205032,1,175
205085,1,175
205111,1,175
205289,1,175
205429,1,175
205481,1,175
205524,1,175
205588,1,175
205828,1,175
206112,1,175
206118,1,175
206459,1,175
206556,1,175
206811,1,175
206819,1,175
206862,1,175
206927,1,175
206955,1,175
207027,1,175
207133,1,175
207144,1,175
207365,1,175
207491,1,175
207522,1,175
207549,1,175
207552,1,175
207615,1,175
207619,1,175
207644,1,175
208079,1,175
208160,1,175
208214,1,175
208257,1,175
208330,1,175
208595,1,175
208799,1,175
208982,1,175
208989,1,175
209074,1,175
209084,1,175
209167,1,175
209196,1,175
209505,1,175
209929,1,175
210160,1,175
210223,1,175
210546,1,175
210821,1,175
210843,1,175
210929,1,175
211016,1,175
211042,1,175
211081,1,175
211150,1,175
211251,1,175
211284,1,175
211599,1,175
211784,1,175
211913,1,175
212103,1,175
212205,1,175
212620,1,175
212858,1,175
212897,1,175
213039,1,175
213072,1,175
213089,1,175
213089,1,175
213090,1,175
213185,1,175
213218,1,175
213317,1,175
213353,1,175
213392,1,175
213449,1,175
213500,1,175
213511,1,175
213589,1,175
213678,1,175
213732,1,175
213789,1,175
213795,1,175
213833,1,175
213895,1,175
213931,1,175
214040,1,175
214052,1,175
214054,1,175
214080,1,175
214082,1,175
214083,1,175
214124,1,175
214163,1,175
214364,1,175
214456,1,175
214618,1,175
214932,1,175
214985,1,175
215001,1,175
215029,1,175
215041,1,175
215070,1,175
215077,1,175
215137,1,175
215148,1,175
215163,1,175
215177,1,175
215184,1,175
215252,1,175
215288,1,175
215444,1,175
215538,1,175
215837,1,175
215981,1,175
215993,1,175
216005,1,175
216053,1,175
216088,1,175
216106,1,175
216188,1,175
216334,1,175
216415,1,175
216564,1,175
216657,1,175
216672,1,175
217002,1,175
217051,1,175
217083,1,175
217179,1,175
217253,1,175
217386,1,175
217727,1,175
217746,1,175
218207,1,175
218220,1,175
218305,1,175
218334,1,175
218346,1,175
218426,1,175
218468,1,175
218645,1,175
218665,1,175
218730,1,175
218846,1,175
218871,1,175
219040,1,175
219042,1,175
219049,1,175
219070,1,175
219157,1,175
219159,1,175
219338,1,175
219421,1,175
219725,1,175
219793,1,175
220046,1,175
220061,1,175
220070,1,175
220146,1,175
220464,1,175
220531,1,175
220586,1,175
220732,1,175
220792,1,175
220828,1,175
220897,1,175
220966,1,175
221002,1,175
221013,1,175
221019,1,175
221032,1,175
221099,1,175
221200,1,175
221200,1,175
221240,1,175
221290,1,175
221372,1,175
221381,1,175
221499,1,175
221559,1,175
222263,1,175
222720,1,175
222938,1,175
223062,1,175
223097,1,175
223124,1,175
223172,1,175
223296,1,175
223320,1,175
223349,1,175
223389,1,175
223396,1,175
223500,1,175
223542,1,175
223557,1,175
223578,1,175
223648,1,175
223753,1,175
223927,1,175
223958,1,175
224123,1,175
224136,1,175
224222,1,175
224286,1,175
224406,1,175
224514,1,175
224524,1,175
224581,1,175
224790,1,175
224904,1,175
225026,1,175
225028,1,175
225029,1,175
225057,1,175
225135,1,175
225273,1,175
225299,1,175
225303,1,175
225348,1,175
225348,1,175
225362,1,175
225408,1,175
225448,1,175
225500,1,175
225586,1,175
225635,1,175
225684,1,175
225699,1,175
225705,1,175
225740,1,175
225763,1,175
225958,1,175
225972,1,175
226007,1,175
226012,1,175
226017,1,175
226055,1,175
226065,1,175
226070,1,175
226071,1,175
226075,1,175
226076,1,175
226102,1,175
226168,1,175
226177,1,175
226180,1,175
226199,1,175
226210,1,175
226224,1,175
226229,1,175
226241,1,175
226292,1,175
226304,1,175
226358,1,175
226486,1,175
226494,1,175
226501,1,175
226510,1,175
226552,1,175
226660,1,175
226678,1,175
227079,1,175
227217,1,175
227234,1,175
227358,1,175
227529,1,175
227553,1,175
227573,1,175
227625,1,175
227632,1,175
227754,1,175
228006,1,175
228019,1,175
228085,1,175
228105,1,175
228119,1,175
228138,1,175
228184,1,175
228207,1,175
228219,1,175
228252,1,175
228261,1,175
228299,1,175
228357,1,175
228361,1,175
228386,1,175
228434,1,175
228526,1,175
228540,1,175
228564,1,175
228578,1,175
228631,1,175
228648,1,175
228675,1,175
228686,1,175
228698,1,175
228752,1,175
228814,1,175
228817,1,175
228828,1,175
228830,1,175
228927,1,175
228984,1,175
228989,1,175
229044,1,175
229070,1,175
229073,1,175
229124,1,175
229161,1,175
229318,1,175
229328,1,175
229382,1,175
229452,1,175
229453,1,175
229529,1,175
229534,1,175
229537,1,175
229545,1,175
229652,1,175
229697,1,175
229850,1,175
230002,1,175
230023,1,175
230053,1,175
230140,1,175
230183,1,175
230204,1,175
230230,1,175
230276,1,175
230293,1,175
230412,1,175
230541,1,175
230563,1,175
230599,1,175
230620,1,175
230655,1,175
230884,1,175
230927,1,175
231016,1,175
231051,1,175
231085,1,175
231087,1,175
231150,1,175
231303,1,175
231438,1,175
231481,1,175
231494,1,175
231534,1,175
231563,1,175
231599,1,175
231604,1,175
231626,1,175
231679,1,175
231806,1,175
231865,1,175
231915,1,175
231920,1,175
231963,1,175
232033,1,175
232047,1,175
232058,1,175
232070,1,175
232081,1,175
232088,1,175
232092,1,175
232136,1,175
232198,1,175
232209,1,175
232287,1,175
232330,1,175
232371,1,175
232405,1,175
232460,1,175
232539,1,175
232540,1,175
232581,1,175
232585,1,175
232774,1,175
232783,1,175
232786,1,175
233058,1,175
233122,1,175
233243,1,175
233250,1,175
233258,1,175
233319,1,175
233432,1,175
233483,1,175
233556,1,175
233557,1,175
233615,1,175
233690,1,175
233851,1,175
233855,1,175
233958,1,175
234006,1,175
234025,1,175
234072,1,175
234095,1,175
234181,1,175
234203,1,175
234215,1,175
234292,1,175
234328,1,175
234416,1,175
234434,1,175
234494,1,175
234675,1,175
234766,1,175
234877,1,175
234913,1,175
234915,1,175
235038,1,175
235131,1,175
235175,1,175
235350,1,175
235380,1,175
235397,1,175
235420,1,175
235494,1,175
235591,1,175
235679,1,175
235780,1,175
235828,1,175
235893,1,175
236007,1,175
236014,1,175
236015,1,175
236064,1,175
236109,1,175
236126,1,175
236155,1,175
236196,1,175
236304,1,175
236328,1,175
236412,1,175
236444,1,175
236471,1,175
236499,1,175
236547,1,175
236734,1,175
236947,1,175
237005,1,175
237010,1,175
237016,1,175
237021,1,175
237025,1,175
237031,1,175
237047,1,175
237055,1,175
237058,1,175
237085,1,175
237095,1,175
237097,1,175
237148,1,175
237153,1,175
237158,1,175
237177,1,175
237197,1,175
237212,1,175
237244,1,175
237257,1,175
237280,1,175
237292,1,175
237331,1,175
237378,1,175
237389,1,175
237433,1,175
237550,1,175
237577,1,175
237587,1,175
237597,1,175
237609,1,175
237634,1,175
237644,1,175
237661,1,175
237697,1,175
237712,1,175
237812,1,175
237813,1,175
237847,1,175
237852,1,175
238026,1,175
238091,1,175
238099,1,175
238183,1,175
238183,1,175
238208,1,175
238230,1,175
238280,1,175
238287,1,175
238294,1,175
238311,1,175
238347,1,175
238373,1,175
238375,1,175
238378,1,175
238405,1,175
238494,1,175
238571,1,175
238576,1,175
238656,1,175
238735,1,175
239204,1,175
239208,1,175
239233,1,175
239268,1,175
239291,1,175
239336,1,175
239469,1,175
239473,1,175
239670,1,175
239779,1,175
239794,1,175
239882,1,175
239914,1,175
239969,1,175
240003,1,175
240025,1,175
240029,1,175
240055,1,175
240085,1,175
240096,1,175
240102,1,175
240102,1,175
240147,1,175
240157,1,175
240205,1,175
240218,1,175
240247,1,175
240267,1,175
240281,1,175
240298,1,175
240380,1,175
240544,1,175
240545,1,175
240611,1,175
240669,1,175
240688,1,175
240693,1,175
240726,1,175
240779,1,175
240801,1,175
240906,1,175
240952,1,175
241033,1,175
241061,1,175
241063,1,175
241079,1,175
241158,1,175
241191,1,175
241192,1,175
241197,1,175
241221,1,175
241226,1,175
241248,1,175
241259,1,175
241342,1,175
241386,1,175
241405,1,175
241472,1,175
241563,1,175
241567,1,175
241580,1,175
241712,1,175
241772,1,175
241776,1,175
241901,1,175
241911,1,175
242051,1,175
242062,1,175
242104,1,175
242115,1,175
242132,1,175
242156,1,175
242273,1,175
242328,1,175
242338,1,175
242392,1,175
242417,1,175
242422,1,175
242475,1,175
242481,1,175
242560,1,175
242567,1,175
242579,1,175
242588,1,175
242597,1,175
242646,1,175
243086,1,175
243144,1,175
243145,1,175
243161,1,175
243173,1,175
243191,1,175
243274,1,175
243312,1,175
243326,1,175
243514,1,175
243519,1,175
243568,1,175
243661,1,175
243718,1,175
243725,1,175
243760,1,175
243761,1,175
243840,1,175
243847,1,175
243866,1,175
243869,1,175
243918,1,175
244010,1,175
244011,1,175
244202,1,175
244221,1,175
244277,1,175
244341,1,175
244361,1,175
244463,1,175
244503,1,175
244530,1,175
244543,1,175
244567,1,175
244583,1,175
244605,1,175
244805,1,175
244806,1,175
244809,1,175
244838,1,175
244913,1,175
244966,1,175
244984,1,175
244995,1,175
245011,1,175
245031,1,175
245066,1,175
245068,1,175
245071,1,175
245119,1,175
245222,1,175
245226,1,175
245268,1,175
245320,1,175
245323,1,175
245342,1,175
245366,1,175
245492,1,175
245650,1,175
245673,1,175
245680,1,175
245748,1,175
245822,1,175
246139,1,175
246170,1,175
246199,1,175
246230,1,175
246319,1,175
246323,1,175
246323,1,175
246362,1,175
246429,1,175
246450,1,175
246481,1,175
246553,1,175
246593,1,175
246609,1,175
246613,1,175
246627,1,175
246636,1,175
246722,1,175
246743,1,175
247033,1,175
247134,1,175
247147,1,175
247177,1,175
247484,1,175
247499,1,175
247501,1,175
247521,1,175
247535,1,175
247554,1,175
247654,1,175
247663,1,175
248009,1,175
248009,1,175
248022,1,175
248027,1,175
248055,1,175
248073,1,175
248128,1,175
248138,1,175
248152,1,175
248167,1,175
248322,1,175
248380,1,175
248411,1,175
248608,1,175
248687,1,175
248711,1,175
248853,1,175
248872,1,175
248893,1,175
249020,1,175
249065,1,175
249074,1,175
249097,1,175
249114,1,175
249128,1,175
249147,1,175
249181,1,175
249192,1,175
249207,1,175
249353,1,175
249353,1,175
249377,1,175
249397,1,175
249452,1,175
249454,1,175
249466,1,175
249468,1,175
249485,1,175
249516,1,175
249553,1,175
249559,1,175
249598,1,175
249683,1,175
249691,1,175
249784,1,175
249790,1,175
249792,1,175
250195,1,175
250201,1,175
250211,1,175
250245,1,175
250262,1,175
250267,1,175
250287,1,175
250291,1,175
250555,1,175
250705,1,175
250808,1,175
250910,1,175
250964,1,175
251056,1,175
251114,1,175
251115,1,175
251140,1,175
251184,1,175
251263,1,175
251268,1,175
251293,1,175
251316,1,175
251434,1,175
251534,1,175
251538,1,175
251583,1,175
251677,1,175
251679,1,175
251737,1,175
251786,1,175
251904,1,175
251957,1,175
252032,1,175
252436,1,175
252438,1,175
252460,1,175
252546,1,175
252729,1,175
252734,1,175
252744,1,175
252749,1,175
252764,1,175
252851,1,175
252882,1,175
252997,1,175
253002,1,175
253024,1,175
253060,1,175
253079,1,175
253080,1,175
253091,1,175
253107,1,175
253119,1,175
253132,1,175
253158,1,175
253161,1,175
253189,1,175
253267,1,175
253451,1,175
253465,1,175
253487,1,175
253493,1,175
253558,1,175
253595,1,175
253605,1,175
253858,1,175
253895,1,175
253955,1,175
254043,1,175
254079,1,175
254084,1,175
254092,1,175
254210,1,175
254237,1,175
254237,1,175
254285,1,175
254378,1,175
254399,1,175
254419,1,175
254469,1,175
254516,1,175
254557,1,175
254751,1,175
254867,1,175
255171,1,175
255296,1,175
255330,1,175
255377,1,175
255460,1,175
255488,1,175
255494,1,175
255503,1,175
255552,1,175
255639,1,175
255676,1,175
255683,1,175
255717,1,175
255750,1,175
255790,1,175
255864,1,175
256074,1,175
256135,1,175
256163,1,175
256203,1,175
256348,1,175
256422,1,175
256433,1,175
256471,1,175
256485,1,175
256500,1,175
256587,1,175
256674,1,175
256789,1,175
256880,1,175
256928,1,175
257007,1,175
257072,1,175
257087,1,175
257159,1,175
257186,1,175
257234,1,175
257238,1,175
257249,1,175
257291,1,175
257338,1,175
257398,1,175
257428,1,175
257449,1,175
257457,1,175
257505,1,175
257552,1,175
257659,1,175
257676,1,175
257731,1,175
257770,1,175
258020,1,175
258059,1,175
258108,1,175
258251,1,175
258373,1,175
258427,1,175
258566,1,175
258567,1,175
258582,1,175
258582,1,175
258661,1,175
258665,1,175
258697,1,175
258727,1,175
258753,1,175
258815,1,175
259030,1,175
259054,1,175
259080,1,175
259096,1,175
259111,1,175
259344,1,175
259363,1,175
259376,1,175
259479,1,175
259733,1,175
259904,1,175
259983,1,175
260086,1,175
260114,1,175
260185,1,175
260242,1,175
260244,1,175
260290,1,175
260397,1,175
260413,1,175
260486,1,175
260494,1,175
260707,1,175
260730,1,175
260738,1,175
260794,1,175
260807,1,175
260825,1,175
260825,1,175
261067,1,175
261074,1,175
261076,1,175
261077,1,175
261141,1,175
261149,1,175
261149,1,175
261152,1,175
261163,1,175
261211,1,175
261316,1,175
261406,1,175
261426,1,175
261503,1,175
261544,1,175
261578,1,175
261620,1,175
261686,1,175
261804,1,175
261818,1,175
261851,1,175
262029,1,175
262066,1,175
262085,1,175
262102,1,175
262203,1,175
262273,1,175
262403,1,175
262529,1,175
262681,1,175
262725,1,175
262838,1,175
263075,1,175
263109,1,175
263123,1,175
263222,1,175
263234,1,175
263335,1,175
263461,1,175
263557,1,175
263663,1,175
263734,1,175
263824,1,175
263830,1,175
263853,1,175
264079,1,175
264166,1,175
264174,1,175
264200,1,175
264375,1,175
264376,1,175
264435,1,175
264636,1,175
264673,1,175
264684,1,175
265016,1,175
265066,1,175
265175,1,175
265204,1,175
265232,1,175
265266,1,175
265399,1,175
265818,1,175
266024,1,175
266031,1,175
266073,1,175
266161,1,175
266358,1,175
266467,1,175
266587,1,175
266601,1,175
266620,1,175
266701,1,175
266762,1,175
266911,1,175
267030,1,175
267273,1,175
267348,1,175
267388,1,175
267404,1,175
267433,1,175
267486,1,175
267495,1,175
267612,1,175
268128,1,175
268318,1,175
268385,1,175
268612,1,175
268628,1,175
268651,1,175
268731,1,175
268740,1,175
268882,1,175
269184,1,175
269373,1,175
269373,1,175
269620,1,175
269777,1,175
269884,1,175
270066,1,175
270069,1,175
270092,1,175
270149,1,175
270678,1,175
270857,1,175
271007,1,175
271044,1,175
271087,1,175
271178,1,175
271201,1,175
271400,1,175
271764,1,175
272077,1,175
272085,1,175
272408,1,175
272616,1,175
273106,1,175
273491,1,175
273883,1,175
273895,1,175
273972,1,175
273977,1,175
274010,1,175
274094,1,175
274416,1,175
274504,1,175
274687,1,175
275039,1,175
275193,1,175
275207,1,175
275409,1,175
275701,1,175
275928,1,175
276132,1,175
276170,1,175
276179,1,175
276197,1,175
276301,1,175
276324,1,175
276416,1,175
277373,1,175
277408,1,175
277663,1,175
277787,1,175
278905,1,175
279332,1,175
279386,1,175
279593,1,175
279761,1,175
280747,1,175
280822,1,175
280894,1,175
281032,1,175
281042,1,175
281074,1,175
281112,1,175
281442,1,175
282078,1,175
282247,1,175
282408,1,175
282467,1,175
282901,1,175
283099,1,175
283104,1,175
283146,1,175
283275,1,175
283376,1,175
283518,1,175
283530,1,175
283562,1,175
283762,1,175
283771,1,175
283906,1,175
283962,1,175
284014,1,175
284022,1,175
284038,1,175
284124,1,175
284130,1,175
284188,1,175
284226,1,175
284593,1,175
284896,1,175
284962,1,175
285034,1,175
285133,1,175
285173,1,175
285192,1,175
285286,1,175
285289,1,175
285646,1,175
285741,1,175
286834,1,175
286968,1,175
287193,1,175
287296,1,175
287368,1,175
287554,1,175
287691,1,175
287701,1,175
287890,1,175
288228,1,175
288251,1,175
288296,1,175
288349,1,175
288585,1,175
288888,1,175
288979,1,175
289053,1,175
289073,1,175
289350,1,175
289551,1,175
289607,1,175
290102,1,175
290303,1,175
291282,1,175
291572,1,175
291720,1,175
