10,1,800
14,1,800
57,1,800
154,1,800
401,1,800
503,1,800
941,1,800
1014,1,800
1072,1,800
1208,1,800
1309,1,800
1516,1,800
1898,1,800
2002,1,800
2053,1,800
2255,1,800
2359,1,800
2541,1,800
2763,1,800
3043,1,800
3058,1,800
3283,1,800
3332,1,800
3364,1,800
3392,1,800
3495,1,800
3528,1,800
3553,1,800
4416,1,800
4511,1,800
4593,1,800
4704,1,800
4713,1,800
4776,1,800
4791,1,800
4795,1,800
5100,1,800
5247,1,800
5325,1,800
5477,1,800
5553,1,800
6054,1,800
6114,1,800
6316,1,800
6508,1,800
6907,1,800
7028,1,800
7140,1,800
7352,1,800
7354,1,800
7384,1,800
7477,1,800
7945,1,800
8023,1,800
8150,1,800
8304,1,800
8350,1,800
9086,1,800
9116,1,800
9147,1,800
9179,1,800
9199,1,800
9279,1,800
9329,1,800
9401,1,800
9434,1,800
9440,1,800
9465,1,800
9526,1,800
9571,1,800
9754,1,800
9781,1,800
10004,1,800
10074,1,800
10116,1,800
10279,1,800
10673,1,800
10805,1,800
10909,1,800
11006,1,800
11131,1,800
11137,1,800
11205,1,800
11208,1,800
11304,1,800
11326,1,800
11627,1,800
11838,1,800
11929,1,800
12024,1,800
12064,1,800
12324,1,800
12496,1,800
12764,1,800
12784,1,800
12787,1,800
12843,1,800
12890,1,800
13130,1,800
13444,1,800
13702,1,800
13770,1,800
13809,1,800
13952,1,800
14052,1,800
14056,1,800
14112,1,800
14114,1,800
14159,1,800
14176,1,800
14197,1,800
14225,1,800
14302,1,800
14378,1,800
14474,1,800
14545,1,800
14874,1,800
15020,1,800
15136,1,800
15145,1,800
15842,1,800
15979,1,800
16027,1,800
16140,1,800
16234,1,800
16753,1,800
16777,1,800
17191,1,800
17355,1,800
17440,1,800
17477,1,800
17707,1,800
18461,1,800
19553,1,800
19779,1,800
19867,1,800
20467,1,800
20479,1,800
20498,1,800
20666,1,800
20833,1,800
21090,1,800
21106,1,800
21439,1,800
21490,1,800
21530,1,800
21537,1,800
21574,1,800
21580,1,800
21584,1,800
21596,1,800
21629,1,800
21633,1,800
21692,1,800
21798,1,800
21801,1,800
21807,1,800
21810,1,800
21812,1,800
22027,1,800
22061,1,800
22260,1,800
22313,1,800
22347,1,800
22389,1,800
22395,1,800
22466,1,800
22477,1,800
22482,1,800
22502,1,800
23089,1,800
23267,1,800
23541,1,800
23644,1,800
23657,1,800
23886,1,800
23927,1,800
24072,1,800
24126,1,800
24157,1,800
24232,1,800
24234,1,800
24253,1,800
24291,1,800
24319,1,800
24592,1,800
24611,1,800
24622,1,800
24674,1,800
24702,1,800
25078,1,800
25233,1,800
25512,1,800
25555,1,800
25671,1,800
26000,1,800
26102,1,800
26149,1,800
26198,1,800
26215,1,800
26570,1,800
26586,1,800
27085,1,800
27281,1,800
27296,1,800
27338,1,800
27671,1,800
27736,1,800
27870,1,800
27910,1,800
27932,1,800
28090,1,800
28370,1,800
28381,1,800
28440,1,800
28468,1,800
28642,1,800
28856,1,800
28905,1,800
29104,1,800
29159,1,800
29228,1,800
29255,1,800
29448,1,800
29491,1,800
29540,1,800
29559,1,800
29957,1,800
30101,1,800
30219,1,800
30331,1,800
30359,1,800
30787,1,800
30930,1,800
31062,1,800
31081,1,800
31104,1,800
31130,1,800
31450,1,800
31563,1,800
32248,1,800
32397,1,800
32414,1,800
32658,1,800
33062,1,800
33063,1,800
33063,1,800
33106,1,800
33116,1,800
33206,1,800
33295,1,800
33340,1,800
33405,1,800
33423,1,800
33427,1,800
33429,1,800
33436,1,800
33438,1,800
33457,1,800
33489,1,800
33513,1,800
33552,1,800
33572,1,800
33584,1,800
33615,1,800
33624,1,800
33648,1,800
33762,1,800
33781,1,800
33799,1,800
34003,1,800
34050,1,800
34074,1,800
34149,1,800
34185,1,800
34188,1,800
34258,1,800
34276,1,800
34303,1,800
34382,1,800
34400,1,800
34444,1,800
34456,1,800
34522,1,800
34576,1,800
35060,1,800
35168,1,800
35177,1,800
35254,1,800
35271,1,800
35450,1,800
35548,1,800
35609,1,800
35719,1,800
35752,1,800
35771,1,800
35786,1,800
36069,1,800
36074,1,800
36192,1,800
36281,1,800
36529,1,800
36564,1,800
36709,1,800
36716,1,800
37069,1,800
37119,1,800
37156,1,800
37159,1,800
37322,1,800
37420,1,800
37549,1,800
37690,1,800
37837,1,800
37879,1,800
37937,1,800
38008,1,800
38208,1,800
38222,1,800
38274,1,800
38294,1,800
38518,1,800
38596,1,800
38683,1,800
38753,1,800
38888,1,800
39041,1,800
39075,1,800
39283,1,800
39290,1,800
39430,1,800
39495,1,800
39583,1,800
39599,1,800
39688,1,800
39724,1,800
39727,1,800
39936,1,800
39959,1,800
40112,1,800
40128,1,800
40303,1,800
40360,1,800
40369,1,800
40390,1,800
40419,1,800
40443,1,800
40496,1,800
40628,1,800
40634,1,800
40677,1,800
40719,1,800
40729,1,800
40748,1,800
41002,1,800
41021,1,800
41052,1,800
41116,1,800
41176,1,800
41196,1,800
41274,1,800
41546,1,800
41562,1,800
41646,1,800
41818,1,800
42197,1,800
42382,1,800
42393,1,800
42399,1,800
42401,1,800
42577,1,800
42617,1,800
42653,1,800
42692,1,800
43066,1,800
43491,1,800
43760,1,800
43965,1,800
43969,1,800
44176,1,800
44209,1,800
44224,1,800
44249,1,800
44323,1,800
44333,1,800
44340,1,800
44376,1,800
44397,1,800
44473,1,800
44506,1,800
44572,1,800
44609,1,800
44796,1,800
45006,1,800
45060,1,800
45064,1,800
45088,1,800
45094,1,800
45098,1,800
45132,1,800
45180,1,800
45183,1,800
45184,1,800
45199,1,800
45214,1,800
45264,1,800
45282,1,800
45288,1,800
45359,1,800
45361,1,800
45404,1,800
45430,1,800
45459,1,800
45461,1,800
45494,1,800
45541,1,800
45544,1,800
45572,1,800
45582,1,800
45613,1,800
45629,1,800
45658,1,800
45720,1,800
46064,1,800
46119,1,800
46138,1,800
46146,1,800
46158,1,800
46171,1,800
46174,1,800
46187,1,800
46204,1,800
46230,1,800
46242,1,800
46275,1,800
46434,1,800
46565,1,800
46590,1,800
46611,1,800
46633,1,800
46657,1,800
46673,1,800
46782,1,800
46801,1,800
46980,1,800
47032,1,800
47090,1,800
47126,1,800
47140,1,800
47182,1,800
47258,1,800
47261,1,800
47270,1,800
47321,1,800
47358,1,800
47362,1,800
47418,1,800
47581,1,800
47630,1,800
47637,1,800
47689,1,800
47758,1,800
47788,1,800
47863,1,800
47872,1,800
47883,1,800
47927,1,800
47955,1,800
47967,1,800
48016,1,800
48023,1,800
48073,1,800
48138,1,800
48159,1,800
48363,1,800
48436,1,800
48455,1,800
48463,1,800
48582,1,800
48616,1,800
48635,1,800
48660,1,800
48725,1,800
48745,1,800
48752,1,800
48868,1,800
48898,1,800
48958,1,800
48984,1,800
48999,1,800
49043,1,800
49074,1,800
49095,1,800
49207,1,800
49211,1,800
49213,1,800
49456,1,800
49477,1,800
49535,1,800
49542,1,800
49544,1,800
49547,1,800
49563,1,800
49661,1,800
49879,1,800
50021,1,800
50082,1,800
50084,1,800
50119,1,800
50129,1,800
50140,1,800
50149,1,800
50190,1,800
50205,1,800
50258,1,800
50272,1,800
50390,1,800
50409,1,800
50556,1,800
50573,1,800
50730,1,800
50814,1,800
50910,1,800
50926,1,800
50946,1,800
50952,1,800
50975,1,800
51015,1,800
51074,1,800
51105,1,800
51164,1,800
51189,1,800
51210,1,800
51226,1,800
51265,1,800
51290,1,800
51292,1,800
51296,1,800
51298,1,800
51352,1,800
51365,1,800
51371,1,800
51401,1,800
51431,1,800
51519,1,800
51560,1,800
51571,1,800
51583,1,800
51631,1,800
51691,1,800
51705,1,800
51800,1,800
51834,1,800
51948,1,800
51953,1,800
51971,1,800
52032,1,800
52065,1,800
52098,1,800
52134,1,800
52270,1,800
52361,1,800
52437,1,800
52438,1,800
52451,1,800
52510,1,800
52553,1,800
52555,1,800
52566,1,800
52587,1,800
52606,1,800
52616,1,800
52686,1,800
52805,1,800
52807,1,800
52873,1,800
52975,1,800
53063,1,800
53110,1,800
53116,1,800
53347,1,800
53385,1,800
53404,1,800
53427,1,800
53474,1,800
53514,1,800
53523,1,800
53535,1,800
53536,1,800
53559,1,800
53577,1,800
53792,1,800
53873,1,800
53927,1,800
53989,1,800
54008,1,800
54048,1,800
54068,1,800
54155,1,800
54193,1,800
54198,1,800
54263,1,800
54292,1,800
54436,1,800
54483,1,800
54530,1,800
54567,1,800
54675,1,800
54682,1,800
54858,1,800
54870,1,800
54883,1,800
54947,1,800
54950,1,800
55027,1,800
55136,1,800
55144,1,800
55172,1,800
55214,1,800
55218,1,800
55282,1,800
55414,1,800
55432,1,800
55451,1,800
55480,1,800
55508,1,800
55539,1,800
55565,1,800
55565,1,800
55588,1,800
55675,1,800
55811,1,800
55900,1,800
55961,1,800
55998,1,800
56021,1,800
56049,1,800
56051,1,800
56060,1,800
56084,1,800
56097,1,800
56107,1,800
56199,1,800
56212,1,800
56223,1,800
56250,1,800
56257,1,800
56311,1,800
56422,1,800
56471,1,800
56500,1,800
56524,1,800
56543,1,800
56617,1,800
56624,1,800
56630,1,800
57028,1,800
57118,1,800
57135,1,800
57179,1,800
57205,1,800
57215,1,800
57264,1,800
57339,1,800
57441,1,800
57449,1,800
57450,1,800
57472,1,800
57475,1,800
57533,1,800
57558,1,800
57575,1,800
57671,1,800
57680,1,800
57714,1,800
57736,1,800
57795,1,800
57858,1,800
57886,1,800
57954,1,800
57966,1,800
57992,1,800
58008,1,800
58015,1,800
58095,1,800
58107,1,800
58114,1,800
58135,1,800
58147,1,800
58171,1,800
58172,1,800
58239,1,800
58245,1,800
58306,1,800
58307,1,800
58354,1,800
58354,1,800
58354,1,800
58359,1,800
58373,1,800
58397,1,800
58397,1,800
58402,1,800
58418,1,800
58424,1,800
58428,1,800
58433,1,800
58434,1,800
58451,1,800
58513,1,800
58538,1,800
58595,1,800
58660,1,800
58703,1,800
58719,1,800
58720,1,800
58747,1,800
58758,1,800
58764,1,800
58767,1,800
58865,1,800
58875,1,800
58954,1,800
58999,1,800
59000,1,800
59005,1,800
59014,1,800
59048,1,800
59049,1,800
59130,1,800
59139,1,800
59162,1,800
59247,1,800
59289,1,800
59309,1,800
59335,1,800
59352,1,800
59361,1,800
59436,1,800
59462,1,800
59473,1,800
59526,1,800
59560,1,800
59563,1,800
59578,1,800
59668,1,800
59690,1,800
59694,1,800
59715,1,800
59755,1,800
59814,1,800
59817,1,800
59831,1,800
59834,1,800
59917,1,800
59918,1,800
60026,1,800
60075,1,800
60302,1,800
60321,1,800
60399,1,800
60424,1,800
60441,1,800
60447,1,800
60457,1,800
60547,1,800
60554,1,800
60670,1,800
60688,1,800
60689,1,800
60704,1,800
60743,1,800
60771,1,800
60774,1,800
60790,1,800
60863,1,800
60881,1,800
60902,1,800
60904,1,800
60951,1,800
60986,1,800
60987,1,800
61018,1,800
61032,1,800
61060,1,800
61086,1,800
61122,1,800
61211,1,800
61224,1,800
61246,1,800
61263,1,800
61270,1,800
61276,1,800
61278,1,800
61322,1,800
61373,1,800
61424,1,800
61430,1,800
61446,1,800
61500,1,800
61512,1,800
61520,1,800
61555,1,800
61606,1,800
61626,1,800
61632,1,800
61667,1,800
61697,1,800
61717,1,800
61758,1,800
61799,1,800
62044,1,800
62103,1,800
62188,1,800
62197,1,800
62215,1,800
62270,1,800
62277,1,800
62331,1,800
62373,1,800
62385,1,800
62403,1,800
62412,1,800
62447,1,800
62460,1,800
62488,1,800
62596,1,800
62597,1,800
62636,1,800
62717,1,800
62769,1,800
62844,1,800
62862,1,800
62926,1,800
62938,1,800
62973,1,800
62990,1,800
63009,1,800
63016,1,800
63072,1,800
63072,1,800
63074,1,800
63083,1,800
63106,1,800
63124,1,800
63131,1,800
63136,1,800
63142,1,800
63156,1,800
63175,1,800
63196,1,800
63200,1,800
63267,1,800
63319,1,800
63330,1,800
63363,1,800
63377,1,800
63409,1,800
63433,1,800
63474,1,800
63490,1,800
63571,1,800
63632,1,800
63687,1,800
63782,1,800
63805,1,800
63809,1,800
63847,1,800
64033,1,800
64089,1,800
64100,1,800
64128,1,800
64160,1,800
64204,1,800
64262,1,800
64302,1,800
64317,1,800
64319,1,800
64342,1,800
64451,1,800
64451,1,800
64468,1,800
64527,1,800
64690,1,800
64703,1,800
64706,1,800
64709,1,800
64725,1,800
64726,1,800
64741,1,800
64777,1,800
64810,1,800
64842,1,800
64966,1,800
64966,1,800
64967,1,800
64986,1,800
65001,1,800
65027,1,800
65050,1,800
65086,1,800
65118,1,800
65229,1,800
65230,1,800
65241,1,800
65253,1,800
65274,1,800
65323,1,800
65332,1,800
65335,1,800
65361,1,800
65371,1,800
65378,1,800
65441,1,800
65512,1,800
65529,1,800
65533,1,800
65553,1,800
65582,1,800
65583,1,800
65604,1,800
65636,1,800
65649,1,800
65672,1,800
65712,1,800
66224,1,800
66233,1,800
66307,1,800
66318,1,800
66346,1,800
66354,1,800
66367,1,800
66378,1,800
66413,1,800
66448,1,800
66464,1,800
66499,1,800
66506,1,800
66514,1,800
66583,1,800
66609,1,800
66700,1,800
66722,1,800
66725,1,800
66744,1,800
66824,1,800
66850,1,800
66899,1,800
66915,1,800
66959,1,800
66977,1,800
67028,1,800
67041,1,800
67091,1,800
67138,1,800
67191,1,800
67262,1,800
67319,1,800
67522,1,800
67532,1,800
67560,1,800
67573,1,800
67590,1,800
67660,1,800
67710,1,800
67718,1,800
67760,1,800
67764,1,800
67848,1,800
67857,1,800
68001,1,800
68010,1,800
68019,1,800
68022,1,800
68034,1,800
68047,1,800
68050,1,800
68055,1,800
68056,1,800
68083,1,800
68090,1,800
68108,1,800
68115,1,800
68146,1,800
68150,1,800
68158,1,800
68262,1,800
68412,1,800
68422,1,800
68500,1,800
68543,1,800
68660,1,800
68692,1,800
68697,1,800
68729,1,800
68758,1,800
68838,1,800
68857,1,800
68869,1,800
68897,1,800
68898,1,800
68929,1,800
68939,1,800
69009,1,800
69022,1,800
69030,1,800
69033,1,800
69039,1,800
69061,1,800
69068,1,800
69071,1,800
69075,1,800
69076,1,800
69103,1,800
69108,1,800
69109,1,800
69167,1,800
69175,1,800
69208,1,800
69208,1,800
69243,1,800
69275,1,800
69326,1,800
69337,1,800
69347,1,800
69353,1,800
69360,1,800
69384,1,800
69390,1,800
69435,1,800
69475,1,800
69495,1,800
69501,1,800
69525,1,800
69584,1,800
69587,1,800
69605,1,800
69638,1,800
69644,1,800
69649,1,800
69659,1,800
69664,1,800
69666,1,800
69715,1,800
69772,1,800
69800,1,800
69806,1,800
69822,1,800
69854,1,800
69889,1,800
69892,1,800
69903,1,800
69908,1,800
69937,1,800
69942,1,800
69982,1,800
70001,1,800
70007,1,800
70008,1,800
70009,1,800
70033,1,800
70039,1,800
70048,1,800
70049,1,800
70062,1,800
70089,1,800
70104,1,800
70130,1,800
70130,1,800
70139,1,800
70147,1,800
70159,1,800
70163,1,800
70192,1,800
70223,1,800
70250,1,800
70272,1,800
70287,1,800
70287,1,800
70379,1,800
70382,1,800
70397,1,800
70432,1,800
70459,1,800
70459,1,800
70499,1,800
70545,1,800
70582,1,800
70585,1,800
70643,1,800
70648,1,800
70665,1,800
70730,1,800
70756,1,800
70764,1,800
70776,1,800
70800,1,800
70818,1,800
70831,1,800
70841,1,800
70853,1,800
70865,1,800
70874,1,800
70881,1,800
70897,1,800
70973,1,800
70977,1,800
71045,1,800
71095,1,800
71108,1,800
71151,1,800
71172,1,800
71175,1,800
71182,1,800
71215,1,800
71227,1,800
71238,1,800
71264,1,800
71286,1,800
71315,1,800
71378,1,800
71406,1,800
71424,1,800
71503,1,800
71513,1,800
71513,1,800
71564,1,800
71604,1,800
71634,1,800
71663,1,800
71677,1,800
71767,1,800
71784,1,800
71828,1,800
71909,1,800
71962,1,800
72012,1,800
72014,1,800
72049,1,800
72056,1,800
72063,1,800
72076,1,800
72101,1,800
72106,1,800
72119,1,800
72122,1,800
72123,1,800
72143,1,800
72144,1,800
72188,1,800
72193,1,800
72201,1,800
72209,1,800
72213,1,800
72230,1,800
72234,1,800
72239,1,800
72269,1,800
72280,1,800
72303,1,800
72343,1,800
72353,1,800
72382,1,800
72389,1,800
72402,1,800
72461,1,800
72519,1,800
72520,1,800
72527,1,800
72529,1,800
72556,1,800
72667,1,800
72674,1,800
72702,1,800
72703,1,800
72716,1,800
72722,1,800
72732,1,800
72737,1,800
72783,1,800
72785,1,800
72808,1,800
72818,1,800
72844,1,800
72876,1,800
72923,1,800
72926,1,800
72937,1,800
72968,1,800
73004,1,800
73012,1,800
73019,1,800
73023,1,800
73051,1,800
73099,1,800
73146,1,800
73171,1,800
73180,1,800
73200,1,800
73207,1,800
73207,1,800
73215,1,800
73237,1,800
73287,1,800
73294,1,800
73318,1,800
73399,1,800
73429,1,800
73435,1,800
73461,1,800
73464,1,800
73477,1,800
73486,1,800
73496,1,800
73509,1,800
73560,1,800
73572,1,800
73586,1,800
73594,1,800
73599,1,800
73650,1,800
73705,1,800
73720,1,800
73728,1,800
73730,1,800
73749,1,800
73759,1,800
73764,1,800
73793,1,800
73799,1,800
74021,1,800
74039,1,800
74047,1,800
74048,1,800
74053,1,800
74063,1,800
74084,1,800
74092,1,800
74106,1,800
74144,1,800
74276,1,800
74289,1,800
74340,1,800
74419,1,800
74482,1,800
74686,1,800
74712,1,800
74738,1,800
74752,1,800
74780,1,800
74809,1,800
74847,1,800
74861,1,800
74865,1,800
74948,1,800
74992,1,800
75012,1,800
75028,1,800
75043,1,800
75044,1,800
75045,1,800
75049,1,800
75059,1,800
75060,1,800
75065,1,800
75067,1,800
75074,1,800
75075,1,800
75089,1,800
75107,1,800
75115,1,800
75124,1,800
75142,1,800
75150,1,800
75161,1,800
75181,1,800
75227,1,800
75245,1,800
75304,1,800
75304,1,800
75309,1,800
75354,1,800
75357,1,800
75372,1,800
75374,1,800
75375,1,800
75375,1,800
75385,1,800
75443,1,800
75539,1,800
75552,1,800
75562,1,800
75567,1,800
75587,1,800
75610,1,800
75623,1,800
75658,1,800
75704,1,800
75710,1,800
75710,1,800
75737,1,800
75739,1,800
75797,1,800
75817,1,800
75817,1,800
75900,1,800
75941,1,800
75948,1,800
75993,1,800
76001,1,800
76013,1,800
76017,1,800
76018,1,800
76025,1,800
76037,1,800
76074,1,800
76111,1,800
76165,1,800
76191,1,800
76228,1,800
76234,1,800
76241,1,800
76254,1,800
76276,1,800
76309,1,800
76318,1,800
76355,1,800
76358,1,800
76369,1,800
76386,1,800
76391,1,800
76407,1,800
76435,1,800
76449,1,800
76450,1,800
76461,1,800
76573,1,800
76698,1,800
76698,1,800
76728,1,800
76759,1,800
76785,1,800
76838,1,800
76845,1,800
76864,1,800
76872,1,800
76976,1,800
76983,1,800
76994,1,800
77022,1,800
77032,1,800
77036,1,800
77068,1,800
77082,1,800
77098,1,800
77108,1,800
77115,1,800
77178,1,800
77218,1,800
77285,1,800
77289,1,800
77302,1,800
77362,1,800
77378,1,800
77387,1,800
77401,1,800
77407,1,800
77509,1,800
77532,1,800
77556,1,800
77561,1,800
77570,1,800
77587,1,800
77607,1,800
77625,1,800
77665,1,800
77741,1,800
77746,1,800
77775,1,800
77781,1,800
77782,1,800
77800,1,800
77831,1,800
77869,1,800
77878,1,800
77900,1,800
77944,1,800
77966,1,800
78041,1,800
78044,1,800
78055,1,800
78062,1,800
78117,1,800
78123,1,800
78135,1,800
78141,1,800
78239,1,800
78259,1,800
78270,1,800
78283,1,800
78330,1,800
78339,1,800
78353,1,800
78368,1,800
78385,1,800
78438,1,800
78440,1,800
78445,1,800
78452,1,800
78463,1,800
78569,1,800
78594,1,800
78608,1,800
78609,1,800
78609,1,800
78611,1,800
78621,1,800
78654,1,800
78654,1,800
78690,1,800
78721,1,800
78723,1,800
78792,1,800
78806,1,800
78807,1,800
78812,1,800
78886,1,800
78915,1,800
78923,1,800
78944,1,800
78966,1,800
79032,1,800
79043,1,800
79091,1,800
79148,1,800
79211,1,800
79218,1,800
79251,1,800
79266,1,800
79283,1,800
79293,1,800
79344,1,800
79359,1,800
79369,1,800
79418,1,800
79448,1,800
79500,1,800
79510,1,800
79516,1,800
79598,1,800
79644,1,800
79648,1,800
79655,1,800
79661,1,800
79664,1,800
79673,1,800
79678,1,800
79688,1,800
79699,1,800
79707,1,800
79720,1,800
79741,1,800
79758,1,800
79767,1,800
79796,1,800
79827,1,800
79894,1,800
79906,1,800
79944,1,800
79979,1,800
80001,1,800
80039,1,800
80105,1,800
80108,1,800
80118,1,800
80137,1,800
80145,1,800
80163,1,800
80178,1,800
80183,1,800
80212,1,800
80215,1,800
80266,1,800
80300,1,800
80309,1,800
80370,1,800
80400,1,800
80428,1,800
80442,1,800
80446,1,800
80471,1,800
80474,1,800
80483,1,800
80500,1,800
80505,1,800
80529,1,800
80541,1,800
80558,1,800
80606,1,800
80610,1,800
80640,1,800
80681,1,800
80700,1,800
80723,1,800
80727,1,800
80767,1,800
80806,1,800
80882,1,800
80906,1,800
81012,1,800
81026,1,800
81038,1,800
81049,1,800
81056,1,800
81107,1,800
81138,1,800
81141,1,800
81155,1,800
81167,1,800
81168,1,800
81187,1,800
81192,1,800
81241,1,800
81291,1,800
81371,1,800
81400,1,800
81400,1,800
81431,1,800
81447,1,800
81447,1,800
81469,1,800
81487,1,800
81504,1,800
81510,1,800
81584,1,800
81588,1,800
81589,1,800
81631,1,800
81648,1,800
81650,1,800
81726,1,800
81735,1,800
81743,1,800
81765,1,800
81769,1,800
81799,1,800
81805,1,800
81814,1,800
81820,1,800
81821,1,800
81836,1,800
81879,1,800
81903,1,800
81950,1,800
81955,1,800
81958,1,800
81959,1,800
81966,1,800
82001,1,800
82008,1,800
82013,1,800
82022,1,800
82037,1,800
82039,1,800
82048,1,800
82055,1,800
82058,1,800
82059,1,800
82084,1,800
82084,1,800
82085,1,800
82089,1,800
82094,1,800
82103,1,800
82120,1,800
82149,1,800
82173,1,800
82184,1,800
82284,1,800
82285,1,800
82367,1,800
82421,1,800
82445,1,800
82453,1,800
82457,1,800
82458,1,800
82461,1,800
82489,1,800
82528,1,800
82540,1,800
82559,1,800
82574,1,800
82582,1,800
82583,1,800
82586,1,800
82621,1,800
82663,1,800
82697,1,800
82712,1,800
82719,1,800
82734,1,800
82755,1,800
82780,1,800
82822,1,800
82830,1,800
82839,1,800
82845,1,800
82901,1,800
82905,1,800
82906,1,800
82907,1,800
83004,1,800
83036,1,800
83044,1,800
83077,1,800
83080,1,800
83109,1,800
83115,1,800
83118,1,800
83141,1,800
83150,1,800
83154,1,800
83156,1,800
83176,1,800
83259,1,800
83268,1,800
83288,1,800
83295,1,800
83295,1,800
83302,1,800
83338,1,800
83351,1,800
83358,1,800
83391,1,800
83471,1,800
83481,1,800
83488,1,800
83544,1,800
83623,1,800
83682,1,800
83683,1,800
83725,1,800
83760,1,800
83777,1,800
83784,1,800
83817,1,800
83820,1,800
83824,1,800
83849,1,800
83874,1,800
83909,1,800
83910,1,800
83949,1,800
83976,1,800
83976,1,800
83986,1,800
84006,1,800
84025,1,800
84044,1,800
84055,1,800
84068,1,800
84088,1,800
84155,1,800
84158,1,800
84221,1,800
84253,1,800
84292,1,800
84299,1,800
84305,1,800
84314,1,800
84325,1,800
84355,1,800
84368,1,800
84395,1,800
84423,1,800
84429,1,800
84433,1,800
84502,1,800
84510,1,800
84566,1,800
84577,1,800
84582,1,800
84593,1,800
84636,1,800
84670,1,800
84697,1,800
84742,1,800
84750,1,800
84770,1,800
84778,1,800
84835,1,800
84851,1,800
84852,1,800
84865,1,800
84871,1,800
84881,1,800
84899,1,800
84902,1,800
84948,1,800
84978,1,800
84996,1,800
85011,1,800
85018,1,800
85021,1,800
85028,1,800
85042,1,800
85067,1,800
85091,1,800
85111,1,800
85135,1,800
85153,1,800
85175,1,800
85183,1,800
85203,1,800
85211,1,800
85215,1,800
85233,1,800
85238,1,800
85354,1,800
85365,1,800
85371,1,800
85411,1,800
85433,1,800
85456,1,800
85456,1,800
85507,1,800
85537,1,800
85553,1,800
85570,1,800
85585,1,800
85614,1,800
85627,1,800
85663,1,800
85700,1,800
85721,1,800
85738,1,800
85767,1,800
85790,1,800
85793,1,800
85813,1,800
85863,1,800
85878,1,800
85887,1,800
85902,1,800
85915,1,800
85949,1,800
86026,1,800
86047,1,800
86129,1,800
86136,1,800
86149,1,800
86158,1,800
86190,1,800
86194,1,800
86280,1,800
86281,1,800
86288,1,800
86291,1,800
86327,1,800
86378,1,800
86390,1,800
86395,1,800
86421,1,800
86456,1,800
86473,1,800
86493,1,800
86494,1,800
86507,1,800
86561,1,800
86568,1,800
86578,1,800
86584,1,800
86597,1,800
86604,1,800
86614,1,800
86676,1,800
86711,1,800
86712,1,800
86728,1,800
86760,1,800
86808,1,800
86811,1,800
86826,1,800
86827,1,800
86862,1,800
86863,1,800
86875,1,800
86882,1,800
86896,1,800
86898,1,800
86905,1,800
86907,1,800
87006,1,800
87018,1,800
87038,1,800
87057,1,800
87099,1,800
87110,1,800
87131,1,800
87132,1,800
87145,1,800
87169,1,800
87186,1,800
87202,1,800
87265,1,800
87271,1,800
87282,1,800
87325,1,800
87351,1,800
87408,1,800
87413,1,800
87469,1,800
87479,1,800
87481,1,800
87524,1,800
87539,1,800
87548,1,800
87575,1,800
87587,1,800
87588,1,800
87653,1,800
87690,1,800
87735,1,800
87743,1,800
87804,1,800
87817,1,800
87827,1,800
87840,1,800
87844,1,800
87907,1,800
87921,1,800
87930,1,800
87949,1,800
87990,1,800
88007,1,800
88022,1,800
88029,1,800
88061,1,800
88086,1,800
88106,1,800
88109,1,800
88118,1,800
88146,1,800
88155,1,800
88157,1,800
88182,1,800
88186,1,800
88193,1,800
88195,1,800
88210,1,800
88217,1,800
88251,1,800
88294,1,800
88320,1,800
88330,1,800
88340,1,800
88391,1,800
88413,1,800
88438,1,800
88484,1,800
88504,1,800
88511,1,800
88724,1,800
88780,1,800
88800,1,800
88803,1,800
88841,1,800
88873,1,800
88876,1,800
88885,1,800
88903,1,800
88919,1,800
88928,1,800
88955,1,800
89003,1,800
89018,1,800
89027,1,800
89059,1,800
89078,1,800
89139,1,800
89163,1,800
89174,1,800
89175,1,800
89196,1,800
89199,1,800
89219,1,800
89254,1,800
89255,1,800
89279,1,800
89285,1,800
89322,1,800
89367,1,800
89369,1,800
89383,1,800
89398,1,800
89399,1,800
89411,1,800
89452,1,800
89491,1,800
89526,1,800
89532,1,800
89538,1,800
89561,1,800
89562,1,800
89577,1,800
89585,1,800
89623,1,800
89629,1,800
89643,1,800
89660,1,800
89695,1,800
89711,1,800
89760,1,800
89772,1,800
89772,1,800
89789,1,800
89803,1,800
89803,1,800
89817,1,800
89822,1,800
89840,1,800
89861,1,800
89866,1,800
89917,1,800
89918,1,800
89943,1,800
90009,1,800
90010,1,800
90017,1,800
90032,1,800
90045,1,800
90053,1,800
90093,1,800
90096,1,800
90110,1,800
90117,1,800
90191,1,800
90201,1,800
90220,1,800
90250,1,800
90316,1,800
90331,1,800
90347,1,800
90354,1,800
90398,1,800
90401,1,800
90416,1,800
90423,1,800
90431,1,800
90471,1,800
90505,1,800
90550,1,800
90563,1,800
90575,1,800
90612,1,800
90627,1,800
90659,1,800
90667,1,800
90692,1,800
90694,1,800
90710,1,800
90722,1,800
90750,1,800
90759,1,800
90766,1,800
90769,1,800
90774,1,800
91015,1,800
91039,1,800
91047,1,800
91047,1,800
91081,1,800
91097,1,800
91098,1,800
91106,1,800
91112,1,800
91131,1,800
91152,1,800
91175,1,800
91213,1,800
91240,1,800
91244,1,800
91274,1,800
91312,1,800
91325,1,800
91330,1,800
91332,1,800
91340,1,800
91442,1,800
91452,1,800
91458,1,800
91473,1,800
91524,1,800
91581,1,800
91583,1,800
91599,1,800
91602,1,800
91610,1,800
91639,1,800
91674,1,800
91711,1,800
91716,1,800
91772,1,800
91776,1,800
91794,1,800
91804,1,800
91821,1,800
91876,1,800
91989,1,800
91997,1,800
92019,1,800
92166,1,800
92198,1,800
92219,1,800
92224,1,800
92260,1,800
92269,1,800
92358,1,800
92359,1,800
92376,1,800
92380,1,800
92413,1,800
92429,1,800
92540,1,800
92553,1,800
92608,1,800
92609,1,800
92647,1,800
92695,1,800
92698,1,800
92725,1,800
92732,1,800
92741,1,800
92766,1,800
92799,1,800
92806,1,800
92825,1,800
92860,1,800
92884,1,800
92885,1,800
92901,1,800
92927,1,800
92936,1,800
92951,1,800
92959,1,800
92978,1,800
92990,1,800
93002,1,800
93006,1,800
93020,1,800
93039,1,800
93039,1,800
93040,1,800
93053,1,800
93053,1,800
93058,1,800
93069,1,800
93087,1,800
93109,1,800
93109,1,800
93183,1,800
93184,1,800
93191,1,800
93200,1,800
93203,1,800
93208,1,800
93246,1,800
93259,1,800
93271,1,800
93279,1,800
93321,1,800
93322,1,800
93322,1,800
93325,1,800
93336,1,800
93366,1,800
93380,1,800
93413,1,800
93415,1,800
93439,1,800
93461,1,800
93476,1,800
93482,1,800
93493,1,800
93504,1,800
93519,1,800
93532,1,800
93535,1,800
93542,1,800
93547,1,800
93551,1,800
93554,1,800
93558,1,800
93586,1,800
93593,1,800
93635,1,800
93641,1,800
93654,1,800
93729,1,800
93741,1,800
93755,1,800
93776,1,800
93779,1,800
93807,1,800
93817,1,800
93832,1,800
93849,1,800
93876,1,800
93901,1,800
93937,1,800
93939,1,800
93949,1,800
93959,1,800
93965,1,800
93971,1,800
93991,1,800
94016,1,800
94025,1,800
94033,1,800
94038,1,800
94043,1,800
94079,1,800
94089,1,800
94123,1,800
94143,1,800
94267,1,800
94272,1,800
94273,1,800
94274,1,800
94280,1,800
94295,1,800
94347,1,800
94360,1,800
94397,1,800
94398,1,800
94400,1,800
94401,1,800
94416,1,800
94430,1,800
94437,1,800
94443,1,800
94460,1,800
94461,1,800
94476,1,800
94489,1,800
94512,1,800
94562,1,800
94572,1,800
94580,1,800
94596,1,800
94597,1,800
94614,1,800
94619,1,800
94627,1,800
94650,1,800
94650,1,800
94657,1,800
94661,1,800
94685,1,800
94752,1,800
94761,1,800
94763,1,800
94802,1,800
94802,1,800
94806,1,800
94867,1,800
94891,1,800
94912,1,800
94932,1,800
95027,1,800
95036,1,800
95039,1,800
95054,1,800
95056,1,800
95057,1,800
95074,1,800
95090,1,800
95140,1,800
95185,1,800
95212,1,800
95214,1,800
95224,1,800
95226,1,800
95234,1,800
95238,1,800
95343,1,800
95347,1,800
95354,1,800
95396,1,800
95401,1,800
95417,1,800
95447,1,800
95510,1,800
95549,1,800
95579,1,800
95580,1,800
95580,1,800
95628,1,800
95631,1,800
95632,1,800
95641,1,800
95642,1,800
95686,1,800
95696,1,800
95775,1,800
95776,1,800
95781,1,800
95799,1,800
95812,1,800
95831,1,800
95840,1,800
95857,1,800
95876,1,800
95920,1,800
95971,1,800
95991,1,800
96001,1,800
96004,1,800
96005,1,800
96008,1,800
96095,1,800
96108,1,800
96216,1,800
96284,1,800
96322,1,800
96331,1,800
96343,1,800
96383,1,800
96423,1,800
96453,1,800
96465,1,800
96466,1,800
96509,1,800
96510,1,800
96540,1,800
96541,1,800
96595,1,800
96604,1,800
96606,1,800
96634,1,800
96638,1,800
96649,1,800
96669,1,800
96682,1,800
96715,1,800
96762,1,800
96832,1,800
96836,1,800
96842,1,800
96870,1,800
96895,1,800
96931,1,800
96931,1,800
96946,1,800
97012,1,800
97032,1,800
97040,1,800
97041,1,800
97061,1,800
97071,1,800
97105,1,800
97109,1,800
97121,1,800
97122,1,800
97145,1,800
97158,1,800
97164,1,800
97170,1,800
97184,1,800
97185,1,800
97191,1,800
97192,1,800
97206,1,800
97207,1,800
97233,1,800
97257,1,800
97295,1,800
97301,1,800
97309,1,800
97324,1,800
97338,1,800
97341,1,800
97350,1,800
97361,1,800
97427,1,800
97432,1,800
97472,1,800
97495,1,800
97499,1,800
97517,1,800
97538,1,800
97598,1,800
97604,1,800
97624,1,800
97625,1,800
97638,1,800
97641,1,800
97642,1,800
97733,1,800
97785,1,800
97815,1,800
97832,1,800
97860,1,800
97939,1,800
97996,1,800
98035,1,800
98035,1,800
98053,1,800
98084,1,800
98089,1,800
98090,1,800
98105,1,800
98122,1,800
98126,1,800
98150,1,800
98201,1,800
98204,1,800
98207,1,800
98264,1,800
98279,1,800
98292,1,800
98306,1,800
98329,1,800
98340,1,800
98360,1,800
98372,1,800
98373,1,800
98374,1,800
98430,1,800
98439,1,800
98441,1,800
98483,1,800
98519,1,800
98529,1,800
98546,1,800
98557,1,800
98562,1,800
98583,1,800
98609,1,800
98629,1,800
98669,1,800
98720,1,800
98721,1,800
98744,1,800
98758,1,800
98782,1,800
98797,1,800
98802,1,800
98806,1,800
98820,1,800
98837,1,800
98849,1,800
98867,1,800
98875,1,800
99035,1,800
99042,1,800
99073,1,800
99089,1,800
99090,1,800
99100,1,800
99105,1,800
99118,1,800
99132,1,800
99136,1,800
99147,1,800
99150,1,800
99175,1,800
99192,1,800
99219,1,800
99253,1,800
99285,1,800
99349,1,800
99351,1,800
99360,1,800
99382,1,800
99387,1,800
99398,1,800
99438,1,800
99439,1,800
99442,1,800
99446,1,800
99465,1,800
99467,1,800
99561,1,800
99602,1,800
99618,1,800
99640,1,800
99658,1,800
99685,1,800
99706,1,800
99741,1,800
99757,1,800
99765,1,800
99801,1,800
99815,1,800
99902,1,800
99906,1,800
99927,1,800
100008,1,800
100020,1,800
100032,1,800
100044,1,800
100056,1,800
100068,1,800
100070,1,800
100116,1,800
100131,1,800
100234,1,800
100255,1,800
100276,1,800
100299,1,800
100332,1,800
100345,1,800
100356,1,800
100382,1,800
100437,1,800
100447,1,800
100480,1,800
100499,1,800
100501,1,800
100502,1,800
100513,1,800
100519,1,800
100584,1,800
100611,1,800
100638,1,800
100649,1,800
100672,1,800
100753,1,800
100787,1,800
100801,1,800
100808,1,800
100852,1,800
100865,1,800
100872,1,800
100872,1,800
100876,1,800
100909,1,800
100911,1,800
100921,1,800
100924,1,800
100928,1,800
100958,1,800
101020,1,800
101030,1,800
101048,1,800
101060,1,800
101067,1,800
101091,1,800
101123,1,800
101134,1,800
101154,1,800
101158,1,800
101212,1,800
101263,1,800
101312,1,800
101407,1,800
101424,1,800
101473,1,800
101480,1,800
101484,1,800
101493,1,800
101539,1,800
101549,1,800
101558,1,800
101612,1,800
101629,1,800
101658,1,800
101691,1,800
101778,1,800
101828,1,800
101888,1,800
101894,1,800
101896,1,800
101929,1,800
101934,1,800
102002,1,800
102010,1,800
102034,1,800
102053,1,800
102055,1,800
102073,1,800
102077,1,800
102103,1,800
102104,1,800
102111,1,800
102114,1,800
102117,1,800
102117,1,800
102140,1,800
102151,1,800
102157,1,800
102171,1,800
102198,1,800
102201,1,800
102205,1,800
102221,1,800
102229,1,800
102294,1,800
102303,1,800
102326,1,800
102356,1,800
102380,1,800
102403,1,800
102451,1,800
102520,1,800
102544,1,800
102624,1,800
102678,1,800
102729,1,800
102732,1,800
102742,1,800
102768,1,800
102778,1,800
102782,1,800
102875,1,800
102897,1,800
102906,1,800
102908,1,800
102922,1,800
102958,1,800
102970,1,800
102995,1,800
103004,1,800
103017,1,800
103017,1,800
103024,1,800
103029,1,800
103059,1,800
103062,1,800
103108,1,800
103113,1,800
103115,1,800
103127,1,800
103162,1,800
103166,1,800
103195,1,800
103229,1,800
103231,1,800
103256,1,800
103268,1,800
103282,1,800
103324,1,800
103381,1,800
103390,1,800
103410,1,800
103415,1,800
103416,1,800
103484,1,800
103500,1,800
103502,1,800
103503,1,800
103514,1,800
103525,1,800
103533,1,800
103578,1,800
103602,1,800
103628,1,800
103659,1,800
103670,1,800
103721,1,800
103741,1,800
103757,1,800
103780,1,800
104029,1,800
104032,1,800
104050,1,800
104064,1,800
104112,1,800
104130,1,800
104176,1,800
104204,1,800
104304,1,800
104498,1,800
104526,1,800
104589,1,800
104617,1,800
104620,1,800
104640,1,800
104645,1,800
104668,1,800
104682,1,800
104750,1,800
104757,1,800
104764,1,800
104780,1,800
104821,1,800
104850,1,800
104857,1,800
104858,1,800
104967,1,800
104975,1,800
104994,1,800
104999,1,800
105001,1,800
105006,1,800
105007,1,800
105010,1,800
105027,1,800
105028,1,800
105047,1,800
105049,1,800
105050,1,800
105054,1,800
105058,1,800
105064,1,800
105082,1,800
105089,1,800
105121,1,800
105127,1,800
105128,1,800
105128,1,800
105142,1,800
105151,1,800
105155,1,800
105167,1,800
105185,1,800
105188,1,800
105197,1,800
105225,1,800
105249,1,800
105258,1,800
105262,1,800
105288,1,800
105301,1,800
105308,1,800
105353,1,800
105363,1,800
105367,1,800
105375,1,800
105391,1,800
105415,1,800
105425,1,800
105436,1,800
105449,1,800
105488,1,800
105499,1,800
105505,1,800
105523,1,800
105546,1,800
105555,1,800
105576,1,800
105600,1,800
105622,1,800
105631,1,800
105687,1,800
105689,1,800
105697,1,800
105715,1,800
105743,1,800
105745,1,800
105768,1,800
106051,1,800
106176,1,800
106178,1,800
106210,1,800
106230,1,800
106234,1,800
106272,1,800
106323,1,800
106324,1,800
106345,1,800
106345,1,800
106369,1,800
106380,1,800
106383,1,800
106429,1,800
106470,1,800
106471,1,800
106504,1,800
106571,1,800
106614,1,800
106620,1,800
106645,1,800
106679,1,800
106679,1,800
106702,1,800
106718,1,800
106734,1,800
106750,1,800
106762,1,800
106799,1,800
106803,1,800
106825,1,800
106861,1,800
106895,1,800
106929,1,800
107002,1,800
107010,1,800
107017,1,800
107138,1,800
107155,1,800
107178,1,800
107189,1,800
107208,1,800
107214,1,800
107216,1,800
107240,1,800
107257,1,800
107281,1,800
107355,1,800
107355,1,800
107396,1,800
107425,1,800
107444,1,800
107475,1,800
107476,1,800
107478,1,800
107490,1,800
107533,1,800
107543,1,800
107604,1,800
107609,1,800
107648,1,800
107688,1,800
107706,1,800
107715,1,800
107724,1,800
107745,1,800
107759,1,800
107766,1,800
107768,1,800
107780,1,800
107780,1,800
108035,1,800
108050,1,800
108061,1,800
108151,1,800
108180,1,800
108209,1,800
108220,1,800
108233,1,800
108241,1,800
108247,1,800
108259,1,800
108291,1,800
108327,1,800
108396,1,800
108463,1,800
108481,1,800
108526,1,800
108527,1,800
108633,1,800
108651,1,800
108661,1,800
108702,1,800
108707,1,800
108721,1,800
108726,1,800
108731,1,800
108765,1,800
108766,1,800
108802,1,800
108923,1,800
108946,1,800
109017,1,800
109019,1,800
109030,1,800
109041,1,800
109056,1,800
109105,1,800
109191,1,800
109207,1,800
109226,1,800
109233,1,800
109235,1,800
109240,1,800
109331,1,800
109344,1,800
109357,1,800
109375,1,800
109423,1,800
109473,1,800
109498,1,800
109501,1,800
109516,1,800
109562,1,800
109589,1,800
109591,1,800
109600,1,800
109618,1,800
109705,1,800
109713,1,800
109749,1,800
109752,1,800
109781,1,800
109783,1,800
109786,1,800
109814,1,800
109838,1,800
110044,1,800
110063,1,800
110153,1,800
110190,1,800
110218,1,800
110233,1,800
110238,1,800
110274,1,800
110278,1,800
110289,1,800
110434,1,800
110440,1,800
110444,1,800
110524,1,800
110543,1,800
110585,1,800
110622,1,800
110646,1,800
110686,1,800
110737,1,800
110739,1,800
110763,1,800
110804,1,800
110842,1,800
110992,1,800
110996,1,800
111017,1,800
111030,1,800
111033,1,800
111036,1,800
111041,1,800
111046,1,800
111051,1,800
111076,1,800
111088,1,800
111089,1,800
111092,1,800
111102,1,800
111102,1,800
111105,1,800
111121,1,800
111135,1,800
111191,1,800
111193,1,800
111304,1,800
111306,1,800
111359,1,800
111386,1,800
111443,1,800
111449,1,800
111463,1,800
111479,1,800
111500,1,800
111522,1,800
111528,1,800
111529,1,800
111532,1,800
111568,1,800
111568,1,800
111671,1,800
111791,1,800
111801,1,800
111844,1,800
111848,1,800
111862,1,800
111886,1,800
111887,1,800
111910,1,800
111913,1,800
111929,1,800
112054,1,800
112057,1,800
112107,1,800
112110,1,800
112120,1,800
112198,1,800
112206,1,800
112209,1,800
112211,1,800
112214,1,800
112247,1,800
112274,1,800
112323,1,800
112336,1,800
112454,1,800
112457,1,800
112483,1,800
112494,1,800
112534,1,800
112571,1,800
112579,1,800
112634,1,800
112667,1,800
112670,1,800
112684,1,800
112701,1,800
112706,1,800
112708,1,800
112743,1,800
112753,1,800
112768,1,800
112784,1,800
112810,1,800
112826,1,800
112840,1,800
112905,1,800
113056,1,800
113087,1,800
113213,1,800
113218,1,800
113338,1,800
113351,1,800
113365,1,800
113406,1,800
113473,1,800
113497,1,800
113627,1,800
113650,1,800
113652,1,800
113676,1,800
113677,1,800
113742,1,800
113743,1,800
113781,1,800
113810,1,800
113838,1,800
113863,1,800
113898,1,800
113920,1,800
113955,1,800
113990,1,800
114001,1,800
114034,1,800
114048,1,800
114061,1,800
114065,1,800
114073,1,800
114085,1,800
114097,1,800
114109,1,800
114120,1,800
114126,1,800
114129,1,800
114218,1,800
114226,1,800
114249,1,800
114255,1,800
114284,1,800
114299,1,800
114322,1,800
114361,1,800
114363,1,800
114364,1,800
114368,1,800
114389,1,800
114392,1,800
114394,1,800
114399,1,800
114469,1,800
114476,1,800
114558,1,800
114559,1,800
114578,1,800
114587,1,800
114664,1,800
114706,1,800
114723,1,800
114804,1,800
115033,1,800
115054,1,800
115059,1,800
115068,1,800
115070,1,800
115084,1,800
115126,1,800
115138,1,800
115141,1,800
115161,1,800
115170,1,800
115211,1,800
115254,1,800
115261,1,800
115280,1,800
115351,1,800
115438,1,800
115460,1,800
115473,1,800
115487,1,800
115497,1,800
115506,1,800
115531,1,800
115558,1,800
115577,1,800
115587,1,800
115596,1,800
115667,1,800
115675,1,800
115679,1,800
115755,1,800
116007,1,800
116007,1,800
116041,1,800
116070,1,800
116105,1,800
116127,1,800
116152,1,800
116167,1,800
116196,1,800
116212,1,800
116253,1,800
116292,1,800
116294,1,800
116299,1,800
116331,1,800
116380,1,800
116384,1,800
116409,1,800
116477,1,800
116513,1,800
116518,1,800
116532,1,800
116569,1,800
116569,1,800
116620,1,800
116662,1,800
116693,1,800
116698,1,800
116729,1,800
116745,1,800
116764,1,800
116770,1,800
117019,1,800
117095,1,800
117129,1,800
117137,1,800
117144,1,800
117155,1,800
117160,1,800
117239,1,800
117251,1,800
117255,1,800
117353,1,800
117362,1,800
117414,1,800
117462,1,800
117507,1,800
117510,1,800
117541,1,800
117601,1,800
117605,1,800
117620,1,800
117626,1,800
117640,1,800
117668,1,800
117693,1,800
117752,1,800
117772,1,800
117775,1,800
117799,1,800
117807,1,800
117890,1,800
117937,1,800
117955,1,800
117991,1,800
118014,1,800
118043,1,800
118057,1,800
118058,1,800
118099,1,800
118217,1,800
118233,1,800
118258,1,800
118330,1,800
118373,1,800
118413,1,800
118454,1,800
118461,1,800
118472,1,800
118571,1,800
118590,1,800
118666,1,800
118679,1,800
118815,1,800
118822,1,800
118882,1,800
118917,1,800
118925,1,800
118967,1,800
118989,1,800
119018,1,800
119045,1,800
119089,1,800
119106,1,800
119130,1,800
119238,1,800
119249,1,800
119267,1,800
119343,1,800
119374,1,800
119392,1,800
119481,1,800
119512,1,800
119574,1,800
119578,1,800
119658,1,800
119658,1,800
119779,1,800
119804,1,800
119830,1,800
119853,1,800
120006,1,800
120042,1,800
120046,1,800
120048,1,800
120080,1,800
120120,1,800
120178,1,800
120214,1,800
120236,1,800
120237,1,800
120346,1,800
120351,1,800
120406,1,800
120453,1,800
120477,1,800
120574,1,800
120612,1,800
120624,1,800
120675,1,800
120684,1,800
120692,1,800
120717,1,800
120746,1,800
120783,1,800
120800,1,800
120827,1,800
120855,1,800
121006,1,800
121031,1,800
121072,1,800
121133,1,800
121266,1,800
121387,1,800
121400,1,800
121426,1,800
121432,1,800
121453,1,800
121472,1,800
121499,1,800
121541,1,800
121596,1,800
121690,1,800
121800,1,800
121804,1,800
121818,1,800
121835,1,800
121899,1,800
121927,1,800
121982,1,800
122007,1,800
122019,1,800
122024,1,800
122098,1,800
122121,1,800
122123,1,800
122258,1,800
122266,1,800
122291,1,800
122348,1,800
122358,1,800
122395,1,800
122438,1,800
122441,1,800
122570,1,800
122593,1,800
122627,1,800
122660,1,800
122729,1,800
122755,1,800
122763,1,800
122769,1,800
122818,1,800
122888,1,800
122944,1,800
123007,1,800
123078,1,800
123127,1,800
123189,1,800
123199,1,800
123298,1,800
123314,1,800
123327,1,800
123368,1,800
123422,1,800
123436,1,800
123525,1,800
123615,1,800
123656,1,800
123717,1,800
123795,1,800
123831,1,800
123842,1,800
123844,1,800
123882,1,800
123993,1,800
123997,1,800
124033,1,800
124053,1,800
124067,1,800
124149,1,800
124176,1,800
124214,1,800
124244,1,800
124277,1,800
124295,1,800
124302,1,800
124307,1,800
124319,1,800
124330,1,800
124336,1,800
124366,1,800
124397,1,800
124408,1,800
124410,1,800
124419,1,800
124425,1,800
124449,1,800
124456,1,800
124475,1,800
124530,1,800
125049,1,800
125156,1,800
125293,1,800
125349,1,800
125358,1,800
125423,1,800
125494,1,800
125502,1,800
125514,1,800
125515,1,800
125531,1,800
125647,1,800
125667,1,800
125706,1,800
125718,1,800
125889,1,800
125950,1,800
125985,1,800
126016,1,800
126072,1,800
126088,1,800
126179,1,800
126312,1,800
126433,1,800
126446,1,800
126526,1,800
126567,1,800
126584,1,800
126592,1,800
126609,1,800
126676,1,800
126681,1,800
126699,1,800
126813,1,800
126851,1,800
126918,1,800
126939,1,800
126945,1,800
127005,1,800
127041,1,800
127083,1,800
127092,1,800
127103,1,800
127256,1,800
127319,1,800
127416,1,800
127444,1,800
127573,1,800
127655,1,800
127737,1,800
127803,1,800
127805,1,800
127888,1,800
127915,1,800
127928,1,800
127956,1,800
127960,1,800
127962,1,800
128067,1,800
128089,1,800
128113,1,800
128158,1,800
128206,1,800
128225,1,800
128250,1,800
128251,1,800
128265,1,800
128428,1,800
128451,1,800
128655,1,800
128681,1,800
128724,1,800
128808,1,800
128986,1,800
129016,1,800
129023,1,800
129035,1,800
129042,1,800
129057,1,800
129177,1,800
129178,1,800
129215,1,800
129247,1,800
129305,1,800
129314,1,800
129353,1,800
129395,1,800
129407,1,800
129430,1,800
129527,1,800
129573,1,800
129578,1,800
129643,1,800
129735,1,800
129795,1,800
129806,1,800
129868,1,800
129872,1,800
129887,1,800
129947,1,800
130016,1,800
130025,1,800
130056,1,800
130060,1,800
130095,1,800
130096,1,800
130163,1,800
130182,1,800
130199,1,800
130264,1,800
130408,1,800
130481,1,800
130498,1,800
130515,1,800
130661,1,800
130734,1,800
130734,1,800
130734,1,800
130738,1,800
130778,1,800
130866,1,800
130957,1,800
130978,1,800
131055,1,800
131192,1,800
131255,1,800
131381,1,800
131562,1,800
131605,1,800
131772,1,800
131777,1,800
131927,1,800
132042,1,800
132067,1,800
132069,1,800
132079,1,800
132084,1,800
132138,1,800
132192,1,800
132194,1,800
132217,1,800
132229,1,800
132261,1,800
132380,1,800
132399,1,800
132407,1,800
132413,1,800
132494,1,800
132562,1,800
132638,1,800
132652,1,800
132884,1,800
132885,1,800
132939,1,800
132987,1,800
133029,1,800
133174,1,800
133176,1,800
133194,1,800
133286,1,800
133326,1,800
133359,1,800
133455,1,800
133639,1,800
133707,1,800
133782,1,800
133991,1,800
134003,1,800
134068,1,800
134087,1,800
134103,1,800
134158,1,800
134420,1,800
134475,1,800
134557,1,800
134685,1,800
134764,1,800
134779,1,800
134783,1,800
134887,1,800
134900,1,800
134923,1,800
135019,1,800
135383,1,800
135428,1,800
135461,1,800
135501,1,800
135651,1,800
135726,1,800
135727,1,800
135839,1,800
136022,1,800
136079,1,800
136101,1,800
136152,1,800
136165,1,800
136192,1,800
136200,1,800
136224,1,800
136259,1,800
136265,1,800
136328,1,800
136358,1,800
136441,1,800
136497,1,800
136511,1,800
136560,1,800
136592,1,800
136610,1,800
136695,1,800
136715,1,800
137059,1,800
137186,1,800
137212,1,800
137483,1,800
137686,1,800
137717,1,800
137725,1,800
137764,1,800
137786,1,800
137816,1,800
138035,1,800
138120,1,800
138222,1,800
138237,1,800
138281,1,800
138301,1,800
138320,1,800
138325,1,800
138398,1,800
138570,1,800
138741,1,800
138856,1,800
138902,1,800
139002,1,800
139017,1,800
139062,1,800
139090,1,800
139111,1,800
139133,1,800
139255,1,800
139283,1,800
139424,1,800
139613,1,800
139660,1,800
139700,1,800
139897,1,800
139910,1,800
139986,1,800
140043,1,800
140128,1,800
140191,1,800
140196,1,800
140337,1,800
140467,1,800
140479,1,800
140483,1,800
140492,1,800
140495,1,800
140652,1,800
140722,1,800
141053,1,800
141071,1,800
141267,1,800
141290,1,800
141434,1,800
141451,1,800
141482,1,800
141491,1,800
141612,1,800
141712,1,800
141728,1,800
141806,1,800
141897,1,800
142010,1,800
142041,1,800
142080,1,800
142110,1,800
142143,1,800
142207,1,800
142226,1,800
142267,1,800
142324,1,800
142364,1,800
142377,1,800
142561,1,800
142764,1,800
142785,1,800
143317,1,800
143410,1,800
143433,1,800
143507,1,800
143639,1,800
143645,1,800
144029,1,800
144039,1,800
144104,1,800
144118,1,800
144149,1,800
144448,1,800
144532,1,800
144562,1,800
144638,1,800
144730,1,800
144744,1,800
144844,1,800
145033,1,800
145054,1,800
145063,1,800
145068,1,800
145101,1,800
145149,1,800
145153,1,800
145176,1,800
145248,1,800
145254,1,800
145339,1,800
145384,1,800
146031,1,800
146032,1,800
146363,1,800
146401,1,800
146429,1,800
146519,1,800
146548,1,800
146553,1,800
146627,1,800
146726,1,800
147013,1,800
147097,1,800
147104,1,800
147432,1,800
147635,1,800
147674,1,800
147675,1,800
147707,1,800
148004,1,800
148087,1,800
148133,1,800
148160,1,800
148193,1,800
148247,1,800
148265,1,800
148330,1,800
148351,1,800
148431,1,800
148479,1,800
148744,1,800
149355,1,800
149476,1,800
149584,1,800
149598,1,800
149729,1,800
149733,1,800
150011,1,800
150058,1,800
150205,1,800
150251,1,800
150267,1,800
150461,1,800
150490,1,800
150558,1,800
151153,1,800
151292,1,800
151378,1,800
151729,1,800
151926,1,800
152003,1,800
152083,1,800
152142,1,800
152197,1,800
152491,1,800
152635,1,800
152690,1,800
152759,1,800
153013,1,800
153066,1,800
153127,1,800
153147,1,800
153179,1,800
153262,1,800
153300,1,800
153454,1,800
153518,1,800
153526,1,800
153586,1,800
153646,1,800
153719,1,800
153801,1,800
154107,1,800
154128,1,800
154401,1,800
154441,1,800
154467,1,800
154471,1,800
154540,1,800
154589,1,800
154760,1,800
154888,1,800
155071,1,800
155336,1,800
155569,1,800
155635,1,800
155883,1,800
156017,1,800
156077,1,800
156159,1,800
156354,1,800
156811,1,800
157005,1,800
157045,1,800
157134,1,800
157211,1,800
157218,1,800
157220,1,800
157466,1,800
157631,1,800
157736,1,800
158036,1,800
158216,1,800
158364,1,800
158436,1,800
158455,1,800
158521,1,800
158981,1,800
159243,1,800
159336,1,800
159480,1,800
159605,1,800
159661,1,800
159779,1,800
160037,1,800
160042,1,800
160067,1,800
160301,1,800
160325,1,800
160340,1,800
160482,1,800
160798,1,800
160814,1,800
160912,1,800
160913,1,800
161030,1,800
161083,1,800
161676,1,800
162049,1,800
162062,1,800
162069,1,800
162076,1,800
162755,1,800
162817,1,800
163052,1,800
163133,1,800
163157,1,800
163648,1,800
164063,1,800
164825,1,800
165069,1,800
165228,1,800
165235,1,800
165280,1,800
165296,1,800
165301,1,800
165348,1,800
165354,1,800
165355,1,800
165365,1,800
165396,1,800
165423,1,800
165567,1,800
165604,1,800
165634,1,800
165671,1,800
165687,1,800
165694,1,800
165776,1,800
166018,1,800
166057,1,800
166233,1,800
166306,1,800
166615,1,800
166745,1,800
167093,1,800
167132,1,800
167762,1,800
167898,1,800
167947,1,800
168137,1,800
168143,1,800
168343,1,800
168361,1,800
168372,1,800
168467,1,800
168598,1,800
168692,1,800
168747,1,800
168770,1,800
168821,1,800
168991,1,800
169245,1,800
169426,1,800
169952,1,800
170025,1,800
170073,1,800
170091,1,800
170095,1,800
170211,1,800
170231,1,800
170538,1,800
170924,1,800
171192,1,800
171354,1,800
171371,1,800
171410,1,800
171413,1,800
171539,1,800
171606,1,800
172056,1,800
172177,1,800
172240,1,800
172461,1,800
172506,1,800
172533,1,800
172534,1,800
172572,1,800
173013,1,800
173065,1,800
174584,1,800
174599,1,800
174625,1,800
175051,1,800
175382,1,800
175460,1,800
175530,1,800
175587,1,800
175642,1,800
176008,1,800
176052,1,800
176387,1,800
176614,1,800
177039,1,800
177094,1,800
177154,1,800
177327,1,800
177353,1,800
177406,1,800
177417,1,800
177456,1,800
177478,1,800
177538,1,800
177802,1,800
177832,1,800
177884,1,800
177887,1,800
177891,1,800
177929,1,800
177974,1,800
178029,1,800
178050,1,800
178080,1,800
178157,1,800
178188,1,800
178200,1,800
178530,1,800
178537,1,800
178802,1,800
178981,1,800
179004,1,800
179048,1,800
179149,1,800
179348,1,800
179646,1,800
179653,1,800
179880,1,800
180034,1,800
180046,1,800
180080,1,800
180240,1,800
180686,1,800
180733,1,800
180749,1,800
181067,1,800
181088,1,800
181097,1,800
181536,1,800
181632,1,800
182244,1,800
182621,1,800
183072,1,800
183104,1,800
183113,1,800
183153,1,800
183159,1,800
183173,1,800
183405,1,800
183432,1,800
183452,1,800
183581,1,800
183640,1,800
184287,1,800
184340,1,800
184383,1,800
184491,1,800
184585,1,800
184707,1,800
184786,1,800
184887,1,800
184928,1,800
184929,1,800
185251,1,800
185740,1,800
185793,1,800
185829,1,800
185914,1,800
185925,1,800
186329,1,800
186374,1,800
186449,1,800
186457,1,800
186750,1,800
187139,1,800
187160,1,800
187292,1,800
187332,1,800
187768,1,800
188014,1,800
188171,1,800
188236,1,800
188315,1,800
188326,1,800
188372,1,800
189079,1,800
189088,1,800
189216,1,800
189238,1,800
189256,1,800
189297,1,800
189346,1,800
189359,1,800
189511,1,800
189526,1,800
189579,1,800
189591,1,800
189686,1,800
189693,1,800
189823,1,800
189838,1,800
189882,1,800
190285,1,800
190287,1,800
190350,1,800
190517,1,800
190754,1,800
190789,1,800
190965,1,800
191238,1,800
191275,1,800
191604,1,800
191648,1,800
191894,1,800
191972,1,800
192009,1,800
192037,1,800
192076,1,800
192174,1,800
192478,1,800
192563,1,800
192643,1,800
192733,1,800
192752,1,800
192792,1,800
193258,1,800
193298,1,800
193451,1,800
193736,1,800
193776,1,800
193945,1,800
194300,1,800
194592,1,800
194649,1,800
194661,1,800
194680,1,800
194927,1,800
195023,1,800
195070,1,800
195080,1,800
195132,1,800
195132,1,800
195301,1,800
195444,1,800
195537,1,800
195802,1,800
196057,1,800
196089,1,800
196501,1,800
196503,1,800
196558,1,800
196584,1,800
196586,1,800
196653,1,800
197107,1,800
197164,1,800
197473,1,800
198393,1,800
198396,1,800
198564,1,800
198575,1,800
198683,1,800
199091,1,800
199150,1,800
199299,1,800
199420,1,800
199515,1,800
199534,1,800
199578,1,800
199789,1,800
199863,1,800
199907,1,800
200153,1,800
200302,1,800
200491,1,800
201120,1,800
201164,1,800
201166,1,800
201179,1,800
201213,1,800
201285,1,800
201290,1,800
201322,1,800
201347,1,800
201388,1,800
201501,1,800
201653,1,800
201720,1,800
201733,1,800
201804,1,800
201881,1,800
201892,1,800
201960,1,800
201965,1,800
201982,1,800
201995,1,800
202084,1,800
202104,1,800
202125,1,800
202436,1,800
202536,1,800
202622,1,800
202757,1,800
202768,1,800
202854,1,800
202925,1,800
202938,1,800
203038,1,800
203205,1,800
203235,1,800
203507,1,800
203590,1,800
203817,1,800
203824,1,800
203832,1,800
203961,1,800
204245,1,800
204654,1,800
204677,1,800
204686,1,800
204701,1,800
204862,1,800
204962,1,800
204971,1,800
205042,1,800
205068,1,800
205159,1,800
205313,1,800
205389,1,800
205605,1,800
205792,1,800
205946,1,800
206122,1,800
206196,1,800
206223,1,800
206314,1,800
206344,1,800
206415,1,800
206495,1,800
206522,1,800
206734,1,800
206871,1,800
207214,1,800
207252,1,800
207380,1,800
207391,1,800
207404,1,800
207502,1,800
207741,1,800
207945,1,800
207993,1,800
208016,1,800
208024,1,800
208040,1,800
208109,1,800
208133,1,800
208248,1,800
208356,1,800
208413,1,800
208493,1,800
208560,1,800
208616,1,800
209660,1,800
209869,1,800
210067,1,800
210106,1,800
210142,1,800
210249,1,800
210289,1,800
210340,1,800
210353,1,800
210431,1,800
211032,1,800
211177,1,800
211222,1,800
211273,1,800
211326,1,800
211688,1,800
212122,1,800
212201,1,800
212286,1,800
212294,1,800
212342,1,800
212964,1,800
213039,1,800
213051,1,800
213076,1,800
213218,1,800
213232,1,800
213243,1,800
213268,1,800
213319,1,800
213334,1,800
213420,1,800
213441,1,800
213619,1,800
213634,1,800
213727,1,800
213857,1,800
213900,1,800
213912,1,800
214012,1,800
214077,1,800
214111,1,800
214125,1,800
214190,1,800
214193,1,800
214235,1,800
214255,1,800
214275,1,800
214330,1,800
214335,1,800
214422,1,800
214511,1,800
214612,1,800
214768,1,800
214786,1,800
214991,1,800
215014,1,800
215040,1,800
215055,1,800
215142,1,800
215170,1,800
215185,1,800
215191,1,800
215192,1,800
215378,1,800
215435,1,800
215504,1,800
215527,1,800
216163,1,800
216439,1,800
216448,1,800
216653,1,800
216676,1,800
216713,1,800
216750,1,800
216777,1,800
216832,1,800
217063,1,800
217124,1,800
217149,1,800
217240,1,800
217259,1,800
217347,1,800
217946,1,800
217949,1,800
217951,1,800
218001,1,800
218044,1,800
218080,1,800
218128,1,800
218144,1,800
218249,1,800
218294,1,800
218584,1,800
218721,1,800
218828,1,800
219041,1,800
219050,1,800
219077,1,800
219157,1,800
219320,1,800
219394,1,800
219416,1,800
219639,1,800
219700,1,800
219715,1,800
220012,1,800
220025,1,800
220105,1,800
220106,1,800
220299,1,800
220401,1,800
220428,1,800
220436,1,800
220545,1,800
220568,1,800
220595,1,800
220819,1,800
221041,1,800
221042,1,800
221262,1,800
221278,1,800
221745,1,800
221793,1,800
221875,1,800
221900,1,800
221987,1,800
222044,1,800
222190,1,800
222212,1,800
222260,1,800
222275,1,800
222392,1,800
222487,1,800
222501,1,800
222614,1,800
223050,1,800
223051,1,800
223052,1,800
223277,1,800
223444,1,800
223586,1,800
223630,1,800
223713,1,800
223845,1,800
224013,1,800
224020,1,800
224449,1,800
224500,1,800
224719,1,800
224769,1,800
224771,1,800
224924,1,800
224971,1,800
225005,1,800
225020,1,800
225131,1,800
225182,1,800
225185,1,800
225192,1,800
225212,1,800
225216,1,800
225219,1,800
225232,1,800
225263,1,800
225275,1,800
225293,1,800
225294,1,800
225324,1,800
225335,1,800
225343,1,800
225475,1,800
225490,1,800
225644,1,800
225658,1,800
225756,1,800
225759,1,800
225837,1,800
225849,1,800
226040,1,800
226150,1,800
226155,1,800
226173,1,800
226175,1,800
226197,1,800
226199,1,800
226222,1,800
226244,1,800
226248,1,800
226280,1,800
226301,1,800
226409,1,800
226413,1,800
226460,1,800
226491,1,800
226560,1,800
226633,1,800
226657,1,800
226742,1,800
227011,1,800
227068,1,800
227165,1,800
227194,1,800
227257,1,800
227348,1,800
227378,1,800
227406,1,800
227444,1,800
227552,1,800
227558,1,800
227640,1,800
227651,1,800
227657,1,800
227726,1,800
227782,1,800
227894,1,800
227945,1,800
227999,1,800
228002,1,800
228071,1,800
228130,1,800
228164,1,800
228185,1,800
228199,1,800
228218,1,800
228413,1,800
228424,1,800
228656,1,800
228680,1,800
228774,1,800
228806,1,800
228836,1,800
228841,1,800
228869,1,800
228944,1,800
228956,1,800
229001,1,800
229003,1,800
229070,1,800
229073,1,800
229136,1,800
229219,1,800
229284,1,800
229302,1,800
229334,1,800
229371,1,800
229527,1,800
229597,1,800
229630,1,800
229805,1,800
229887,1,800
229916,1,800
229920,1,800
229921,1,800
230134,1,800
230241,1,800
230348,1,800
230402,1,800
230431,1,800
230458,1,800
230477,1,800
230537,1,800
230660,1,800
230706,1,800
231010,1,800
231024,1,800
231098,1,800
231135,1,800
231160,1,800
231219,1,800
231221,1,800
231251,1,800
231279,1,800
231290,1,800
231305,1,800
231310,1,800
231319,1,800
231367,1,800
231370,1,800
231495,1,800
231548,1,800
231633,1,800
231636,1,800
231690,1,800
231829,1,800
231835,1,800
231935,1,800
232042,1,800
232072,1,800
232095,1,800
232136,1,800
232151,1,800
232155,1,800
232164,1,800
232187,1,800
232237,1,800
232274,1,800
232327,1,800
232407,1,800
232425,1,800
232508,1,800
232543,1,800
232550,1,800
232656,1,800
232659,1,800
233218,1,800
233308,1,800
233388,1,800
233463,1,800
233504,1,800
233538,1,800
233582,1,800
233608,1,800
233691,1,800
233921,1,800
233970,1,800
233975,1,800
234022,1,800
234033,1,800
234066,1,800
234295,1,800
234321,1,800
234531,1,800
234605,1,800
234694,1,800
234742,1,800
234834,1,800
234911,1,800
234995,1,800
235039,1,800
235051,1,800
235263,1,800
235353,1,800
235369,1,800
235483,1,800
235488,1,800
235491,1,800
235508,1,800
235577,1,800
235614,1,800
235870,1,800
235970,1,800
236001,1,800
236015,1,800
236040,1,800
236061,1,800
236096,1,800
236121,1,800
236152,1,800
236162,1,800
236210,1,800
236219,1,800
236233,1,800
236234,1,800
236281,1,800
236324,1,800
236357,1,800
236361,1,800
236416,1,800
236518,1,800
236621,1,800
236649,1,800
236660,1,800
236796,1,800
236898,1,800
237038,1,800
237077,1,800
237084,1,800
237107,1,800
237123,1,800
237156,1,800
237177,1,800
237191,1,800
237338,1,800
237404,1,800
237505,1,800
237587,1,800
237602,1,800
237659,1,800
237691,1,800
237707,1,800
237732,1,800
237747,1,800
237770,1,800
237948,1,800
237960,1,800
238000,1,800
238008,1,800
238066,1,800
238087,1,800
238104,1,800
238105,1,800
238115,1,800
238125,1,800
238138,1,800
238151,1,800
238170,1,800
238183,1,800
238189,1,800
238221,1,800
238225,1,800
238260,1,800
238265,1,800
238284,1,800
238297,1,800
238324,1,800
238350,1,800
238367,1,800
238367,1,800
238431,1,800
238433,1,800
238434,1,800
238442,1,800
238456,1,800
238460,1,800
238528,1,800
238549,1,800
239027,1,800
239049,1,800
239147,1,800
239157,1,800
239357,1,800
239384,1,800
239397,1,800
239404,1,800
239433,1,800
239440,1,800
239513,1,800
239522,1,800
239574,1,800
239581,1,800
239645,1,800
239847,1,800
239853,1,800
239984,1,800
239986,1,800
240014,1,800
240025,1,800
240035,1,800
240081,1,800
240089,1,800
240123,1,800
240154,1,800
240214,1,800
240234,1,800
240251,1,800
240322,1,800
240356,1,800
240389,1,800
240435,1,800
240558,1,800
240623,1,800
240669,1,800
240698,1,800
240755,1,800
240838,1,800
240898,1,800
241015,1,800
241022,1,800
241067,1,800
241093,1,800
241105,1,800
241121,1,800
241192,1,800
241194,1,800
241231,1,800
241262,1,800
241445,1,800
241574,1,800
241590,1,800
241647,1,800
241651,1,800
241858,1,800
241909,1,800
242019,1,800
242021,1,800
242043,1,800
242104,1,800
242124,1,800
242186,1,800
242200,1,800
242275,1,800
242307,1,800
242468,1,800
242493,1,800
242506,1,800
242541,1,800
242589,1,800
242590,1,800
242591,1,800
242625,1,800
242630,1,800
242691,1,800
242697,1,800
243006,1,800
243061,1,800
243074,1,800
243164,1,800
243179,1,800
243191,1,800
243204,1,800
243288,1,800
243333,1,800
243394,1,800
243485,1,800
243502,1,800
243544,1,800
243565,1,800
243632,1,800
243762,1,800
243829,1,800
243955,1,800
243970,1,800
244055,1,800
244060,1,800
244068,1,800
244097,1,800
244114,1,800
244152,1,800
244152,1,800
244167,1,800
244174,1,800
244249,1,800
244375,1,800
244378,1,800
244621,1,800
244697,1,800
244755,1,800
244756,1,800
244758,1,800
244784,1,800
244803,1,800
244839,1,800
244935,1,800
245006,1,800
245019,1,800
245031,1,800
245032,1,800
245101,1,800
245153,1,800
245171,1,800
245461,1,800
245468,1,800
245533,1,800
245588,1,800
245627,1,800
245706,1,800
245728,1,800
245806,1,800
245832,1,800
245892,1,800
246012,1,800
246029,1,800
246094,1,800
246123,1,800
246165,1,800
246181,1,800
246348,1,800
246439,1,800
246453,1,800
246476,1,800
246512,1,800
246557,1,800
246593,1,800
246787,1,800
246861,1,800
246883,1,800
246932,1,800
247231,1,800
247249,1,800
247542,1,800
247720,1,800
247823,1,800
247835,1,800
247850,1,800
248010,1,800
248042,1,800
248047,1,800
248149,1,800
248195,1,800
248206,1,800
248239,1,800
248265,1,800
248321,1,800
248334,1,800
248414,1,800
248478,1,800
248632,1,800
248735,1,800
248905,1,800
249039,1,800
249062,1,800
249118,1,800
249127,1,800
249131,1,800
249132,1,800
249147,1,800
249148,1,800
249158,1,800
249197,1,800
249215,1,800
249237,1,800
249267,1,800
249278,1,800
249279,1,800
249284,1,800
249286,1,800
249287,1,800
249296,1,800
249323,1,800
249334,1,800
249359,1,800
249364,1,800
249365,1,800
249394,1,800
249437,1,800
249510,1,800
249615,1,800
249653,1,800
249658,1,800
249666,1,800
250035,1,800
250074,1,800
250096,1,800
250175,1,800
250284,1,800
250332,1,800
250343,1,800
250434,1,800
250488,1,800
250532,1,800
250578,1,800
250591,1,800
250701,1,800
250747,1,800
250795,1,800
250839,1,800
251040,1,800
251137,1,800
251146,1,800
251213,1,800
251228,1,800
251349,1,800
251360,1,800
251383,1,800
251394,1,800
251463,1,800
251465,1,800
251476,1,800
251476,1,800
251604,1,800
252039,1,800
252078,1,800
252150,1,800
252157,1,800
252323,1,800
252406,1,800
252435,1,800
252506,1,800
252514,1,800
252675,1,800
252694,1,800
252714,1,800
252778,1,800
252795,1,800
252801,1,800
252804,1,800
252819,1,800
253251,1,800
253365,1,800
253432,1,800
253453,1,800
253467,1,800
253746,1,800
253749,1,800
253807,1,800
253833,1,800
253875,1,800
253918,1,800
254010,1,800
254018,1,800
254035,1,800
254129,1,800
254132,1,800
254176,1,800
254185,1,800
254186,1,800
254197,1,800
254267,1,800
254306,1,800
254309,1,800
254561,1,800
254583,1,800
254758,1,800
254764,1,800
254926,1,800
254976,1,800
255012,1,800
255204,1,800
255232,1,800
255278,1,800
255352,1,800
255377,1,800
255410,1,800
255410,1,800
255472,1,800
255511,1,800
255520,1,800
255626,1,800
255695,1,800
255733,1,800
255763,1,800
256107,1,800
256125,1,800
256168,1,800
256198,1,800
256239,1,800
256361,1,800
256430,1,800
256553,1,800
256557,1,800
256587,1,800
256601,1,800
256878,1,800
256901,1,800
256953,1,800
257044,1,800
257099,1,800
257124,1,800
257153,1,800
257155,1,800
257229,1,800
257244,1,800
257280,1,800
257351,1,800
257369,1,800
257401,1,800
257478,1,800
257583,1,800
257623,1,800
257624,1,800
257741,1,800
257804,1,800
257980,1,800
258181,1,800
258350,1,800
258364,1,800
258382,1,800
258422,1,800
258526,1,800
258567,1,800
258569,1,800
258783,1,800
258789,1,800
258813,1,800
258834,1,800
258841,1,800
258878,1,800
259109,1,800
259116,1,800
259138,1,800
259160,1,800
259170,1,800
259279,1,800
259353,1,800
259427,1,800
259479,1,800
259586,1,800
259778,1,800
259810,1,800
259963,1,800
260016,1,800
260044,1,800
260140,1,800
260339,1,800
260421,1,800
260442,1,800
260472,1,800
260514,1,800
260534,1,800
260681,1,800
260702,1,800
260724,1,800
260894,1,800
260896,1,800
261030,1,800
261030,1,800
261040,1,800
261052,1,800
261286,1,800
261287,1,800
261411,1,800
261413,1,800
261425,1,800
261474,1,800
261522,1,800
261582,1,800
261584,1,800
261700,1,800
261744,1,800
261887,1,800
262003,1,800
262015,1,800
262052,1,800
262078,1,800
262100,1,800
262104,1,800
262110,1,800
262174,1,800
262207,1,800
262420,1,800
262421,1,800
262560,1,800
262576,1,800
263148,1,800
263203,1,800
263364,1,800
263763,1,800
263859,1,800
263871,1,800
263904,1,800
263974,1,800
263981,1,800
263988,1,800
264025,1,800
264032,1,800
264154,1,800
264181,1,800
264433,1,800
264680,1,800
264700,1,800
264779,1,800
264871,1,800
264909,1,800
264965,1,800
265112,1,800
265135,1,800
265159,1,800
265546,1,800
265781,1,800
265865,1,800
266053,1,800
266121,1,800
266200,1,800
266284,1,800
266339,1,800
266407,1,800
266511,1,800
266532,1,800
266584,1,800
266751,1,800
267001,1,800
267010,1,800
267013,1,800
267341,1,800
267358,1,800
267395,1,800
267575,1,800
267624,1,800
267701,1,800
267800,1,800
267906,1,800
268132,1,800
268188,1,800
268228,1,800
268339,1,800
268970,1,800
268974,1,800
269055,1,800
269314,1,800
269320,1,800
269422,1,800
269708,1,800
269951,1,800
270042,1,800
270277,1,800
270358,1,800
270407,1,800
270570,1,800
270780,1,800
270816,1,800
270990,1,800
271050,1,800
271061,1,800
271229,1,800
271576,1,800
271787,1,800
271808,1,800
272063,1,800
272204,1,800
272223,1,800
272291,1,800
272561,1,800
273133,1,800
273245,1,800
273309,1,800
273506,1,800
273556,1,800
274040,1,800
274583,1,800
274618,1,800
274700,1,800
274715,1,800
274734,1,800
275550,1,800
275836,1,800
275992,1,800
276096,1,800
276145,1,800
276152,1,800
276299,1,800
276368,1,800
276559,1,800
276654,1,800
277430,1,800
277532,1,800
277973,1,800
278242,1,800
279046,1,800
279133,1,800
279788,1,800
280069,1,800
280114,1,800
280691,1,800
281675,1,800
281803,1,800
282049,1,800
282092,1,800
282151,1,800
282686,1,800
283006,1,800
283038,1,800
283106,1,800
283133,1,800
283155,1,800
283199,1,800
283244,1,800
283312,1,800
283367,1,800
283372,1,800
283473,1,800
283685,1,800
283724,1,800
283727,1,800
283819,1,800
283894,1,800
284031,1,800
284094,1,800
284121,1,800
284167,1,800
284245,1,800
284514,1,800
284746,1,800
284907,1,800
285035,1,800
285185,1,800
285254,1,800
285293,1,800
285388,1,800
285431,1,800
286000,1,800
286127,1,800
286260,1,800
286462,1,800
286520,1,800
286523,1,800
287260,1,800
287450,1,800
287538,1,800
287542,1,800
287549,1,800
288012,1,800
288054,1,800
288478,1,800
288516,1,800
289216,1,800
289227,1,800
289474,1,800
289702,1,800
290344,1,800
290454,1,800
290614,1,800
290666,1,800
