22,1,300
88,1,300
138,1,300
150,1,300
206,1,300
644,1,300
665,1,300
732,1,300
947,1,300
997,1,300
1121,1,300
1315,1,300
1325,1,300
1426,1,300
1444,1,300
1618,1,300
1642,1,300
1662,1,300
2023,1,300
2312,1,300
2668,1,300
2678,1,300
2679,1,300
2882,1,300
2892,1,300
3016,1,300
3038,1,300
3108,1,300
3152,1,300
3162,1,300
3236,1,300
3243,1,300
3300,1,300
3421,1,300
3505,1,300
3692,1,300
4124,1,300
4355,1,300
4506,1,300
4513,1,300
4554,1,300
4636,1,300
4846,1,300
4862,1,300
4867,1,300
4871,1,300
5321,1,300
5404,1,300
5502,1,300
5695,1,300
5793,1,300
6061,1,300
6261,1,300
6400,1,300
6494,1,300
6548,1,300
6562,1,300
6574,1,300
6623,1,300
6677,1,300
7006,1,300
7007,1,300
7696,1,300
7863,1,300
8122,1,300
8125,1,300
8167,1,300
8676,1,300
8965,1,300
9003,1,300
9006,1,300
9009,1,300
9036,1,300
9076,1,300
9079,1,300
9120,1,300
9176,1,300
9183,1,300
9194,1,300
9208,1,300
9234,1,300
9349,1,300
9363,1,300
9410,1,300
9446,1,300
9524,1,300
9587,1,300
9636,1,300
9669,1,300
9694,1,300
9712,1,300
9921,1,300
9922,1,300
10009,1,300
10019,1,300
10037,1,300
10090,1,300
10124,1,300
10195,1,300
10228,1,300
10247,1,300
10297,1,300
10299,1,300
10321,1,300
10332,1,300
11099,1,300
11118,1,300
11130,1,300
11234,1,300
11248,1,300
11412,1,300
11423,1,300
11490,1,300
11577,1,300
11682,1,300
12254,1,300
12338,1,300
12454,1,300
12507,1,300
12796,1,300
13019,1,300
13057,1,300
13095,1,300
13103,1,300
13130,1,300
13154,1,300
13181,1,300
13242,1,300
13244,1,300
13259,1,300
13367,1,300
13656,1,300
13861,1,300
14116,1,300
14216,1,300
14269,1,300
14329,1,300
14406,1,300
14447,1,300
14497,1,300
14582,1,300
14665,1,300
14696,1,300
14927,1,300
14938,1,300
14982,1,300
14995,1,300
15016,1,300
15021,1,300
15073,1,300
15082,1,300
15174,1,300
15417,1,300
15433,1,300
15573,1,300
15648,1,300
15695,1,300
16017,1,300
16298,1,300
16339,1,300
16608,1,300
16617,1,300
16664,1,300
16966,1,300
16975,1,300
17343,1,300
17348,1,300
17902,1,300
18486,1,300
18853,1,300
19285,1,300
19303,1,300
19325,1,300
19477,1,300
19520,1,300
19642,1,300
19653,1,300
19843,1,300
20024,1,300
20028,1,300
20041,1,300
20047,1,300
20095,1,300
20103,1,300
20142,1,300
20151,1,300
20175,1,300
20271,1,300
20279,1,300
20290,1,300
20369,1,300
20442,1,300
20480,1,300
20544,1,300
20566,1,300
20627,1,300
20666,1,300
20685,1,300
20719,1,300
20755,1,300
20771,1,300
21100,1,300
21104,1,300
21206,1,300
21229,1,300
21299,1,300
21374,1,300
21388,1,300
21487,1,300
21522,1,300
21562,1,300
21647,1,300
21745,1,300
21871,1,300
21976,1,300
22051,1,300
22055,1,300
22284,1,300
22394,1,300
22518,1,300
22587,1,300
22599,1,300
22650,1,300
22659,1,300
22680,1,300
22787,1,300
22800,1,300
23011,1,300
23154,1,300
23170,1,300
23334,1,300
23607,1,300
23643,1,300
23933,1,300
23974,1,300
23975,1,300
24019,1,300
24026,1,300
24115,1,300
24147,1,300
24162,1,300
24190,1,300
24246,1,300
24303,1,300
24370,1,300
24537,1,300
24548,1,300
24733,1,300
24810,1,300
25088,1,300
25236,1,300
25303,1,300
25438,1,300
25474,1,300
25561,1,300
25817,1,300
25845,1,300
25855,1,300
25878,1,300
26274,1,300
26392,1,300
26409,1,300
26426,1,300
26518,1,300
26664,1,300
26680,1,300
26722,1,300
26787,1,300
26802,1,300
26990,1,300
27086,1,300
27367,1,300
27572,1,300
27594,1,300
27680,1,300
27944,1,300
27944,1,300
27962,1,300
27986,1,300
27993,1,300
28006,1,300
28114,1,300
28136,1,300
28145,1,300
28268,1,300
28308,1,300
28368,1,300
28469,1,300
28591,1,300
28761,1,300
28777,1,300
28798,1,300
29037,1,300
29065,1,300
29118,1,300
29283,1,300
29880,1,300
30017,1,300
30106,1,300
30122,1,300
30175,1,300
30187,1,300
30205,1,300
30300,1,300
30302,1,300
30306,1,300
30502,1,300
30564,1,300
30616,1,300
30630,1,300
30705,1,300
30877,1,300
31007,1,300
31023,1,300
31031,1,300
31034,1,300
31035,1,300
31058,1,300
32015,1,300
32039,1,300
32063,1,300
32064,1,300
32210,1,300
32276,1,300
32286,1,300
32311,1,300
32460,1,300
32539,1,300
32568,1,300
32616,1,300
32622,1,300
32622,1,300
32634,1,300
32671,1,300
32687,1,300
32749,1,300
32753,1,300
32812,1,300
32813,1,300
32840,1,300
32846,1,300
32856,1,300
32893,1,300
32997,1,300
33031,1,300
33048,1,300
33057,1,300
33066,1,300
33072,1,300
33075,1,300
33091,1,300
33116,1,300
33250,1,300
33357,1,300
33396,1,300
33454,1,300
33469,1,300
33512,1,300
33522,1,300
33605,1,300
33652,1,300
33750,1,300
33979,1,300
34074,1,300
34150,1,300
34193,1,300
34216,1,300
34233,1,300
34280,1,300
34291,1,300
34352,1,300
34398,1,300
34455,1,300
34478,1,300
34614,1,300
34622,1,300
34686,1,300
34732,1,300
34745,1,300
34861,1,300
34897,1,300
34957,1,300
34965,1,300
35020,1,300
35022,1,300
35078,1,300
35104,1,300
35286,1,300
35296,1,300
35400,1,300
35452,1,300
35650,1,300
35679,1,300
35840,1,300
35866,1,300
36009,1,300
36052,1,300
36053,1,300
36150,1,300
36475,1,300
36585,1,300
36601,1,300
36761,1,300
36809,1,300
36900,1,300
36946,1,300
36963,1,300
37010,1,300
37060,1,300
37213,1,300
37225,1,300
37406,1,300
37507,1,300
37522,1,300
37527,1,300
37534,1,300
37564,1,300
37630,1,300
37634,1,300
37639,1,300
37719,1,300
37746,1,300
37755,1,300
37816,1,300
38003,1,300
38032,1,300
38075,1,300
38089,1,300
38306,1,300
38381,1,300
38436,1,300
38460,1,300
38498,1,300
38849,1,300
38961,1,300
38974,1,300
38985,1,300
39009,1,300
39015,1,300
39111,1,300
39152,1,300
39379,1,300
39395,1,300
39433,1,300
39489,1,300
39509,1,300
39604,1,300
39634,1,300
39775,1,300
39957,1,300
40004,1,300
40016,1,300
40047,1,300
40072,1,300
40091,1,300
40096,1,300
40107,1,300
40120,1,300
40136,1,300
40141,1,300
40182,1,300
40206,1,300
40206,1,300
40215,1,300
40231,1,300
40292,1,300
40344,1,300
40407,1,300
40530,1,300
40555,1,300
40577,1,300
40621,1,300
41004,1,300
41089,1,300
41098,1,300
41117,1,300
41315,1,300
41348,1,300
41424,1,300
41438,1,300
41576,1,300
41582,1,300
41646,1,300
41659,1,300
42057,1,300
42216,1,300
42268,1,300
42379,1,300
42523,1,300
42683,1,300
42686,1,300
42867,1,300
42930,1,300
43006,1,300
43058,1,300
43156,1,300
43171,1,300
43217,1,300
43223,1,300
43244,1,300
43353,1,300
43557,1,300
43581,1,300
43745,1,300
43800,1,300
43846,1,300
43885,1,300
43936,1,300
44010,1,300
44023,1,300
44029,1,300
44031,1,300
44073,1,300
44102,1,300
44121,1,300
44141,1,300
44141,1,300
44148,1,300
44153,1,300
44212,1,300
44219,1,300
44263,1,300
44303,1,300
44346,1,300
44371,1,300
44375,1,300
44384,1,300
44386,1,300
44389,1,300
44432,1,300
44467,1,300
44499,1,300
44508,1,300
44512,1,300
44513,1,300
44533,1,300
44600,1,300
44688,1,300
44689,1,300
44761,1,300
44761,1,300
44789,1,300
44821,1,300
44832,1,300
44874,1,300
44889,1,300
44898,1,300
44909,1,300
44931,1,300
45008,1,300
45039,1,300
45045,1,300
45048,1,300
45095,1,300
45106,1,300
45107,1,300
45149,1,300
45199,1,300
45215,1,300
45231,1,300
45235,1,300
45256,1,300
45288,1,300
45304,1,300
45317,1,300
45331,1,300
45408,1,300
45422,1,300
45433,1,300
45493,1,300
45496,1,300
45533,1,300
45559,1,300
45632,1,300
45632,1,300
45636,1,300
45724,1,300
45728,1,300
45766,1,300
45788,1,300
46079,1,300
46140,1,300
46159,1,300
46200,1,300
46201,1,300
46204,1,300
46245,1,300
46257,1,300
46312,1,300
46335,1,300
46388,1,300
46422,1,300
46428,1,300
46486,1,300
46490,1,300
46491,1,300
46594,1,300
46626,1,300
46654,1,300
46661,1,300
46688,1,300
46708,1,300
46718,1,300
46787,1,300
46788,1,300
46789,1,300
46790,1,300
46838,1,300
46841,1,300
46846,1,300
47040,1,300
47058,1,300
47106,1,300
47161,1,300
47227,1,300
47281,1,300
47302,1,300
47336,1,300
47403,1,300
47407,1,300
47424,1,300
47501,1,300
47524,1,300
47535,1,300
47561,1,300
47609,1,300
47645,1,300
47677,1,300
47724,1,300
47734,1,300
47740,1,300
47770,1,300
47786,1,300
47811,1,300
47859,1,300
47869,1,300
47995,1,300
48153,1,300
48166,1,300
48188,1,300
48190,1,300
48196,1,300
48239,1,300
48241,1,300
48258,1,300
48273,1,300
48324,1,300
48362,1,300
48459,1,300
48516,1,300
48518,1,300
48562,1,300
48620,1,300
48647,1,300
48689,1,300
48845,1,300
48847,1,300
48864,1,300
48865,1,300
48888,1,300
48901,1,300
48983,1,300
49017,1,300
49021,1,300
49024,1,300
49059,1,300
49069,1,300
49086,1,300
49111,1,300
49156,1,300
49247,1,300
49247,1,300
49281,1,300
49283,1,300
49288,1,300
49329,1,300
49336,1,300
49362,1,300
49370,1,300
49376,1,300
49409,1,300
49448,1,300
49474,1,300
49499,1,300
49525,1,300
49531,1,300
49537,1,300
49550,1,300
49551,1,300
49601,1,300
49623,1,300
49634,1,300
49649,1,300
49687,1,300
49687,1,300
50048,1,300
50062,1,300
50150,1,300
50193,1,300
50201,1,300
50343,1,300
50370,1,300
50376,1,300
50380,1,300
50432,1,300
50441,1,300
50539,1,300
50580,1,300
50608,1,300
50641,1,300
50673,1,300
50722,1,300
50752,1,300
50836,1,300
51002,1,300
51011,1,300
51018,1,300
51020,1,300
51101,1,300
51116,1,300
51117,1,300
51130,1,300
51152,1,300
51165,1,300
51202,1,300
51205,1,300
51215,1,300
51222,1,300
51227,1,300
51249,1,300
51273,1,300
51305,1,300
51395,1,300
51409,1,300
51446,1,300
51463,1,300
51469,1,300
51543,1,300
51561,1,300
51569,1,300
51583,1,300
51618,1,300
51669,1,300
51690,1,300
51701,1,300
51735,1,300
51792,1,300
51837,1,300
51849,1,300
51856,1,300
51895,1,300
52037,1,300
52041,1,300
52070,1,300
52120,1,300
52183,1,300
52230,1,300
52286,1,300
52293,1,300
52295,1,300
52303,1,300
52313,1,300
52322,1,300
52337,1,300
52347,1,300
52414,1,300
52455,1,300
52598,1,300
52739,1,300
52779,1,300
52844,1,300
52887,1,300
52901,1,300
52969,1,300
52993,1,300
53060,1,300
53310,1,300
53421,1,300
53422,1,300
53462,1,300
53561,1,300
53614,1,300
53640,1,300
53642,1,300
53675,1,300
53708,1,300
53714,1,300
53780,1,300
53784,1,300
53832,1,300
53869,1,300
53931,1,300
53963,1,300
53983,1,300
54054,1,300
54061,1,300
54065,1,300
54103,1,300
54129,1,300
54134,1,300
54135,1,300
54145,1,300
54236,1,300
54255,1,300
54296,1,300
54307,1,300
54395,1,300
54404,1,300
54411,1,300
54537,1,300
54553,1,300
54602,1,300
54664,1,300
54727,1,300
54769,1,300
54823,1,300
54891,1,300
54895,1,300
54957,1,300
54985,1,300
55044,1,300
55052,1,300
55065,1,300
55095,1,300
55122,1,300
55126,1,300
55159,1,300
55202,1,300
55204,1,300
55314,1,300
55337,1,300
55400,1,300
55549,1,300
55642,1,300
55661,1,300
55671,1,300
55723,1,300
55784,1,300
55801,1,300
55819,1,300
55830,1,300
55851,1,300
55920,1,300
55946,1,300
56000,1,300
56001,1,300
56001,1,300
56001,1,300
56022,1,300
56023,1,300
56042,1,300
56051,1,300
56059,1,300
56083,1,300
56087,1,300
56096,1,300
56113,1,300
56116,1,300
56140,1,300
56142,1,300
56157,1,300
56161,1,300
56164,1,300
56170,1,300
56195,1,300
56198,1,300
56205,1,300
56243,1,300
56273,1,300
56277,1,300
56297,1,300
56299,1,300
56342,1,300
56343,1,300
56369,1,300
56378,1,300
56382,1,300
56432,1,300
56486,1,300
56501,1,300
56525,1,300
56548,1,300
56565,1,300
56568,1,300
56605,1,300
56632,1,300
56658,1,300
56665,1,300
56668,1,300
56674,1,300
56678,1,300
56694,1,300
56706,1,300
56713,1,300
56715,1,300
56729,1,300
56755,1,300
56812,1,300
56831,1,300
56841,1,300
56855,1,300
56882,1,300
57005,1,300
57014,1,300
57017,1,300
57018,1,300
57060,1,300
57127,1,300
57164,1,300
57165,1,300
57230,1,300
57252,1,300
57304,1,300
57313,1,300
57330,1,300
57375,1,300
57377,1,300
57466,1,300
57472,1,300
57546,1,300
57557,1,300
57561,1,300
57583,1,300
57592,1,300
57617,1,300
57634,1,300
57650,1,300
57675,1,300
57677,1,300
57699,1,300
57702,1,300
57716,1,300
57758,1,300
57761,1,300
57771,1,300
57788,1,300
57861,1,300
57871,1,300
57942,1,300
57958,1,300
57960,1,300
58010,1,300
58029,1,300
58066,1,300
58070,1,300
58123,1,300
58146,1,300
58210,1,300
58246,1,300
58273,1,300
58273,1,300
58280,1,300
58291,1,300
58307,1,300
58313,1,300
58319,1,300
58345,1,300
58403,1,300
58413,1,300
58417,1,300
58449,1,300
58486,1,300
58512,1,300
58586,1,300
58587,1,300
58622,1,300
58639,1,300
58686,1,300
58690,1,300
58695,1,300
58738,1,300
58748,1,300
58757,1,300
58791,1,300
58827,1,300
58833,1,300
58935,1,300
58946,1,300
58997,1,300
59035,1,300
59039,1,300
59050,1,300
59053,1,300
59126,1,300
59185,1,300
59240,1,300
59240,1,300
59251,1,300
59259,1,300
59324,1,300
59353,1,300
59360,1,300
59435,1,300
59470,1,300
59495,1,300
59510,1,300
59576,1,300
59587,1,300
59612,1,300
59629,1,300
59647,1,300
59648,1,300
59716,1,300
59721,1,300
59761,1,300
59764,1,300
59814,1,300
59818,1,300
59833,1,300
59914,1,300
59940,1,300
59944,1,300
59985,1,300
59994,1,300
60063,1,300
60105,1,300
60128,1,300
60133,1,300
60174,1,300
60177,1,300
60179,1,300
60187,1,300
60204,1,300
60238,1,300
60246,1,300
60283,1,300
60320,1,300
60348,1,300
60355,1,300
60378,1,300
60436,1,300
60448,1,300
60459,1,300
60460,1,300
60471,1,300
60475,1,300
60498,1,300
60509,1,300
60537,1,300
60562,1,300
60640,1,300
60649,1,300
60723,1,300
60725,1,300
60740,1,300
60832,1,300
60838,1,300
60841,1,300
60874,1,300
60954,1,300
61016,1,300
61018,1,300
61033,1,300
61041,1,300
61045,1,300
61065,1,300
61093,1,300
61103,1,300
61120,1,300
61174,1,300
61204,1,300
61224,1,300
61270,1,300
61278,1,300
61334,1,300
61379,1,300
61515,1,300
61525,1,300
61557,1,300
61568,1,300
61578,1,300
61686,1,300
61702,1,300
61708,1,300
61712,1,300
61728,1,300
61753,1,300
61767,1,300
61800,1,300
61804,1,300
61845,1,300
61884,1,300
61912,1,300
61954,1,300
61968,1,300
62011,1,300
62015,1,300
62028,1,300
62043,1,300
62065,1,300
62066,1,300
62069,1,300
62110,1,300
62163,1,300
62290,1,300
62297,1,300
62322,1,300
62323,1,300
62325,1,300
62329,1,300
62384,1,300
62388,1,300
62394,1,300
62450,1,300
62477,1,300
62571,1,300
62588,1,300
62604,1,300
62664,1,300
62689,1,300
62718,1,300
62741,1,300
62787,1,300
62802,1,300
62833,1,300
62841,1,300
62881,1,300
62903,1,300
62954,1,300
62975,1,300
62992,1,300
62997,1,300
63003,1,300
63005,1,300
63024,1,300
63047,1,300
63071,1,300
63081,1,300
63087,1,300
63103,1,300
63111,1,300
63146,1,300
63206,1,300
63210,1,300
63267,1,300
63293,1,300
63307,1,300
63329,1,300
63348,1,300
63371,1,300
63375,1,300
63395,1,300
63418,1,300
63441,1,300
63448,1,300
63488,1,300
63527,1,300
63583,1,300
63654,1,300
63670,1,300
63689,1,300
63766,1,300
63768,1,300
63798,1,300
63804,1,300
63846,1,300
63931,1,300
63936,1,300
63955,1,300
63976,1,300
63996,1,300
64020,1,300
64042,1,300
64052,1,300
64055,1,300
64058,1,300
64085,1,300
64099,1,300
64100,1,300
64235,1,300
64285,1,300
64297,1,300
64357,1,300
64400,1,300
64402,1,300
64411,1,300
64412,1,300
64458,1,300
64493,1,300
64546,1,300
64606,1,300
64608,1,300
64616,1,300
64662,1,300
64668,1,300
64693,1,300
64722,1,300
64723,1,300
64741,1,300
64842,1,300
64843,1,300
64885,1,300
64914,1,300
64917,1,300
64917,1,300
64920,1,300
64924,1,300
64999,1,300
65007,1,300
65043,1,300
65073,1,300
65087,1,300
65095,1,300
65100,1,300
65103,1,300
65104,1,300
65157,1,300
65211,1,300
65247,1,300
65254,1,300
65259,1,300
65266,1,300
65300,1,300
65323,1,300
65326,1,300
65380,1,300
65450,1,300
65456,1,300
65487,1,300
65499,1,300
65507,1,300
65507,1,300
65531,1,300
65536,1,300
65565,1,300
65576,1,300
65601,1,300
65623,1,300
65764,1,300
65816,1,300
65838,1,300
65875,1,300
65879,1,300
65898,1,300
65904,1,300
65911,1,300
65987,1,300
66014,1,300
66030,1,300
66093,1,300
66125,1,300
66171,1,300
66187,1,300
66190,1,300
66226,1,300
66239,1,300
66280,1,300
66365,1,300
66390,1,300
66439,1,300
66486,1,300
66486,1,300
66488,1,300
66532,1,300
66541,1,300
66546,1,300
66552,1,300
66632,1,300
66644,1,300
66684,1,300
66692,1,300
66708,1,300
66708,1,300
66723,1,300
66724,1,300
66765,1,300
66790,1,300
66804,1,300
66814,1,300
66828,1,300
66828,1,300
66875,1,300
66949,1,300
67010,1,300
67020,1,300
67144,1,300
67160,1,300
67200,1,300
67208,1,300
67212,1,300
67226,1,300
67237,1,300
67253,1,300
67285,1,300
67303,1,300
67321,1,300
67322,1,300
67336,1,300
67347,1,300
67427,1,300
67532,1,300
67549,1,300
67554,1,300
67593,1,300
67677,1,300
67705,1,300
67712,1,300
67736,1,300
67756,1,300
67770,1,300
67794,1,300
67795,1,300
67834,1,300
67847,1,300
67860,1,300
67922,1,300
67927,1,300
67959,1,300
68003,1,300
68007,1,300
68013,1,300
68016,1,300
68017,1,300
68018,1,300
68038,1,300
68041,1,300
68086,1,300
68088,1,300
68088,1,300
68092,1,300
68107,1,300
68134,1,300
68171,1,300
68193,1,300
68230,1,300
68231,1,300
68245,1,300
68305,1,300
68312,1,300
68312,1,300
68369,1,300
68389,1,300
68430,1,300
68438,1,300
68453,1,300
68485,1,300
68488,1,300
68502,1,300
68509,1,300
68526,1,300
68532,1,300
68560,1,300
68573,1,300
68599,1,300
68610,1,300
68611,1,300
68623,1,300
68625,1,300
68640,1,300
68646,1,300
68651,1,300
68652,1,300
68674,1,300
68688,1,300
68734,1,300
68749,1,300
68775,1,300
68776,1,300
68789,1,300
68791,1,300
68791,1,300
68797,1,300
68799,1,300
68826,1,300
68877,1,300
68878,1,300
68883,1,300
68889,1,300
68902,1,300
68905,1,300
68921,1,300
68939,1,300
68973,1,300
68975,1,300
68986,1,300
69013,1,300
69023,1,300
69028,1,300
69046,1,300
69046,1,300
69052,1,300
69057,1,300
69057,1,300
69078,1,300
69083,1,300
69088,1,300
69099,1,300
69114,1,300
69123,1,300
69127,1,300
69132,1,300
69137,1,300
69143,1,300
69143,1,300
69158,1,300
69168,1,300
69180,1,300
69182,1,300
69225,1,300
69239,1,300
69240,1,300
69262,1,300
69360,1,300
69377,1,300
69423,1,300
69440,1,300
69443,1,300
69478,1,300
69526,1,300
69531,1,300
69542,1,300
69543,1,300
69561,1,300
69563,1,300
69586,1,300
69617,1,300
69629,1,300
69672,1,300
69673,1,300
69706,1,300
69708,1,300
69730,1,300
69740,1,300
69742,1,300
69773,1,300
69782,1,300
69789,1,300
69792,1,300
69811,1,300
69838,1,300
69858,1,300
69869,1,300
69904,1,300
69962,1,300
69969,1,300
69998,1,300
70000,1,300
70002,1,300
70019,1,300
70038,1,300
70040,1,300
70047,1,300
70053,1,300
70077,1,300
70078,1,300
70112,1,300
70143,1,300
70179,1,300
70187,1,300
70237,1,300
70243,1,300
70257,1,300
70264,1,300
70290,1,300
70292,1,300
70296,1,300
70308,1,300
70318,1,300
70323,1,300
70328,1,300
70369,1,300
70372,1,300
70406,1,300
70430,1,300
70475,1,300
70490,1,300
70495,1,300
70540,1,300
70576,1,300
70582,1,300
70589,1,300
70614,1,300
70647,1,300
70661,1,300
70712,1,300
70717,1,300
70719,1,300
70729,1,300
70735,1,300
70748,1,300
70756,1,300
70790,1,300
70811,1,300
70825,1,300
70841,1,300
70846,1,300
70851,1,300
70853,1,300
70872,1,300
70880,1,300
70906,1,300
71031,1,300
71064,1,300
71078,1,300
71096,1,300
71120,1,300
71130,1,300
71140,1,300
71141,1,300
71216,1,300
71225,1,300
71240,1,300
71242,1,300
71271,1,300
71285,1,300
71314,1,300
71324,1,300
71338,1,300
71417,1,300
71424,1,300
71432,1,300
71481,1,300
71482,1,300
71482,1,300
71489,1,300
71512,1,300
71594,1,300
71602,1,300
71616,1,300
71632,1,300
71658,1,300
71672,1,300
71724,1,300
71731,1,300
71731,1,300
71751,1,300
71812,1,300
71823,1,300
71828,1,300
71835,1,300
71848,1,300
71866,1,300
71874,1,300
71897,1,300
71898,1,300
71907,1,300
71916,1,300
72026,1,300
72047,1,300
72047,1,300
72049,1,300
72058,1,300
72059,1,300
72062,1,300
72085,1,300
72093,1,300
72094,1,300
72096,1,300
72100,1,300
72102,1,300
72111,1,300
72121,1,300
72131,1,300
72137,1,300
72139,1,300
72150,1,300
72173,1,300
72184,1,300
72215,1,300
72231,1,300
72255,1,300
72264,1,300
72320,1,300
72330,1,300
72339,1,300
72378,1,300
72409,1,300
72421,1,300
72439,1,300
72452,1,300
72458,1,300
72459,1,300
72469,1,300
72479,1,300
72551,1,300
72577,1,300
72577,1,300
72586,1,300
72612,1,300
72644,1,300
72656,1,300
72694,1,300
72711,1,300
72721,1,300
72758,1,300
72762,1,300
72784,1,300
72793,1,300
72850,1,300
72910,1,300
72917,1,300
72992,1,300
73014,1,300
73030,1,300
73034,1,300
73040,1,300
73046,1,300
73054,1,300
73061,1,300
73093,1,300
73095,1,300
73121,1,300
73157,1,300
73165,1,300
73179,1,300
73179,1,300
73180,1,300
73193,1,300
73207,1,300
73218,1,300
73226,1,300
73229,1,300
73230,1,300
73253,1,300
73288,1,300
73312,1,300
73370,1,300
73379,1,300
73387,1,300
73418,1,300
73421,1,300
73422,1,300
73435,1,300
73443,1,300
73460,1,300
73462,1,300
73466,1,300
73504,1,300
73521,1,300
73533,1,300
73542,1,300
73544,1,300
73578,1,300
73595,1,300
73600,1,300
73605,1,300
73654,1,300
73690,1,300
73700,1,300
73705,1,300
73725,1,300
73802,1,300
73828,1,300
73828,1,300
73841,1,300
73845,1,300
73885,1,300
73894,1,300
73915,1,300
73922,1,300
73929,1,300
74036,1,300
74053,1,300
74099,1,300
74105,1,300
74137,1,300
74137,1,300
74149,1,300
74155,1,300
74167,1,300
74181,1,300
74182,1,300
74186,1,300
74216,1,300
74217,1,300
74256,1,300
74257,1,300
74269,1,300
74280,1,300
74317,1,300
74335,1,300
74348,1,300
74362,1,300
74366,1,300
74442,1,300
74454,1,300
74464,1,300
74482,1,300
74550,1,300
74563,1,300
74605,1,300
74622,1,300
74630,1,300
74638,1,300
74645,1,300
74666,1,300
74670,1,300
74713,1,300
74728,1,300
74745,1,300
74758,1,300
74787,1,300
74903,1,300
74936,1,300
74965,1,300
74974,1,300
74981,1,300
74985,1,300
75003,1,300
75010,1,300
75011,1,300
75031,1,300
75034,1,300
75047,1,300
75075,1,300
75083,1,300
75104,1,300
75106,1,300
75124,1,300
75132,1,300
75151,1,300
75171,1,300
75175,1,300
75216,1,300
75219,1,300
75238,1,300
75242,1,300
75267,1,300
75272,1,300
75275,1,300
75377,1,300
75400,1,300
75404,1,300
75423,1,300
75429,1,300
75441,1,300
75450,1,300
75491,1,300
75505,1,300
75528,1,300
75529,1,300
75535,1,300
75539,1,300
75585,1,300
75595,1,300
75597,1,300
75602,1,300
75614,1,300
75620,1,300
75633,1,300
75641,1,300
75645,1,300
75655,1,300
75664,1,300
75665,1,300
75668,1,300
75676,1,300
75695,1,300
75702,1,300
75704,1,300
75749,1,300
75767,1,300
75778,1,300
75788,1,300
75788,1,300
75812,1,300
76005,1,300
76006,1,300
76020,1,300
76063,1,300
76068,1,300
76097,1,300
76107,1,300
76131,1,300
76180,1,300
76210,1,300
76241,1,300
76272,1,300
76282,1,300
76351,1,300
76368,1,300
76371,1,300
76424,1,300
76427,1,300
76427,1,300
76438,1,300
76447,1,300
76464,1,300
76505,1,300
76522,1,300
76537,1,300
76550,1,300
76573,1,300
76575,1,300
76589,1,300
76619,1,300
76646,1,300
76649,1,300
76675,1,300
76682,1,300
76694,1,300
76707,1,300
76751,1,300
76781,1,300
76792,1,300
76831,1,300
76844,1,300
76852,1,300
76859,1,300
76898,1,300
76912,1,300
76920,1,300
76929,1,300
76972,1,300
76999,1,300
77010,1,300
77026,1,300
77039,1,300
77059,1,300
77064,1,300
77086,1,300
77091,1,300
77093,1,300
77118,1,300
77123,1,300
77137,1,300
77144,1,300
77155,1,300
77180,1,300
77187,1,300
77199,1,300
77228,1,300
77238,1,300
77257,1,300
77283,1,300
77285,1,300
77305,1,300
77321,1,300
77330,1,300
77392,1,300
77441,1,300
77488,1,300
77500,1,300
77524,1,300
77585,1,300
77611,1,300
77638,1,300
77649,1,300
77702,1,300
77711,1,300
77719,1,300
77735,1,300
77745,1,300
77776,1,300
77788,1,300
77837,1,300
77850,1,300
77858,1,300
77890,1,300
77896,1,300
77909,1,300
77919,1,300
77932,1,300
77955,1,300
77966,1,300
77993,1,300
77998,1,300
77999,1,300
78002,1,300
78004,1,300
78010,1,300
78021,1,300
78029,1,300
78052,1,300
78052,1,300
78058,1,300
78068,1,300
78075,1,300
78105,1,300
78112,1,300
78134,1,300
78136,1,300
78163,1,300
78178,1,300
78192,1,300
78199,1,300
78199,1,300
78215,1,300
78237,1,300
78269,1,300
78276,1,300
78333,1,300
78335,1,300
78357,1,300
78367,1,300
78423,1,300
78536,1,300
78545,1,300
78597,1,300
78645,1,300
78645,1,300
78667,1,300
78685,1,300
78692,1,300
78698,1,300
78735,1,300
78735,1,300
78735,1,300
78792,1,300
78798,1,300
78807,1,300
78814,1,300
78816,1,300
78844,1,300
78861,1,300
78870,1,300
78885,1,300
78886,1,300
78898,1,300
79017,1,300
79037,1,300
79037,1,300
79070,1,300
79095,1,300
79101,1,300
79104,1,300
79106,1,300
79106,1,300
79120,1,300
79121,1,300
79136,1,300
79184,1,300
79192,1,300
79242,1,300
79246,1,300
79251,1,300
79273,1,300
79279,1,300
79285,1,300
79288,1,300
79299,1,300
79311,1,300
79322,1,300
79335,1,300
79359,1,300
79420,1,300
79465,1,300
79486,1,300
79509,1,300
79522,1,300
79528,1,300
79529,1,300
79606,1,300
79659,1,300
79661,1,300
79666,1,300
79696,1,300
79708,1,300
79781,1,300
79787,1,300
79808,1,300
79810,1,300
79815,1,300
79851,1,300
79893,1,300
79895,1,300
79914,1,300
79924,1,300
79948,1,300
79964,1,300
80006,1,300
80020,1,300
80030,1,300
80059,1,300
80062,1,300
80066,1,300
80075,1,300
80083,1,300
80106,1,300
80107,1,300
80119,1,300
80123,1,300
80123,1,300
80131,1,300
80145,1,300
80152,1,300
80158,1,300
80159,1,300
80170,1,300
80195,1,300
80223,1,300
80244,1,300
80245,1,300
80256,1,300
80265,1,300
80273,1,300
80276,1,300
80279,1,300
80294,1,300
80315,1,300
80372,1,300
80403,1,300
80407,1,300
80411,1,300
80439,1,300
80462,1,300
80473,1,300
80481,1,300
80491,1,300
80496,1,300
80514,1,300
80534,1,300
80535,1,300
80535,1,300
80545,1,300
80584,1,300
80604,1,300
80608,1,300
80614,1,300
80647,1,300
80678,1,300
80701,1,300
80712,1,300
80715,1,300
80716,1,300
80737,1,300
80743,1,300
80752,1,300
80769,1,300
80772,1,300
80773,1,300
80777,1,300
80781,1,300
80783,1,300
80784,1,300
80798,1,300
80799,1,300
80804,1,300
80807,1,300
80827,1,300
80833,1,300
80834,1,300
80841,1,300
81026,1,300
81036,1,300
81039,1,300
81039,1,300
81045,1,300
81051,1,300
81056,1,300
81067,1,300
81072,1,300
81078,1,300
81094,1,300
81099,1,300
81101,1,300
81142,1,300
81151,1,300
81160,1,300
81169,1,300
81172,1,300
81187,1,300
81232,1,300
81240,1,300
81245,1,300
81259,1,300
81264,1,300
81275,1,300
81301,1,300
81314,1,300
81321,1,300
81344,1,300
81373,1,300
81425,1,300
81432,1,300
81443,1,300
81454,1,300
81474,1,300
81491,1,300
81502,1,300
81507,1,300
81521,1,300
81526,1,300
81544,1,300
81570,1,300
81581,1,300
81585,1,300
81603,1,300
81628,1,300
81670,1,300
81691,1,300
81732,1,300
81734,1,300
81749,1,300
81756,1,300
81764,1,300
81812,1,300
81848,1,300
81866,1,300
81867,1,300
81889,1,300
81890,1,300
81916,1,300
81934,1,300
82023,1,300
82040,1,300
82052,1,300
82101,1,300
82119,1,300
82126,1,300
82158,1,300
82178,1,300
82194,1,300
82218,1,300
82223,1,300
82274,1,300
82312,1,300
82314,1,300
82318,1,300
82323,1,300
82332,1,300
82341,1,300
82386,1,300
82390,1,300
82412,1,300
82444,1,300
82476,1,300
82479,1,300
82495,1,300
82510,1,300
82605,1,300
82660,1,300
82735,1,300
82745,1,300
82759,1,300
82797,1,300
82801,1,300
82812,1,300
82813,1,300
82814,1,300
82825,1,300
82825,1,300
82848,1,300
82874,1,300
82879,1,300
82881,1,300
82941,1,300
82944,1,300
82973,1,300
82979,1,300
83002,1,300
83023,1,300
83038,1,300
83051,1,300
83053,1,300
83056,1,300
83058,1,300
83074,1,300
83105,1,300
83115,1,300
83126,1,300
83128,1,300
83140,1,300
83146,1,300
83152,1,300
83153,1,300
83154,1,300
83167,1,300
83168,1,300
83180,1,300
83198,1,300
83202,1,300
83262,1,300
83266,1,300
83267,1,300
83274,1,300
83283,1,300
83290,1,300
83290,1,300
83302,1,300
83309,1,300
83358,1,300
83395,1,300
83462,1,300
83463,1,300
83476,1,300
83494,1,300
83502,1,300
83505,1,300
83542,1,300
83670,1,300
83679,1,300
83684,1,300
83689,1,300
83692,1,300
83696,1,300
83697,1,300
83697,1,300
83702,1,300
83721,1,300
83752,1,300
83774,1,300
83789,1,300
83797,1,300
83842,1,300
83860,1,300
83874,1,300
83880,1,300
83918,1,300
83924,1,300
83926,1,300
83933,1,300
84008,1,300
84053,1,300
84056,1,300
84063,1,300
84078,1,300
84079,1,300
84085,1,300
84085,1,300
84093,1,300
84096,1,300
84099,1,300
84107,1,300
84111,1,300
84112,1,300
84121,1,300
84128,1,300
84138,1,300
84141,1,300
84146,1,300
84147,1,300
84154,1,300
84163,1,300
84171,1,300
84193,1,300
84248,1,300
84249,1,300
84266,1,300
84266,1,300
84266,1,300
84277,1,300
84305,1,300
84327,1,300
84331,1,300
84335,1,300
84344,1,300
84346,1,300
84390,1,300
84394,1,300
84431,1,300
84435,1,300
84445,1,300
84448,1,300
84448,1,300
84470,1,300
84516,1,300
84569,1,300
84606,1,300
84615,1,300
84630,1,300
84631,1,300
84653,1,300
84669,1,300
84682,1,300
84683,1,300
84687,1,300
84693,1,300
84726,1,300
84726,1,300
84747,1,300
84752,1,300
84762,1,300
84763,1,300
84819,1,300
84840,1,300
84841,1,300
84866,1,300
84867,1,300
85027,1,300
85030,1,300
85064,1,300
85077,1,300
85102,1,300
85118,1,300
85118,1,300
85121,1,300
85152,1,300
85164,1,300
85223,1,300
85230,1,300
85252,1,300
85253,1,300
85256,1,300
85271,1,300
85278,1,300
85281,1,300
85345,1,300
85374,1,300
85376,1,300
85445,1,300
85460,1,300
85482,1,300
85487,1,300
85543,1,300
85575,1,300
85588,1,300
85643,1,300
85705,1,300
85719,1,300
85730,1,300
85747,1,300
85752,1,300
85762,1,300
85850,1,300
85864,1,300
85894,1,300
85901,1,300
85924,1,300
85934,1,300
85966,1,300
85967,1,300
85976,1,300
85982,1,300
86003,1,300
86004,1,300
86006,1,300
86030,1,300
86030,1,300
86031,1,300
86036,1,300
86039,1,300
86049,1,300
86053,1,300
86081,1,300
86082,1,300
86082,1,300
86095,1,300
86109,1,300
86112,1,300
86116,1,300
86143,1,300
86147,1,300
86172,1,300
86182,1,300
86200,1,300
86217,1,300
86223,1,300
86229,1,300
86232,1,300
86237,1,300
86258,1,300
86267,1,300
86271,1,300
86277,1,300
86278,1,300
86304,1,300
86316,1,300
86323,1,300
86349,1,300
86350,1,300
86380,1,300
86412,1,300
86455,1,300
86530,1,300
86576,1,300
86580,1,300
86583,1,300
86621,1,300
86640,1,300
86641,1,300
86655,1,300
86690,1,300
86714,1,300
86723,1,300
86726,1,300
86740,1,300
86785,1,300
86794,1,300
86797,1,300
86798,1,300
86801,1,300
86818,1,300
86837,1,300
86869,1,300
86905,1,300
86925,1,300
86977,1,300
86981,1,300
86983,1,300
86996,1,300
87000,1,300
87008,1,300
87012,1,300
87023,1,300
87025,1,300
87034,1,300
87046,1,300
87050,1,300
87053,1,300
87053,1,300
87054,1,300
87079,1,300
87093,1,300
87099,1,300
87115,1,300
87143,1,300
87144,1,300
87188,1,300
87195,1,300
87195,1,300
87232,1,300
87253,1,300
87289,1,300
87308,1,300
87333,1,300
87350,1,300
87361,1,300
87365,1,300
87376,1,300
87381,1,300
87390,1,300
87405,1,300
87407,1,300
87444,1,300
87464,1,300
87470,1,300
87477,1,300
87481,1,300
87497,1,300
87505,1,300
87519,1,300
87539,1,300
87545,1,300
87551,1,300
87565,1,300
87627,1,300
87642,1,300
87658,1,300
87663,1,300
87678,1,300
87685,1,300
87686,1,300
87697,1,300
87707,1,300
87730,1,300
87740,1,300
87799,1,300
87800,1,300
87809,1,300
87841,1,300
87843,1,300
87853,1,300
87868,1,300
87891,1,300
87925,1,300
88019,1,300
88021,1,300
88023,1,300
88086,1,300
88122,1,300
88155,1,300
88179,1,300
88201,1,300
88222,1,300
88227,1,300
88234,1,300
88241,1,300
88258,1,300
88343,1,300
88344,1,300
88385,1,300
88403,1,300
88408,1,300
88419,1,300
88437,1,300
88452,1,300
88465,1,300
88471,1,300
88481,1,300
88485,1,300
88492,1,300
88517,1,300
88576,1,300
88615,1,300
88675,1,300
88711,1,300
88731,1,300
88765,1,300
88778,1,300
88784,1,300
88795,1,300
88800,1,300
88808,1,300
88821,1,300
88823,1,300
88845,1,300
88853,1,300
88853,1,300
88902,1,300
88907,1,300
88912,1,300
88932,1,300
88957,1,300
88978,1,300
88985,1,300
88988,1,300
88989,1,300
89001,1,300
89004,1,300
89009,1,300
89010,1,300
89043,1,300
89066,1,300
89080,1,300
89089,1,300
89113,1,300
89130,1,300
89131,1,300
89132,1,300
89149,1,300
89170,1,300
89171,1,300
89179,1,300
89192,1,300
89212,1,300
89244,1,300
89315,1,300
89351,1,300
89361,1,300
89375,1,300
89417,1,300
89424,1,300
89439,1,300
89444,1,300
89454,1,300
89470,1,300
89488,1,300
89489,1,300
89492,1,300
89511,1,300
89516,1,300
89532,1,300
89551,1,300
89557,1,300
89574,1,300
89643,1,300
89652,1,300
89653,1,300
89705,1,300
89705,1,300
89707,1,300
89709,1,300
89733,1,300
89809,1,300
89811,1,300
89831,1,300
89846,1,300
89850,1,300
89852,1,300
89890,1,300
89908,1,300
89923,1,300
89945,1,300
89994,1,300
89995,1,300
90004,1,300
90024,1,300
90038,1,300
90099,1,300
90115,1,300
90117,1,300
90158,1,300
90164,1,300
90182,1,300
90211,1,300
90245,1,300
90285,1,300
90305,1,300
90314,1,300
90342,1,300
90349,1,300
90349,1,300
90382,1,300
90391,1,300
90392,1,300
90393,1,300
90419,1,300
90424,1,300
90431,1,300
90447,1,300
90455,1,300
90456,1,300
90465,1,300
90479,1,300
90503,1,300
90515,1,300
90526,1,300
90530,1,300
90553,1,300
90590,1,300
90598,1,300
90622,1,300
90685,1,300
90722,1,300
90733,1,300
90762,1,300
90765,1,300
90766,1,300
90771,1,300
90800,1,300
90834,1,300
90881,1,300
90889,1,300
90912,1,300
90928,1,300
90928,1,300
90968,1,300
90978,1,300
90978,1,300
90979,1,300
90993,1,300
91005,1,300
91011,1,300
91016,1,300
91032,1,300
91043,1,300
91053,1,300
91058,1,300
91083,1,300
91085,1,300
91089,1,300
91092,1,300
91098,1,300
91103,1,300
91127,1,300
91140,1,300
91140,1,300
91148,1,300
91151,1,300
91151,1,300
91155,1,300
91157,1,300
91174,1,300
91195,1,300
91206,1,300
91237,1,300
91280,1,300
91324,1,300
91352,1,300
91356,1,300
91380,1,300
91404,1,300
91450,1,300
91460,1,300
91490,1,300
91543,1,300
91546,1,300
91553,1,300
91587,1,300
91587,1,300
91607,1,300
91621,1,300
91634,1,300
91715,1,300
91733,1,300
91755,1,300
91768,1,300
91776,1,300
91789,1,300
91792,1,300
91814,1,300
91882,1,300
91886,1,300
91954,1,300
91960,1,300
91996,1,300
92007,1,300
92018,1,300
92029,1,300
92030,1,300
92034,1,300
92039,1,300
92039,1,300
92041,1,300
92063,1,300
92068,1,300
92072,1,300
92073,1,300
92103,1,300
92107,1,300
92109,1,300
92149,1,300
92161,1,300
92173,1,300
92173,1,300
92182,1,300
92212,1,300
92233,1,300
92233,1,300
92242,1,300
92250,1,300
92271,1,300
92274,1,300
92276,1,300
92285,1,300
92319,1,300
92328,1,300
92334,1,300
92335,1,300
92342,1,300
92345,1,300
92370,1,300
92390,1,300
92396,1,300
92398,1,300
92401,1,300
92405,1,300
92429,1,300
92520,1,300
92525,1,300
92530,1,300
92532,1,300
92562,1,300
92570,1,300
92573,1,300
92585,1,300
92609,1,300
92621,1,300
92643,1,300
92676,1,300
92682,1,300
92694,1,300
92703,1,300
92707,1,300
92712,1,300
92716,1,300
92720,1,300
92724,1,300
92745,1,300
92749,1,300
92763,1,300
92783,1,300
92789,1,300
92807,1,300
92832,1,300
92835,1,300
92835,1,300
92837,1,300
92839,1,300
92861,1,300
92870,1,300
92874,1,300
92881,1,300
92886,1,300
92891,1,300
92900,1,300
92908,1,300
92913,1,300
92928,1,300
92933,1,300
92937,1,300
92942,1,300
92942,1,300
92944,1,300
92948,1,300
93007,1,300
93019,1,300
93085,1,300
93103,1,300
93105,1,300
93110,1,300
93125,1,300
93125,1,300
93154,1,300
93158,1,300
93168,1,300
93169,1,300
93184,1,300
93197,1,300
93278,1,300
93283,1,300
93293,1,300
93300,1,300
93305,1,300
93350,1,300
93355,1,300
93393,1,300
93394,1,300
93406,1,300
93431,1,300
93432,1,300
93470,1,300
93532,1,300
93550,1,300
93578,1,300
93589,1,300
93591,1,300
93602,1,300
93630,1,300
93634,1,300
93639,1,300
93646,1,300
93659,1,300
93665,1,300
93671,1,300
93692,1,300
93713,1,300
93714,1,300
93720,1,300
93721,1,300
93738,1,300
93746,1,300
93792,1,300
93808,1,300
93836,1,300
93852,1,300
93867,1,300
93870,1,300
93883,1,300
93900,1,300
93911,1,300
93923,1,300
94000,1,300
94016,1,300
94016,1,300
94027,1,300
94030,1,300
94030,1,300
94032,1,300
94038,1,300
94038,1,300
94054,1,300
94064,1,300
94067,1,300
94072,1,300
94075,1,300
94085,1,300
94107,1,300
94116,1,300
94116,1,300
94127,1,300
94137,1,300
94169,1,300
94172,1,300
94188,1,300
94195,1,300
94217,1,300
94223,1,300
94228,1,300
94265,1,300
94271,1,300
94283,1,300
94289,1,300
94289,1,300
94299,1,300
94300,1,300
94317,1,300
94326,1,300
94334,1,300
94361,1,300
94429,1,300
94434,1,300
94435,1,300
94453,1,300
94460,1,300
94500,1,300
94537,1,300
94543,1,300
94550,1,300
94573,1,300
94613,1,300
94619,1,300
94710,1,300
94717,1,300
94725,1,300
94729,1,300
94734,1,300
94745,1,300
94757,1,300
94782,1,300
94815,1,300
94845,1,300
94856,1,300
94860,1,300
94886,1,300
94904,1,300
94923,1,300
94953,1,300
94954,1,300
95029,1,300
95031,1,300
95043,1,300
95050,1,300
95053,1,300
95068,1,300
95089,1,300
95093,1,300
95099,1,300
95134,1,300
95223,1,300
95253,1,300
95268,1,300
95285,1,300
95286,1,300
95338,1,300
95384,1,300
95388,1,300
95397,1,300
95420,1,300
95429,1,300
95434,1,300
95439,1,300
95442,1,300
95453,1,300
95456,1,300
95512,1,300
95524,1,300
95555,1,300
95559,1,300
95565,1,300
95589,1,300
95589,1,300
95599,1,300
95622,1,300
95623,1,300
95660,1,300
95688,1,300
95701,1,300
95711,1,300
95749,1,300
95769,1,300
95782,1,300
95838,1,300
95844,1,300
95848,1,300
95849,1,300
95868,1,300
95889,1,300
95922,1,300
95923,1,300
95952,1,300
95976,1,300
95981,1,300
96002,1,300
96010,1,300
96021,1,300
96024,1,300
96027,1,300
96053,1,300
96061,1,300
96067,1,300
96067,1,300
96074,1,300
96092,1,300
96099,1,300
96106,1,300
96109,1,300
96116,1,300
96123,1,300
96126,1,300
96142,1,300
96145,1,300
96149,1,300
96152,1,300
96157,1,300
96158,1,300
96245,1,300
96272,1,300
96275,1,300
96277,1,300
96290,1,300
96291,1,300
96300,1,300
96339,1,300
96358,1,300
96380,1,300
96396,1,300
96402,1,300
96413,1,300
96427,1,300
96428,1,300
96440,1,300
96455,1,300
96474,1,300
96487,1,300
96509,1,300
96543,1,300
96551,1,300
96558,1,300
96575,1,300
96607,1,300
96625,1,300
96626,1,300
96641,1,300
96645,1,300
96655,1,300
96658,1,300
96673,1,300
96682,1,300
96706,1,300
96757,1,300
96761,1,300
96775,1,300
96781,1,300
96787,1,300
96803,1,300
96816,1,300
96832,1,300
96833,1,300
96852,1,300
96853,1,300
97018,1,300
97022,1,300
97036,1,300
97045,1,300
97050,1,300
97057,1,300
97079,1,300
97097,1,300
97104,1,300
97104,1,300
97106,1,300
97122,1,300
97160,1,300
97165,1,300
97174,1,300
97195,1,300
97203,1,300
97220,1,300
97241,1,300
97250,1,300
97253,1,300
97282,1,300
97309,1,300
97314,1,300
97318,1,300
97326,1,300
97355,1,300
97363,1,300
97392,1,300
97395,1,300
97397,1,300
97413,1,300
97431,1,300
97447,1,300
97469,1,300
97477,1,300
97483,1,300
97497,1,300
97527,1,300
97533,1,300
97540,1,300
97542,1,300
97560,1,300
97582,1,300
97595,1,300
97607,1,300
97611,1,300
97612,1,300
97613,1,300
97626,1,300
97634,1,300
97654,1,300
97746,1,300
97754,1,300
97760,1,300
97818,1,300
97838,1,300
97841,1,300
98027,1,300
98030,1,300
98043,1,300
98084,1,300
98085,1,300
98096,1,300
98105,1,300
98110,1,300
98129,1,300
98133,1,300
98137,1,300
98143,1,300
98153,1,300
98173,1,300
98187,1,300
98210,1,300
98223,1,300
98246,1,300
98291,1,300
98292,1,300
98328,1,300
98351,1,300
98431,1,300
98435,1,300
98445,1,300
98452,1,300
98460,1,300
98499,1,300
98499,1,300
98512,1,300
98527,1,300
98533,1,300
98535,1,300
98544,1,300
98549,1,300
98565,1,300
98568,1,300
98571,1,300
98582,1,300
98603,1,300
98613,1,300
98669,1,300
98684,1,300
98710,1,300
98752,1,300
98755,1,300
98782,1,300
98800,1,300
98810,1,300
98824,1,300
98848,1,300
98852,1,300
98856,1,300
98879,1,300
98880,1,300
98881,1,300
98887,1,300
98914,1,300
99012,1,300
99031,1,300
99036,1,300
99059,1,300
99063,1,300
99066,1,300
99080,1,300
99087,1,300
99150,1,300
99154,1,300
99166,1,300
99166,1,300
99166,1,300
99173,1,300
99174,1,300
99182,1,300
99220,1,300
99223,1,300
99231,1,300
99249,1,300
99280,1,300
99281,1,300
99296,1,300
99314,1,300
99317,1,300
99322,1,300
99351,1,300
99359,1,300
99375,1,300
99396,1,300
99419,1,300
99421,1,300
99425,1,300
99426,1,300
99456,1,300
99484,1,300
99549,1,300
99574,1,300
99582,1,300
99618,1,300
99619,1,300
99661,1,300
99677,1,300
99690,1,300
99719,1,300
99735,1,300
99754,1,300
99783,1,300
99804,1,300
99823,1,300
99832,1,300
99854,1,300
99855,1,300
99876,1,300
99891,1,300
99955,1,300
99958,1,300
99967,1,300
99971,1,300
100009,1,300
100013,1,300
100059,1,300
100063,1,300
100076,1,300
100108,1,300
100117,1,300
100137,1,300
100154,1,300
100171,1,300
100206,1,300
100221,1,300
100234,1,300
100239,1,300
100257,1,300
100272,1,300
100275,1,300
100287,1,300
100290,1,300
100317,1,300
100321,1,300
100329,1,300
100354,1,300
100385,1,300
100431,1,300
100544,1,300
100559,1,300
100577,1,300
100610,1,300
100613,1,300
100613,1,300
100621,1,300
100630,1,300
100639,1,300
100640,1,300
100647,1,300
100656,1,300
100725,1,300
100759,1,300
100762,1,300
100794,1,300
100805,1,300
100817,1,300
100830,1,300
100849,1,300
100856,1,300
100884,1,300
100889,1,300
100924,1,300
100924,1,300
100968,1,300
100980,1,300
101075,1,300
101076,1,300
101090,1,300
101103,1,300
101143,1,300
101147,1,300
101166,1,300
101170,1,300
101171,1,300
101180,1,300
101186,1,300
101190,1,300
101195,1,300
101245,1,300
101260,1,300
101293,1,300
101298,1,300
101309,1,300
101312,1,300
101322,1,300
101326,1,300
101348,1,300
101359,1,300
101418,1,300
101433,1,300
101433,1,300
101451,1,300
101469,1,300
101505,1,300
101539,1,300
101561,1,300
101579,1,300
101580,1,300
101595,1,300
101604,1,300
101606,1,300
101624,1,300
101629,1,300
101646,1,300
101646,1,300
101649,1,300
101657,1,300
101661,1,300
101665,1,300
101713,1,300
101752,1,300
101777,1,300
101822,1,300
101854,1,300
101879,1,300
101881,1,300
101919,1,300
101938,1,300
101983,1,300
102009,1,300
102015,1,300
102029,1,300
102048,1,300
102072,1,300
102143,1,300
102154,1,300
102161,1,300
102184,1,300
102194,1,300
102257,1,300
102267,1,300
102286,1,300
102297,1,300
102314,1,300
102336,1,300
102341,1,300
102369,1,300
102380,1,300
102386,1,300
102409,1,300
102434,1,300
102458,1,300
102469,1,300
102482,1,300
102486,1,300
102497,1,300
102499,1,300
102512,1,300
102512,1,300
102525,1,300
102526,1,300
102560,1,300
102587,1,300
102619,1,300
102626,1,300
102661,1,300
102687,1,300
102702,1,300
102740,1,300
102749,1,300
102751,1,300
102752,1,300
102776,1,300
102807,1,300
102835,1,300
102842,1,300
102848,1,300
102868,1,300
102911,1,300
102957,1,300
102994,1,300
103008,1,300
103016,1,300
103017,1,300
103028,1,300
103035,1,300
103101,1,300
103135,1,300
103141,1,300
103153,1,300
103168,1,300
103173,1,300
103173,1,300
103200,1,300
103201,1,300
103210,1,300
103245,1,300
103255,1,300
103255,1,300
103260,1,300
103285,1,300
103288,1,300
103292,1,300
103308,1,300
103314,1,300
103347,1,300
103353,1,300
103378,1,300
103400,1,300
103420,1,300
103464,1,300
103489,1,300
103496,1,300
103525,1,300
103548,1,300
103598,1,300
103618,1,300
103647,1,300
103681,1,300
103699,1,300
103756,1,300
103757,1,300
103787,1,300
103799,1,300
103803,1,300
103816,1,300
103819,1,300
103851,1,300
103870,1,300
103870,1,300
103872,1,300
103894,1,300
104011,1,300
104028,1,300
104050,1,300
104057,1,300
104079,1,300
104144,1,300
104189,1,300
104220,1,300
104220,1,300
104228,1,300
104254,1,300
104295,1,300
104321,1,300
104341,1,300
104363,1,300
104389,1,300
104420,1,300
104433,1,300
104459,1,300
104468,1,300
104505,1,300
104515,1,300
104527,1,300
104532,1,300
104588,1,300
104591,1,300
104637,1,300
104652,1,300
104686,1,300
104690,1,300
104692,1,300
104706,1,300
104718,1,300
104718,1,300
104723,1,300
104737,1,300
104747,1,300
104767,1,300
104777,1,300
104797,1,300
104813,1,300
104848,1,300
104849,1,300
104862,1,300
104867,1,300
104869,1,300
104876,1,300
104894,1,300
104914,1,300
104918,1,300
104921,1,300
104930,1,300
104945,1,300
104955,1,300
104971,1,300
104972,1,300
104990,1,300
105003,1,300
105006,1,300
105006,1,300
105024,1,300
105048,1,300
105070,1,300
105082,1,300
105084,1,300
105097,1,300
105147,1,300
105156,1,300
105157,1,300
105188,1,300
105200,1,300
105204,1,300
105208,1,300
105213,1,300
105219,1,300
105219,1,300
105233,1,300
105273,1,300
105285,1,300
105304,1,300
105311,1,300
105336,1,300
105379,1,300
105437,1,300
105438,1,300
105495,1,300
105495,1,300
105502,1,300
105525,1,300
105544,1,300
105545,1,300
105546,1,300
105549,1,300
105553,1,300
105577,1,300
105602,1,300
105613,1,300
105623,1,300
105631,1,300
105659,1,300
105707,1,300
105718,1,300
105722,1,300
105724,1,300
105744,1,300
105790,1,300
105825,1,300
105854,1,300
105857,1,300
105859,1,300
105867,1,300
106017,1,300
106030,1,300
106043,1,300
106063,1,300
106067,1,300
106083,1,300
106091,1,300
106117,1,300
106169,1,300
106191,1,300
106197,1,300
106213,1,300
106262,1,300
106295,1,300
106368,1,300
106378,1,300
106403,1,300
106465,1,300
106490,1,300
106519,1,300
106545,1,300
106575,1,300
106578,1,300
106620,1,300
106646,1,300
106661,1,300
106733,1,300
106775,1,300
106800,1,300
106843,1,300
106847,1,300
106849,1,300
106872,1,300
106873,1,300
106925,1,300
106965,1,300
106981,1,300
106993,1,300
107034,1,300
107065,1,300
107077,1,300
107095,1,300
107098,1,300
107118,1,300
107123,1,300
107128,1,300
107138,1,300
107149,1,300
107180,1,300
107188,1,300
107191,1,300
107203,1,300
107228,1,300
107232,1,300
107233,1,300
107256,1,300
107330,1,300
107342,1,300
107353,1,300
107368,1,300
107368,1,300
107390,1,300
107392,1,300
107429,1,300
107457,1,300
107464,1,300
107489,1,300
107512,1,300
107531,1,300
107538,1,300
107541,1,300
107542,1,300
107606,1,300
107615,1,300
107665,1,300
107668,1,300
107673,1,300
107757,1,300
107798,1,300
107813,1,300
107816,1,300
107842,1,300
107855,1,300
107867,1,300
107869,1,300
107894,1,300
107905,1,300
107909,1,300
107909,1,300
107912,1,300
108005,1,300
108076,1,300
108102,1,300
108154,1,300
108156,1,300
108180,1,300
108182,1,300
108191,1,300
108210,1,300
108228,1,300
108331,1,300
108350,1,300
108410,1,300
108450,1,300
108491,1,300
108539,1,300
108540,1,300
108573,1,300
108675,1,300
108708,1,300
108733,1,300
108741,1,300
108770,1,300
108804,1,300
108835,1,300
108923,1,300
108924,1,300
108943,1,300
108955,1,300
109006,1,300
109006,1,300
109011,1,300
109013,1,300
109017,1,300
109044,1,300
109051,1,300
109055,1,300
109060,1,300
109062,1,300
109070,1,300
109082,1,300
109101,1,300
109101,1,300
109113,1,300
109128,1,300
109134,1,300
109140,1,300
109144,1,300
109158,1,300
109180,1,300
109196,1,300
109205,1,300
109206,1,300
109229,1,300
109256,1,300
109262,1,300
109265,1,300
109276,1,300
109289,1,300
109296,1,300
109313,1,300
109332,1,300
109376,1,300
109459,1,300
109528,1,300
109574,1,300
109605,1,300
109609,1,300
109620,1,300
109630,1,300
109678,1,300
109718,1,300
109760,1,300
109789,1,300
109802,1,300
109831,1,300
109846,1,300
109851,1,300
109872,1,300
109878,1,300
109878,1,300
109896,1,300
109898,1,300
109909,1,300
109923,1,300
109952,1,300
110003,1,300
110010,1,300
110027,1,300
110027,1,300
110044,1,300
110045,1,300
110066,1,300
110070,1,300
110171,1,300
110173,1,300
110225,1,300
110270,1,300
110325,1,300
110349,1,300
110374,1,300
110412,1,300
110415,1,300
110417,1,300
110422,1,300
110456,1,300
110521,1,300
110544,1,300
110559,1,300
110572,1,300
110598,1,300
110606,1,300
110623,1,300
110651,1,300
110652,1,300
110678,1,300
110694,1,300
110719,1,300
110747,1,300
110752,1,300
110765,1,300
110780,1,300
110782,1,300
110841,1,300
110846,1,300
110861,1,300
110944,1,300
110976,1,300
110999,1,300
111003,1,300
111005,1,300
111011,1,300
111021,1,300
111027,1,300
111041,1,300
111076,1,300
111079,1,300
111107,1,300
111130,1,300
111158,1,300
111170,1,300
111186,1,300
111202,1,300
111297,1,300
111315,1,300
111324,1,300
111375,1,300
111388,1,300
111390,1,300
111417,1,300
111470,1,300
111497,1,300
111507,1,300
111550,1,300
111576,1,300
111598,1,300
111640,1,300
111681,1,300
111718,1,300
111752,1,300
111782,1,300
111880,1,300
111885,1,300
111890,1,300
111899,1,300
111907,1,300
111926,1,300
111940,1,300
111946,1,300
111975,1,300
111994,1,300
112009,1,300
112011,1,300
112014,1,300
112014,1,300
112024,1,300
112035,1,300
112036,1,300
112038,1,300
112049,1,300
112067,1,300
112069,1,300
112070,1,300
112086,1,300
112089,1,300
112089,1,300
112104,1,300
112112,1,300
112119,1,300
112137,1,300
112139,1,300
112145,1,300
112151,1,300
112185,1,300
112191,1,300
112198,1,300
112251,1,300
112266,1,300
112348,1,300
112395,1,300
112422,1,300
112427,1,300
112428,1,300
112469,1,300
112470,1,300
112501,1,300
112522,1,300
112525,1,300
112536,1,300
112543,1,300
112557,1,300
112640,1,300
112640,1,300
112695,1,300
112714,1,300
112717,1,300
112726,1,300
112743,1,300
112766,1,300
112799,1,300
113006,1,300
113115,1,300
113160,1,300
113163,1,300
113167,1,300
113208,1,300
113217,1,300
113233,1,300
113268,1,300
113297,1,300
113321,1,300
113339,1,300
113394,1,300
113401,1,300
113431,1,300
113473,1,300
113491,1,300
113502,1,300
113603,1,300
113641,1,300
113694,1,300
113697,1,300
113699,1,300
113736,1,300
113783,1,300
113792,1,300
113799,1,300
113806,1,300
113844,1,300
113863,1,300
113886,1,300
113891,1,300
113905,1,300
113929,1,300
113938,1,300
113960,1,300
114034,1,300
114053,1,300
114071,1,300
114077,1,300
114078,1,300
114090,1,300
114094,1,300
114095,1,300
114097,1,300
114098,1,300
114110,1,300
114131,1,300
114136,1,300
114158,1,300
114173,1,300
114183,1,300
114246,1,300
114282,1,300
114296,1,300
114298,1,300
114322,1,300
114332,1,300
114334,1,300
114335,1,300
114415,1,300
114503,1,300
114635,1,300
114696,1,300
114723,1,300
114755,1,300
114761,1,300
114785,1,300
114864,1,300
114870,1,300
114916,1,300
114935,1,300
114947,1,300
114948,1,300
114964,1,300
115007,1,300
115020,1,300
115025,1,300
115041,1,300
115049,1,300
115060,1,300
115067,1,300
115129,1,300
115149,1,300
115203,1,300
115265,1,300
115283,1,300
115294,1,300
115299,1,300
115335,1,300
115374,1,300
115384,1,300
115425,1,300
115429,1,300
115448,1,300
115481,1,300
115514,1,300
115622,1,300
115638,1,300
115644,1,300
115656,1,300
115663,1,300
115671,1,300
115685,1,300
115710,1,300
115736,1,300
115747,1,300
115754,1,300
115759,1,300
115773,1,300
115775,1,300
115892,1,300
115900,1,300
115919,1,300
115932,1,300
116014,1,300
116018,1,300
116020,1,300
116030,1,300
116044,1,300
116046,1,300
116054,1,300
116058,1,300
116062,1,300
116080,1,300
116080,1,300
116098,1,300
116116,1,300
116123,1,300
116129,1,300
116155,1,300
116169,1,300
116172,1,300
116179,1,300
116210,1,300
116214,1,300
116215,1,300
116215,1,300
116233,1,300
116234,1,300
116284,1,300
116299,1,300
116300,1,300
116336,1,300
116375,1,300
116394,1,300
116407,1,300
116433,1,300
116449,1,300
116451,1,300
116470,1,300
116470,1,300
116478,1,300
116497,1,300
116519,1,300
116552,1,300
116567,1,300
116694,1,300
116709,1,300
116714,1,300
116716,1,300
116727,1,300
116868,1,300
116914,1,300
116923,1,300
116937,1,300
116944,1,300
116955,1,300
117109,1,300
117161,1,300
117189,1,300
117189,1,300
117203,1,300
117247,1,300
117293,1,300
117322,1,300
117408,1,300
117468,1,300
117475,1,300
117480,1,300
117492,1,300
117519,1,300
117522,1,300
117582,1,300
117612,1,300
117622,1,300
117659,1,300
117678,1,300
117718,1,300
117737,1,300
117748,1,300
117763,1,300
117851,1,300
117851,1,300
117883,1,300
117898,1,300
117912,1,300
117985,1,300
118038,1,300
118047,1,300
118081,1,300
118083,1,300
118113,1,300
118267,1,300
118271,1,300
118286,1,300
118296,1,300
118345,1,300
118353,1,300
118418,1,300
118498,1,300
118574,1,300
118578,1,300
118584,1,300
118612,1,300
118612,1,300
118620,1,300
118648,1,300
118724,1,300
118767,1,300
118770,1,300
118778,1,300
118791,1,300
118825,1,300
118894,1,300
118924,1,300
118928,1,300
118935,1,300
119000,1,300
119016,1,300
119020,1,300
119027,1,300
119054,1,300
119072,1,300
119087,1,300
119102,1,300
119207,1,300
119271,1,300
119280,1,300
119305,1,300
119361,1,300
119389,1,300
119393,1,300
119417,1,300
119456,1,300
119480,1,300
119481,1,300
119488,1,300
119490,1,300
119559,1,300
119561,1,300
119623,1,300
119646,1,300
119650,1,300
119680,1,300
119681,1,300
119685,1,300
119698,1,300
119719,1,300
119794,1,300
119855,1,300
119859,1,300
119882,1,300
120053,1,300
120108,1,300
120121,1,300
120152,1,300
120187,1,300
120219,1,300
120273,1,300
120329,1,300
120335,1,300
120340,1,300
120343,1,300
120344,1,300
120388,1,300
120394,1,300
120396,1,300
120444,1,300
120461,1,300
120479,1,300
120570,1,300
120607,1,300
120659,1,300
120678,1,300
120687,1,300
120765,1,300
120888,1,300
120989,1,300
121040,1,300
121121,1,300
121138,1,300
121148,1,300
121163,1,300
121166,1,300
121185,1,300
121252,1,300
121258,1,300
121305,1,300
121323,1,300
121367,1,300
121382,1,300
121384,1,300
121401,1,300
121421,1,300
121521,1,300
121530,1,300
121648,1,300
121648,1,300
121681,1,300
121708,1,300
121711,1,300
121763,1,300
121777,1,300
121812,1,300
121839,1,300
121967,1,300
121992,1,300
122015,1,300
122020,1,300
122045,1,300
122066,1,300
122080,1,300
122088,1,300
122090,1,300
122097,1,300
122106,1,300
122152,1,300
122166,1,300
122203,1,300
122229,1,300
122263,1,300
122333,1,300
122338,1,300
122354,1,300
122364,1,300
122366,1,300
122367,1,300
122368,1,300
122412,1,300
122432,1,300
122458,1,300
122499,1,300
122502,1,300
122546,1,300
122577,1,300
122586,1,300
122595,1,300
122691,1,300
122699,1,300
122796,1,300
122828,1,300
123001,1,300
123129,1,300
123173,1,300
123206,1,300
123226,1,300
123246,1,300
123248,1,300
123276,1,300
123283,1,300
123300,1,300
123306,1,300
123351,1,300
123410,1,300
123424,1,300
123479,1,300
123526,1,300
123551,1,300
123560,1,300
123561,1,300
123585,1,300
123616,1,300
123625,1,300
123696,1,300
123701,1,300
123723,1,300
123739,1,300
123755,1,300
123760,1,300
123760,1,300
123787,1,300
123800,1,300
124020,1,300
124024,1,300
124059,1,300
124073,1,300
124075,1,300
124083,1,300
124138,1,300
124150,1,300
124182,1,300
124224,1,300
124245,1,300
124333,1,300
124338,1,300
124363,1,300
124384,1,300
124420,1,300
124420,1,300
124465,1,300
124468,1,300
124519,1,300
124538,1,300
124542,1,300
124576,1,300
124638,1,300
124683,1,300
125018,1,300
125025,1,300
125147,1,300
125212,1,300
125253,1,300
125256,1,300
125260,1,300
125355,1,300
125399,1,300
125466,1,300
125469,1,300
125471,1,300
125500,1,300
125514,1,300
125539,1,300
125595,1,300
125621,1,300
125643,1,300
125646,1,300
125647,1,300
125672,1,300
125755,1,300
125821,1,300
125833,1,300
125835,1,300
125847,1,300
125852,1,300
126006,1,300
126066,1,300
126083,1,300
126117,1,300
126120,1,300
126140,1,300
126180,1,300
126299,1,300
126305,1,300
126349,1,300
126368,1,300
126418,1,300
126422,1,300
126439,1,300
126485,1,300
126500,1,300
126512,1,300
126530,1,300
126548,1,300
126562,1,300
126659,1,300
126698,1,300
126714,1,300
126793,1,300
126805,1,300
126810,1,300
126821,1,300
126836,1,300
127066,1,300
127106,1,300
127138,1,300
127291,1,300
127349,1,300
127356,1,300
127445,1,300
127449,1,300
127458,1,300
127460,1,300
127497,1,300
127500,1,300
127515,1,300
127524,1,300
127577,1,300
127634,1,300
127642,1,300
127655,1,300
127669,1,300
127680,1,300
127753,1,300
127791,1,300
127792,1,300
127812,1,300
127835,1,300
128001,1,300
128055,1,300
128057,1,300
128136,1,300
128147,1,300
128233,1,300
128256,1,300
128372,1,300
128478,1,300
128482,1,300
128498,1,300
128512,1,300
128698,1,300
128707,1,300
128729,1,300
128800,1,300
128803,1,300
128806,1,300
128827,1,300
128830,1,300
128857,1,300
128874,1,300
128897,1,300
128902,1,300
128962,1,300
129004,1,300
129028,1,300
129088,1,300
129089,1,300
129092,1,300
129093,1,300
129173,1,300
129188,1,300
129198,1,300
129198,1,300
129200,1,300
129251,1,300
129253,1,300
129448,1,300
129527,1,300
129580,1,300
129634,1,300
129683,1,300
129718,1,300
129731,1,300
129838,1,300
129904,1,300
129931,1,300
129946,1,300
129978,1,300
129996,1,300
130002,1,300
130007,1,300
130013,1,300
130020,1,300
130030,1,300
130039,1,300
130086,1,300
130187,1,300
130217,1,300
130363,1,300
130373,1,300
130416,1,300
130422,1,300
130522,1,300
130624,1,300
130692,1,300
130830,1,300
130881,1,300
130886,1,300
130926,1,300
130957,1,300
130961,1,300
130965,1,300
130985,1,300
131031,1,300
131042,1,300
131065,1,300
131149,1,300
131209,1,300
131306,1,300
131313,1,300
131332,1,300
131358,1,300
131408,1,300
131431,1,300
131496,1,300
131509,1,300
131540,1,300
131637,1,300
131686,1,300
131824,1,300
131842,1,300
131849,1,300
131979,1,300
131991,1,300
132029,1,300
132079,1,300
132192,1,300
132198,1,300
132212,1,300
132248,1,300
132278,1,300
132325,1,300
132390,1,300
132480,1,300
132482,1,300
132544,1,300
132622,1,300
132835,1,300
132869,1,300
132887,1,300
132923,1,300
133010,1,300
133063,1,300
133069,1,300
133100,1,300
133126,1,300
133166,1,300
133182,1,300
133215,1,300
133252,1,300
133288,1,300
133346,1,300
133655,1,300
133679,1,300
133689,1,300
133726,1,300
133810,1,300
133983,1,300
134064,1,300
134067,1,300
134071,1,300
134092,1,300
134129,1,300
134183,1,300
134209,1,300
134258,1,300
134284,1,300
134368,1,300
134432,1,300
134514,1,300
134537,1,300
134541,1,300
134550,1,300
134570,1,300
134574,1,300
134603,1,300
134663,1,300
134953,1,300
134975,1,300
135061,1,300
135084,1,300
135200,1,300
135304,1,300
135360,1,300
135495,1,300
135544,1,300
135611,1,300
135703,1,300
135708,1,300
135718,1,300
135729,1,300
135773,1,300
135773,1,300
135822,1,300
135857,1,300
135895,1,300
135895,1,300
135980,1,300
135994,1,300
136163,1,300
136270,1,300
136459,1,300
136481,1,300
136483,1,300
136488,1,300
136811,1,300
136814,1,300
136838,1,300
136862,1,300
136881,1,300
136995,1,300
137022,1,300
137067,1,300
137078,1,300
137108,1,300
137117,1,300
137147,1,300
137175,1,300
137198,1,300
137268,1,300
137333,1,300
137392,1,300
137422,1,300
137490,1,300
137536,1,300
137626,1,300
137673,1,300
137686,1,300
137855,1,300
137863,1,300
137883,1,300
137940,1,300
138010,1,300
138035,1,300
138086,1,300
138164,1,300
138216,1,300
138326,1,300
138402,1,300
138467,1,300
138513,1,300
138537,1,300
138606,1,300
138628,1,300
138779,1,300
138780,1,300
138788,1,300
138838,1,300
138839,1,300
138966,1,300
138969,1,300
138995,1,300
139302,1,300
139350,1,300
139393,1,300
139459,1,300
139546,1,300
139557,1,300
139640,1,300
139641,1,300
139881,1,300
139941,1,300
140019,1,300
140022,1,300
140022,1,300
140043,1,300
140046,1,300
140055,1,300
140071,1,300
140081,1,300
140091,1,300
140182,1,300
140249,1,300
140285,1,300
140314,1,300
140402,1,300
140461,1,300
140542,1,300
140584,1,300
140627,1,300
140659,1,300
140665,1,300
140830,1,300
140853,1,300
140908,1,300
140912,1,300
141128,1,300
141172,1,300
141356,1,300
141377,1,300
141510,1,300
141606,1,300
141632,1,300
141692,1,300
141742,1,300
141780,1,300
141861,1,300
141879,1,300
142030,1,300
142046,1,300
142143,1,300
142196,1,300
142198,1,300
142273,1,300
142339,1,300
142350,1,300
142516,1,300
142550,1,300
142550,1,300
142581,1,300
142693,1,300
143139,1,300
143195,1,300
143207,1,300
143367,1,300
143396,1,300
143529,1,300
143561,1,300
143595,1,300
143631,1,300
143688,1,300
144018,1,300
144027,1,300
144078,1,300
144116,1,300
144132,1,300
144196,1,300
144229,1,300
144295,1,300
144297,1,300
144420,1,300
144477,1,300
144501,1,300
144504,1,300
144705,1,300
144738,1,300
144780,1,300
144788,1,300
145067,1,300
145142,1,300
145191,1,300
145204,1,300
145217,1,300
145259,1,300
145325,1,300
145355,1,300
145362,1,300
145566,1,300
145627,1,300
145667,1,300
145749,1,300
145837,1,300
146038,1,300
146072,1,300
146128,1,300
146151,1,300
146153,1,300
146214,1,300
146311,1,300
146328,1,300
146498,1,300
146689,1,300
146690,1,300
147147,1,300
147242,1,300
147328,1,300
147418,1,300
147439,1,300
147471,1,300
147483,1,300
147498,1,300
147499,1,300
147575,1,300
147850,1,300
147869,1,300
147898,1,300
148015,1,300
148057,1,300
148058,1,300
148079,1,300
148118,1,300
148330,1,300
148361,1,300
148662,1,300
148752,1,300
148973,1,300
149005,1,300
149014,1,300
149328,1,300
149336,1,300
149349,1,300
149431,1,300
149474,1,300
149494,1,300
149607,1,300
149669,1,300
150086,1,300
150176,1,300
150268,1,300
150290,1,300
150302,1,300
150305,1,300
150337,1,300
150777,1,300
150832,1,300
150850,1,300
151160,1,300
151356,1,300
151373,1,300
151629,1,300
151645,1,300
151809,1,300
152159,1,300
152229,1,300
152255,1,300
152300,1,300
152323,1,300
152412,1,300
152439,1,300
152453,1,300
152500,1,300
152577,1,300
152590,1,300
152649,1,300
152759,1,300
152773,1,300
152920,1,300
152934,1,300
152948,1,300
153030,1,300
153099,1,300
153126,1,300
153209,1,300
153210,1,300
153269,1,300
153403,1,300
153513,1,300
153619,1,300
153744,1,300
153777,1,300
153792,1,300
153832,1,300
153844,1,300
154094,1,300
154177,1,300
154250,1,300
154357,1,300
154483,1,300
154758,1,300
154767,1,300
154816,1,300
154819,1,300
154881,1,300
154908,1,300
155007,1,300
155250,1,300
155266,1,300
155526,1,300
155699,1,300
155959,1,300
156011,1,300
156076,1,300
156101,1,300
156148,1,300
156225,1,300
156368,1,300
156410,1,300
156674,1,300
156679,1,300
157022,1,300
157160,1,300
157287,1,300
157350,1,300
157636,1,300
157762,1,300
157821,1,300
157997,1,300
158007,1,300
158120,1,300
158255,1,300
158264,1,300
158528,1,300
158559,1,300
158576,1,300
158635,1,300
158751,1,300
158774,1,300
158802,1,300
158808,1,300
159031,1,300
159150,1,300
159216,1,300
159241,1,300
159263,1,300
159352,1,300
159383,1,300
159407,1,300
159428,1,300
159470,1,300
159576,1,300
159607,1,300
159673,1,300
159744,1,300
160228,1,300
160237,1,300
160238,1,300
160500,1,300
160892,1,300
161263,1,300
161469,1,300
161530,1,300
161594,1,300
161643,1,300
161990,1,300
162011,1,300
162043,1,300
162094,1,300
162104,1,300
162153,1,300
163462,1,300
163503,1,300
163716,1,300
163725,1,300
163738,1,300
164014,1,300
164163,1,300
164177,1,300
164234,1,300
164255,1,300
164528,1,300
164528,1,300
164533,1,300
164548,1,300
164551,1,300
164552,1,300
164558,1,300
164634,1,300
164650,1,300
164776,1,300
164820,1,300
164906,1,300
164908,1,300
164947,1,300
164947,1,300
164993,1,300
165019,1,300
165034,1,300
165231,1,300
165277,1,300
165356,1,300
165380,1,300
165381,1,300
165468,1,300
165529,1,300
165534,1,300
165651,1,300
165779,1,300
166112,1,300
166274,1,300
166335,1,300
166353,1,300
166402,1,300
166413,1,300
166447,1,300
166637,1,300
166731,1,300
166776,1,300
167024,1,300
167073,1,300
167161,1,300
167197,1,300
167327,1,300
167411,1,300
167430,1,300
167671,1,300
167679,1,300
167764,1,300
168211,1,300
168533,1,300
168583,1,300
168782,1,300
169119,1,300
169154,1,300
169249,1,300
169395,1,300
169409,1,300
169416,1,300
169540,1,300
169625,1,300
169674,1,300
169911,1,300
169915,1,300
170173,1,300
170333,1,300
170367,1,300
170597,1,300
170657,1,300
170675,1,300
170767,1,300
171053,1,300
171217,1,300
171267,1,300
171387,1,300
171473,1,300
171622,1,300
171736,1,300
171959,1,300
172020,1,300
172050,1,300
172141,1,300
172182,1,300
172319,1,300
172572,1,300
172650,1,300
173025,1,300
173095,1,300
173275,1,300
174124,1,300
174159,1,300
174179,1,300
174220,1,300
174268,1,300
174556,1,300
174594,1,300
174679,1,300
174714,1,300
175089,1,300
175296,1,300
175378,1,300
175409,1,300
175583,1,300
176058,1,300
176135,1,300
176140,1,300
176186,1,300
176217,1,300
176237,1,300
176380,1,300
176414,1,300
176461,1,300
176526,1,300
176529,1,300
176530,1,300
176555,1,300
176610,1,300
176679,1,300
176719,1,300
176832,1,300
176919,1,300
176921,1,300
176969,1,300
176991,1,300
177014,1,300
177032,1,300
177045,1,300
177057,1,300
177103,1,300
177203,1,300
177330,1,300
177534,1,300
177565,1,300
177597,1,300
177816,1,300
177841,1,300
177967,1,300
177984,1,300
178005,1,300
178303,1,300
178405,1,300
178558,1,300
178578,1,300
178586,1,300
178797,1,300
178932,1,300
179025,1,300
179076,1,300
179085,1,300
179129,1,300
179212,1,300
179220,1,300
179276,1,300
179320,1,300
179409,1,300
179447,1,300
179477,1,300
179564,1,300
180572,1,300
181061,1,300
181182,1,300
181284,1,300
181329,1,300
181363,1,300
181423,1,300
181430,1,300
181555,1,300
181771,1,300
181870,1,300
182007,1,300
182052,1,300
182075,1,300
182151,1,300
182193,1,300
182234,1,300
182241,1,300
182273,1,300
182295,1,300
182299,1,300
182325,1,300
183016,1,300
183204,1,300
183336,1,300
183498,1,300
183500,1,300
183531,1,300
183579,1,300
183607,1,300
183615,1,300
183616,1,300
183664,1,300
183723,1,300
183748,1,300
184251,1,300
184716,1,300
184749,1,300
184807,1,300
184849,1,300
184856,1,300
184918,1,300
184991,1,300
185036,1,300
185117,1,300
185325,1,300
185600,1,300
185693,1,300
185876,1,300
185958,1,300
186211,1,300
186278,1,300
186424,1,300
186444,1,300
186505,1,300
186579,1,300
186597,1,300
186640,1,300
186661,1,300
187118,1,300
187151,1,300
187662,1,300
187713,1,300
187815,1,300
188014,1,300
188100,1,300
188108,1,300
188222,1,300
188270,1,300
188294,1,300
188299,1,300
188411,1,300
188421,1,300
188439,1,300
188559,1,300
188561,1,300
188647,1,300
188688,1,300
188887,1,300
188914,1,300
188916,1,300
188938,1,300
188960,1,300
188984,1,300
189055,1,300
189057,1,300
189117,1,300
189159,1,300
189294,1,300
189321,1,300
189324,1,300
189428,1,300
189436,1,300
189438,1,300
189493,1,300
190133,1,300
190373,1,300
190705,1,300
190803,1,300
191005,1,300
191009,1,300
191012,1,300
191017,1,300
191028,1,300
191042,1,300
191171,1,300
191215,1,300
191217,1,300
191261,1,300
191270,1,300
191349,1,300
191354,1,300
191405,1,300
191431,1,300
191617,1,300
191657,1,300
192197,1,300
192354,1,300
192397,1,300
192630,1,300
192767,1,300
192853,1,300
192904,1,300
193142,1,300
193211,1,300
193323,1,300
193364,1,300
193439,1,300
193691,1,300
193740,1,300
193790,1,300
193828,1,300
193838,1,300
194001,1,300
194020,1,300
194199,1,300
194318,1,300
194379,1,300
194447,1,300
194447,1,300
194515,1,300
194554,1,300
194715,1,300
195115,1,300
195168,1,300
195265,1,300
195314,1,300
195369,1,300
195463,1,300
195582,1,300
195684,1,300
195697,1,300
195709,1,300
195726,1,300
196245,1,300
196688,1,300
196806,1,300
196880,1,300
196904,1,300
196952,1,300
196980,1,300
197014,1,300
197148,1,300
197381,1,300
197570,1,300
197759,1,300
197812,1,300
197965,1,300
198024,1,300
198030,1,300
198272,1,300
198337,1,300
198498,1,300
198525,1,300
198529,1,300
198725,1,300
198859,1,300
198909,1,300
199820,1,300
199830,1,300
199857,1,300
199930,1,300
199935,1,300
200019,1,300
200072,1,300
200145,1,300
200224,1,300
200264,1,300
200350,1,300
200351,1,300
200376,1,300
200414,1,300
200422,1,300
200448,1,300
200486,1,300
200551,1,300
200558,1,300
200572,1,300
200605,1,300
200609,1,300
200616,1,300
200636,1,300
200650,1,300
200666,1,300
200709,1,300
200775,1,300
200808,1,300
200873,1,300
200901,1,300
200911,1,300
200930,1,300
200950,1,300
201003,1,300
201127,1,300
201145,1,300
201207,1,300
201209,1,300
201324,1,300
201758,1,300
202033,1,300
202036,1,300
202117,1,300
202169,1,300
202172,1,300
202173,1,300
202215,1,300
202274,1,300
202301,1,300
202382,1,300
202485,1,300
202489,1,300
202792,1,300
202989,1,300
202995,1,300
203036,1,300
203071,1,300
203072,1,300
203155,1,300
203166,1,300
203179,1,300
203181,1,300
203241,1,300
203262,1,300
203424,1,300
203585,1,300
203705,1,300
204034,1,300
204038,1,300
204065,1,300
204081,1,300
204109,1,300
204259,1,300
204527,1,300
204614,1,300
204687,1,300
204875,1,300
204919,1,300
205038,1,300
205113,1,300
205135,1,300
205148,1,300
205174,1,300
205262,1,300
205298,1,300
205407,1,300
205420,1,300
205538,1,300
205548,1,300
205549,1,300
205581,1,300
206063,1,300
206074,1,300
206295,1,300
206358,1,300
206561,1,300
206844,1,300
206891,1,300
206953,1,300
206959,1,300
207012,1,300
207043,1,300
207079,1,300
207100,1,300
207163,1,300
207168,1,300
207230,1,300
207575,1,300
207578,1,300
207665,1,300
207711,1,300
207756,1,300
207762,1,300
207818,1,300
207918,1,300
207921,1,300
207922,1,300
208362,1,300
209004,1,300
209030,1,300
209100,1,300
209206,1,300
209412,1,300
209434,1,300
209464,1,300
209570,1,300
209606,1,300
209865,1,300
209941,1,300
209949,1,300
209995,1,300
210005,1,300
210006,1,300
210255,1,300
210353,1,300
210371,1,300
210436,1,300
210476,1,300
210916,1,300
210972,1,300
211323,1,300
211328,1,300
211395,1,300
211491,1,300
211636,1,300
211641,1,300
211768,1,300
211923,1,300
211968,1,300
212009,1,300
212056,1,300
212056,1,300
212086,1,300
212096,1,300
212155,1,300
212155,1,300
212212,1,300
212256,1,300
212282,1,300
212285,1,300
212324,1,300
212459,1,300
212497,1,300
212507,1,300
212512,1,300
212588,1,300
212601,1,300
212643,1,300
212649,1,300
212692,1,300
212721,1,300
212729,1,300
212751,1,300
212768,1,300
212769,1,300
212788,1,300
212808,1,300
213091,1,300
213155,1,300
213184,1,300
213233,1,300
213265,1,300
213274,1,300
213299,1,300
213308,1,300
213392,1,300
213749,1,300
213792,1,300
213792,1,300
213821,1,300
213821,1,300
213874,1,300
214107,1,300
214201,1,300
214213,1,300
214215,1,300
214240,1,300
214338,1,300
214397,1,300
214420,1,300
214438,1,300
214454,1,300
214519,1,300
214562,1,300
214637,1,300
214739,1,300
214776,1,300
215040,1,300
215132,1,300
215182,1,300
215195,1,300
215407,1,300
215623,1,300
215698,1,300
215883,1,300
215997,1,300
216080,1,300
216083,1,300
216181,1,300
216202,1,300
216211,1,300
216233,1,300
216243,1,300
216286,1,300
216305,1,300
216308,1,300
216374,1,300
216379,1,300
216450,1,300
216648,1,300
216757,1,300
216766,1,300
217017,1,300
217042,1,300
217092,1,300
217124,1,300
217210,1,300
217391,1,300
217395,1,300
217575,1,300
217581,1,300
217608,1,300
217751,1,300
218045,1,300
218053,1,300
218069,1,300
218083,1,300
218087,1,300
218094,1,300
218179,1,300
218377,1,300
218463,1,300
218475,1,300
218480,1,300
218498,1,300
218744,1,300
219109,1,300
219126,1,300
219190,1,300
219191,1,300
219269,1,300
219309,1,300
219311,1,300
219314,1,300
219410,1,300
219499,1,300
219694,1,300
219744,1,300
219782,1,300
219785,1,300
219793,1,300
220144,1,300
220431,1,300
220462,1,300
220477,1,300
220549,1,300
220597,1,300
220688,1,300
220745,1,300
220835,1,300
220839,1,300
221006,1,300
221112,1,300
221211,1,300
221228,1,300
221248,1,300
221272,1,300
221382,1,300
221417,1,300
221523,1,300
221578,1,300
221601,1,300
221763,1,300
221795,1,300
221960,1,300
222156,1,300
222179,1,300
222185,1,300
222537,1,300
222630,1,300
222830,1,300
222845,1,300
222848,1,300
222886,1,300
222914,1,300
222922,1,300
223107,1,300
223114,1,300
223149,1,300
223333,1,300
223435,1,300
223480,1,300
223590,1,300
223713,1,300
223744,1,300
224017,1,300
224020,1,300
224037,1,300
224041,1,300
224042,1,300
224049,1,300
224066,1,300
224079,1,300
224094,1,300
224110,1,300
224114,1,300
224117,1,300
224125,1,300
224160,1,300
224175,1,300
224187,1,300
224187,1,300
224193,1,300
224212,1,300
224213,1,300
224216,1,300
224222,1,300
224233,1,300
224336,1,300
224382,1,300
224384,1,300
224395,1,300
224435,1,300
224445,1,300
224456,1,300
224460,1,300
224473,1,300
224487,1,300
224500,1,300
224518,1,300
224525,1,300
224534,1,300
225011,1,300
225017,1,300
225031,1,300
225081,1,300
225094,1,300
225096,1,300
225101,1,300
225106,1,300
225145,1,300
225180,1,300
225201,1,300
225263,1,300
225263,1,300
225275,1,300
225439,1,300
225463,1,300
225557,1,300
225588,1,300
225596,1,300
225623,1,300
225625,1,300
225753,1,300
225756,1,300
225787,1,300
225840,1,300
226007,1,300
226014,1,300
226060,1,300
226113,1,300
226125,1,300
226224,1,300
226298,1,300
226306,1,300
226322,1,300
226352,1,300
226355,1,300
226365,1,300
226369,1,300
226415,1,300
226435,1,300
226451,1,300
226462,1,300
226478,1,300
226560,1,300
226568,1,300
226631,1,300
226632,1,300
226646,1,300
226650,1,300
226654,1,300
227095,1,300
227189,1,300
227211,1,300
227235,1,300
227270,1,300
227281,1,300
227351,1,300
227417,1,300
227435,1,300
227439,1,300
227505,1,300
227550,1,300
227607,1,300
227668,1,300
227691,1,300
227780,1,300
227784,1,300
227858,1,300
227897,1,300
227934,1,300
227950,1,300
227950,1,300
227959,1,300
228023,1,300
228026,1,300
228047,1,300
228051,1,300
228075,1,300
228082,1,300
228096,1,300
228123,1,300
228175,1,300
228205,1,300
228240,1,300
228275,1,300
228461,1,300
228485,1,300
228564,1,300
228691,1,300
228728,1,300
228754,1,300
228800,1,300
228828,1,300
228836,1,300
228870,1,300
228871,1,300
228924,1,300
229023,1,300
229088,1,300
229119,1,300
229123,1,300
229215,1,300
229276,1,300
229326,1,300
229378,1,300
229401,1,300
229528,1,300
229578,1,300
229710,1,300
229718,1,300
229771,1,300
229817,1,300
229852,1,300
230018,1,300
230020,1,300
230054,1,300
230058,1,300
230062,1,300
230062,1,300
230078,1,300
230116,1,300
230146,1,300
230215,1,300
230233,1,300
230291,1,300
230368,1,300
230389,1,300
230464,1,300
230475,1,300
230479,1,300
230490,1,300
230542,1,300
230579,1,300
230606,1,300
230662,1,300
230662,1,300
230766,1,300
230793,1,300
230793,1,300
230894,1,300
230930,1,300
230977,1,300
230985,1,300
231131,1,300
231140,1,300
231175,1,300
231265,1,300
231312,1,300
231322,1,300
231329,1,300
231454,1,300
231472,1,300
231495,1,300
231512,1,300
231592,1,300
231674,1,300
231704,1,300
231727,1,300
231925,1,300
232020,1,300
232081,1,300
232097,1,300
232125,1,300
232137,1,300
232179,1,300
232203,1,300
232258,1,300
232289,1,300
232320,1,300
232329,1,300
232460,1,300
232465,1,300
232478,1,300
232613,1,300
232753,1,300
232882,1,300
232916,1,300
232963,1,300
232971,1,300
232974,1,300
233019,1,300
233055,1,300
233122,1,300
233127,1,300
233149,1,300
233217,1,300
233269,1,300
233272,1,300
233306,1,300
233487,1,300
233529,1,300
233534,1,300
233574,1,300
233673,1,300
233790,1,300
233840,1,300
233858,1,300
233894,1,300
234003,1,300
234035,1,300
234063,1,300
234064,1,300
234078,1,300
234138,1,300
234146,1,300
234158,1,300
234163,1,300
234206,1,300
234207,1,300
234208,1,300
234239,1,300
234242,1,300
234407,1,300
234433,1,300
234454,1,300
234473,1,300
234487,1,300
234554,1,300
234592,1,300
234612,1,300
234816,1,300
234833,1,300
234841,1,300
234844,1,300
235013,1,300
235040,1,300
235050,1,300
235063,1,300
235081,1,300
235127,1,300
235135,1,300
235166,1,300
235176,1,300
235177,1,300
235187,1,300
235201,1,300
235228,1,300
235228,1,300
235269,1,300
235299,1,300
235311,1,300
235375,1,300
235599,1,300
235603,1,300
235670,1,300
236010,1,300
236013,1,300
236042,1,300
236070,1,300
236080,1,300
236086,1,300
236103,1,300
236140,1,300
236141,1,300
236152,1,300
236191,1,300
236205,1,300
236207,1,300
236208,1,300
236248,1,300
236277,1,300
236307,1,300
236483,1,300
236505,1,300
236524,1,300
236565,1,300
236604,1,300
236640,1,300
236653,1,300
236655,1,300
236719,1,300
236746,1,300
236808,1,300
236868,1,300
236897,1,300
236907,1,300
236916,1,300
236920,1,300
236925,1,300
236973,1,300
236985,1,300
237006,1,300
237008,1,300
237019,1,300
237026,1,300
237027,1,300
237043,1,300
237054,1,300
237056,1,300
237092,1,300
237122,1,300
237135,1,300
237139,1,300
237144,1,300
237223,1,300
237260,1,300
237262,1,300
237279,1,300
237392,1,300
237407,1,300
237423,1,300
237428,1,300
237461,1,300
237526,1,300
237526,1,300
237569,1,300
237584,1,300
237591,1,300
237600,1,300
238072,1,300
238091,1,300
238098,1,300
238114,1,300
238131,1,300
238144,1,300
238145,1,300
238169,1,300
238181,1,300
238207,1,300
238210,1,300
238289,1,300
238317,1,300
238343,1,300
238373,1,300
238390,1,300
238492,1,300
238493,1,300
238550,1,300
238551,1,300
238559,1,300
238579,1,300
238770,1,300
238789,1,300
238812,1,300
238889,1,300
239031,1,300
239054,1,300
239088,1,300
239118,1,300
239125,1,300
239157,1,300
239160,1,300
239230,1,300
239265,1,300
239284,1,300
239321,1,300
239363,1,300
239386,1,300
239393,1,300
239413,1,300
239476,1,300
239549,1,300
239557,1,300
239562,1,300
239564,1,300
239570,1,300
239578,1,300
239636,1,300
239651,1,300
239658,1,300
239666,1,300
239667,1,300
239735,1,300
240046,1,300
240169,1,300
240199,1,300
240201,1,300
240219,1,300
240220,1,300
240336,1,300
240401,1,300
240415,1,300
240523,1,300
240534,1,300
240594,1,300
240605,1,300
240692,1,300
240722,1,300
240750,1,300
240775,1,300
240776,1,300
240792,1,300
240817,1,300
240833,1,300
241016,1,300
241033,1,300
241049,1,300
241072,1,300
241154,1,300
241163,1,300
241167,1,300
241196,1,300
241276,1,300
241302,1,300
241328,1,300
241338,1,300
241357,1,300
241386,1,300
241480,1,300
241577,1,300
241674,1,300
241735,1,300
241738,1,300
241868,1,300
241875,1,300
241876,1,300
241881,1,300
241913,1,300
242013,1,300
242142,1,300
242192,1,300
242238,1,300
242326,1,300
242327,1,300
242328,1,300
242417,1,300
242532,1,300
242538,1,300
242539,1,300
242577,1,300
242632,1,300
242663,1,300
242761,1,300
242784,1,300
242789,1,300
242811,1,300
242821,1,300
242823,1,300
242827,1,300
242845,1,300
242924,1,300
242940,1,300
243004,1,300
243025,1,300
243040,1,300
243066,1,300
243099,1,300
243104,1,300
243115,1,300
243136,1,300
243142,1,300
243195,1,300
243214,1,300
243269,1,300
243312,1,300
243358,1,300
243383,1,300
243469,1,300
243486,1,300
243571,1,300
243589,1,300
243593,1,300
243695,1,300
243760,1,300
243853,1,300
243865,1,300
243892,1,300
243898,1,300
243934,1,300
243934,1,300
243950,1,300
244024,1,300
244039,1,300
244085,1,300
244133,1,300
244178,1,300
244184,1,300
244194,1,300
244223,1,300
244233,1,300
244237,1,300
244260,1,300
244300,1,300
244325,1,300
244338,1,300
244394,1,300
244460,1,300
244465,1,300
244491,1,300
244550,1,300
244607,1,300
244642,1,300
244668,1,300
245056,1,300
245080,1,300
245174,1,300
245180,1,300
245185,1,300
245186,1,300
245187,1,300
245233,1,300
245257,1,300
245268,1,300
245279,1,300
245307,1,300
245357,1,300
245363,1,300
245418,1,300
245423,1,300
245464,1,300
245473,1,300
245525,1,300
245535,1,300
245619,1,300
245656,1,300
246039,1,300
246119,1,300
246152,1,300
246205,1,300
246240,1,300
246246,1,300
246268,1,300
246298,1,300
246390,1,300
246411,1,300
246565,1,300
246659,1,300
246695,1,300
246740,1,300
246768,1,300
246770,1,300
246875,1,300
246909,1,300
247010,1,300
247013,1,300
247018,1,300
247031,1,300
247040,1,300
247046,1,300
247059,1,300
247119,1,300
247159,1,300
247340,1,300
247344,1,300
247376,1,300
247407,1,300
247448,1,300
247453,1,300
247460,1,300
247472,1,300
247521,1,300
247620,1,300
248050,1,300
248075,1,300
248131,1,300
248173,1,300
248227,1,300
248238,1,300
248300,1,300
248358,1,300
248372,1,300
248404,1,300
248411,1,300
248437,1,300
248466,1,300
248475,1,300
248486,1,300
248489,1,300
248494,1,300
248588,1,300
248614,1,300
248629,1,300
248629,1,300
248651,1,300
248672,1,300
248684,1,300
248855,1,300
248896,1,300
248906,1,300
248953,1,300
248965,1,300
248977,1,300
249037,1,300
249063,1,300
249091,1,300
249140,1,300
249197,1,300
249318,1,300
249336,1,300
249467,1,300
249514,1,300
249543,1,300
249570,1,300
249696,1,300
249732,1,300
249863,1,300
249878,1,300
250033,1,300
250058,1,300
250062,1,300
250087,1,300
250107,1,300
250108,1,300
250114,1,300
250137,1,300
250147,1,300
250165,1,300
250204,1,300
250245,1,300
250265,1,300
250272,1,300
250280,1,300
250298,1,300
250310,1,300
250327,1,300
250342,1,300
250366,1,300
250469,1,300
250527,1,300
250533,1,300
250545,1,300
250590,1,300
250675,1,300
251012,1,300
251024,1,300
251030,1,300
251072,1,300
251113,1,300
251145,1,300
251169,1,300
251234,1,300
251246,1,300
251316,1,300
251327,1,300
251372,1,300
251378,1,300
251422,1,300
251424,1,300
251473,1,300
251616,1,300
251627,1,300
251660,1,300
251726,1,300
251736,1,300
251788,1,300
252022,1,300
252042,1,300
252060,1,300
252069,1,300
252124,1,300
252239,1,300
252285,1,300
252315,1,300
252344,1,300
252353,1,300
252415,1,300
252479,1,300
252495,1,300
252543,1,300
252555,1,300
252611,1,300
252633,1,300
252744,1,300
252776,1,300
252817,1,300
253010,1,300
253010,1,300
253083,1,300
253092,1,300
253214,1,300
253216,1,300
253225,1,300
253247,1,300
253332,1,300
253335,1,300
253387,1,300
253450,1,300
253520,1,300
253759,1,300
253768,1,300
253819,1,300
253942,1,300
254030,1,300
254033,1,300
254054,1,300
254056,1,300
254060,1,300
254065,1,300
254078,1,300
254085,1,300
254089,1,300
254105,1,300
254120,1,300
254184,1,300
254246,1,300
254251,1,300
254359,1,300
254447,1,300
254467,1,300
254533,1,300
254551,1,300
254597,1,300
254644,1,300
255007,1,300
255029,1,300
255033,1,300
255040,1,300
255218,1,300
255218,1,300
255259,1,300
255371,1,300
255480,1,300
255507,1,300
255524,1,300
255531,1,300
255683,1,300
255750,1,300
255786,1,300
255823,1,300
255938,1,300
255941,1,300
255989,1,300
256008,1,300
256011,1,300
256012,1,300
256020,1,300
256039,1,300
256064,1,300
256077,1,300
256098,1,300
256099,1,300
256106,1,300
256114,1,300
256180,1,300
256184,1,300
256193,1,300
256320,1,300
256326,1,300
256332,1,300
256353,1,300
256371,1,300
256374,1,300
256385,1,300
256518,1,300
257031,1,300
257063,1,300
257102,1,300
257180,1,300
257238,1,300
257256,1,300
257281,1,300
257297,1,300
257350,1,300
257417,1,300
257435,1,300
257496,1,300
257513,1,300
257547,1,300
257566,1,300
257577,1,300
257580,1,300
257655,1,300
257683,1,300
258118,1,300
258209,1,300
258228,1,300
258237,1,300
258247,1,300
258248,1,300
258280,1,300
258287,1,300
258423,1,300
258458,1,300
258473,1,300
258509,1,300
258524,1,300
258532,1,300
258555,1,300
258629,1,300
258669,1,300
258673,1,300
259057,1,300
259147,1,300
259149,1,300
259180,1,300
259188,1,300
259192,1,300
259215,1,300
259251,1,300
259274,1,300
259326,1,300
259397,1,300
259418,1,300
259607,1,300
259834,1,300
259839,1,300
259893,1,300
259925,1,300
260013,1,300
260015,1,300
260024,1,300
260039,1,300
260179,1,300
260182,1,300
260215,1,300
260309,1,300
260317,1,300
260357,1,300
260444,1,300
260495,1,300
260525,1,300
260579,1,300
260607,1,300
260660,1,300
260694,1,300
260771,1,300
260794,1,300
260801,1,300
260814,1,300
260880,1,300
260893,1,300
260977,1,300
261128,1,300
261247,1,300
261252,1,300
261318,1,300
261426,1,300
261532,1,300
261593,1,300
261732,1,300
261908,1,300
261915,1,300
261929,1,300
262011,1,300
262038,1,300
262050,1,300
262104,1,300
262129,1,300
262172,1,300
262194,1,300
262353,1,300
262555,1,300
262636,1,300
262762,1,300
262970,1,300
262992,1,300
263001,1,300
263050,1,300
263060,1,300
263087,1,300
263113,1,300
263266,1,300
263281,1,300
263353,1,300
263481,1,300
263485,1,300
263877,1,300
264084,1,300
264150,1,300
264198,1,300
264219,1,300
264246,1,300
264264,1,300
264465,1,300
264501,1,300
264667,1,300
264807,1,300
264831,1,300
264938,1,300
265229,1,300
265350,1,300
265431,1,300
265454,1,300
265482,1,300
265511,1,300
265518,1,300
265548,1,300
265557,1,300
265579,1,300
265608,1,300
265699,1,300
265712,1,300
265722,1,300
265780,1,300
265794,1,300
265839,1,300
266116,1,300
266184,1,300
266346,1,300
266376,1,300
266518,1,300
266759,1,300
266779,1,300
266839,1,300
266889,1,300
266893,1,300
267109,1,300
267117,1,300
267136,1,300
267208,1,300
267675,1,300
267767,1,300
267822,1,300
267874,1,300
267930,1,300
268124,1,300
268349,1,300
268456,1,300
268516,1,300
268662,1,300
268700,1,300
268709,1,300
268986,1,300
269121,1,300
269139,1,300
269254,1,300
269368,1,300
269643,1,300
269712,1,300
270084,1,300
270146,1,300
270191,1,300
270196,1,300
270199,1,300
270264,1,300
270488,1,300
270608,1,300
270740,1,300
271120,1,300
271129,1,300
271155,1,300
271753,1,300
272168,1,300
272173,1,300
272277,1,300
272508,1,300
272587,1,300
272625,1,300
272627,1,300
272670,1,300
272853,1,300
272895,1,300
273360,1,300
273414,1,300
273445,1,300
273449,1,300
273549,1,300
273788,1,300
274005,1,300
274010,1,300
274048,1,300
274174,1,300
274403,1,300
274538,1,300
274863,1,300
275004,1,300
275252,1,300
275334,1,300
275357,1,300
275826,1,300
276138,1,300
276790,1,300
277078,1,300
277086,1,300
277098,1,300
277100,1,300
277442,1,300
277531,1,300
277540,1,300
277586,1,300
277600,1,300
278228,1,300
278313,1,300
278502,1,300
278548,1,300
279505,1,300
279528,1,300
280004,1,300
280037,1,300
280040,1,300
280276,1,300
280478,1,300
280787,1,300
280841,1,300
281010,1,300
281097,1,300
281108,1,300
281144,1,300
281231,1,300
281743,1,300
281929,1,300
282043,1,300
282045,1,300
282074,1,300
282075,1,300
282306,1,300
282406,1,300
282488,1,300
282601,1,300
282639,1,300
282811,1,300
282835,1,300
282853,1,300
282884,1,300
282998,1,300
283161,1,300
283165,1,300
283245,1,300
283260,1,300
283261,1,300
283377,1,300
283452,1,300
283512,1,300
283523,1,300
283538,1,300
283613,1,300
283629,1,300
283792,1,300
283807,1,300
283844,1,300
284120,1,300
284471,1,300
284808,1,300
284959,1,300
285051,1,300
285187,1,300
285199,1,300
285219,1,300
285232,1,300
285565,1,300
285661,1,300
285683,1,300
286025,1,300
286342,1,300
286515,1,300
286528,1,300
286640,1,300
287017,1,300
287129,1,300
287172,1,300
287220,1,300
287238,1,300
287524,1,300
287574,1,300
287652,1,300
288026,1,300
288362,1,300
288631,1,300
288898,1,300
289110,1,300
289156,1,300
289212,1,300
289256,1,300
289424,1,300
289758,1,300
289798,1,300
