172,1,300
183,1,300
351,1,300
423,1,300
612,1,300
684,1,300
883,1,300
1072,1,300
1393,1,300
1453,1,300
1520,1,300
1630,1,300
1738,1,300
2250,1,300
2315,1,300
2385,1,300
2390,1,300
2617,1,300
3130,1,300
3200,1,300
3555,1,300
3558,1,300
3610,1,300
3692,1,300
4011,1,300
4315,1,300
4323,1,300
4547,1,300
4783,1,300
4822,1,300
4925,1,300
5309,1,300
5418,1,300
5434,1,300
6019,1,300
6096,1,300
6530,1,300
6882,1,300
6947,1,300
7034,1,300
7145,1,300
7272,1,300
7272,1,300
7344,1,300
7371,1,300
7526,1,300
8125,1,300
8780,1,300
8794,1,300
8952,1,300
9114,1,300
9129,1,300
9336,1,300
9408,1,300
9473,1,300
9501,1,300
9535,1,300
9546,1,300
9549,1,300
9686,1,300
9852,1,300
9872,1,300
9884,1,300
10019,1,300
10261,1,300
10389,1,300
10555,1,300
10787,1,300
10923,1,300
11059,1,300
11177,1,300
11183,1,300
11189,1,300
11218,1,300
11230,1,300
11235,1,300
11282,1,300
11363,1,300
12043,1,300
12094,1,300
12098,1,300
12115,1,300
12329,1,300
12470,1,300
12598,1,300
13039,1,300
13137,1,300
13392,1,300
13437,1,300
13466,1,300
13667,1,300
14044,1,300
14292,1,300
14314,1,300
14460,1,300
14663,1,300
14889,1,300
14974,1,300
15128,1,300
15138,1,300
15216,1,300
15262,1,300
15414,1,300
15416,1,300
15699,1,300
15733,1,300
16010,1,300
16060,1,300
16194,1,300
16209,1,300
16412,1,300
16427,1,300
17340,1,300
17592,1,300
18002,1,300
18014,1,300
18023,1,300
18400,1,300
19770,1,300
20154,1,300
20160,1,300
20479,1,300
20481,1,300
20538,1,300
20627,1,300
20714,1,300
20736,1,300
20755,1,300
20817,1,300
20829,1,300
21050,1,300
21124,1,300
21209,1,300
21227,1,300
21238,1,300
21289,1,300
21290,1,300
21322,1,300
21530,1,300
21543,1,300
21544,1,300
21593,1,300
21745,1,300
21977,1,300
22018,1,300
22024,1,300
22144,1,300
22335,1,300
22436,1,300
22561,1,300
22655,1,300
22718,1,300
22798,1,300
23037,1,300
23048,1,300
23311,1,300
23465,1,300
23564,1,300
23572,1,300
23682,1,300
23722,1,300
23738,1,300
23830,1,300
24084,1,300
24097,1,300
24163,1,300
24345,1,300
25020,1,300
25109,1,300
25172,1,300
25193,1,300
25220,1,300
25255,1,300
26002,1,300
26017,1,300
26065,1,300
26290,1,300
26551,1,300
26905,1,300
26971,1,300
27037,1,300
27070,1,300
27137,1,300
27366,1,300
27367,1,300
27373,1,300
27384,1,300
27475,1,300
27615,1,300
27960,1,300
28281,1,300
28530,1,300
28603,1,300
28663,1,300
28711,1,300
28869,1,300
28949,1,300
29030,1,300
29261,1,300
29542,1,300
29871,1,300
30107,1,300
30175,1,300
30229,1,300
30417,1,300
30456,1,300
30523,1,300
30659,1,300
32015,1,300
32074,1,300
32075,1,300
32100,1,300
32107,1,300
32146,1,300
32337,1,300
32414,1,300
32415,1,300
32547,1,300
32565,1,300
32575,1,300
32586,1,300
32664,1,300
32710,1,300
32811,1,300
32824,1,300
32825,1,300
32833,1,300
32910,1,300
32932,1,300
32939,1,300
32976,1,300
33018,1,300
33161,1,300
33192,1,300
33195,1,300
33206,1,300
33290,1,300
33316,1,300
33326,1,300
33371,1,300
33415,1,300
33425,1,300
33567,1,300
33589,1,300
34064,1,300
34131,1,300
34193,1,300
34272,1,300
34394,1,300
34534,1,300
34647,1,300
34803,1,300
34947,1,300
35042,1,300
35080,1,300
35095,1,300
35111,1,300
35236,1,300
35287,1,300
35317,1,300
35358,1,300
35411,1,300
35465,1,300
35589,1,300
36090,1,300
36146,1,300
36188,1,300
36256,1,300
36395,1,300
36492,1,300
36655,1,300
37056,1,300
37122,1,300
37145,1,300
37233,1,300
37420,1,300
37613,1,300
37886,1,300
37934,1,300
38071,1,300
38110,1,300
38132,1,300
38148,1,300
38385,1,300
38563,1,300
38734,1,300
38766,1,300
38969,1,300
39004,1,300
39118,1,300
39129,1,300
39134,1,300
39325,1,300
39394,1,300
39518,1,300
39591,1,300
39611,1,300
39631,1,300
39632,1,300
39712,1,300
39938,1,300
39967,1,300
40014,1,300
40064,1,300
40081,1,300
40225,1,300
40227,1,300
40282,1,300
40351,1,300
40370,1,300
40652,1,300
40880,1,300
41018,1,300
41494,1,300
41521,1,300
41674,1,300
41758,1,300
41798,1,300
41955,1,300
42051,1,300
42089,1,300
42173,1,300
42220,1,300
42514,1,300
42592,1,300
42965,1,300
43004,1,300
43052,1,300
43149,1,300
43171,1,300
43180,1,300
43397,1,300
43526,1,300
43656,1,300
43868,1,300
43953,1,300
44041,1,300
44129,1,300
44200,1,300
44213,1,300
44227,1,300
44241,1,300
44345,1,300
44367,1,300
44455,1,300
44478,1,300
44492,1,300
44517,1,300
44801,1,300
44854,1,300
44855,1,300
44886,1,300
45015,1,300
45038,1,300
45056,1,300
45057,1,300
45068,1,300
45069,1,300
45074,1,300
45085,1,300
45096,1,300
45171,1,300
45181,1,300
45195,1,300
45199,1,300
45209,1,300
45243,1,300
45284,1,300
45362,1,300
45508,1,300
45591,1,300
45618,1,300
45625,1,300
45654,1,300
45730,1,300
45743,1,300
45820,1,300
45831,1,300
45977,1,300
45980,1,300
46021,1,300
46046,1,300
46049,1,300
46124,1,300
46162,1,300
46298,1,300
46329,1,300
46346,1,300
46444,1,300
46482,1,300
46570,1,300
46613,1,300
46660,1,300
46678,1,300
46814,1,300
46817,1,300
46874,1,300
46897,1,300
46958,1,300
47007,1,300
47045,1,300
47045,1,300
47111,1,300
47164,1,300
47293,1,300
47315,1,300
47375,1,300
47463,1,300
47502,1,300
47513,1,300
47520,1,300
47767,1,300
47778,1,300
47787,1,300
47807,1,300
48003,1,300
48004,1,300
48061,1,300
48087,1,300
48099,1,300
48188,1,300
48193,1,300
48304,1,300
48587,1,300
48594,1,300
48653,1,300
48706,1,300
48779,1,300
48864,1,300
48898,1,300
49002,1,300
49056,1,300
49059,1,300
49105,1,300
49124,1,300
49132,1,300
49150,1,300
49173,1,300
49174,1,300
49193,1,300
49243,1,300
49247,1,300
49301,1,300
49329,1,300
49339,1,300
49449,1,300
49467,1,300
49542,1,300
49545,1,300
49568,1,300
49583,1,300
49816,1,300
49918,1,300
49940,1,300
49941,1,300
49963,1,300
49995,1,300
50045,1,300
50217,1,300
50259,1,300
50270,1,300
50295,1,300
50338,1,300
50344,1,300
50364,1,300
50398,1,300
50425,1,300
50433,1,300
50436,1,300
50509,1,300
50547,1,300
50558,1,300
50737,1,300
50763,1,300
50772,1,300
50896,1,300
51031,1,300
51123,1,300
51156,1,300
51272,1,300
51309,1,300
51448,1,300
51499,1,300
51537,1,300
51665,1,300
51673,1,300
51706,1,300
51707,1,300
51740,1,300
51767,1,300
51822,1,300
51854,1,300
51866,1,300
51960,1,300
52013,1,300
52058,1,300
52181,1,300
52184,1,300
52255,1,300
52293,1,300
52381,1,300
52389,1,300
52469,1,300
52613,1,300
52615,1,300
52646,1,300
52728,1,300
52762,1,300
52922,1,300
52947,1,300
52967,1,300
53047,1,300
53133,1,300
53233,1,300
53260,1,300
53476,1,300
53494,1,300
53513,1,300
53805,1,300
53833,1,300
53879,1,300
53900,1,300
54006,1,300
54037,1,300
54052,1,300
54175,1,300
54185,1,300
54192,1,300
54211,1,300
54227,1,300
54230,1,300
54252,1,300
54296,1,300
54403,1,300
54413,1,300
54417,1,300
54484,1,300
54502,1,300
54502,1,300
54513,1,300
54556,1,300
54578,1,300
54625,1,300
54680,1,300
55081,1,300
55127,1,300
55171,1,300
55178,1,300
55204,1,300
55231,1,300
55243,1,300
55246,1,300
55274,1,300
55356,1,300
55390,1,300
55401,1,300
55426,1,300
55444,1,300
55469,1,300
55495,1,300
56143,1,300
56200,1,300
56223,1,300
56287,1,300
56296,1,300
56302,1,300
56360,1,300
56365,1,300
56382,1,300
56416,1,300
56448,1,300
56480,1,300
56487,1,300
56520,1,300
56560,1,300
56574,1,300
56610,1,300
56635,1,300
56638,1,300
56675,1,300
56696,1,300
56704,1,300
56714,1,300
56776,1,300
56783,1,300
56789,1,300
56816,1,300
56905,1,300
56938,1,300
56976,1,300
56999,1,300
57020,1,300
57039,1,300
57056,1,300
57060,1,300
57079,1,300
57086,1,300
57111,1,300
57121,1,300
57175,1,300
57291,1,300
57305,1,300
57347,1,300
57426,1,300
57520,1,300
57521,1,300
57533,1,300
57534,1,300
57551,1,300
57597,1,300
57675,1,300
57680,1,300
57696,1,300
57725,1,300
57740,1,300
57762,1,300
57783,1,300
57794,1,300
57841,1,300
58028,1,300
58032,1,300
58034,1,300
58038,1,300
58051,1,300
58051,1,300
58107,1,300
58114,1,300
58197,1,300
58232,1,300
58276,1,300
58341,1,300
58371,1,300
58446,1,300
58562,1,300
58573,1,300
58662,1,300
58663,1,300
58684,1,300
58703,1,300
58891,1,300
58917,1,300
58922,1,300
58951,1,300
58963,1,300
58965,1,300
59020,1,300
59073,1,300
59084,1,300
59114,1,300
59154,1,300
59156,1,300
59196,1,300
59254,1,300
59361,1,300
59373,1,300
59380,1,300
59401,1,300
59410,1,300
59437,1,300
59534,1,300
59564,1,300
59656,1,300
59660,1,300
59686,1,300
59769,1,300
59803,1,300
59839,1,300
60095,1,300
60216,1,300
60224,1,300
60250,1,300
60296,1,300
60309,1,300
60440,1,300
60461,1,300
60531,1,300
60687,1,300
60732,1,300
60790,1,300
60817,1,300
60910,1,300
61007,1,300
61042,1,300
61053,1,300
61079,1,300
61085,1,300
61097,1,300
61129,1,300
61145,1,300
61178,1,300
61191,1,300
61194,1,300
61228,1,300
61245,1,300
61248,1,300
61252,1,300
61291,1,300
61342,1,300
61344,1,300
61378,1,300
61471,1,300
61472,1,300
61518,1,300
61519,1,300
61541,1,300
61573,1,300
61594,1,300
61611,1,300
61666,1,300
61675,1,300
61681,1,300
61717,1,300
61815,1,300
61867,1,300
61894,1,300
62071,1,300
62209,1,300
62213,1,300
62263,1,300
62272,1,300
62297,1,300
62311,1,300
62402,1,300
62463,1,300
62524,1,300
62616,1,300
62736,1,300
62737,1,300
62814,1,300
62827,1,300
62831,1,300
62872,1,300
62928,1,300
62983,1,300
63030,1,300
63079,1,300
63095,1,300
63098,1,300
63161,1,300
63166,1,300
63188,1,300
63231,1,300
63332,1,300
63333,1,300
63397,1,300
63420,1,300
63481,1,300
63494,1,300
63503,1,300
63513,1,300
63514,1,300
63535,1,300
63676,1,300
63725,1,300
63746,1,300
63880,1,300
63903,1,300
63922,1,300
64003,1,300
64022,1,300
64029,1,300
64070,1,300
64175,1,300
64193,1,300
64233,1,300
64245,1,300
64252,1,300
64304,1,300
64383,1,300
64406,1,300
64408,1,300
64446,1,300
64467,1,300
64639,1,300
64656,1,300
64659,1,300
64695,1,300
64707,1,300
64714,1,300
64802,1,300
64811,1,300
64843,1,300
64883,1,300
64949,1,300
64990,1,300
65027,1,300
65055,1,300
65069,1,300
65092,1,300
65098,1,300
65101,1,300
65124,1,300
65137,1,300
65157,1,300
65209,1,300
65225,1,300
65232,1,300
65244,1,300
65291,1,300
65343,1,300
65382,1,300
65427,1,300
65432,1,300
65545,1,300
65558,1,300
65568,1,300
65604,1,300
65699,1,300
65736,1,300
65736,1,300
65755,1,300
65789,1,300
65808,1,300
66002,1,300
66084,1,300
66099,1,300
66100,1,300
66130,1,300
66260,1,300
66289,1,300
66327,1,300
66363,1,300
66365,1,300
66391,1,300
66558,1,300
66594,1,300
66668,1,300
66977,1,300
67027,1,300
67040,1,300
67044,1,300
67051,1,300
67055,1,300
67067,1,300
67072,1,300
67074,1,300
67105,1,300
67109,1,300
67119,1,300
67121,1,300
67220,1,300
67230,1,300
67250,1,300
67253,1,300
67323,1,300
67401,1,300
67404,1,300
67417,1,300
67426,1,300
67431,1,300
67451,1,300
67464,1,300
67538,1,300
67548,1,300
67593,1,300
67616,1,300
67621,1,300
67717,1,300
67853,1,300
67872,1,300
67964,1,300
68056,1,300
68058,1,300
68066,1,300
68077,1,300
68099,1,300
68104,1,300
68130,1,300
68139,1,300
68142,1,300
68154,1,300
68161,1,300
68185,1,300
68189,1,300
68198,1,300
68217,1,300
68225,1,300
68282,1,300
68312,1,300
68320,1,300
68361,1,300
68396,1,300
68402,1,300
68412,1,300
68479,1,300
68486,1,300
68505,1,300
68530,1,300
68579,1,300
68607,1,300
68626,1,300
68647,1,300
68666,1,300
68691,1,300
68727,1,300
68751,1,300
68751,1,300
68781,1,300
68795,1,300
68796,1,300
68810,1,300
68812,1,300
68814,1,300
68817,1,300
68834,1,300
68848,1,300
68868,1,300
68889,1,300
69023,1,300
69095,1,300
69106,1,300
69253,1,300
69288,1,300
69298,1,300
69301,1,300
69382,1,300
69436,1,300
69442,1,300
69454,1,300
69458,1,300
69467,1,300
69488,1,300
69511,1,300
69522,1,300
69573,1,300
69577,1,300
69619,1,300
69639,1,300
69671,1,300
69731,1,300
69786,1,300
69789,1,300
69820,1,300
69890,1,300
69909,1,300
69975,1,300
70005,1,300
70015,1,300
70018,1,300
70022,1,300
70027,1,300
70039,1,300
70057,1,300
70060,1,300
70062,1,300
70070,1,300
70091,1,300
70102,1,300
70157,1,300
70158,1,300
70186,1,300
70197,1,300
70205,1,300
70207,1,300
70318,1,300
70376,1,300
70422,1,300
70458,1,300
70467,1,300
70468,1,300
70477,1,300
70487,1,300
70574,1,300
70586,1,300
70648,1,300
70667,1,300
70689,1,300
70758,1,300
70831,1,300
70944,1,300
70947,1,300
70948,1,300
70977,1,300
71016,1,300
71029,1,300
71046,1,300
71047,1,300
71058,1,300
71061,1,300
71067,1,300
71068,1,300
71079,1,300
71160,1,300
71189,1,300
71217,1,300
71269,1,300
71276,1,300
71288,1,300
71291,1,300
71384,1,300
71428,1,300
71444,1,300
71447,1,300
71490,1,300
71571,1,300
71579,1,300
71604,1,300
71642,1,300
71649,1,300
71653,1,300
71669,1,300
71681,1,300
71690,1,300
71698,1,300
71705,1,300
71718,1,300
71821,1,300
71831,1,300
71942,1,300
71959,1,300
71987,1,300
72049,1,300
72060,1,300
72075,1,300
72093,1,300
72099,1,300
72100,1,300
72104,1,300
72145,1,300
72149,1,300
72151,1,300
72164,1,300
72165,1,300
72181,1,300
72182,1,300
72237,1,300
72238,1,300
72263,1,300
72308,1,300
72363,1,300
72375,1,300
72380,1,300
72392,1,300
72400,1,300
72403,1,300
72414,1,300
72466,1,300
72490,1,300
72505,1,300
72551,1,300
72582,1,300
72585,1,300
72644,1,300
72666,1,300
72672,1,300
72693,1,300
72728,1,300
72733,1,300
72793,1,300
73007,1,300
73018,1,300
73044,1,300
73053,1,300
73093,1,300
73102,1,300
73124,1,300
73133,1,300
73165,1,300
73181,1,300
73185,1,300
73187,1,300
73193,1,300
73220,1,300
73255,1,300
73284,1,300
73311,1,300
73316,1,300
73376,1,300
73463,1,300
73477,1,300
73480,1,300
73518,1,300
73520,1,300
73545,1,300
73577,1,300
73581,1,300
73584,1,300
73591,1,300
73617,1,300
73714,1,300
73721,1,300
73726,1,300
73750,1,300
73761,1,300
73768,1,300
74013,1,300
74042,1,300
74061,1,300
74112,1,300
74137,1,300
74149,1,300
74177,1,300
74188,1,300
74209,1,300
74225,1,300
74303,1,300
74340,1,300
74417,1,300
74450,1,300
74460,1,300
74494,1,300
74502,1,300
74527,1,300
74552,1,300
74577,1,300
74590,1,300
74603,1,300
74620,1,300
74622,1,300
74758,1,300
74764,1,300
74791,1,300
74801,1,300
74802,1,300
74805,1,300
74810,1,300
74862,1,300
74867,1,300
74876,1,300
75004,1,300
75100,1,300
75114,1,300
75126,1,300
75139,1,300
75162,1,300
75177,1,300
75241,1,300
75250,1,300
75251,1,300
75279,1,300
75325,1,300
75329,1,300
75340,1,300
75383,1,300
75395,1,300
75429,1,300
75485,1,300
75487,1,300
75554,1,300
75593,1,300
75605,1,300
75719,1,300
75725,1,300
75739,1,300
75808,1,300
75818,1,300
75832,1,300
75840,1,300
75858,1,300
75867,1,300
75893,1,300
75895,1,300
75902,1,300
76017,1,300
76041,1,300
76049,1,300
76053,1,300
76088,1,300
76095,1,300
76145,1,300
76151,1,300
76152,1,300
76167,1,300
76270,1,300
76290,1,300
76313,1,300
76360,1,300
76403,1,300
76426,1,300
76486,1,300
76532,1,300
76571,1,300
76645,1,300
76647,1,300
76672,1,300
76695,1,300
76756,1,300
76799,1,300
76830,1,300
76874,1,300
76948,1,300
76961,1,300
76969,1,300
76985,1,300
76988,1,300
77013,1,300
77033,1,300
77038,1,300
77106,1,300
77133,1,300
77216,1,300
77234,1,300
77246,1,300
77340,1,300
77346,1,300
77354,1,300
77410,1,300
77438,1,300
77473,1,300
77527,1,300
77587,1,300
77598,1,300
77631,1,300
77652,1,300
77653,1,300
77678,1,300
77694,1,300
77706,1,300
77736,1,300
77743,1,300
77761,1,300
77897,1,300
77922,1,300
77961,1,300
77965,1,300
77966,1,300
78004,1,300
78012,1,300
78021,1,300
78023,1,300
78064,1,300
78090,1,300
78092,1,300
78095,1,300
78097,1,300
78112,1,300
78113,1,300
78154,1,300
78191,1,300
78213,1,300
78213,1,300
78248,1,300
78266,1,300
78268,1,300
78288,1,300
78321,1,300
78326,1,300
78364,1,300
78407,1,300
78408,1,300
78505,1,300
78566,1,300
78688,1,300
78693,1,300
78709,1,300
78732,1,300
78744,1,300
78758,1,300
78774,1,300
78823,1,300
78852,1,300
78862,1,300
78890,1,300
79055,1,300
79112,1,300
79184,1,300
79200,1,300
79208,1,300
79216,1,300
79260,1,300
79261,1,300
79266,1,300
79321,1,300
79326,1,300
79334,1,300
79377,1,300
79386,1,300
79397,1,300
79417,1,300
79536,1,300
79600,1,300
79606,1,300
79631,1,300
79670,1,300
79697,1,300
79719,1,300
79725,1,300
79768,1,300
79771,1,300
79816,1,300
79862,1,300
79889,1,300
79924,1,300
79979,1,300
79989,1,300
80007,1,300
80029,1,300
80061,1,300
80069,1,300
80091,1,300
80100,1,300
80115,1,300
80119,1,300
80126,1,300
80136,1,300
80153,1,300
80216,1,300
80239,1,300
80278,1,300
80307,1,300
80307,1,300
80324,1,300
80328,1,300
80336,1,300
80347,1,300
80365,1,300
80382,1,300
80384,1,300
80397,1,300
80475,1,300
80489,1,300
80562,1,300
80597,1,300
80612,1,300
80631,1,300
80634,1,300
80660,1,300
80662,1,300
80685,1,300
80687,1,300
80694,1,300
80715,1,300
80721,1,300
80727,1,300
80768,1,300
80788,1,300
80806,1,300
80813,1,300
80823,1,300
80828,1,300
80890,1,300
80903,1,300
80909,1,300
80910,1,300
81032,1,300
81181,1,300
81238,1,300
81266,1,300
81323,1,300
81360,1,300
81399,1,300
81408,1,300
81435,1,300
81447,1,300
81457,1,300
81478,1,300
81491,1,300
81496,1,300
81534,1,300
81544,1,300
81551,1,300
81593,1,300
81594,1,300
81612,1,300
81613,1,300
81648,1,300
81677,1,300
81740,1,300
81759,1,300
81790,1,300
81792,1,300
81796,1,300
81874,1,300
81889,1,300
81890,1,300
81897,1,300
81932,1,300
81989,1,300
82003,1,300
82031,1,300
82042,1,300
82046,1,300
82049,1,300
82056,1,300
82062,1,300
82062,1,300
82078,1,300
82083,1,300
82090,1,300
82143,1,300
82144,1,300
82168,1,300
82189,1,300
82194,1,300
82212,1,300
82274,1,300
82278,1,300
82296,1,300
82308,1,300
82312,1,300
82381,1,300
82406,1,300
82436,1,300
82436,1,300
82468,1,300
82482,1,300
82510,1,300
82511,1,300
82516,1,300
82521,1,300
82595,1,300
82616,1,300
82625,1,300
82673,1,300
82715,1,300
82735,1,300
82753,1,300
82763,1,300
82770,1,300
82838,1,300
82842,1,300
82854,1,300
82885,1,300
83010,1,300
83015,1,300
83074,1,300
83077,1,300
83178,1,300
83229,1,300
83264,1,300
83288,1,300
83288,1,300
83316,1,300
83395,1,300
83405,1,300
83427,1,300
83432,1,300
83492,1,300
83527,1,300
83541,1,300
83565,1,300
83571,1,300
83572,1,300
83588,1,300
83607,1,300
83623,1,300
83661,1,300
83710,1,300
83754,1,300
83759,1,300
83765,1,300
83837,1,300
83867,1,300
83887,1,300
83901,1,300
83958,1,300
83965,1,300
84015,1,300
84054,1,300
84055,1,300
84083,1,300
84083,1,300
84109,1,300
84113,1,300
84132,1,300
84147,1,300
84180,1,300
84205,1,300
84248,1,300
84248,1,300
84262,1,300
84273,1,300
84291,1,300
84319,1,300
84349,1,300
84362,1,300
84415,1,300
84536,1,300
84584,1,300
84600,1,300
84627,1,300
84669,1,300
84679,1,300
84718,1,300
84719,1,300
84748,1,300
84757,1,300
84763,1,300
84785,1,300
84862,1,300
84901,1,300
84914,1,300
84927,1,300
84953,1,300
85001,1,300
85017,1,300
85050,1,300
85079,1,300
85086,1,300
85105,1,300
85109,1,300
85114,1,300
85118,1,300
85125,1,300
85155,1,300
85163,1,300
85169,1,300
85189,1,300
85194,1,300
85207,1,300
85210,1,300
85229,1,300
85255,1,300
85259,1,300
85300,1,300
85333,1,300
85359,1,300
85394,1,300
85399,1,300
85407,1,300
85455,1,300
85465,1,300
85536,1,300
85539,1,300
85621,1,300
85626,1,300
85666,1,300
85728,1,300
85747,1,300
85766,1,300
85794,1,300
85813,1,300
85823,1,300
85839,1,300
85851,1,300
85880,1,300
85912,1,300
86007,1,300
86026,1,300
86043,1,300
86086,1,300
86094,1,300
86097,1,300
86128,1,300
86156,1,300
86163,1,300
86163,1,300
86174,1,300
86191,1,300
86220,1,300
86227,1,300
86241,1,300
86276,1,300
86280,1,300
86295,1,300
86423,1,300
86472,1,300
86512,1,300
86519,1,300
86531,1,300
86556,1,300
86590,1,300
86591,1,300
86603,1,300
86639,1,300
86639,1,300
86661,1,300
86680,1,300
86692,1,300
86704,1,300
86767,1,300
86808,1,300
86861,1,300
86869,1,300
86960,1,300
87010,1,300
87034,1,300
87045,1,300
87050,1,300
87067,1,300
87143,1,300
87153,1,300
87167,1,300
87187,1,300
87192,1,300
87201,1,300
87205,1,300
87247,1,300
87270,1,300
87290,1,300
87324,1,300
87370,1,300
87378,1,300
87400,1,300
87411,1,300
87440,1,300
87476,1,300
87490,1,300
87512,1,300
87532,1,300
87559,1,300
87580,1,300
87588,1,300
87669,1,300
87673,1,300
87699,1,300
87750,1,300
87751,1,300
87765,1,300
87771,1,300
87819,1,300
87827,1,300
87867,1,300
87881,1,300
88016,1,300
88029,1,300
88045,1,300
88077,1,300
88116,1,300
88119,1,300
88136,1,300
88152,1,300
88206,1,300
88207,1,300
88210,1,300
88395,1,300
88432,1,300
88547,1,300
88556,1,300
88565,1,300
88574,1,300
88586,1,300
88629,1,300
88632,1,300
88697,1,300
88697,1,300
88711,1,300
88749,1,300
88772,1,300
88799,1,300
88837,1,300
88841,1,300
88852,1,300
88903,1,300
88943,1,300
88956,1,300
89001,1,300
89048,1,300
89051,1,300
89058,1,300
89066,1,300
89071,1,300
89092,1,300
89182,1,300
89380,1,300
89427,1,300
89452,1,300
89453,1,300
89465,1,300
89483,1,300
89512,1,300
89528,1,300
89534,1,300
89552,1,300
89559,1,300
89607,1,300
89636,1,300
89638,1,300
89670,1,300
89679,1,300
89680,1,300
89746,1,300
89772,1,300
89778,1,300
89794,1,300
89798,1,300
89871,1,300
89896,1,300
89953,1,300
89987,1,300
90019,1,300
90029,1,300
90039,1,300
90046,1,300
90072,1,300
90074,1,300
90086,1,300
90115,1,300
90152,1,300
90178,1,300
90187,1,300
90207,1,300
90223,1,300
90267,1,300
90298,1,300
90305,1,300
90356,1,300
90405,1,300
90449,1,300
90454,1,300
90477,1,300
90532,1,300
90581,1,300
90589,1,300
90603,1,300
90622,1,300
90662,1,300
90681,1,300
90739,1,300
90763,1,300
90792,1,300
90823,1,300
90837,1,300
90952,1,300
90985,1,300
90986,1,300
90999,1,300
91043,1,300
91069,1,300
91070,1,300
91137,1,300
91182,1,300
91185,1,300
91198,1,300
91207,1,300
91214,1,300
91221,1,300
91228,1,300
91254,1,300
91260,1,300
91277,1,300
91288,1,300
91351,1,300
91365,1,300
91391,1,300
91404,1,300
91466,1,300
91491,1,300
91491,1,300
91498,1,300
91565,1,300
91588,1,300
91600,1,300
91623,1,300
91624,1,300
91689,1,300
91698,1,300
91698,1,300
91736,1,300
91737,1,300
91769,1,300
91789,1,300
91801,1,300
91811,1,300
91859,1,300
91871,1,300
91922,1,300
91931,1,300
91960,1,300
92008,1,300
92025,1,300
92029,1,300
92037,1,300
92044,1,300
92059,1,300
92120,1,300
92146,1,300
92166,1,300
92183,1,300
92187,1,300
92207,1,300
92214,1,300
92269,1,300
92295,1,300
92330,1,300
92338,1,300
92346,1,300
92358,1,300
92359,1,300
92399,1,300
92419,1,300
92429,1,300
92445,1,300
92450,1,300
92462,1,300
92479,1,300
92484,1,300
92488,1,300
92491,1,300
92497,1,300
92499,1,300
92519,1,300
92560,1,300
92566,1,300
92566,1,300
92612,1,300
92615,1,300
92616,1,300
92624,1,300
92648,1,300
92658,1,300
92694,1,300
92722,1,300
92731,1,300
92738,1,300
92749,1,300
92752,1,300
92756,1,300
92777,1,300
92799,1,300
92811,1,300
92825,1,300
92842,1,300
92873,1,300
92906,1,300
92919,1,300
93016,1,300
93023,1,300
93041,1,300
93063,1,300
93104,1,300
93160,1,300
93163,1,300
93188,1,300
93192,1,300
93228,1,300
93254,1,300
93360,1,300
93398,1,300
93416,1,300
93425,1,300
93428,1,300
93438,1,300
93521,1,300
93567,1,300
93662,1,300
93666,1,300
93672,1,300
93674,1,300
93728,1,300
93734,1,300
93734,1,300
93734,1,300
93751,1,300
93765,1,300
93791,1,300
93849,1,300
93873,1,300
93890,1,300
93916,1,300
93963,1,300
93980,1,300
93999,1,300
94014,1,300
94019,1,300
94021,1,300
94022,1,300
94030,1,300
94032,1,300
94035,1,300
94054,1,300
94066,1,300
94087,1,300
94106,1,300
94114,1,300
94127,1,300
94147,1,300
94197,1,300
94239,1,300
94247,1,300
94267,1,300
94268,1,300
94272,1,300
94276,1,300
94287,1,300
94308,1,300
94311,1,300
94314,1,300
94351,1,300
94353,1,300
94358,1,300
94366,1,300
94482,1,300
94572,1,300
94584,1,300
94588,1,300
94610,1,300
94612,1,300
94626,1,300
94647,1,300
94653,1,300
94679,1,300
94699,1,300
94713,1,300
94726,1,300
94760,1,300
94763,1,300
94766,1,300
94784,1,300
95082,1,300
95157,1,300
95158,1,300
95193,1,300
95201,1,300
95209,1,300
95214,1,300
95231,1,300
95260,1,300
95260,1,300
95313,1,300
95326,1,300
95337,1,300
95356,1,300
95368,1,300
95408,1,300
95423,1,300
95427,1,300
95459,1,300
95462,1,300
95484,1,300
95488,1,300
95490,1,300
95560,1,300
95568,1,300
95576,1,300
95580,1,300
95583,1,300
95606,1,300
95611,1,300
95630,1,300
95669,1,300
95692,1,300
95725,1,300
95763,1,300
95768,1,300
95811,1,300
95812,1,300
95863,1,300
95878,1,300
96007,1,300
96061,1,300
96088,1,300
96102,1,300
96142,1,300
96180,1,300
96197,1,300
96255,1,300
96260,1,300
96263,1,300
96266,1,300
96277,1,300
96327,1,300
96395,1,300
96450,1,300
96482,1,300
96523,1,300
96584,1,300
96619,1,300
96627,1,300
96646,1,300
96692,1,300
96704,1,300
96798,1,300
96838,1,300
96851,1,300
96855,1,300
96870,1,300
96899,1,300
96945,1,300
96954,1,300
96972,1,300
96973,1,300
96976,1,300
97007,1,300
97008,1,300
97028,1,300
97047,1,300
97049,1,300
97080,1,300
97093,1,300
97094,1,300
97184,1,300
97194,1,300
97215,1,300
97306,1,300
97321,1,300
97337,1,300
97406,1,300
97413,1,300
97427,1,300
97429,1,300
97522,1,300
97530,1,300
97560,1,300
97566,1,300
97580,1,300
97604,1,300
97615,1,300
97640,1,300
97643,1,300
97666,1,300
97671,1,300
97729,1,300
97779,1,300
97866,1,300
97873,1,300
97886,1,300
97900,1,300
97904,1,300
97912,1,300
97955,1,300
97958,1,300
97963,1,300
98009,1,300
98026,1,300
98047,1,300
98048,1,300
98065,1,300
98127,1,300
98141,1,300
98142,1,300
98144,1,300
98152,1,300
98174,1,300
98178,1,300
98208,1,300
98216,1,300
98262,1,300
98319,1,300
98377,1,300
98441,1,300
98471,1,300
98481,1,300
98486,1,300
98487,1,300
98505,1,300
98572,1,300
98615,1,300
98629,1,300
98671,1,300
98762,1,300
98772,1,300
98805,1,300
98819,1,300
98841,1,300
98856,1,300
98883,1,300
98931,1,300
98989,1,300
98992,1,300
99027,1,300
99047,1,300
99049,1,300
99070,1,300
99074,1,300
99106,1,300
99133,1,300
99236,1,300
99294,1,300
99295,1,300
99298,1,300
99305,1,300
99321,1,300
99375,1,300
99408,1,300
99408,1,300
99439,1,300
99488,1,300
99490,1,300
99504,1,300
99508,1,300
99552,1,300
99573,1,300
99597,1,300
99613,1,300
99621,1,300
99639,1,300
99649,1,300
99682,1,300
99683,1,300
99687,1,300
99692,1,300
99728,1,300
99774,1,300
99789,1,300
99799,1,300
99803,1,300
99824,1,300
99835,1,300
99883,1,300
99905,1,300
99954,1,300
100011,1,300
100016,1,300
100021,1,300
100028,1,300
100045,1,300
100073,1,300
100081,1,300
100093,1,300
100106,1,300
100107,1,300
100133,1,300
100192,1,300
100192,1,300
100204,1,300
100234,1,300
100253,1,300
100261,1,300
100262,1,300
100263,1,300
100295,1,300
100304,1,300
100336,1,300
100348,1,300
100403,1,300
100409,1,300
100426,1,300
100502,1,300
100535,1,300
100568,1,300
100680,1,300
100705,1,300
100767,1,300
100768,1,300
100779,1,300
101015,1,300
101023,1,300
101079,1,300
101081,1,300
101088,1,300
101093,1,300
101145,1,300
101160,1,300
101182,1,300
101200,1,300
101209,1,300
101229,1,300
101245,1,300
101250,1,300
101294,1,300
101323,1,300
101364,1,300
101378,1,300
101379,1,300
101428,1,300
101436,1,300
101465,1,300
101468,1,300
101510,1,300
101559,1,300
101624,1,300
101640,1,300
101650,1,300
101669,1,300
101673,1,300
101698,1,300
101810,1,300
101823,1,300
101830,1,300
101854,1,300
101886,1,300
102078,1,300
102087,1,300
102094,1,300
102101,1,300
102133,1,300
102173,1,300
102201,1,300
102208,1,300
102234,1,300
102239,1,300
102280,1,300
102284,1,300
102291,1,300
102317,1,300
102317,1,300
102327,1,300
102340,1,300
102379,1,300
102397,1,300
102410,1,300
102454,1,300
102473,1,300
102574,1,300
102589,1,300
102606,1,300
102624,1,300
102646,1,300
102651,1,300
102654,1,300
102674,1,300
102676,1,300
102853,1,300
102872,1,300
103021,1,300
103031,1,300
103048,1,300
103084,1,300
103088,1,300
103091,1,300
103128,1,300
103140,1,300
103166,1,300
103242,1,300
103248,1,300
103294,1,300
103375,1,300
103389,1,300
103532,1,300
103575,1,300
103596,1,300
103602,1,300
103660,1,300
103685,1,300
103721,1,300
103730,1,300
103755,1,300
103760,1,300
103762,1,300
103766,1,300
103784,1,300
103806,1,300
103809,1,300
103870,1,300
103955,1,300
103961,1,300
103990,1,300
104012,1,300
104077,1,300
104087,1,300
104094,1,300
104095,1,300
104096,1,300
104114,1,300
104119,1,300
104142,1,300
104195,1,300
104202,1,300
104261,1,300
104267,1,300
104292,1,300
104308,1,300
104344,1,300
104420,1,300
104447,1,300
104467,1,300
104470,1,300
104512,1,300
104561,1,300
104582,1,300
104599,1,300
104644,1,300
104669,1,300
104727,1,300
104746,1,300
104749,1,300
104781,1,300
104783,1,300
104790,1,300
104794,1,300
104811,1,300
104852,1,300
104853,1,300
104879,1,300
104886,1,300
104897,1,300
104898,1,300
104909,1,300
105009,1,300
105021,1,300
105023,1,300
105033,1,300
105059,1,300
105061,1,300
105095,1,300
105147,1,300
105178,1,300
105234,1,300
105236,1,300
105330,1,300
105340,1,300
105370,1,300
105479,1,300
105590,1,300
105645,1,300
105657,1,300
105660,1,300
105694,1,300
105737,1,300
105746,1,300
105748,1,300
105750,1,300
105849,1,300
105929,1,300
105943,1,300
105988,1,300
106002,1,300
106010,1,300
106018,1,300
106033,1,300
106040,1,300
106041,1,300
106060,1,300
106137,1,300
106195,1,300
106213,1,300
106225,1,300
106231,1,300
106280,1,300
106316,1,300
106346,1,300
106351,1,300
106417,1,300
106433,1,300
106452,1,300
106475,1,300
106507,1,300
106533,1,300
106543,1,300
106546,1,300
106575,1,300
106593,1,300
106642,1,300
106687,1,300
106717,1,300
106720,1,300
106765,1,300
106769,1,300
106805,1,300
106837,1,300
107010,1,300
107033,1,300
107076,1,300
107380,1,300
107393,1,300
107460,1,300
107481,1,300
107585,1,300
107592,1,300
107612,1,300
107638,1,300
107644,1,300
107669,1,300
107724,1,300
107788,1,300
107793,1,300
107802,1,300
107809,1,300
107828,1,300
107844,1,300
107883,1,300
107901,1,300
107961,1,300
107976,1,300
108007,1,300
108014,1,300
108030,1,300
108071,1,300
108072,1,300
108081,1,300
108113,1,300
108123,1,300
108218,1,300
108236,1,300
108311,1,300
108348,1,300
108363,1,300
108412,1,300
108425,1,300
108468,1,300
108476,1,300
108505,1,300
108526,1,300
108645,1,300
108699,1,300
108702,1,300
108728,1,300
108741,1,300
108742,1,300
108747,1,300
108826,1,300
108923,1,300
108929,1,300
109003,1,300
109011,1,300
109047,1,300
109080,1,300
109088,1,300
109095,1,300
109096,1,300
109111,1,300
109171,1,300
109183,1,300
109198,1,300
109210,1,300
109211,1,300
109216,1,300
109244,1,300
109251,1,300
109307,1,300
109366,1,300
109367,1,300
109396,1,300
109400,1,300
109407,1,300
109437,1,300
109473,1,300
109485,1,300
109560,1,300
109657,1,300
109668,1,300
109708,1,300
109711,1,300
109723,1,300
109790,1,300
109865,1,300
110055,1,300
110104,1,300
110163,1,300
110173,1,300
110237,1,300
110246,1,300
110273,1,300
110312,1,300
110364,1,300
110414,1,300
110417,1,300
110472,1,300
110528,1,300
110562,1,300
110575,1,300
110754,1,300
110763,1,300
110763,1,300
110768,1,300
110789,1,300
110831,1,300
110889,1,300
110939,1,300
110961,1,300
110978,1,300
110991,1,300
111030,1,300
111038,1,300
111046,1,300
111049,1,300
111052,1,300
111098,1,300
111173,1,300
111186,1,300
111191,1,300
111203,1,300
111214,1,300
111226,1,300
111232,1,300
111322,1,300
111334,1,300
111381,1,300
111382,1,300
111444,1,300
111482,1,300
111553,1,300
111627,1,300
111645,1,300
111646,1,300
111698,1,300
111764,1,300
111907,1,300
111914,1,300
111927,1,300
111944,1,300
111945,1,300
111945,1,300
111970,1,300
112012,1,300
112013,1,300
112020,1,300
112098,1,300
112116,1,300
112129,1,300
112167,1,300
112173,1,300
112181,1,300
112184,1,300
112223,1,300
112238,1,300
112244,1,300
112352,1,300
112373,1,300
112458,1,300
112549,1,300
112555,1,300
112634,1,300
112788,1,300
112812,1,300
112843,1,300
112848,1,300
112851,1,300
112857,1,300
112871,1,300
112897,1,300
112914,1,300
112965,1,300
113065,1,300
113193,1,300
113412,1,300
113483,1,300
113549,1,300
113607,1,300
113607,1,300
113678,1,300
113713,1,300
113738,1,300
113809,1,300
113871,1,300
113922,1,300
113982,1,300
114003,1,300
114007,1,300
114010,1,300
114028,1,300
114029,1,300
114073,1,300
114078,1,300
114090,1,300
114091,1,300
114115,1,300
114161,1,300
114170,1,300
114189,1,300
114193,1,300
114196,1,300
114197,1,300
114201,1,300
114211,1,300
114234,1,300
114265,1,300
114282,1,300
114286,1,300
114351,1,300
114370,1,300
114408,1,300
114423,1,300
114448,1,300
114470,1,300
114477,1,300
114524,1,300
114535,1,300
114706,1,300
114761,1,300
114767,1,300
114801,1,300
114810,1,300
114812,1,300
114849,1,300
114879,1,300
115202,1,300
115238,1,300
115269,1,300
115274,1,300
115305,1,300
115344,1,300
115358,1,300
115407,1,300
115452,1,300
115472,1,300
115480,1,300
115494,1,300
115511,1,300
115551,1,300
115553,1,300
115559,1,300
115570,1,300
115646,1,300
115649,1,300
115751,1,300
115842,1,300
115866,1,300
115884,1,300
115900,1,300
115914,1,300
115964,1,300
116003,1,300
116004,1,300
116015,1,300
116067,1,300
116068,1,300
116126,1,300
116170,1,300
116183,1,300
116202,1,300
116230,1,300
116259,1,300
116294,1,300
116359,1,300
116361,1,300
116362,1,300
116406,1,300
116420,1,300
116445,1,300
116467,1,300
116508,1,300
116566,1,300
116589,1,300
116598,1,300
116642,1,300
116646,1,300
116654,1,300
116700,1,300
116725,1,300
116868,1,300
116896,1,300
117023,1,300
117033,1,300
117072,1,300
117079,1,300
117147,1,300
117172,1,300
117216,1,300
117221,1,300
117225,1,300
117261,1,300
117268,1,300
117349,1,300
117379,1,300
117385,1,300
117409,1,300
117450,1,300
117531,1,300
117563,1,300
117586,1,300
117642,1,300
117753,1,300
117812,1,300
118049,1,300
118123,1,300
118141,1,300
118155,1,300
118189,1,300
118212,1,300
118299,1,300
118327,1,300
118556,1,300
118569,1,300
118624,1,300
118832,1,300
118860,1,300
118877,1,300
118896,1,300
118938,1,300
118972,1,300
118984,1,300
118993,1,300
118996,1,300
118997,1,300
119051,1,300
119105,1,300
119204,1,300
119238,1,300
119257,1,300
119269,1,300
119358,1,300
119429,1,300
119490,1,300
119497,1,300
119514,1,300
119538,1,300
119561,1,300
119579,1,300
119660,1,300
119724,1,300
119861,1,300
119899,1,300
119904,1,300
119906,1,300
120048,1,300
120097,1,300
120129,1,300
120194,1,300
120302,1,300
120437,1,300
120516,1,300
120533,1,300
120548,1,300
120558,1,300
120573,1,300
120638,1,300
120667,1,300
120675,1,300
120768,1,300
120787,1,300
120807,1,300
120885,1,300
120892,1,300
120906,1,300
121005,1,300
121010,1,300
121023,1,300
121056,1,300
121090,1,300
121149,1,300
121158,1,300
121239,1,300
121275,1,300
121311,1,300
121388,1,300
121508,1,300
121566,1,300
121656,1,300
121674,1,300
121764,1,300
121800,1,300
121897,1,300
121999,1,300
122012,1,300
122035,1,300
122040,1,300
122056,1,300
122061,1,300
122068,1,300
122116,1,300
122175,1,300
122264,1,300
122284,1,300
122305,1,300
122351,1,300
122477,1,300
122502,1,300
122544,1,300
122629,1,300
122707,1,300
122771,1,300
122814,1,300
122901,1,300
123158,1,300
123191,1,300
123204,1,300
123210,1,300
123240,1,300
123296,1,300
123328,1,300
123366,1,300
123411,1,300
123441,1,300
123460,1,300
123525,1,300
123536,1,300
123567,1,300
123571,1,300
123689,1,300
123689,1,300
123696,1,300
123700,1,300
123759,1,300
124028,1,300
124278,1,300
124284,1,300
124370,1,300
124446,1,300
124494,1,300
124595,1,300
124615,1,300
124645,1,300
124943,1,300
124944,1,300
124986,1,300
125011,1,300
125026,1,300
125082,1,300
125157,1,300
125222,1,300
125283,1,300
125292,1,300
125300,1,300
125342,1,300
125402,1,300
125414,1,300
125429,1,300
125434,1,300
125442,1,300
125475,1,300
125486,1,300
125552,1,300
125586,1,300
125600,1,300
125699,1,300
125885,1,300
125919,1,300
125947,1,300
126010,1,300
126060,1,300
126080,1,300
126083,1,300
126093,1,300
126151,1,300
126192,1,300
126213,1,300
126361,1,300
126534,1,300
126555,1,300
126563,1,300
126626,1,300
126715,1,300
126720,1,300
126777,1,300
126807,1,300
126894,1,300
127055,1,300
127059,1,300
127100,1,300
127161,1,300
127177,1,300
127260,1,300
127432,1,300
127440,1,300
127493,1,300
127617,1,300
127671,1,300
127727,1,300
127728,1,300
127737,1,300
127757,1,300
128003,1,300
128012,1,300
128045,1,300
128051,1,300
128080,1,300
128142,1,300
128157,1,300
128222,1,300
128260,1,300
128271,1,300
128303,1,300
128381,1,300
128391,1,300
128401,1,300
128423,1,300
128439,1,300
128471,1,300
128493,1,300
128542,1,300
128632,1,300
128702,1,300
128737,1,300
128774,1,300
129006,1,300
129022,1,300
129068,1,300
129112,1,300
129113,1,300
129151,1,300
129171,1,300
129376,1,300
129441,1,300
129499,1,300
129555,1,300
129562,1,300
129583,1,300
129799,1,300
129820,1,300
130027,1,300
130133,1,300
130150,1,300
130155,1,300
130335,1,300
130341,1,300
130353,1,300
130401,1,300
130557,1,300
130622,1,300
130703,1,300
130714,1,300
130964,1,300
130992,1,300
131005,1,300
131042,1,300
131049,1,300
131077,1,300
131306,1,300
131312,1,300
131314,1,300
131665,1,300
131741,1,300
131796,1,300
131810,1,300
131856,1,300
131914,1,300
131994,1,300
132001,1,300
132014,1,300
132270,1,300
132359,1,300
132656,1,300
132675,1,300
132806,1,300
132827,1,300
132842,1,300
132863,1,300
133047,1,300
133049,1,300
133355,1,300
133385,1,300
133534,1,300
133613,1,300
133732,1,300
133751,1,300
133752,1,300
133902,1,300
133908,1,300
133955,1,300
133989,1,300
134185,1,300
134358,1,300
134405,1,300
134459,1,300
134473,1,300
134485,1,300
134593,1,300
134669,1,300
134806,1,300
134810,1,300
134856,1,300
134916,1,300
135055,1,300
135086,1,300
135242,1,300
135346,1,300
135381,1,300
135406,1,300
135453,1,300
135486,1,300
135512,1,300
135528,1,300
135665,1,300
135787,1,300
135832,1,300
136031,1,300
136132,1,300
136205,1,300
136274,1,300
136343,1,300
136499,1,300
136515,1,300
136799,1,300
136945,1,300
137065,1,300
137155,1,300
137167,1,300
137240,1,300
137283,1,300
137293,1,300
137297,1,300
137318,1,300
137361,1,300
137395,1,300
137457,1,300
137587,1,300
137604,1,300
138070,1,300
138140,1,300
138307,1,300
138480,1,300
138615,1,300
138652,1,300
138877,1,300
138920,1,300
138940,1,300
138970,1,300
138992,1,300
139012,1,300
139046,1,300
139180,1,300
139450,1,300
139515,1,300
139717,1,300
139738,1,300
139968,1,300
140007,1,300
140069,1,300
140076,1,300
140085,1,300
140167,1,300
140214,1,300
140298,1,300
140314,1,300
140347,1,300
140469,1,300
140546,1,300
140554,1,300
140599,1,300
140608,1,300
140655,1,300
140667,1,300
140777,1,300
141019,1,300
141247,1,300
141259,1,300
141276,1,300
141341,1,300
141370,1,300
141405,1,300
142035,1,300
142093,1,300
142225,1,300
142280,1,300
142317,1,300
142485,1,300
142626,1,300
142702,1,300
143124,1,300
143129,1,300
143166,1,300
143292,1,300
144035,1,300
144080,1,300
144165,1,300
144296,1,300
144307,1,300
144471,1,300
144532,1,300
144788,1,300
144805,1,300
145044,1,300
145110,1,300
145177,1,300
145189,1,300
145209,1,300
145210,1,300
145249,1,300
145258,1,300
145266,1,300
145313,1,300
145368,1,300
145434,1,300
145514,1,300
145548,1,300
146261,1,300
146433,1,300
146462,1,300
146472,1,300
146545,1,300
146694,1,300
146713,1,300
147061,1,300
147083,1,300
147218,1,300
147257,1,300
147314,1,300
147607,1,300
147617,1,300
147627,1,300
147738,1,300
147747,1,300
148270,1,300
148280,1,300
148434,1,300
148584,1,300
148616,1,300
148984,1,300
149188,1,300
149442,1,300
149763,1,300
149833,1,300
149966,1,300
150085,1,300
150104,1,300
150302,1,300
150309,1,300
150463,1,300
150538,1,300
150593,1,300
150703,1,300
151227,1,300
152026,1,300
152068,1,300
152118,1,300
152167,1,300
152291,1,300
152309,1,300
152398,1,300
152476,1,300
152490,1,300
152492,1,300
152540,1,300
152708,1,300
152709,1,300
152783,1,300
152826,1,300
153075,1,300
153098,1,300
153104,1,300
153221,1,300
153251,1,300
153319,1,300
153472,1,300
153885,1,300
154063,1,300
154079,1,300
154100,1,300
154118,1,300
154233,1,300
154294,1,300
154534,1,300
155221,1,300
155386,1,300
155450,1,300
155468,1,300
155732,1,300
156052,1,300
156063,1,300
156698,1,300
157192,1,300
157333,1,300
157527,1,300
157537,1,300
157555,1,300
157577,1,300
157925,1,300
158053,1,300
158092,1,300
158584,1,300
158630,1,300
158843,1,300
158962,1,300
159078,1,300
159110,1,300
159138,1,300
159181,1,300
159262,1,300
159378,1,300
159427,1,300
159731,1,300
159831,1,300
159847,1,300
160015,1,300
160124,1,300
160216,1,300
160425,1,300
161098,1,300
161195,1,300
161201,1,300
161494,1,300
162406,1,300
162780,1,300
163260,1,300
163833,1,300
163949,1,300
164133,1,300
164320,1,300
164342,1,300
164353,1,300
164469,1,300
164483,1,300
164509,1,300
164529,1,300
164536,1,300
164557,1,300
164716,1,300
164777,1,300
164889,1,300
164952,1,300
165150,1,300
165213,1,300
165260,1,300
165310,1,300
165569,1,300
166090,1,300
166128,1,300
166169,1,300
166177,1,300
166610,1,300
166677,1,300
166849,1,300
167005,1,300
167015,1,300
167076,1,300
167136,1,300
167427,1,300
167662,1,300
167870,1,300
167893,1,300
168083,1,300
168116,1,300
168486,1,300
168535,1,300
168688,1,300
169326,1,300
169388,1,300
169528,1,300
169813,1,300
169872,1,300
169959,1,300
169979,1,300
170521,1,300
170724,1,300
171012,1,300
171200,1,300
171258,1,300
171261,1,300
171477,1,300
171494,1,300
171620,1,300
171893,1,300
172029,1,300
172041,1,300
172206,1,300
172248,1,300
172248,1,300
172441,1,300
173033,1,300
173793,1,300
173991,1,300
174082,1,300
174121,1,300
174188,1,300
174300,1,300
175122,1,300
176078,1,300
176105,1,300
176221,1,300
176284,1,300
176291,1,300
176316,1,300
176333,1,300
176367,1,300
176642,1,300
176689,1,300
176755,1,300
176758,1,300
176767,1,300
176813,1,300
176894,1,300
176905,1,300
177018,1,300
177030,1,300
177147,1,300
177267,1,300
177284,1,300
177348,1,300
177495,1,300
177495,1,300
178080,1,300
178227,1,300
178302,1,300
178308,1,300
178392,1,300
178526,1,300
178564,1,300
179133,1,300
179296,1,300
179621,1,300
179710,1,300
179939,1,300
180315,1,300
180665,1,300
180889,1,300
181305,1,300
181348,1,300
181704,1,300
181753,1,300
181843,1,300
182229,1,300
182381,1,300
182500,1,300
182784,1,300
182871,1,300
183023,1,300
183057,1,300
183128,1,300
183166,1,300
183208,1,300
183400,1,300
183555,1,300
183711,1,300
183784,1,300
183832,1,300
184492,1,300
184500,1,300
184775,1,300
185062,1,300
185070,1,300
185096,1,300
185121,1,300
185126,1,300
185188,1,300
186031,1,300
186104,1,300
186350,1,300
186479,1,300
186582,1,300
186792,1,300
187276,1,300
187288,1,300
187762,1,300
188070,1,300
188081,1,300
188233,1,300
188238,1,300
188312,1,300
188336,1,300
188347,1,300
188595,1,300
188606,1,300
188607,1,300
188736,1,300
188773,1,300
188931,1,300
188989,1,300
189180,1,300
189190,1,300
189197,1,300
189286,1,300
189316,1,300
189349,1,300
190099,1,300
190335,1,300
190351,1,300
190687,1,300
190893,1,300
191082,1,300
191085,1,300
191145,1,300
191255,1,300
191693,1,300
192018,1,300
192059,1,300
192070,1,300
192072,1,300
192227,1,300
192333,1,300
192556,1,300
192867,1,300
193153,1,300
193228,1,300
193315,1,300
193661,1,300
194081,1,300
194148,1,300
194228,1,300
194371,1,300
194537,1,300
194587,1,300
194757,1,300
194896,1,300
195013,1,300
195074,1,300
195162,1,300
195228,1,300
195463,1,300
195745,1,300
196047,1,300
196160,1,300
196338,1,300
196440,1,300
196487,1,300
196609,1,300
197084,1,300
197161,1,300
197629,1,300
198031,1,300
198037,1,300
198101,1,300
198171,1,300
198884,1,300
199068,1,300
199318,1,300
199354,1,300
199383,1,300
199556,1,300
199671,1,300
200009,1,300
200100,1,300
200104,1,300
200153,1,300
200190,1,300
200229,1,300
200280,1,300
200325,1,300
200470,1,300
200594,1,300
200613,1,300
200733,1,300
200738,1,300
200740,1,300
200780,1,300
200835,1,300
201015,1,300
201029,1,300
201073,1,300
201312,1,300
201505,1,300
201697,1,300
201714,1,300
201800,1,300
201975,1,300
201993,1,300
202012,1,300
202017,1,300
202074,1,300
202095,1,300
202175,1,300
202179,1,300
202252,1,300
202270,1,300
203016,1,300
203061,1,300
203174,1,300
203209,1,300
203525,1,300
203552,1,300
203580,1,300
203769,1,300
204036,1,300
204046,1,300
204150,1,300
204181,1,300
204237,1,300
204473,1,300
204478,1,300
205618,1,300
206131,1,300
206310,1,300
206436,1,300
206491,1,300
206493,1,300
206552,1,300
206625,1,300
206664,1,300
206732,1,300
206771,1,300
206831,1,300
206834,1,300
206889,1,300
206910,1,300
206926,1,300
207257,1,300
207284,1,300
207424,1,300
207467,1,300
207738,1,300
207880,1,300
207893,1,300
208050,1,300
208865,1,300
209055,1,300
209298,1,300
209354,1,300
209544,1,300
209630,1,300
209899,1,300
210102,1,300
210141,1,300
210358,1,300
210383,1,300
210717,1,300
210759,1,300
211001,1,300
211030,1,300
211122,1,300
211176,1,300
211189,1,300
211196,1,300
211240,1,300
211616,1,300
211618,1,300
212078,1,300
212084,1,300
212137,1,300
212224,1,300
212267,1,300
212272,1,300
212279,1,300
212348,1,300
212377,1,300
212387,1,300
212525,1,300
212634,1,300
212789,1,300
212899,1,300
213061,1,300
213091,1,300
213113,1,300
213140,1,300
213211,1,300
213277,1,300
213336,1,300
213349,1,300
213543,1,300
213573,1,300
213595,1,300
213645,1,300
213831,1,300
214078,1,300
214184,1,300
214268,1,300
214426,1,300
214670,1,300
214812,1,300
214919,1,300
214931,1,300
215031,1,300
215138,1,300
215156,1,300
215180,1,300
215200,1,300
215210,1,300
215286,1,300
215469,1,300
215689,1,300
215899,1,300
216049,1,300
216078,1,300
216091,1,300
216282,1,300
216321,1,300
216468,1,300
216646,1,300
216681,1,300
217710,1,300
217736,1,300
217741,1,300
217844,1,300
217874,1,300
217924,1,300
218095,1,300
218159,1,300
218261,1,300
218273,1,300
218333,1,300
218528,1,300
218579,1,300
218651,1,300
218809,1,300
218837,1,300
219021,1,300
219167,1,300
219230,1,300
219417,1,300
219503,1,300
219536,1,300
219620,1,300
219712,1,300
219738,1,300
219770,1,300
220419,1,300
220629,1,300
220728,1,300
220841,1,300
220910,1,300
220937,1,300
221071,1,300
221213,1,300
221473,1,300
221510,1,300
221552,1,300
221766,1,300
221791,1,300
221854,1,300
221860,1,300
221885,1,300
222053,1,300
222181,1,300
222232,1,300
222324,1,300
222358,1,300
222442,1,300
222489,1,300
222685,1,300
223034,1,300
223243,1,300
223489,1,300
223547,1,300
223873,1,300
224027,1,300
224051,1,300
224136,1,300
224143,1,300
224163,1,300
224179,1,300
224184,1,300
224201,1,300
224214,1,300
224232,1,300
224278,1,300
224288,1,300
224294,1,300
224331,1,300
224333,1,300
224390,1,300
224483,1,300
224494,1,300
224502,1,300
224613,1,300
224735,1,300
224755,1,300
224778,1,300
224892,1,300
224915,1,300
225073,1,300
225092,1,300
225102,1,300
225107,1,300
225167,1,300
225208,1,300
225244,1,300
225322,1,300
225390,1,300
225400,1,300
225542,1,300
225652,1,300
225658,1,300
225658,1,300
225697,1,300
225901,1,300
225966,1,300
226008,1,300
226023,1,300
226288,1,300
226316,1,300
226322,1,300
226398,1,300
226522,1,300
226605,1,300
226605,1,300
226662,1,300
226677,1,300
226694,1,300
226780,1,300
226798,1,300
226933,1,300
227016,1,300
227017,1,300
227063,1,300
227070,1,300
227141,1,300
227173,1,300
227229,1,300
227248,1,300
227356,1,300
227391,1,300
227444,1,300
227494,1,300
227558,1,300
227647,1,300
227842,1,300
227875,1,300
227932,1,300
227993,1,300
228115,1,300
228120,1,300
228265,1,300
228303,1,300
228344,1,300
228392,1,300
228420,1,300
228614,1,300
228764,1,300
228904,1,300
228906,1,300
228911,1,300
228928,1,300
228965,1,300
229096,1,300
229210,1,300
229271,1,300
229374,1,300
229586,1,300
229691,1,300
229886,1,300
229949,1,300
230046,1,300
230076,1,300
230098,1,300
230119,1,300
230128,1,300
230138,1,300
230189,1,300
230204,1,300
230207,1,300
230260,1,300
230290,1,300
230317,1,300
230322,1,300
230403,1,300
230406,1,300
230465,1,300
230499,1,300
230759,1,300
230868,1,300
230912,1,300
230927,1,300
231079,1,300
231112,1,300
231203,1,300
231254,1,300
231375,1,300
231390,1,300
231526,1,300
231576,1,300
231609,1,300
231611,1,300
231699,1,300
231737,1,300
231742,1,300
231889,1,300
232058,1,300
232083,1,300
232088,1,300
232096,1,300
232108,1,300
232140,1,300
232172,1,300
232188,1,300
232219,1,300
232276,1,300
232494,1,300
232497,1,300
232512,1,300
232589,1,300
233068,1,300
233164,1,300
233324,1,300
233329,1,300
233571,1,300
233640,1,300
233713,1,300
233771,1,300
233789,1,300
233851,1,300
233923,1,300
233926,1,300
234162,1,300
234356,1,300
234356,1,300
234451,1,300
234600,1,300
234658,1,300
234661,1,300
234690,1,300
234697,1,300
234731,1,300
234975,1,300
235053,1,300
235066,1,300
235076,1,300
235079,1,300
235118,1,300
235212,1,300
235253,1,300
235262,1,300
235379,1,300
235487,1,300
235540,1,300
235552,1,300
235582,1,300
235661,1,300
235711,1,300
235727,1,300
236016,1,300
236016,1,300
236031,1,300
236103,1,300
236107,1,300
236107,1,300
236151,1,300
236196,1,300
236216,1,300
236387,1,300
236394,1,300
236431,1,300
236476,1,300
236491,1,300
236527,1,300
236554,1,300
236610,1,300
236643,1,300
236682,1,300
236707,1,300
236715,1,300
236761,1,300
236840,1,300
236879,1,300
236913,1,300
236920,1,300
237018,1,300
237051,1,300
237053,1,300
237096,1,300
237183,1,300
237253,1,300
237257,1,300
237301,1,300
237397,1,300
237496,1,300
237556,1,300
237628,1,300
237639,1,300
237723,1,300
237750,1,300
237912,1,300
238013,1,300
238035,1,300
238049,1,300
238062,1,300
238161,1,300
238173,1,300
238189,1,300
238440,1,300
238447,1,300
238754,1,300
238798,1,300
238834,1,300
238889,1,300
238904,1,300
238991,1,300
239029,1,300
239051,1,300
239061,1,300
239064,1,300
239077,1,300
239147,1,300
239168,1,300
239229,1,300
239271,1,300
239339,1,300
239584,1,300
239596,1,300
239647,1,300
239857,1,300
239997,1,300
240010,1,300
240016,1,300
240052,1,300
240083,1,300
240166,1,300
240176,1,300
240279,1,300
240286,1,300
240298,1,300
240302,1,300
240386,1,300
240406,1,300
240413,1,300
240453,1,300
240462,1,300
240487,1,300
240509,1,300
240546,1,300
240562,1,300
240716,1,300
241000,1,300
241026,1,300
241119,1,300
241158,1,300
241341,1,300
241393,1,300
241410,1,300
241440,1,300
241503,1,300
241642,1,300
241674,1,300
241702,1,300
241707,1,300
241779,1,300
241937,1,300
242084,1,300
242145,1,300
242146,1,300
242190,1,300
242315,1,300
242374,1,300
242381,1,300
242425,1,300
242529,1,300
242677,1,300
242678,1,300
242711,1,300
242892,1,300
242977,1,300
243030,1,300
243046,1,300
243056,1,300
243064,1,300
243071,1,300
243120,1,300
243142,1,300
243213,1,300
243225,1,300
243285,1,300
243293,1,300
243359,1,300
243398,1,300
243417,1,300
243430,1,300
243600,1,300
243642,1,300
243716,1,300
243856,1,300
243915,1,300
244062,1,300
244140,1,300
244238,1,300
244259,1,300
244300,1,300
244430,1,300
244493,1,300
244506,1,300
244575,1,300
244682,1,300
244722,1,300
244737,1,300
244813,1,300
244843,1,300
245019,1,300
245061,1,300
245116,1,300
245313,1,300
245315,1,300
245343,1,300
245351,1,300
245385,1,300
245440,1,300
245650,1,300
245680,1,300
245701,1,300
245702,1,300
245728,1,300
245735,1,300
246123,1,300
246184,1,300
246228,1,300
246330,1,300
246331,1,300
246383,1,300
246422,1,300
246425,1,300
246627,1,300
246705,1,300
246749,1,300
246766,1,300
246793,1,300
247032,1,300
247064,1,300
247279,1,300
247323,1,300
247339,1,300
247371,1,300
247494,1,300
247606,1,300
247686,1,300
247763,1,300
247788,1,300
248032,1,300
248065,1,300
248066,1,300
248095,1,300
248119,1,300
248155,1,300
248189,1,300
248334,1,300
248423,1,300
248424,1,300
248513,1,300
248562,1,300
248571,1,300
248579,1,300
248696,1,300
248707,1,300
248741,1,300
248784,1,300
248797,1,300
248837,1,300
248908,1,300
249065,1,300
249092,1,300
249098,1,300
249449,1,300
249535,1,300
249607,1,300
249847,1,300
249892,1,300
249926,1,300
249951,1,300
250058,1,300
250067,1,300
250176,1,300
250208,1,300
250363,1,300
250492,1,300
250570,1,300
250616,1,300
250905,1,300
251034,1,300
251137,1,300
251149,1,300
251156,1,300
251250,1,300
251304,1,300
251313,1,300
251314,1,300
251315,1,300
251333,1,300
251335,1,300
251374,1,300
251407,1,300
251428,1,300
251583,1,300
251596,1,300
251633,1,300
251934,1,300
251982,1,300
252042,1,300
252083,1,300
252090,1,300
252139,1,300
252163,1,300
252263,1,300
252295,1,300
252316,1,300
252417,1,300
252421,1,300
252459,1,300
252463,1,300
252666,1,300
252717,1,300
253038,1,300
253081,1,300
253103,1,300
253157,1,300
253189,1,300
253422,1,300
253443,1,300
253448,1,300
253470,1,300
253613,1,300
253709,1,300
253880,1,300
254232,1,300
254246,1,300
254248,1,300
254393,1,300
254464,1,300
254507,1,300
254631,1,300
254706,1,300
254721,1,300
254803,1,300
254849,1,300
254864,1,300
254933,1,300
255158,1,300
255169,1,300
255228,1,300
255270,1,300
255313,1,300
255363,1,300
255405,1,300
255455,1,300
255478,1,300
255506,1,300
255702,1,300
255944,1,300
255974,1,300
256007,1,300
256009,1,300
256020,1,300
256136,1,300
256136,1,300
256150,1,300
256240,1,300
256241,1,300
256273,1,300
256416,1,300
256435,1,300
256448,1,300
256486,1,300
256538,1,300
257054,1,300
257140,1,300
257174,1,300
257313,1,300
257322,1,300
257613,1,300
257621,1,300
257679,1,300
257711,1,300
257817,1,300
257856,1,300
257996,1,300
258062,1,300
258313,1,300
258341,1,300
258380,1,300
258550,1,300
258567,1,300
258626,1,300
258661,1,300
258685,1,300
258733,1,300
258782,1,300
259015,1,300
259040,1,300
259057,1,300
259066,1,300
259136,1,300
259159,1,300
259179,1,300
259370,1,300
259420,1,300
259486,1,300
259492,1,300
259525,1,300
260037,1,300
260042,1,300
260053,1,300
260061,1,300
260110,1,300
260184,1,300
260338,1,300
260368,1,300
260413,1,300
260415,1,300
260474,1,300
260485,1,300
260637,1,300
260644,1,300
260743,1,300
260767,1,300
261149,1,300
261202,1,300
261298,1,300
261464,1,300
261522,1,300
261586,1,300
261612,1,300
261696,1,300
261810,1,300
262083,1,300
262177,1,300
262198,1,300
262213,1,300
262417,1,300
262451,1,300
263010,1,300
263014,1,300
263027,1,300
263038,1,300
263208,1,300
263250,1,300
263371,1,300
263477,1,300
263478,1,300
263738,1,300
263766,1,300
263925,1,300
264017,1,300
264156,1,300
264331,1,300
264375,1,300
264460,1,300
264594,1,300
264983,1,300
265155,1,300
265174,1,300
265228,1,300
265337,1,300
265519,1,300
265540,1,300
265610,1,300
265859,1,300
266213,1,300
266344,1,300
266443,1,300
266565,1,300
266799,1,300
266809,1,300
266890,1,300
267099,1,300
267141,1,300
267151,1,300
267210,1,300
267450,1,300
267493,1,300
267537,1,300
268051,1,300
268073,1,300
268155,1,300
268376,1,300
268377,1,300
269117,1,300
269542,1,300
269686,1,300
269868,1,300
270143,1,300
270234,1,300
270249,1,300
270385,1,300
270710,1,300
270803,1,300
271041,1,300
271249,1,300
271655,1,300
272036,1,300
272190,1,300
272228,1,300
272277,1,300
272398,1,300
273058,1,300
273094,1,300
273141,1,300
273428,1,300
273650,1,300
274124,1,300
274423,1,300
274488,1,300
275074,1,300
275228,1,300
275230,1,300
275457,1,300
275894,1,300
276196,1,300
276787,1,300
276969,1,300
277022,1,300
278464,1,300
278819,1,300
278895,1,300
279199,1,300
279242,1,300
279384,1,300
280069,1,300
280437,1,300
280530,1,300
280840,1,300
281198,1,300
281242,1,300
281414,1,300
281913,1,300
282034,1,300
282035,1,300
282042,1,300
282159,1,300
282168,1,300
282265,1,300
282314,1,300
282450,1,300
282461,1,300
282614,1,300
282779,1,300
282793,1,300
282880,1,300
283314,1,300
283497,1,300
283570,1,300
283579,1,300
283981,1,300
284006,1,300
284239,1,300
284291,1,300
284827,1,300
285096,1,300
285261,1,300
285430,1,300
285469,1,300
285601,1,300
286124,1,300
286292,1,300
286596,1,300
287380,1,300
287804,1,300
288172,1,300
288226,1,300
288398,1,300
288400,1,300
288406,1,300
288589,1,300
288880,1,300
289191,1,300
289541,1,300
289798,1,300
289934,1,300
