27,1,300
46,1,300
1023,1,300
1133,1,300
1222,1,300
1280,1,300
1416,1,300
2030,1,300
2089,1,300
2201,1,300
2234,1,300
2712,1,300
2762,1,300
2825,1,300
3085,1,300
3152,1,300
3458,1,300
3600,1,300
3656,1,300
4286,1,300
4449,1,300
4622,1,300
4780,1,300
4790,1,300
5499,1,300
5510,1,300
5625,1,300
5672,1,300
5756,1,300
6014,1,300
6102,1,300
6319,1,300
6815,1,300
7430,1,300
7477,1,300
7560,1,300
8117,1,300
8263,1,300
9034,1,300
9094,1,300
9125,1,300
9179,1,300
9219,1,300
9249,1,300
9265,1,300
9265,1,300
9276,1,300
9360,1,300
9451,1,300
9689,1,300
9854,1,300
10098,1,300
10137,1,300
10151,1,300
10362,1,300
10452,1,300
10575,1,300
10592,1,300
11027,1,300
11083,1,300
11174,1,300
11261,1,300
11449,1,300
11463,1,300
12133,1,300
12158,1,300
12512,1,300
12533,1,300
12561,1,300
12753,1,300
13013,1,300
13165,1,300
13176,1,300
13180,1,300
13217,1,300
14018,1,300
14274,1,300
14368,1,300
14840,1,300
15041,1,300
15226,1,300
15322,1,300
15511,1,300
15523,1,300
15585,1,300
15699,1,300
15753,1,300
15871,1,300
16050,1,300
16182,1,300
16253,1,300
17187,1,300
17677,1,300
17700,1,300
17873,1,300
18125,1,300
18331,1,300
18782,1,300
18855,1,300
19055,1,300
19118,1,300
19138,1,300
20110,1,300
20120,1,300
20290,1,300
20593,1,300
20605,1,300
20621,1,300
20627,1,300
20648,1,300
20808,1,300
20813,1,300
20986,1,300
21031,1,300
21045,1,300
21072,1,300
21114,1,300
21322,1,300
21358,1,300
21391,1,300
21626,1,300
21688,1,300
21732,1,300
21840,1,300
22042,1,300
22286,1,300
22323,1,300
22381,1,300
22393,1,300
22466,1,300
22567,1,300
23109,1,300
23179,1,300
23214,1,300
23215,1,300
23217,1,300
23220,1,300
23337,1,300
23381,1,300
23426,1,300
24046,1,300
24089,1,300
24272,1,300
24273,1,300
25231,1,300
25350,1,300
25352,1,300
25469,1,300
25694,1,300
25840,1,300
26113,1,300
26611,1,300
26777,1,300
27050,1,300
27064,1,300
27093,1,300
27139,1,300
27460,1,300
27465,1,300
27508,1,300
27554,1,300
27558,1,300
27731,1,300
27782,1,300
27783,1,300
28008,1,300
28008,1,300
28050,1,300
28152,1,300
28160,1,300
28615,1,300
29726,1,300
29814,1,300
29816,1,300
30093,1,300
30179,1,300
30218,1,300
30269,1,300
30322,1,300
30793,1,300
30827,1,300
31015,1,300
31358,1,300
32033,1,300
32086,1,300
32182,1,300
32227,1,300
32243,1,300
32299,1,300
32302,1,300
32371,1,300
32407,1,300
32540,1,300
32578,1,300
32603,1,300
32648,1,300
32692,1,300
32700,1,300
32769,1,300
32826,1,300
32895,1,300
32913,1,300
33013,1,300
33248,1,300
33281,1,300
33395,1,300
33478,1,300
33581,1,300
33585,1,300
33635,1,300
33655,1,300
33774,1,300
33822,1,300
34030,1,300
34060,1,300
34082,1,300
34092,1,300
34347,1,300
34526,1,300
34585,1,300
34726,1,300
34862,1,300
35131,1,300
35155,1,300
35424,1,300
35458,1,300
35470,1,300
35546,1,300
35662,1,300
35752,1,300
35785,1,300
36130,1,300
36401,1,300
36660,1,300
36828,1,300
36900,1,300
37041,1,300
37071,1,300
37268,1,300
37353,1,300
37529,1,300
37583,1,300
37727,1,300
37874,1,300
38068,1,300
38092,1,300
38097,1,300
38174,1,300
38231,1,300
38294,1,300
38294,1,300
38513,1,300
38738,1,300
38769,1,300
38889,1,300
39203,1,300
39211,1,300
39251,1,300
39256,1,300
39288,1,300
39333,1,300
39665,1,300
39753,1,300
39905,1,300
39940,1,300
40034,1,300
40752,1,300
40782,1,300
40853,1,300
40904,1,300
40968,1,300
41066,1,300
41145,1,300
41155,1,300
41192,1,300
41588,1,300
41656,1,300
41708,1,300
41811,1,300
42078,1,300
42130,1,300
42153,1,300
42175,1,300
42267,1,300
42431,1,300
42538,1,300
42559,1,300
42585,1,300
43042,1,300
43122,1,300
43312,1,300
43333,1,300
43547,1,300
43663,1,300
43682,1,300
43699,1,300
44003,1,300
44006,1,300
44022,1,300
44074,1,300
44083,1,300
44139,1,300
44229,1,300
44253,1,300
44308,1,300
44365,1,300
44391,1,300
44436,1,300
44468,1,300
44513,1,300
44535,1,300
44536,1,300
44539,1,300
44569,1,300
44640,1,300
44701,1,300
44757,1,300
45139,1,300
45155,1,300
45167,1,300
45287,1,300
45319,1,300
45386,1,300
45405,1,300
45442,1,300
45578,1,300
45608,1,300
45674,1,300
45756,1,300
45766,1,300
45779,1,300
45792,1,300
45842,1,300
45901,1,300
45942,1,300
46060,1,300
46093,1,300
46167,1,300
46265,1,300
46271,1,300
46305,1,300
46323,1,300
46364,1,300
46378,1,300
46430,1,300
46448,1,300
46454,1,300
46471,1,300
46474,1,300
46479,1,300
46505,1,300
46520,1,300
46585,1,300
47042,1,300
47224,1,300
47233,1,300
47433,1,300
47570,1,300
47653,1,300
47662,1,300
47715,1,300
47804,1,300
47830,1,300
47859,1,300
47908,1,300
48001,1,300
48003,1,300
48015,1,300
48094,1,300
48141,1,300
48203,1,300
48264,1,300
48323,1,300
48359,1,300
48364,1,300
48476,1,300
48483,1,300
48487,1,300
48642,1,300
48667,1,300
48705,1,300
49029,1,300
49044,1,300
49060,1,300
49111,1,300
49120,1,300
49230,1,300
49336,1,300
49394,1,300
49427,1,300
49448,1,300
49610,1,300
49688,1,300
49798,1,300
49845,1,300
49888,1,300
49904,1,300
50004,1,300
50076,1,300
50090,1,300
50167,1,300
50182,1,300
50183,1,300
50217,1,300
50233,1,300
50242,1,300
50257,1,300
50293,1,300
50395,1,300
50415,1,300
50499,1,300
50545,1,300
50559,1,300
50588,1,300
50646,1,300
50677,1,300
50722,1,300
50781,1,300
50816,1,300
51021,1,300
51027,1,300
51054,1,300
51101,1,300
51177,1,300
51225,1,300
51280,1,300
51450,1,300
51496,1,300
51529,1,300
51745,1,300
51773,1,300
51898,1,300
52100,1,300
52109,1,300
52217,1,300
52534,1,300
52623,1,300
52752,1,300
52797,1,300
52851,1,300
52905,1,300
52966,1,300
52970,1,300
53082,1,300
53106,1,300
53110,1,300
53138,1,300
53190,1,300
53227,1,300
53271,1,300
53281,1,300
53317,1,300
53323,1,300
53343,1,300
53345,1,300
53472,1,300
53487,1,300
53599,1,300
53650,1,300
53678,1,300
53687,1,300
53760,1,300
53846,1,300
54013,1,300
54067,1,300
54070,1,300
54173,1,300
54187,1,300
54490,1,300
54631,1,300
54663,1,300
54821,1,300
54899,1,300
55010,1,300
55068,1,300
55069,1,300
55088,1,300
55092,1,300
55101,1,300
55129,1,300
55191,1,300
55207,1,300
55234,1,300
55249,1,300
55268,1,300
55281,1,300
55438,1,300
55468,1,300
55615,1,300
55666,1,300
55726,1,300
55731,1,300
55778,1,300
55866,1,300
56026,1,300
56038,1,300
56083,1,300
56089,1,300
56137,1,300
56150,1,300
56200,1,300
56201,1,300
56208,1,300
56272,1,300
56273,1,300
56304,1,300
56336,1,300
56350,1,300
56380,1,300
56386,1,300
56390,1,300
56449,1,300
56511,1,300
56595,1,300
56608,1,300
56634,1,300
56647,1,300
56685,1,300
56695,1,300
56753,1,300
56847,1,300
56857,1,300
56878,1,300
56907,1,300
57018,1,300
57049,1,300
57099,1,300
57121,1,300
57201,1,300
57218,1,300
57284,1,300
57298,1,300
57304,1,300
57523,1,300
57553,1,300
57628,1,300
57652,1,300
57713,1,300
57718,1,300
57793,1,300
57795,1,300
57990,1,300
57997,1,300
57999,1,300
58021,1,300
58054,1,300
58078,1,300
58098,1,300
58119,1,300
58361,1,300
58393,1,300
58502,1,300
58517,1,300
58536,1,300
58571,1,300
58576,1,300
58631,1,300
58698,1,300
58738,1,300
58775,1,300
58785,1,300
58928,1,300
58967,1,300
58986,1,300
59011,1,300
59040,1,300
59056,1,300
59069,1,300
59092,1,300
59106,1,300
59121,1,300
59162,1,300
59184,1,300
59194,1,300
59198,1,300
59208,1,300
59255,1,300
59351,1,300
59353,1,300
59369,1,300
59399,1,300
59645,1,300
59654,1,300
59690,1,300
59697,1,300
59815,1,300
59826,1,300
59860,1,300
59872,1,300
59934,1,300
60014,1,300
60066,1,300
60080,1,300
60131,1,300
60284,1,300
60383,1,300
60503,1,300
60542,1,300
60594,1,300
60693,1,300
60738,1,300
60761,1,300
60793,1,300
60829,1,300
60883,1,300
60904,1,300
60943,1,300
60965,1,300
60979,1,300
61037,1,300
61077,1,300
61108,1,300
61116,1,300
61131,1,300
61137,1,300
61157,1,300
61174,1,300
61205,1,300
61211,1,300
61256,1,300
61281,1,300
61359,1,300
61385,1,300
61502,1,300
61510,1,300
61600,1,300
61695,1,300
61717,1,300
61732,1,300
61817,1,300
61818,1,300
61867,1,300
61925,1,300
61942,1,300
62021,1,300
62092,1,300
62092,1,300
62162,1,300
62240,1,300
62268,1,300
62279,1,300
62374,1,300
62417,1,300
62425,1,300
62464,1,300
62506,1,300
62543,1,300
62761,1,300
62813,1,300
62881,1,300
62932,1,300
63055,1,300
63068,1,300
63107,1,300
63117,1,300
63187,1,300
63190,1,300
63263,1,300
63304,1,300
63305,1,300
63315,1,300
63353,1,300
63373,1,300
63378,1,300
63403,1,300
63427,1,300
63432,1,300
63478,1,300
63524,1,300
63639,1,300
63687,1,300
63735,1,300
63750,1,300
63764,1,300
63825,1,300
63835,1,300
63882,1,300
64004,1,300
64043,1,300
64083,1,300
64122,1,300
64397,1,300
64427,1,300
64433,1,300
64458,1,300
64485,1,300
64599,1,300
64642,1,300
64665,1,300
64785,1,300
64814,1,300
64927,1,300
64948,1,300
64952,1,300
64973,1,300
65017,1,300
65150,1,300
65181,1,300
65209,1,300
65244,1,300
65286,1,300
65290,1,300
65415,1,300
65455,1,300
65473,1,300
65474,1,300
65482,1,300
65525,1,300
65550,1,300
65552,1,300
65584,1,300
65655,1,300
65667,1,300
65699,1,300
65730,1,300
65761,1,300
65883,1,300
66031,1,300
66040,1,300
66055,1,300
66072,1,300
66128,1,300
66135,1,300
66185,1,300
66220,1,300
66234,1,300
66394,1,300
66439,1,300
66480,1,300
66489,1,300
66503,1,300
66507,1,300
66524,1,300
66608,1,300
66694,1,300
66718,1,300
66728,1,300
66763,1,300
66812,1,300
66855,1,300
66881,1,300
67018,1,300
67069,1,300
67089,1,300
67108,1,300
67136,1,300
67179,1,300
67217,1,300
67418,1,300
67467,1,300
67493,1,300
67519,1,300
67535,1,300
67536,1,300
67590,1,300
67628,1,300
67718,1,300
67762,1,300
67785,1,300
67800,1,300
67808,1,300
67843,1,300
67859,1,300
68031,1,300
68056,1,300
68081,1,300
68088,1,300
68147,1,300
68148,1,300
68148,1,300
68149,1,300
68153,1,300
68166,1,300
68188,1,300
68206,1,300
68210,1,300
68261,1,300
68290,1,300
68311,1,300
68316,1,300
68343,1,300
68347,1,300
68350,1,300
68380,1,300
68393,1,300
68427,1,300
68439,1,300
68462,1,300
68470,1,300
68530,1,300
68543,1,300
68567,1,300
68593,1,300
68598,1,300
68613,1,300
68629,1,300
68648,1,300
68654,1,300
68730,1,300
68739,1,300
68745,1,300
68781,1,300
68784,1,300
68793,1,300
69033,1,300
69049,1,300
69105,1,300
69118,1,300
69183,1,300
69201,1,300
69273,1,300
69280,1,300
69399,1,300
69421,1,300
69506,1,300
69516,1,300
69549,1,300
69597,1,300
69614,1,300
69648,1,300
69649,1,300
69657,1,300
69659,1,300
69668,1,300
69682,1,300
69711,1,300
69717,1,300
69720,1,300
69798,1,300
69803,1,300
69971,1,300
70007,1,300
70012,1,300
70046,1,300
70071,1,300
70073,1,300
70074,1,300
70084,1,300
70094,1,300
70100,1,300
70104,1,300
70114,1,300
70132,1,300
70136,1,300
70137,1,300
70150,1,300
70229,1,300
70231,1,300
70241,1,300
70253,1,300
70256,1,300
70333,1,300
70338,1,300
70389,1,300
70409,1,300
70471,1,300
70484,1,300
70530,1,300
70546,1,300
70559,1,300
70597,1,300
70604,1,300
70659,1,300
70659,1,300
70689,1,300
70704,1,300
70711,1,300
70736,1,300
71030,1,300
71081,1,300
71087,1,300
71137,1,300
71149,1,300
71188,1,300
71306,1,300
71383,1,300
71413,1,300
71415,1,300
71419,1,300
71439,1,300
71512,1,300
71535,1,300
71644,1,300
71645,1,300
71692,1,300
71705,1,300
71707,1,300
71760,1,300
71768,1,300
71788,1,300
71816,1,300
71824,1,300
71840,1,300
71887,1,300
71898,1,300
71924,1,300
71932,1,300
71958,1,300
71990,1,300
72008,1,300
72011,1,300
72108,1,300
72153,1,300
72158,1,300
72170,1,300
72183,1,300
72219,1,300
72239,1,300
72288,1,300
72302,1,300
72397,1,300
72436,1,300
72483,1,300
72511,1,300
72515,1,300
72532,1,300
72572,1,300
72579,1,300
72592,1,300
72598,1,300
72655,1,300
72675,1,300
72710,1,300
72736,1,300
72743,1,300
72828,1,300
72829,1,300
72867,1,300
72903,1,300
73017,1,300
73080,1,300
73132,1,300
73162,1,300
73216,1,300
73220,1,300
73361,1,300
73369,1,300
73434,1,300
73468,1,300
73482,1,300
73496,1,300
73499,1,300
73596,1,300
73612,1,300
73615,1,300
73639,1,300
73689,1,300
73721,1,300
73726,1,300
73755,1,300
73784,1,300
73849,1,300
73870,1,300
73876,1,300
73910,1,300
73926,1,300
73967,1,300
74010,1,300
74036,1,300
74082,1,300
74091,1,300
74100,1,300
74106,1,300
74123,1,300
74173,1,300
74186,1,300
74207,1,300
74226,1,300
74390,1,300
74400,1,300
74401,1,300
74449,1,300
74454,1,300
74466,1,300
74499,1,300
74570,1,300
74571,1,300
74578,1,300
74591,1,300
74616,1,300
74616,1,300
74665,1,300
74674,1,300
74684,1,300
74703,1,300
74802,1,300
74803,1,300
74817,1,300
74861,1,300
74931,1,300
74979,1,300
74981,1,300
75003,1,300
75057,1,300
75066,1,300
75149,1,300
75181,1,300
75185,1,300
75194,1,300
75229,1,300
75234,1,300
75335,1,300
75393,1,300
75414,1,300
75429,1,300
75538,1,300
75555,1,300
75570,1,300
75571,1,300
75603,1,300
75617,1,300
75629,1,300
75634,1,300
75640,1,300
75687,1,300
75688,1,300
75726,1,300
75811,1,300
75822,1,300
75850,1,300
75853,1,300
75859,1,300
75860,1,300
76056,1,300
76132,1,300
76163,1,300
76230,1,300
76268,1,300
76286,1,300
76343,1,300
76370,1,300
76438,1,300
76485,1,300
76499,1,300
76510,1,300
76513,1,300
76525,1,300
76580,1,300
76586,1,300
76608,1,300
76630,1,300
76748,1,300
76771,1,300
76781,1,300
76804,1,300
76829,1,300
76870,1,300
76891,1,300
76910,1,300
76918,1,300
76921,1,300
76926,1,300
76934,1,300
77037,1,300
77041,1,300
77043,1,300
77075,1,300
77079,1,300
77081,1,300
77087,1,300
77094,1,300
77097,1,300
77124,1,300
77138,1,300
77139,1,300
77182,1,300
77185,1,300
77186,1,300
77231,1,300
77249,1,300
77279,1,300
77307,1,300
77358,1,300
77391,1,300
77396,1,300
77435,1,300
77479,1,300
77513,1,300
77549,1,300
77576,1,300
77583,1,300
77646,1,300
77651,1,300
77738,1,300
78073,1,300
78084,1,300
78097,1,300
78135,1,300
78146,1,300
78148,1,300
78157,1,300
78281,1,300
78430,1,300
78440,1,300
78467,1,300
78484,1,300
78485,1,300
78499,1,300
78532,1,300
78552,1,300
78606,1,300
78617,1,300
78624,1,300
78646,1,300
78656,1,300
78666,1,300
78689,1,300
78691,1,300
78694,1,300
78717,1,300
78730,1,300
78744,1,300
78774,1,300
79009,1,300
79055,1,300
79063,1,300
79184,1,300
79189,1,300
79226,1,300
79265,1,300
79273,1,300
79301,1,300
79327,1,300
79363,1,300
79421,1,300
79454,1,300
79514,1,300
79552,1,300
79554,1,300
79584,1,300
79625,1,300
79661,1,300
79673,1,300
79706,1,300
79746,1,300
79749,1,300
79846,1,300
79870,1,300
79905,1,300
79945,1,300
79974,1,300
80003,1,300
80004,1,300
80017,1,300
80023,1,300
80169,1,300
80230,1,300
80262,1,300
80350,1,300
80357,1,300
80385,1,300
80401,1,300
80474,1,300
80485,1,300
80522,1,300
80552,1,300
80572,1,300
80577,1,300
80594,1,300
80630,1,300
80646,1,300
80714,1,300
80715,1,300
80716,1,300
80746,1,300
80752,1,300
80756,1,300
80765,1,300
80768,1,300
80785,1,300
80795,1,300
80841,1,300
80842,1,300
80869,1,300
80871,1,300
80907,1,300
80907,1,300
81002,1,300
81010,1,300
81020,1,300
81022,1,300
81026,1,300
81034,1,300
81040,1,300
81045,1,300
81047,1,300
81059,1,300
81076,1,300
81076,1,300
81093,1,300
81096,1,300
81103,1,300
81155,1,300
81155,1,300
81210,1,300
81262,1,300
81278,1,300
81284,1,300
81289,1,300
81346,1,300
81351,1,300
81378,1,300
81440,1,300
81489,1,300
81504,1,300
81535,1,300
81539,1,300
81621,1,300
81662,1,300
81664,1,300
81669,1,300
81716,1,300
81751,1,300
81754,1,300
81789,1,300
81841,1,300
81965,1,300
81980,1,300
82018,1,300
82022,1,300
82024,1,300
82043,1,300
82047,1,300
82072,1,300
82083,1,300
82090,1,300
82093,1,300
82142,1,300
82159,1,300
82191,1,300
82193,1,300
82222,1,300
82229,1,300
82230,1,300
82250,1,300
82252,1,300
82257,1,300
82282,1,300
82288,1,300
82318,1,300
82322,1,300
82323,1,300
82352,1,300
82453,1,300
82464,1,300
82474,1,300
82481,1,300
82539,1,300
82577,1,300
82608,1,300
82636,1,300
82637,1,300
82667,1,300
82668,1,300
82675,1,300
82683,1,300
83032,1,300
83084,1,300
83142,1,300
83154,1,300
83175,1,300
83188,1,300
83258,1,300
83270,1,300
83275,1,300
83277,1,300
83296,1,300
83298,1,300
83357,1,300
83360,1,300
83365,1,300
83374,1,300
83386,1,300
83422,1,300
83463,1,300
83522,1,300
83531,1,300
83533,1,300
83550,1,300
83562,1,300
83589,1,300
83617,1,300
83684,1,300
83709,1,300
83712,1,300
83738,1,300
83755,1,300
83773,1,300
83803,1,300
83902,1,300
83943,1,300
84109,1,300
84147,1,300
84147,1,300
84265,1,300
84311,1,300
84322,1,300
84371,1,300
84395,1,300
84413,1,300
84438,1,300
84448,1,300
84467,1,300
84536,1,300
84593,1,300
84619,1,300
84664,1,300
84681,1,300
84717,1,300
84720,1,300
84750,1,300
84757,1,300
84767,1,300
84788,1,300
84816,1,300
84836,1,300
84937,1,300
84938,1,300
84973,1,300
85002,1,300
85013,1,300
85024,1,300
85052,1,300
85053,1,300
85059,1,300
85102,1,300
85109,1,300
85128,1,300
85143,1,300
85147,1,300
85160,1,300
85161,1,300
85199,1,300
85202,1,300
85217,1,300
85276,1,300
85287,1,300
85293,1,300
85339,1,300
85346,1,300
85366,1,300
85391,1,300
85404,1,300
85460,1,300
85506,1,300
85573,1,300
85635,1,300
85654,1,300
85735,1,300
85747,1,300
85768,1,300
85768,1,300
85769,1,300
85794,1,300
85814,1,300
85815,1,300
85839,1,300
85928,1,300
86032,1,300
86083,1,300
86090,1,300
86195,1,300
86247,1,300
86298,1,300
86398,1,300
86413,1,300
86499,1,300
86521,1,300
86546,1,300
86598,1,300
86648,1,300
86739,1,300
86758,1,300
86778,1,300
86779,1,300
86879,1,300
86917,1,300
86933,1,300
86965,1,300
86972,1,300
87013,1,300
87040,1,300
87081,1,300
87101,1,300
87110,1,300
87123,1,300
87128,1,300
87129,1,300
87143,1,300
87151,1,300
87220,1,300
87235,1,300
87238,1,300
87264,1,300
87271,1,300
87273,1,300
87298,1,300
87315,1,300
87321,1,300
87349,1,300
87353,1,300
87417,1,300
87441,1,300
87456,1,300
87458,1,300
87488,1,300
87511,1,300
87558,1,300
87566,1,300
87647,1,300
87652,1,300
87653,1,300
87775,1,300
87780,1,300
87827,1,300
87856,1,300
87903,1,300
87930,1,300
87943,1,300
87947,1,300
87992,1,300
88031,1,300
88032,1,300
88034,1,300
88116,1,300
88120,1,300
88127,1,300
88137,1,300
88138,1,300
88178,1,300
88216,1,300
88233,1,300
88252,1,300
88254,1,300
88274,1,300
88278,1,300
88285,1,300
88405,1,300
88450,1,300
88472,1,300
88486,1,300
88515,1,300
88530,1,300
88537,1,300
88572,1,300
88578,1,300
88615,1,300
88667,1,300
88685,1,300
88687,1,300
88815,1,300
88835,1,300
88935,1,300
88941,1,300
88976,1,300
88976,1,300
89003,1,300
89018,1,300
89028,1,300
89036,1,300
89078,1,300
89093,1,300
89130,1,300
89140,1,300
89149,1,300
89174,1,300
89183,1,300
89190,1,300
89237,1,300
89250,1,300
89271,1,300
89287,1,300
89307,1,300
89313,1,300
89323,1,300
89350,1,300
89356,1,300
89434,1,300
89468,1,300
89508,1,300
89583,1,300
89633,1,300
89691,1,300
89719,1,300
89720,1,300
89725,1,300
89733,1,300
89735,1,300
89889,1,300
89901,1,300
89985,1,300
90002,1,300
90030,1,300
90036,1,300
90059,1,300
90071,1,300
90089,1,300
90141,1,300
90146,1,300
90195,1,300
90232,1,300
90258,1,300
90270,1,300
90296,1,300
90308,1,300
90364,1,300
90387,1,300
90396,1,300
90419,1,300
90471,1,300
90485,1,300
90497,1,300
90529,1,300
90539,1,300
90547,1,300
90617,1,300
90653,1,300
90674,1,300
90710,1,300
90754,1,300
90784,1,300
90785,1,300
90800,1,300
90800,1,300
90893,1,300
91047,1,300
91111,1,300
91120,1,300
91189,1,300
91273,1,300
91281,1,300
91282,1,300
91298,1,300
91361,1,300
91376,1,300
91380,1,300
91383,1,300
91399,1,300
91422,1,300
91427,1,300
91456,1,300
91466,1,300
91483,1,300
91523,1,300
91536,1,300
91592,1,300
91621,1,300
91624,1,300
91631,1,300
91660,1,300
91703,1,300
91713,1,300
91738,1,300
91763,1,300
91778,1,300
91789,1,300
91820,1,300
92010,1,300
92035,1,300
92084,1,300
92109,1,300
92118,1,300
92157,1,300
92180,1,300
92260,1,300
92276,1,300
92285,1,300
92305,1,300
92328,1,300
92365,1,300
92373,1,300
92390,1,300
92394,1,300
92417,1,300
92453,1,300
92457,1,300
92487,1,300
92499,1,300
92502,1,300
92539,1,300
92580,1,300
92584,1,300
92588,1,300
92614,1,300
92619,1,300
92622,1,300
92634,1,300
92670,1,300
92696,1,300
92705,1,300
92710,1,300
92760,1,300
92768,1,300
92813,1,300
92822,1,300
92856,1,300
92861,1,300
92880,1,300
92932,1,300
92952,1,300
92955,1,300
92961,1,300
92979,1,300
92980,1,300
92994,1,300
93010,1,300
93016,1,300
93026,1,300
93030,1,300
93032,1,300
93035,1,300
93047,1,300
93053,1,300
93056,1,300
93088,1,300
93159,1,300
93162,1,300
93164,1,300
93193,1,300
93235,1,300
93278,1,300
93279,1,300
93279,1,300
93293,1,300
93304,1,300
93402,1,300
93404,1,300
93410,1,300
93446,1,300
93501,1,300
93526,1,300
93527,1,300
93558,1,300
93567,1,300
93578,1,300
93602,1,300
93607,1,300
93718,1,300
93730,1,300
93738,1,300
93806,1,300
93806,1,300
93835,1,300
93836,1,300
93845,1,300
93885,1,300
94003,1,300
94044,1,300
94048,1,300
94054,1,300
94061,1,300
94084,1,300
94124,1,300
94129,1,300
94156,1,300
94163,1,300
94166,1,300
94189,1,300
94193,1,300
94204,1,300
94251,1,300
94287,1,300
94293,1,300
94294,1,300
94352,1,300
94369,1,300
94400,1,300
94494,1,300
94600,1,300
94614,1,300
94691,1,300
94694,1,300
94708,1,300
94726,1,300
94743,1,300
94744,1,300
94752,1,300
94753,1,300
94762,1,300
94763,1,300
94813,1,300
94822,1,300
94840,1,300
95002,1,300
95027,1,300
95058,1,300
95065,1,300
95082,1,300
95093,1,300
95149,1,300
95152,1,300
95177,1,300
95233,1,300
95258,1,300
95278,1,300
95278,1,300
95283,1,300
95318,1,300
95357,1,300
95410,1,300
95421,1,300
95430,1,300
95439,1,300
95535,1,300
95549,1,300
95575,1,300
95597,1,300
95629,1,300
95688,1,300
95769,1,300
95780,1,300
95813,1,300
95976,1,300
95994,1,300
96007,1,300
96016,1,300
96043,1,300
96047,1,300
96080,1,300
96081,1,300
96082,1,300
96097,1,300
96101,1,300
96114,1,300
96138,1,300
96146,1,300
96148,1,300
96169,1,300
96248,1,300
96270,1,300
96290,1,300
96299,1,300
96301,1,300
96328,1,300
96347,1,300
96382,1,300
96473,1,300
96517,1,300
96524,1,300
96536,1,300
96539,1,300
96585,1,300
96621,1,300
96642,1,300
96663,1,300
96682,1,300
96753,1,300
96753,1,300
96781,1,300
96782,1,300
96783,1,300
96789,1,300
97031,1,300
97042,1,300
97048,1,300
97064,1,300
97084,1,300
97140,1,300
97193,1,300
97280,1,300
97281,1,300
97287,1,300
97291,1,300
97346,1,300
97364,1,300
97400,1,300
97407,1,300
97408,1,300
97416,1,300
97459,1,300
97504,1,300
97512,1,300
97522,1,300
97579,1,300
97601,1,300
97638,1,300
97641,1,300
97643,1,300
97704,1,300
97758,1,300
97761,1,300
97808,1,300
97818,1,300
97882,1,300
97900,1,300
97958,1,300
98009,1,300
98027,1,300
98077,1,300
98078,1,300
98109,1,300
98119,1,300
98166,1,300
98181,1,300
98240,1,300
98242,1,300
98273,1,300
98284,1,300
98296,1,300
98316,1,300
98325,1,300
98352,1,300
98385,1,300
98397,1,300
98416,1,300
98429,1,300
98607,1,300
98631,1,300
98635,1,300
98638,1,300
98694,1,300
98705,1,300
98735,1,300
98785,1,300
98846,1,300
98850,1,300
98899,1,300
98982,1,300
98985,1,300
98985,1,300
99052,1,300
99090,1,300
99099,1,300
99143,1,300
99229,1,300
99331,1,300
99338,1,300
99359,1,300
99430,1,300
99461,1,300
99521,1,300
99621,1,300
99637,1,300
99647,1,300
99660,1,300
99693,1,300
99710,1,300
99726,1,300
99728,1,300
99945,1,300
99957,1,300
99971,1,300
99993,1,300
99998,1,300
100027,1,300
100035,1,300
100074,1,300
100084,1,300
100091,1,300
100095,1,300
100105,1,300
100109,1,300
100115,1,300
100115,1,300
100126,1,300
100134,1,300
100139,1,300
100144,1,300
100145,1,300
100164,1,300
100188,1,300
100196,1,300
100275,1,300
100308,1,300
100353,1,300
100514,1,300
100530,1,300
100569,1,300
100673,1,300
100684,1,300
100708,1,300
100717,1,300
100718,1,300
100815,1,300
100846,1,300
100887,1,300
100911,1,300
100923,1,300
100989,1,300
100995,1,300
101015,1,300
101031,1,300
101042,1,300
101046,1,300
101053,1,300
101062,1,300
101071,1,300
101088,1,300
101096,1,300
101168,1,300
101180,1,300
101181,1,300
101216,1,300
101245,1,300
101266,1,300
101277,1,300
101300,1,300
101335,1,300
101370,1,300
101447,1,300
101495,1,300
101528,1,300
101599,1,300
101615,1,300
101617,1,300
101655,1,300
101745,1,300
101775,1,300
101776,1,300
101779,1,300
101781,1,300
101784,1,300
101811,1,300
101820,1,300
101860,1,300
101883,1,300
101910,1,300
101929,1,300
102013,1,300
102014,1,300
102019,1,300
102098,1,300
102130,1,300
102150,1,300
102177,1,300
102289,1,300
102312,1,300
102410,1,300
102425,1,300
102461,1,300
102559,1,300
102589,1,300
102602,1,300
102682,1,300
102687,1,300
102690,1,300
102721,1,300
102761,1,300
102762,1,300
102785,1,300
102816,1,300
102847,1,300
102866,1,300
102916,1,300
102936,1,300
102936,1,300
103003,1,300
103029,1,300
103086,1,300
103097,1,300
103101,1,300
103118,1,300
103122,1,300
103137,1,300
103159,1,300
103361,1,300
103409,1,300
103426,1,300
103538,1,300
103564,1,300
103612,1,300
103644,1,300
103697,1,300
103725,1,300
103726,1,300
103769,1,300
103832,1,300
103863,1,300
103885,1,300
103896,1,300
103961,1,300
103999,1,300
104037,1,300
104051,1,300
104056,1,300
104062,1,300
104069,1,300
104083,1,300
104089,1,300
104109,1,300
104111,1,300
104112,1,300
104112,1,300
104163,1,300
104168,1,300
104182,1,300
104202,1,300
104207,1,300
104210,1,300
104220,1,300
104247,1,300
104255,1,300
104273,1,300
104320,1,300
104330,1,300
104338,1,300
104373,1,300
104374,1,300
104426,1,300
104428,1,300
104448,1,300
104468,1,300
104644,1,300
104676,1,300
104692,1,300
104780,1,300
104911,1,300
104927,1,300
104958,1,300
104996,1,300
105005,1,300
105014,1,300
105021,1,300
105049,1,300
105062,1,300
105071,1,300
105074,1,300
105123,1,300
105127,1,300
105147,1,300
105219,1,300
105252,1,300
105305,1,300
105336,1,300
105344,1,300
105387,1,300
105421,1,300
105442,1,300
105491,1,300
105507,1,300
105509,1,300
105608,1,300
105637,1,300
105651,1,300
105670,1,300
105678,1,300
105707,1,300
105781,1,300
105787,1,300
105831,1,300
105840,1,300
105873,1,300
105927,1,300
106004,1,300
106029,1,300
106051,1,300
106124,1,300
106125,1,300
106188,1,300
106244,1,300
106249,1,300
106276,1,300
106318,1,300
106341,1,300
106348,1,300
106404,1,300
106457,1,300
106464,1,300
106490,1,300
106516,1,300
106526,1,300
106528,1,300
106532,1,300
106610,1,300
106624,1,300
106707,1,300
106735,1,300
106743,1,300
106746,1,300
106802,1,300
107070,1,300
107146,1,300
107158,1,300
107258,1,300
107292,1,300
107324,1,300
107384,1,300
107392,1,300
107475,1,300
107563,1,300
107576,1,300
107585,1,300
107587,1,300
107616,1,300
107653,1,300
107661,1,300
107879,1,300
107892,1,300
107929,1,300
107979,1,300
107989,1,300
108017,1,300
108031,1,300
108037,1,300
108051,1,300
108073,1,300
108078,1,300
108105,1,300
108140,1,300
108203,1,300
108243,1,300
108268,1,300
108292,1,300
108344,1,300
108423,1,300
108447,1,300
108456,1,300
108515,1,300
108650,1,300
108694,1,300
108762,1,300
108812,1,300
108815,1,300
108858,1,300
108874,1,300
108985,1,300
109018,1,300
109020,1,300
109027,1,300
109048,1,300
109088,1,300
109095,1,300
109116,1,300
109128,1,300
109139,1,300
109159,1,300
109166,1,300
109188,1,300
109195,1,300
109215,1,300
109259,1,300
109260,1,300
109294,1,300
109321,1,300
109347,1,300
109351,1,300
109389,1,300
109410,1,300
109415,1,300
109445,1,300
109496,1,300
109567,1,300
109600,1,300
109617,1,300
109649,1,300
109651,1,300
109693,1,300
109725,1,300
110030,1,300
110042,1,300
110090,1,300
110149,1,300
110151,1,300
110186,1,300
110267,1,300
110273,1,300
110334,1,300
110351,1,300
110370,1,300
110379,1,300
110392,1,300
110404,1,300
110412,1,300
110434,1,300
110480,1,300
110489,1,300
110550,1,300
110609,1,300
110611,1,300
110639,1,300
110680,1,300
110742,1,300
110749,1,300
110750,1,300
110781,1,300
111045,1,300
111091,1,300
111106,1,300
111118,1,300
111126,1,300
111129,1,300
111206,1,300
111230,1,300
111282,1,300
111305,1,300
111349,1,300
111372,1,300
111422,1,300
111464,1,300
111493,1,300
111647,1,300
111684,1,300
111770,1,300
111780,1,300
111794,1,300
111817,1,300
111841,1,300
111962,1,300
111980,1,300
112001,1,300
112020,1,300
112036,1,300
112037,1,300
112074,1,300
112091,1,300
112095,1,300
112096,1,300
112100,1,300
112170,1,300
112180,1,300
112314,1,300
112334,1,300
112473,1,300
112479,1,300
112492,1,300
112493,1,300
112552,1,300
112554,1,300
112564,1,300
112654,1,300
112716,1,300
112724,1,300
112763,1,300
112790,1,300
112869,1,300
112875,1,300
113006,1,300
113088,1,300
113170,1,300
113181,1,300
113209,1,300
113368,1,300
113423,1,300
113443,1,300
113524,1,300
113750,1,300
113820,1,300
113823,1,300
113859,1,300
113922,1,300
113941,1,300
113950,1,300
113976,1,300
114010,1,300
114023,1,300
114049,1,300
114074,1,300
114081,1,300
114112,1,300
114118,1,300
114146,1,300
114155,1,300
114190,1,300
114228,1,300
114232,1,300
114236,1,300
114250,1,300
114280,1,300
114290,1,300
114314,1,300
114316,1,300
114317,1,300
114324,1,300
114367,1,300
114399,1,300
114432,1,300
114535,1,300
114747,1,300
114874,1,300
114884,1,300
114894,1,300
114920,1,300
114951,1,300
115004,1,300
115004,1,300
115009,1,300
115078,1,300
115119,1,300
115144,1,300
115159,1,300
115164,1,300
115165,1,300
115227,1,300
115296,1,300
115301,1,300
115304,1,300
115478,1,300
115492,1,300
115557,1,300
115561,1,300
115578,1,300
115636,1,300
115657,1,300
115672,1,300
115675,1,300
115691,1,300
115697,1,300
115827,1,300
116020,1,300
116079,1,300
116094,1,300
116130,1,300
116182,1,300
116196,1,300
116255,1,300
116269,1,300
116275,1,300
116309,1,300
116344,1,300
116357,1,300
116389,1,300
116394,1,300
116418,1,300
116436,1,300
116464,1,300
116490,1,300
116600,1,300
116613,1,300
116614,1,300
116666,1,300
116759,1,300
116781,1,300
116883,1,300
116902,1,300
117008,1,300
117021,1,300
117215,1,300
117254,1,300
117266,1,300
117275,1,300
117303,1,300
117396,1,300
117402,1,300
117441,1,300
117550,1,300
117798,1,300
117803,1,300
117833,1,300
117933,1,300
117955,1,300
117958,1,300
118026,1,300
118030,1,300
118031,1,300
118049,1,300
118185,1,300
118193,1,300
118198,1,300
118205,1,300
118210,1,300
118297,1,300
118318,1,300
118370,1,300
118384,1,300
118385,1,300
118386,1,300
118413,1,300
118419,1,300
118476,1,300
118511,1,300
118520,1,300
118562,1,300
119033,1,300
119067,1,300
119074,1,300
119128,1,300
119138,1,300
119232,1,300
119276,1,300
119392,1,300
119505,1,300
119623,1,300
119681,1,300
119739,1,300
119834,1,300
119897,1,300
120033,1,300
120075,1,300
120076,1,300
120146,1,300
120156,1,300
120178,1,300
120243,1,300
120332,1,300
120373,1,300
120411,1,300
120453,1,300
120454,1,300
120461,1,300
120517,1,300
120610,1,300
120643,1,300
120669,1,300
120682,1,300
120759,1,300
120807,1,300
120822,1,300
121080,1,300
121093,1,300
121149,1,300
121314,1,300
121361,1,300
121450,1,300
121539,1,300
121563,1,300
121612,1,300
121622,1,300
121650,1,300
121662,1,300
121664,1,300
121677,1,300
121696,1,300
121782,1,300
121872,1,300
121908,1,300
121920,1,300
122077,1,300
122304,1,300
122326,1,300
122382,1,300
122489,1,300
122536,1,300
122595,1,300
122619,1,300
122756,1,300
122851,1,300
122881,1,300
122902,1,300
122927,1,300
123061,1,300
123076,1,300
123089,1,300
123094,1,300
123109,1,300
123137,1,300
123178,1,300
123211,1,300
123241,1,300
123267,1,300
123422,1,300
123455,1,300
123480,1,300
123612,1,300
123642,1,300
123668,1,300
123700,1,300
123779,1,300
123801,1,300
123829,1,300
123839,1,300
123873,1,300
124177,1,300
124185,1,300
124259,1,300
124281,1,300
124358,1,300
124375,1,300
124380,1,300
124498,1,300
124575,1,300
124671,1,300
124692,1,300
124760,1,300
124763,1,300
124787,1,300
124871,1,300
125047,1,300
125108,1,300
125114,1,300
125256,1,300
125265,1,300
125309,1,300
125385,1,300
125441,1,300
125458,1,300
125481,1,300
125497,1,300
125539,1,300
125755,1,300
125841,1,300
125854,1,300
125937,1,300
126184,1,300
126328,1,300
126357,1,300
126432,1,300
126597,1,300
126606,1,300
126724,1,300
126812,1,300
126996,1,300
127024,1,300
127068,1,300
127089,1,300
127158,1,300
127170,1,300
127197,1,300
127250,1,300
127265,1,300
127282,1,300
127459,1,300
127468,1,300
127569,1,300
127751,1,300
127799,1,300
127820,1,300
127896,1,300
127897,1,300
127944,1,300
128006,1,300
128029,1,300
128057,1,300
128161,1,300
128274,1,300
128323,1,300
128493,1,300
128494,1,300
128499,1,300
128559,1,300
128660,1,300
128727,1,300
128759,1,300
128907,1,300
128990,1,300
129028,1,300
129029,1,300
129080,1,300
129090,1,300
129095,1,300
129101,1,300
129118,1,300
129132,1,300
129172,1,300
129240,1,300
129332,1,300
129454,1,300
129512,1,300
129633,1,300
129641,1,300
129710,1,300
129765,1,300
129784,1,300
129890,1,300
130061,1,300
130127,1,300
130132,1,300
130301,1,300
130305,1,300
130319,1,300
130405,1,300
130430,1,300
130531,1,300
130675,1,300
130683,1,300
130686,1,300
130713,1,300
130768,1,300
130790,1,300
131291,1,300
131303,1,300
131494,1,300
131593,1,300
131615,1,300
131643,1,300
131674,1,300
131772,1,300
131783,1,300
131851,1,300
131863,1,300
132025,1,300
132078,1,300
132180,1,300
132227,1,300
132249,1,300
132288,1,300
132568,1,300
132744,1,300
132765,1,300
132926,1,300
133036,1,300
133038,1,300
133040,1,300
133121,1,300
133225,1,300
133231,1,300
133279,1,300
133319,1,300
133338,1,300
133637,1,300
133651,1,300
134008,1,300
134057,1,300
134164,1,300
134242,1,300
134427,1,300
134443,1,300
134478,1,300
134488,1,300
134542,1,300
134579,1,300
134684,1,300
135066,1,300
135146,1,300
135175,1,300
135195,1,300
135305,1,300
135336,1,300
135435,1,300
135451,1,300
135507,1,300
135714,1,300
135842,1,300
135848,1,300
136003,1,300
136051,1,300
136080,1,300
136175,1,300
136218,1,300
136561,1,300
136730,1,300
136816,1,300
136896,1,300
137047,1,300
137314,1,300
137473,1,300
137689,1,300
137713,1,300
137747,1,300
137786,1,300
137941,1,300
138027,1,300
138096,1,300
138152,1,300
138155,1,300
138168,1,300
138182,1,300
138207,1,300
138218,1,300
138230,1,300
138237,1,300
138301,1,300
138337,1,300
138524,1,300
138623,1,300
139007,1,300
139052,1,300
139064,1,300
139353,1,300
139365,1,300
139376,1,300
139385,1,300
139390,1,300
140077,1,300
140121,1,300
140169,1,300
140197,1,300
140300,1,300
140332,1,300
140484,1,300
140511,1,300
140517,1,300
140530,1,300
140610,1,300
140632,1,300
140641,1,300
140741,1,300
141271,1,300
141419,1,300
141494,1,300
141539,1,300
141617,1,300
141626,1,300
141862,1,300
142061,1,300
142062,1,300
142297,1,300
142348,1,300
142372,1,300
142709,1,300
142768,1,300
143077,1,300
143211,1,300
143949,1,300
144073,1,300
144081,1,300
144091,1,300
144094,1,300
144106,1,300
144123,1,300
144158,1,300
144187,1,300
144304,1,300
144364,1,300
144648,1,300
144910,1,300
144918,1,300
145199,1,300
145365,1,300
145449,1,300
145462,1,300
145552,1,300
145974,1,300
146039,1,300
146070,1,300
146077,1,300
146177,1,300
146495,1,300
146678,1,300
146991,1,300
147012,1,300
147075,1,300
147142,1,300
147475,1,300
147566,1,300
147597,1,300
147672,1,300
147696,1,300
147772,1,300
147843,1,300
148234,1,300
148311,1,300
148339,1,300
148429,1,300
148462,1,300
149418,1,300
149470,1,300
149607,1,300
149749,1,300
149865,1,300
149977,1,300
150463,1,300
150553,1,300
150564,1,300
150571,1,300
150688,1,300
150695,1,300
151086,1,300
151133,1,300
151568,1,300
151754,1,300
152175,1,300
152240,1,300
152611,1,300
152715,1,300
152748,1,300
152756,1,300
152789,1,300
153003,1,300
153051,1,300
153149,1,300
153153,1,300
153271,1,300
153397,1,300
153438,1,300
153515,1,300
153537,1,300
153599,1,300
153736,1,300
154044,1,300
154164,1,300
154428,1,300
155036,1,300
155091,1,300
155168,1,300
155217,1,300
155218,1,300
155332,1,300
155656,1,300
155755,1,300
155785,1,300
156088,1,300
156121,1,300
156593,1,300
156889,1,300
157114,1,300
157697,1,300
157803,1,300
158072,1,300
158251,1,300
158408,1,300
158481,1,300
158491,1,300
158553,1,300
158591,1,300
158609,1,300
158668,1,300
159004,1,300
159027,1,300
159149,1,300
159312,1,300
159329,1,300
159396,1,300
159539,1,300
159581,1,300
159585,1,300
160052,1,300
160334,1,300
161026,1,300
161406,1,300
162074,1,300
162563,1,300
162842,1,300
162859,1,300
163458,1,300
163817,1,300
164026,1,300
164122,1,300
164177,1,300
164214,1,300
164282,1,300
164328,1,300
164382,1,300
164390,1,300
164418,1,300
164447,1,300
164491,1,300
164662,1,300
165028,1,300
165309,1,300
165346,1,300
165544,1,300
165566,1,300
165602,1,300
165651,1,300
166072,1,300
166252,1,300
166318,1,300
166369,1,300
167092,1,300
167273,1,300
167347,1,300
167829,1,300
167998,1,300
168127,1,300
168179,1,300
168277,1,300
168349,1,300
168727,1,300
168858,1,300
169115,1,300
169399,1,300
169553,1,300
169646,1,300
170022,1,300
170151,1,300
170156,1,300
170359,1,300
170638,1,300
171081,1,300
171162,1,300
171215,1,300
171628,1,300
171724,1,300
172078,1,300
172201,1,300
172442,1,300
173597,1,300
173781,1,300
174011,1,300
174031,1,300
174052,1,300
174071,1,300
174316,1,300
175191,1,300
175613,1,300
176063,1,300
176075,1,300
176210,1,300
176292,1,300
176335,1,300
176455,1,300
176481,1,300
176485,1,300
176531,1,300
176598,1,300
176712,1,300
176786,1,300
176838,1,300
176846,1,300
177158,1,300
177166,1,300
177407,1,300
177451,1,300
177453,1,300
177454,1,300
177508,1,300
178128,1,300
178281,1,300
178303,1,300
178518,1,300
178546,1,300
178602,1,300
179049,1,300
179779,1,300
181126,1,300
181158,1,300
181164,1,300
181167,1,300
181182,1,300
181198,1,300
181267,1,300
181693,1,300
182060,1,300
182243,1,300
182421,1,300
182444,1,300
182470,1,300
183016,1,300
183056,1,300
183139,1,300
183193,1,300
183193,1,300
183233,1,300
183241,1,300
183414,1,300
184006,1,300
184337,1,300
184456,1,300
184463,1,300
184827,1,300
185026,1,300
185618,1,300
186057,1,300
186129,1,300
186404,1,300
186785,1,300
186822,1,300
187043,1,300
187071,1,300
187468,1,300
188043,1,300
188092,1,300
188097,1,300
188127,1,300
188138,1,300
188184,1,300
188187,1,300
188219,1,300
188365,1,300
188396,1,300
188520,1,300
188625,1,300
188652,1,300
189007,1,300
189016,1,300
189331,1,300
189459,1,300
189606,1,300
189768,1,300
190106,1,300
190469,1,300
190482,1,300
190920,1,300
191205,1,300
191263,1,300
191389,1,300
191442,1,300
191676,1,300
191966,1,300
192004,1,300
192192,1,300
192240,1,300
192266,1,300
192361,1,300
192714,1,300
193064,1,300
193094,1,300
193173,1,300
193470,1,300
193605,1,300
194127,1,300
194284,1,300
194334,1,300
194470,1,300
194779,1,300
194787,1,300
195435,1,300
195473,1,300
195628,1,300
195721,1,300
195801,1,300
195861,1,300
196026,1,300
196049,1,300
196110,1,300
196803,1,300
197133,1,300
197270,1,300
197427,1,300
197828,1,300
197847,1,300
198015,1,300
198025,1,300
198285,1,300
198362,1,300
198625,1,300
199133,1,300
199712,1,300
199877,1,300
200097,1,300
200195,1,300
200226,1,300
200251,1,300
200323,1,300
200345,1,300
200475,1,300
200478,1,300
200489,1,300
200517,1,300
200568,1,300
200652,1,300
200680,1,300
200795,1,300
201024,1,300
201048,1,300
201074,1,300
201089,1,300
201103,1,300
201901,1,300
201988,1,300
202152,1,300
202181,1,300
202190,1,300
202351,1,300
202544,1,300
202574,1,300
202699,1,300
202903,1,300
203128,1,300
203140,1,300
203225,1,300
203370,1,300
203551,1,300
203656,1,300
203778,1,300
203902,1,300
204040,1,300
204190,1,300
204244,1,300
204426,1,300
204657,1,300
204749,1,300
205371,1,300
205528,1,300
205546,1,300
205652,1,300
205811,1,300
205863,1,300
206002,1,300
206311,1,300
206366,1,300
206507,1,300
206554,1,300
206661,1,300
207070,1,300
207079,1,300
207162,1,300
207217,1,300
207280,1,300
207344,1,300
207460,1,300
207583,1,300
208162,1,300
208477,1,300
208868,1,300
209164,1,300
209391,1,300
209528,1,300
209706,1,300
209800,1,300
210050,1,300
210149,1,300
210150,1,300
210246,1,300
210271,1,300
211164,1,300
211215,1,300
211220,1,300
211458,1,300
211542,1,300
211854,1,300
212068,1,300
212136,1,300
212232,1,300
212525,1,300
212537,1,300
212567,1,300
212645,1,300
212681,1,300
212690,1,300
212768,1,300
212935,1,300
212993,1,300
213028,1,300
213032,1,300
213078,1,300
213098,1,300
213126,1,300
213209,1,300
213310,1,300
213314,1,300
213340,1,300
213626,1,300
213692,1,300
213732,1,300
213799,1,300
214020,1,300
214027,1,300
214080,1,300
214159,1,300
214362,1,300
214404,1,300
214460,1,300
214574,1,300
215167,1,300
215207,1,300
215332,1,300
215359,1,300
215455,1,300
215502,1,300
215506,1,300
216179,1,300
216683,1,300
216763,1,300
216951,1,300
216951,1,300
217100,1,300
217228,1,300
217247,1,300
217258,1,300
217400,1,300
217591,1,300
217867,1,300
217921,1,300
217921,1,300
218083,1,300
218158,1,300
218485,1,300
218635,1,300
218937,1,300
219005,1,300
219014,1,300
219021,1,300
219266,1,300
219275,1,300
219280,1,300
219359,1,300
219376,1,300
219533,1,300
219578,1,300
219731,1,300
219820,1,300
220065,1,300
220200,1,300
220322,1,300
220461,1,300
220463,1,300
220621,1,300
220850,1,300
221278,1,300
221411,1,300
221499,1,300
221595,1,300
221715,1,300
221889,1,300
221988,1,300
222517,1,300
222547,1,300
222550,1,300
222789,1,300
222965,1,300
223081,1,300
223098,1,300
223108,1,300
223177,1,300
223335,1,300
223344,1,300
223684,1,300
223774,1,300
223803,1,300
223813,1,300
224044,1,300
224334,1,300
224338,1,300
224412,1,300
224423,1,300
224503,1,300
224509,1,300
224525,1,300
224535,1,300
224536,1,300
224582,1,300
224612,1,300
224726,1,300
224924,1,300
225011,1,300
225047,1,300
225081,1,300
225125,1,300
225140,1,300
225171,1,300
225249,1,300
225258,1,300
225320,1,300
225347,1,300
225360,1,300
225436,1,300
225436,1,300
225484,1,300
225486,1,300
225492,1,300
225570,1,300
225602,1,300
225606,1,300
225716,1,300
226000,1,300
226136,1,300
226220,1,300
226255,1,300
226363,1,300
226454,1,300
226488,1,300
226741,1,300
226841,1,300
226905,1,300
226919,1,300
226939,1,300
227006,1,300
227026,1,300
227039,1,300
227043,1,300
227113,1,300
227192,1,300
227290,1,300
227341,1,300
227485,1,300
227545,1,300
227583,1,300
227644,1,300
227687,1,300
227988,1,300
228014,1,300
228020,1,300
228099,1,300
228208,1,300
228485,1,300
228507,1,300
228526,1,300
228544,1,300
228607,1,300
228635,1,300
228688,1,300
228917,1,300
228928,1,300
228934,1,300
228963,1,300
228992,1,300
229409,1,300
229434,1,300
229503,1,300
229507,1,300
229573,1,300
229714,1,300
229736,1,300
229771,1,300
229780,1,300
229866,1,300
229866,1,300
229908,1,300
230017,1,300
230052,1,300
230115,1,300
230148,1,300
230229,1,300
230241,1,300
230353,1,300
230438,1,300
230480,1,300
230515,1,300
230625,1,300
230700,1,300
230722,1,300
230770,1,300
230818,1,300
231011,1,300
231068,1,300
231154,1,300
231219,1,300
231450,1,300
231556,1,300
231633,1,300
231643,1,300
231752,1,300
231979,1,300
232077,1,300
232120,1,300
232247,1,300
232249,1,300
232259,1,300
232335,1,300
232434,1,300
232637,1,300
232718,1,300
232762,1,300
232796,1,300
232842,1,300
233038,1,300
233106,1,300
233116,1,300
233143,1,300
233438,1,300
233580,1,300
233592,1,300
233747,1,300
233869,1,300
234043,1,300
234094,1,300
234107,1,300
234116,1,300
234142,1,300
234158,1,300
234165,1,300
234187,1,300
234371,1,300
234470,1,300
234489,1,300
234500,1,300
234552,1,300
234591,1,300
234656,1,300
234667,1,300
235361,1,300
235451,1,300
235605,1,300
235641,1,300
235690,1,300
235708,1,300
235827,1,300
235871,1,300
235897,1,300
236005,1,300
236029,1,300
236117,1,300
236125,1,300
236126,1,300
236179,1,300
236227,1,300
236252,1,300
236285,1,300
236304,1,300
236307,1,300
236310,1,300
236317,1,300
236319,1,300
236324,1,300
236354,1,300
236382,1,300
236522,1,300
236530,1,300
236541,1,300
236558,1,300
236612,1,300
236678,1,300
236690,1,300
236744,1,300
236766,1,300
237014,1,300
237098,1,300
237152,1,300
237181,1,300
237243,1,300
237310,1,300
237324,1,300
237356,1,300
237665,1,300
237718,1,300
237843,1,300
237923,1,300
237934,1,300
237971,1,300
238166,1,300
238420,1,300
238512,1,300
238544,1,300
238555,1,300
238564,1,300
238572,1,300
238631,1,300
238665,1,300
238700,1,300
238844,1,300
238875,1,300
238883,1,300
238928,1,300
238986,1,300
239209,1,300
239219,1,300
239259,1,300
239346,1,300
239361,1,300
239400,1,300
239418,1,300
239444,1,300
239717,1,300
240034,1,300
240037,1,300
240053,1,300
240064,1,300
240111,1,300
240153,1,300
240195,1,300
240205,1,300
240290,1,300
240321,1,300
240340,1,300
240370,1,300
240422,1,300
240535,1,300
240582,1,300
240582,1,300
240588,1,300
240806,1,300
240892,1,300
240997,1,300
241122,1,300
241130,1,300
241209,1,300
241212,1,300
241339,1,300
241537,1,300
241564,1,300
241644,1,300
241661,1,300
241736,1,300
241755,1,300
241765,1,300
241811,1,300
241814,1,300
242003,1,300
242007,1,300
242081,1,300
242139,1,300
242165,1,300
242181,1,300
242415,1,300
242428,1,300
242465,1,300
242516,1,300
242557,1,300
242573,1,300
242578,1,300
242595,1,300
242601,1,300
243023,1,300
243062,1,300
243110,1,300
243124,1,300
243235,1,300
243327,1,300
243359,1,300
243371,1,300
243396,1,300
243438,1,300
243525,1,300
243537,1,300
243595,1,300
243617,1,300
243658,1,300
244006,1,300
244044,1,300
244106,1,300
244211,1,300
244255,1,300
244341,1,300
244357,1,300
244384,1,300
244639,1,300
244773,1,300
244795,1,300
244813,1,300
244823,1,300
245000,1,300
245054,1,300
245174,1,300
245206,1,300
245273,1,300
245384,1,300
245527,1,300
245561,1,300
245579,1,300
245591,1,300
245673,1,300
245821,1,300
245854,1,300
246094,1,300
246138,1,300
246360,1,300
246574,1,300
246681,1,300
246691,1,300
246729,1,300
246773,1,300
246792,1,300
246899,1,300
247010,1,300
247024,1,300
247155,1,300
247188,1,300
247207,1,300
247259,1,300
247303,1,300
247328,1,300
247447,1,300
247563,1,300
247617,1,300
247633,1,300
248030,1,300
248084,1,300
248102,1,300
248182,1,300
248249,1,300
248350,1,300
248354,1,300
248597,1,300
248675,1,300
248900,1,300
248943,1,300
249021,1,300
249035,1,300
249039,1,300
249129,1,300
249216,1,300
249230,1,300
249268,1,300
249277,1,300
249280,1,300
249373,1,300
249439,1,300
249601,1,300
249679,1,300
249706,1,300
249735,1,300
249792,1,300
249926,1,300
249982,1,300
250026,1,300
250053,1,300
250071,1,300
250131,1,300
250184,1,300
250251,1,300
250302,1,300
250570,1,300
250622,1,300
250658,1,300
250887,1,300
251047,1,300
251165,1,300
251171,1,300
251225,1,300
251356,1,300
251816,1,300
251835,1,300
251874,1,300
252076,1,300
252091,1,300
252165,1,300
252213,1,300
252214,1,300
252256,1,300
252364,1,300
252475,1,300
252604,1,300
252679,1,300
252685,1,300
252702,1,300
252776,1,300
252820,1,300
252889,1,300
252994,1,300
253147,1,300
253156,1,300
253216,1,300
253234,1,300
253242,1,300
253243,1,300
253250,1,300
253433,1,300
253852,1,300
254109,1,300
254171,1,300
254180,1,300
254226,1,300
254231,1,300
254235,1,300
254251,1,300
254301,1,300
254535,1,300
254554,1,300
255006,1,300
255084,1,300
255087,1,300
255087,1,300
255120,1,300
255145,1,300
255171,1,300
255246,1,300
255248,1,300
255267,1,300
255298,1,300
255311,1,300
255320,1,300
255324,1,300
255342,1,300
255380,1,300
255458,1,300
255548,1,300
255588,1,300
256281,1,300
256347,1,300
256478,1,300
256593,1,300
256633,1,300
256940,1,300
256998,1,300
257015,1,300
257291,1,300
257363,1,300
257419,1,300
257436,1,300
257479,1,300
257598,1,300
257852,1,300
257853,1,300
257966,1,300
258022,1,300
258141,1,300
258234,1,300
258296,1,300
258389,1,300
258445,1,300
258529,1,300
258543,1,300
258574,1,300
258699,1,300
258744,1,300
258766,1,300
258768,1,300
258779,1,300
258801,1,300
259007,1,300
259044,1,300
259064,1,300
259091,1,300
259494,1,300
259507,1,300
259588,1,300
259618,1,300
259936,1,300
260007,1,300
260137,1,300
260148,1,300
260170,1,300
260199,1,300
260283,1,300
260311,1,300
260318,1,300
260363,1,300
260456,1,300
260549,1,300
260642,1,300
260648,1,300
260663,1,300
260727,1,300
261082,1,300
261113,1,300
261423,1,300
261446,1,300
261605,1,300
261849,1,300
262075,1,300
262091,1,300
262122,1,300
262136,1,300
262231,1,300
262275,1,300
262399,1,300
262522,1,300
262811,1,300
262822,1,300
262886,1,300
263030,1,300
263072,1,300
263229,1,300
263437,1,300
263667,1,300
263680,1,300
263918,1,300
263982,1,300
264043,1,300
264109,1,300
264167,1,300
264212,1,300
264341,1,300
264506,1,300
265013,1,300
265167,1,300
265453,1,300
265468,1,300
265577,1,300
266053,1,300
266089,1,300
266103,1,300
266219,1,300
266507,1,300
266545,1,300
266593,1,300
266807,1,300
267313,1,300
267494,1,300
267506,1,300
267524,1,300
267541,1,300
267553,1,300
268892,1,300
269098,1,300
269396,1,300
269561,1,300
269907,1,300
269935,1,300
270032,1,300
270101,1,300
270123,1,300
270410,1,300
270642,1,300
270753,1,300
271225,1,300
271909,1,300
272239,1,300
272264,1,300
272290,1,300
272535,1,300
272679,1,300
272862,1,300
273195,1,300
273541,1,300
273700,1,300
274342,1,300
274697,1,300
275075,1,300
275231,1,300
275355,1,300
275537,1,300
276024,1,300
276036,1,300
276216,1,300
276454,1,300
276751,1,300
276979,1,300
277282,1,300
278006,1,300
278022,1,300
278751,1,300
279038,1,300
279105,1,300
280200,1,300
280297,1,300
280603,1,300
280694,1,300
281074,1,300
281162,1,300
281175,1,300
281305,1,300
282044,1,300
282123,1,300
282144,1,300
282201,1,300
282549,1,300
282710,1,300
282757,1,300
282858,1,300
282912,1,300
283162,1,300
283179,1,300
283233,1,300
283543,1,300
283639,1,300
283813,1,300
283880,1,300
284180,1,300
284409,1,300
284515,1,300
285018,1,300
285267,1,300
285670,1,300
285979,1,300
286218,1,300
286344,1,300
286560,1,300
287180,1,300
287261,1,300
288312,1,300
288361,1,300
288574,1,300
288676,1,300
288719,1,300
289038,1,300
289313,1,300
289596,1,300
