117,1,300
156,1,300
197,1,300
221,1,300
589,1,300
1309,1,300
1465,1,300
1534,1,300
1536,1,300
2225,1,300
2542,1,300
3311,1,300
3328,1,300
3484,1,300
3556,1,300
3831,1,300
3975,1,300
3983,1,300
4162,1,300
4540,1,300
4752,1,300
4938,1,300
5116,1,300
5259,1,300
6228,1,300
6349,1,300
6471,1,300
6500,1,300
6506,1,300
6779,1,300
7040,1,300
7311,1,300
7558,1,300
8052,1,300
8315,1,300
8792,1,300
8823,1,300
9025,1,300
9210,1,300
9216,1,300
9225,1,300
9365,1,300
9602,1,300
9621,1,300
9685,1,300
9750,1,300
9784,1,300
9935,1,300
10048,1,300
10262,1,300
10672,1,300
10684,1,300
10731,1,300
10733,1,300
11092,1,300
11221,1,300
11596,1,300
11716,1,300
11745,1,300
12214,1,300
12303,1,300
12817,1,300
13031,1,300
13126,1,300
13169,1,300
14025,1,300
14140,1,300
14454,1,300
14514,1,300
14517,1,300
14541,1,300
14578,1,300
14651,1,300
14859,1,300
14965,1,300
15035,1,300
15188,1,300
15652,1,300
15832,1,300
15944,1,300
16213,1,300
16895,1,300
16953,1,300
17087,1,300
17835,1,300
18184,1,300
18193,1,300
19181,1,300
19207,1,300
19284,1,300
20010,1,300
20049,1,300
20071,1,300
20182,1,300
20350,1,300
20480,1,300
20527,1,300
20556,1,300
20712,1,300
20747,1,300
20789,1,300
20955,1,300
21025,1,300
21361,1,300
21459,1,300
21758,1,300
21764,1,300
21790,1,300
21859,1,300
22148,1,300
22217,1,300
22218,1,300
22372,1,300
22403,1,300
22446,1,300
23128,1,300
23398,1,300
23407,1,300
23478,1,300
23523,1,300
23565,1,300
24029,1,300
25359,1,300
25570,1,300
25706,1,300
25766,1,300
25775,1,300
26211,1,300
26387,1,300
26737,1,300
26927,1,300
27071,1,300
27090,1,300
27095,1,300
27280,1,300
27456,1,300
28018,1,300
28204,1,300
28517,1,300
28551,1,300
28552,1,300
28618,1,300
28692,1,300
28829,1,300
28972,1,300
29547,1,300
29621,1,300
29856,1,300
30037,1,300
30364,1,300
30454,1,300
30508,1,300
30684,1,300
30714,1,300
31307,1,300
31591,1,300
32001,1,300
32042,1,300
32127,1,300
32218,1,300
32246,1,300
32299,1,300
32335,1,300
32351,1,300
32438,1,300
32475,1,300
32560,1,300
32600,1,300
32623,1,300
32626,1,300
32661,1,300
32816,1,300
32829,1,300
33253,1,300
33325,1,300
33353,1,300
33459,1,300
33483,1,300
34020,1,300
34034,1,300
34055,1,300
34092,1,300
34121,1,300
34208,1,300
34320,1,300
34501,1,300
34551,1,300
34583,1,300
34790,1,300
34837,1,300
35295,1,300
35467,1,300
35561,1,300
35671,1,300
35915,1,300
36266,1,300
36277,1,300
36296,1,300
36311,1,300
36603,1,300
36607,1,300
36934,1,300
37108,1,300
37134,1,300
37283,1,300
37315,1,300
37466,1,300
37602,1,300
37654,1,300
37688,1,300
37688,1,300
38166,1,300
38191,1,300
38262,1,300
38391,1,300
38469,1,300
38646,1,300
38700,1,300
38907,1,300
39003,1,300
39026,1,300
39480,1,300
39503,1,300
39609,1,300
39611,1,300
39702,1,300
39815,1,300
40063,1,300
40124,1,300
40289,1,300
40588,1,300
40783,1,300
40789,1,300
40908,1,300
40929,1,300
41546,1,300
41589,1,300
41780,1,300
41909,1,300
42081,1,300
42213,1,300
42236,1,300
42266,1,300
42284,1,300
42523,1,300
42527,1,300
42643,1,300
42658,1,300
43106,1,300
43338,1,300
43534,1,300
43710,1,300
43893,1,300
44014,1,300
44025,1,300
44046,1,300
44063,1,300
44092,1,300
44099,1,300
44126,1,300
44133,1,300
44135,1,300
44152,1,300
44154,1,300
44159,1,300
44400,1,300
44540,1,300
44563,1,300
44679,1,300
44833,1,300
44878,1,300
44890,1,300
44893,1,300
45075,1,300
45109,1,300
45131,1,300
45246,1,300
45335,1,300
45377,1,300
45420,1,300
45502,1,300
45553,1,300
45841,1,300
45919,1,300
45925,1,300
46060,1,300
46067,1,300
46069,1,300
46072,1,300
46075,1,300
46096,1,300
46251,1,300
46260,1,300
46318,1,300
46374,1,300
46416,1,300
46454,1,300
46510,1,300
46549,1,300
46791,1,300
46813,1,300
46854,1,300
47037,1,300
47049,1,300
47092,1,300
47162,1,300
47254,1,300
47329,1,300
47399,1,300
47409,1,300
47467,1,300
47468,1,300
47563,1,300
47699,1,300
47717,1,300
47735,1,300
47837,1,300
48014,1,300
48034,1,300
48086,1,300
48151,1,300
48254,1,300
48329,1,300
48408,1,300
48510,1,300
48510,1,300
48534,1,300
48630,1,300
48706,1,300
48804,1,300
48908,1,300
49035,1,300
49256,1,300
49317,1,300
49363,1,300
49380,1,300
49419,1,300
49430,1,300
49572,1,300
49678,1,300
49794,1,300
49861,1,300
50072,1,300
50083,1,300
50161,1,300
50181,1,300
50250,1,300
50273,1,300
50332,1,300
50342,1,300
50372,1,300
50390,1,300
50441,1,300
50482,1,300
50633,1,300
50641,1,300
50650,1,300
50785,1,300
50808,1,300
50831,1,300
51012,1,300
51201,1,300
51254,1,300
51264,1,300
51334,1,300
51389,1,300
51517,1,300
51644,1,300
51648,1,300
51705,1,300
51714,1,300
51830,1,300
51932,1,300
51950,1,300
52057,1,300
52173,1,300
52361,1,300
52406,1,300
52481,1,300
52577,1,300
52805,1,300
53063,1,300
53075,1,300
53087,1,300
53089,1,300
53100,1,300
53231,1,300
53284,1,300
53285,1,300
53300,1,300
53357,1,300
53467,1,300
53507,1,300
53522,1,300
53592,1,300
53593,1,300
53710,1,300
53781,1,300
53795,1,300
54050,1,300
54056,1,300
54097,1,300
54174,1,300
54284,1,300
54307,1,300
54359,1,300
54462,1,300
54724,1,300
54794,1,300
54829,1,300
54858,1,300
54884,1,300
54948,1,300
55031,1,300
55040,1,300
55178,1,300
55772,1,300
55798,1,300
55804,1,300
55815,1,300
55826,1,300
55965,1,300
55977,1,300
55997,1,300
56019,1,300
56025,1,300
56056,1,300
56177,1,300
56186,1,300
56197,1,300
56199,1,300
56211,1,300
56219,1,300
56223,1,300
56231,1,300
56322,1,300
56367,1,300
56433,1,300
56460,1,300
56499,1,300
56549,1,300
56571,1,300
56592,1,300
56652,1,300
56653,1,300
56700,1,300
56783,1,300
56798,1,300
56923,1,300
56933,1,300
56988,1,300
57004,1,300
57012,1,300
57018,1,300
57047,1,300
57073,1,300
57085,1,300
57173,1,300
57195,1,300
57342,1,300
57353,1,300
57366,1,300
57472,1,300
57529,1,300
57539,1,300
57616,1,300
57620,1,300
57636,1,300
57640,1,300
57698,1,300
57805,1,300
58019,1,300
58046,1,300
58215,1,300
58294,1,300
58363,1,300
58371,1,300
58378,1,300
58544,1,300
58597,1,300
58679,1,300
58679,1,300
58748,1,300
59044,1,300
59054,1,300
59056,1,300
59077,1,300
59097,1,300
59251,1,300
59261,1,300
59275,1,300
59293,1,300
59325,1,300
59348,1,300
59413,1,300
59438,1,300
59439,1,300
59464,1,300
59516,1,300
59539,1,300
59631,1,300
59726,1,300
59740,1,300
59782,1,300
59852,1,300
60003,1,300
60023,1,300
60050,1,300
60065,1,300
60160,1,300
60343,1,300
60496,1,300
60499,1,300
60548,1,300
60582,1,300
60592,1,300
60695,1,300
60696,1,300
60723,1,300
60732,1,300
60777,1,300
60792,1,300
60805,1,300
60871,1,300
60912,1,300
60912,1,300
60917,1,300
61016,1,300
61029,1,300
61142,1,300
61190,1,300
61197,1,300
61202,1,300
61270,1,300
61310,1,300
61348,1,300
61381,1,300
61437,1,300
61492,1,300
61504,1,300
61662,1,300
61740,1,300
61754,1,300
61855,1,300
61867,1,300
62038,1,300
62053,1,300
62061,1,300
62217,1,300
62326,1,300
62369,1,300
62528,1,300
62685,1,300
62855,1,300
62863,1,300
62876,1,300
63002,1,300
63007,1,300
63013,1,300
63053,1,300
63077,1,300
63078,1,300
63107,1,300
63107,1,300
63155,1,300
63185,1,300
63231,1,300
63248,1,300
63295,1,300
63304,1,300
63314,1,300
63334,1,300
63334,1,300
63421,1,300
63452,1,300
63462,1,300
63506,1,300
63600,1,300
63639,1,300
63671,1,300
63686,1,300
63774,1,300
63828,1,300
64100,1,300
64116,1,300
64157,1,300
64172,1,300
64180,1,300
64182,1,300
64191,1,300
64219,1,300
64223,1,300
64228,1,300
64242,1,300
64272,1,300
64275,1,300
64291,1,300
64345,1,300
64419,1,300
64534,1,300
64567,1,300
64595,1,300
65044,1,300
65076,1,300
65138,1,300
65144,1,300
65172,1,300
65209,1,300
65282,1,300
65284,1,300
65286,1,300
65292,1,300
65293,1,300
65313,1,300
65384,1,300
65413,1,300
65772,1,300
65775,1,300
65790,1,300
65799,1,300
66014,1,300
66037,1,300
66056,1,300
66300,1,300
66311,1,300
66429,1,300
66494,1,300
66621,1,300
66654,1,300
66685,1,300
66718,1,300
66751,1,300
66775,1,300
66840,1,300
66860,1,300
66882,1,300
66912,1,300
66930,1,300
67018,1,300
67021,1,300
67023,1,300
67068,1,300
67139,1,300
67215,1,300
67283,1,300
67294,1,300
67395,1,300
67403,1,300
67406,1,300
67429,1,300
67434,1,300
67456,1,300
67495,1,300
67531,1,300
67554,1,300
67594,1,300
67670,1,300
67747,1,300
68049,1,300
68102,1,300
68146,1,300
68175,1,300
68188,1,300
68190,1,300
68200,1,300
68267,1,300
68325,1,300
68329,1,300
68339,1,300
68342,1,300
68368,1,300
68512,1,300
68599,1,300
68628,1,300
68630,1,300
68647,1,300
68673,1,300
68686,1,300
68718,1,300
68737,1,300
68755,1,300
68793,1,300
68835,1,300
68885,1,300
68917,1,300
68920,1,300
68922,1,300
68978,1,300
69048,1,300
69056,1,300
69069,1,300
69069,1,300
69085,1,300
69089,1,300
69092,1,300
69111,1,300
69120,1,300
69149,1,300
69258,1,300
69295,1,300
69297,1,300
69319,1,300
69384,1,300
69388,1,300
69413,1,300
69424,1,300
69429,1,300
69516,1,300
69538,1,300
69617,1,300
69619,1,300
69620,1,300
69630,1,300
69752,1,300
69782,1,300
69797,1,300
69841,1,300
69848,1,300
69852,1,300
69870,1,300
70045,1,300
70068,1,300
70125,1,300
70125,1,300
70128,1,300
70208,1,300
70229,1,300
70237,1,300
70274,1,300
70331,1,300
70337,1,300
70367,1,300
70418,1,300
70430,1,300
70485,1,300
70492,1,300
70509,1,300
70547,1,300
70593,1,300
70603,1,300
70638,1,300
70669,1,300
70797,1,300
70802,1,300
70823,1,300
70826,1,300
70953,1,300
71003,1,300
71009,1,300
71013,1,300
71053,1,300
71057,1,300
71063,1,300
71091,1,300
71103,1,300
71112,1,300
71137,1,300
71183,1,300
71222,1,300
71229,1,300
71233,1,300
71266,1,300
71299,1,300
71314,1,300
71338,1,300
71356,1,300
71362,1,300
71373,1,300
71395,1,300
71396,1,300
71418,1,300
71423,1,300
71449,1,300
71455,1,300
71505,1,300
72003,1,300
72079,1,300
72106,1,300
72109,1,300
72128,1,300
72148,1,300
72205,1,300
72205,1,300
72270,1,300
72302,1,300
72347,1,300
72398,1,300
72435,1,300
72454,1,300
72472,1,300
72486,1,300
72535,1,300
72582,1,300
72594,1,300
72609,1,300
72621,1,300
72657,1,300
72788,1,300
72929,1,300
72933,1,300
73049,1,300
73098,1,300
73167,1,300
73227,1,300
73251,1,300
73260,1,300
73266,1,300
73292,1,300
73351,1,300
73358,1,300
73464,1,300
73592,1,300
73607,1,300
73609,1,300
73658,1,300
73708,1,300
73710,1,300
73716,1,300
73848,1,300
73858,1,300
73866,1,300
73886,1,300
73891,1,300
73893,1,300
73895,1,300
73918,1,300
73926,1,300
74017,1,300
74042,1,300
74059,1,300
74082,1,300
74155,1,300
74162,1,300
74206,1,300
74237,1,300
74325,1,300
74341,1,300
74407,1,300
74421,1,300
74449,1,300
74470,1,300
74552,1,300
74559,1,300
74567,1,300
74601,1,300
74612,1,300
74628,1,300
74660,1,300
74663,1,300
74735,1,300
74838,1,300
74923,1,300
74936,1,300
75046,1,300
75053,1,300
75083,1,300
75095,1,300
75100,1,300
75208,1,300
75232,1,300
75279,1,300
75302,1,300
75356,1,300
75383,1,300
75389,1,300
75450,1,300
75524,1,300
75542,1,300
75601,1,300
75608,1,300
75634,1,300
75654,1,300
75681,1,300
75689,1,300
75776,1,300
75783,1,300
75804,1,300
75820,1,300
75870,1,300
76054,1,300
76103,1,300
76110,1,300
76134,1,300
76189,1,300
76213,1,300
76286,1,300
76307,1,300
76308,1,300
76457,1,300
76468,1,300
76471,1,300
76526,1,300
76562,1,300
76570,1,300
76589,1,300
76614,1,300
76737,1,300
76758,1,300
76855,1,300
76897,1,300
76921,1,300
77020,1,300
77030,1,300
77057,1,300
77098,1,300
77102,1,300
77157,1,300
77158,1,300
77181,1,300
77217,1,300
77269,1,300
77296,1,300
77308,1,300
77340,1,300
77354,1,300
77354,1,300
77395,1,300
77409,1,300
77412,1,300
77436,1,300
77456,1,300
77469,1,300
77478,1,300
77481,1,300
77494,1,300
77500,1,300
77512,1,300
77608,1,300
77624,1,300
77646,1,300
77679,1,300
78191,1,300
78194,1,300
78267,1,300
78285,1,300
78288,1,300
78308,1,300
78312,1,300
78357,1,300
78374,1,300
78398,1,300
78445,1,300
78453,1,300
78470,1,300
78493,1,300
78540,1,300
78543,1,300
78572,1,300
78594,1,300
78608,1,300
78696,1,300
78700,1,300
78719,1,300
78741,1,300
78755,1,300
78807,1,300
79303,1,300
79395,1,300
79411,1,300
79465,1,300
79514,1,300
79561,1,300
79589,1,300
79666,1,300
79719,1,300
79736,1,300
79762,1,300
79802,1,300
79825,1,300
79972,1,300
80010,1,300
80013,1,300
80024,1,300
80032,1,300
80032,1,300
80082,1,300
80089,1,300
80107,1,300
80108,1,300
80109,1,300
80118,1,300
80138,1,300
80168,1,300
80181,1,300
80228,1,300
80238,1,300
80254,1,300
80261,1,300
80277,1,300
80291,1,300
80298,1,300
80313,1,300
80349,1,300
80354,1,300
80356,1,300
80396,1,300
80461,1,300
80495,1,300
80508,1,300
80568,1,300
80576,1,300
80586,1,300
80745,1,300
80746,1,300
80757,1,300
80759,1,300
80780,1,300
80783,1,300
80799,1,300
80804,1,300
80831,1,300
80867,1,300
80968,1,300
80973,1,300
81025,1,300
81034,1,300
81045,1,300
81086,1,300
81092,1,300
81105,1,300
81121,1,300
81207,1,300
81214,1,300
81222,1,300
81233,1,300
81236,1,300
81256,1,300
81258,1,300
81294,1,300
81300,1,300
81363,1,300
81364,1,300
81402,1,300
81432,1,300
81452,1,300
81468,1,300
81492,1,300
81532,1,300
81533,1,300
81541,1,300
81571,1,300
81582,1,300
81615,1,300
81625,1,300
81646,1,300
81680,1,300
81696,1,300
81811,1,300
81843,1,300
82021,1,300
82062,1,300
82093,1,300
82112,1,300
82119,1,300
82129,1,300
82244,1,300
82277,1,300
82279,1,300
82302,1,300
82332,1,300
82333,1,300
82336,1,300
82396,1,300
82399,1,300
82422,1,300
82424,1,300
82451,1,300
82476,1,300
82532,1,300
82559,1,300
82597,1,300
82617,1,300
82689,1,300
82702,1,300
82729,1,300
82749,1,300
82755,1,300
82755,1,300
82765,1,300
83000,1,300
83037,1,300
83046,1,300
83222,1,300
83244,1,300
83263,1,300
83296,1,300
83298,1,300
83316,1,300
83332,1,300
83341,1,300
83355,1,300
83374,1,300
83418,1,300
83438,1,300
83475,1,300
83570,1,300
83588,1,300
83603,1,300
83663,1,300
83675,1,300
83687,1,300
83769,1,300
83783,1,300
83786,1,300
83803,1,300
83842,1,300
83951,1,300
83981,1,300
84018,1,300
84058,1,300
84110,1,300
84139,1,300
84168,1,300
84184,1,300
84288,1,300
84339,1,300
84401,1,300
84431,1,300
84452,1,300
84501,1,300
84599,1,300
84660,1,300
84681,1,300
84687,1,300
84694,1,300
84774,1,300
84779,1,300
84780,1,300
84804,1,300
84811,1,300
84812,1,300
84821,1,300
84845,1,300
84859,1,300
84916,1,300
84931,1,300
84934,1,300
85007,1,300
85061,1,300
85126,1,300
85189,1,300
85198,1,300
85269,1,300
85426,1,300
85428,1,300
85441,1,300
85459,1,300
85585,1,300
85599,1,300
85670,1,300
85749,1,300
85753,1,300
85753,1,300
85753,1,300
85776,1,300
85823,1,300
85867,1,300
85876,1,300
85880,1,300
85896,1,300
85929,1,300
85931,1,300
85949,1,300
85981,1,300
85986,1,300
86001,1,300
86006,1,300
86017,1,300
86021,1,300
86038,1,300
86065,1,300
86068,1,300
86108,1,300
86122,1,300
86167,1,300
86227,1,300
86240,1,300
86289,1,300
86356,1,300
86408,1,300
86425,1,300
86490,1,300
86592,1,300
86605,1,300
86618,1,300
86629,1,300
86698,1,300
86698,1,300
86713,1,300
86731,1,300
86744,1,300
86878,1,300
86895,1,300
86898,1,300
86990,1,300
86992,1,300
87037,1,300
87041,1,300
87094,1,300
87111,1,300
87167,1,300
87219,1,300
87243,1,300
87307,1,300
87308,1,300
87313,1,300
87379,1,300
87524,1,300
87532,1,300
87545,1,300
87574,1,300
87577,1,300
87605,1,300
87638,1,300
87652,1,300
87663,1,300
87733,1,300
87738,1,300
87747,1,300
87748,1,300
87760,1,300
87790,1,300
87802,1,300
87827,1,300
87895,1,300
87902,1,300
88013,1,300
88134,1,300
88172,1,300
88176,1,300
88190,1,300
88294,1,300
88335,1,300
88340,1,300
88358,1,300
88358,1,300
88398,1,300
88420,1,300
88470,1,300
88478,1,300
88526,1,300
88539,1,300
88560,1,300
88578,1,300
88610,1,300
88622,1,300
88686,1,300
88731,1,300
88733,1,300
88776,1,300
88814,1,300
88850,1,300
88856,1,300
88887,1,300
88913,1,300
89078,1,300
89110,1,300
89122,1,300
89125,1,300
89125,1,300
89156,1,300
89165,1,300
89210,1,300
89219,1,300
89220,1,300
89230,1,300
89230,1,300
89308,1,300
89462,1,300
89487,1,300
89493,1,300
89522,1,300
89522,1,300
89596,1,300
89607,1,300
89624,1,300
89682,1,300
89781,1,300
89819,1,300
89918,1,300
89959,1,300
89967,1,300
90092,1,300
90108,1,300
90114,1,300
90140,1,300
90276,1,300
90299,1,300
90311,1,300
90460,1,300
90532,1,300
90542,1,300
90559,1,300
90585,1,300
90637,1,300
90676,1,300
90679,1,300
90690,1,300
90708,1,300
90736,1,300
90738,1,300
90768,1,300
90818,1,300
90898,1,300
90931,1,300
90939,1,300
90951,1,300
90965,1,300
91010,1,300
91015,1,300
91017,1,300
91046,1,300
91054,1,300
91059,1,300
91067,1,300
91096,1,300
91112,1,300
91180,1,300
91228,1,300
91239,1,300
91254,1,300
91267,1,300
91292,1,300
91312,1,300
91318,1,300
91320,1,300
91337,1,300
91353,1,300
91368,1,300
91376,1,300
91572,1,300
91582,1,300
91599,1,300
91605,1,300
91621,1,300
91628,1,300
91643,1,300
91661,1,300
91676,1,300
92022,1,300
92040,1,300
92063,1,300
92071,1,300
92088,1,300
92101,1,300
92111,1,300
92121,1,300
92128,1,300
92156,1,300
92158,1,300
92184,1,300
92230,1,300
92270,1,300
92376,1,300
92409,1,300
92464,1,300
92496,1,300
92511,1,300
92519,1,300
92529,1,300
92533,1,300
92563,1,300
92593,1,300
92607,1,300
92608,1,300
92616,1,300
92654,1,300
92659,1,300
92673,1,300
92704,1,300
92705,1,300
92705,1,300
92782,1,300
92786,1,300
92812,1,300
92820,1,300
92822,1,300
92833,1,300
92834,1,300
92870,1,300
92885,1,300
92898,1,300
92914,1,300
93012,1,300
93015,1,300
93063,1,300
93167,1,300
93173,1,300
93175,1,300
93187,1,300
93216,1,300
93220,1,300
93268,1,300
93270,1,300
93313,1,300
93319,1,300
93345,1,300
93353,1,300
93459,1,300
93466,1,300
93575,1,300
93585,1,300
93613,1,300
93664,1,300
93688,1,300
93697,1,300
93733,1,300
93758,1,300
93796,1,300
93797,1,300
93845,1,300
93859,1,300
93870,1,300
93908,1,300
93924,1,300
94032,1,300
94066,1,300
94074,1,300
94125,1,300
94145,1,300
94173,1,300
94181,1,300
94195,1,300
94198,1,300
94239,1,300
94240,1,300
94256,1,300
94323,1,300
94339,1,300
94346,1,300
94388,1,300
94419,1,300
94434,1,300
94502,1,300
94540,1,300
94547,1,300
94574,1,300
94629,1,300
94661,1,300
94667,1,300
94668,1,300
94687,1,300
94730,1,300
94800,1,300
94818,1,300
94856,1,300
95014,1,300
95046,1,300
95088,1,300
95241,1,300
95252,1,300
95252,1,300
95271,1,300
95308,1,300
95344,1,300
95373,1,300
95385,1,300
95394,1,300
95438,1,300
95457,1,300
95489,1,300
95583,1,300
95612,1,300
95618,1,300
95693,1,300
95701,1,300
95719,1,300
95728,1,300
95776,1,300
95804,1,300
95858,1,300
95920,1,300
95935,1,300
95964,1,300
95967,1,300
95988,1,300
96001,1,300
96011,1,300
96028,1,300
96058,1,300
96131,1,300
96199,1,300
96210,1,300
96236,1,300
96239,1,300
96371,1,300
96371,1,300
96417,1,300
96439,1,300
96444,1,300
96523,1,300
96529,1,300
96550,1,300
96551,1,300
96564,1,300
96578,1,300
96596,1,300
96610,1,300
96634,1,300
96689,1,300
96717,1,300
96730,1,300
96755,1,300
96810,1,300
96814,1,300
96895,1,300
97019,1,300
97217,1,300
97232,1,300
97279,1,300
97309,1,300
97329,1,300
97392,1,300
97493,1,300
97501,1,300
97505,1,300
97523,1,300
97541,1,300
97544,1,300
97602,1,300
97673,1,300
97710,1,300
97716,1,300
97848,1,300
97860,1,300
97895,1,300
97906,1,300
98006,1,300
98031,1,300
98063,1,300
98092,1,300
98096,1,300
98100,1,300
98100,1,300
98100,1,300
98102,1,300
98136,1,300
98141,1,300
98142,1,300
98144,1,300
98200,1,300
98219,1,300
98227,1,300
98237,1,300
98243,1,300
98251,1,300
98272,1,300
98273,1,300
98302,1,300
98308,1,300
98326,1,300
98339,1,300
98362,1,300
98370,1,300
98372,1,300
98423,1,300
98471,1,300
98529,1,300
98589,1,300
98593,1,300
98642,1,300
98756,1,300
98764,1,300
98766,1,300
99005,1,300
99041,1,300
99045,1,300
99046,1,300
99053,1,300
99185,1,300
99253,1,300
99297,1,300
99317,1,300
99349,1,300
99379,1,300
99391,1,300
99414,1,300
99458,1,300
99473,1,300
99503,1,300
99523,1,300
99547,1,300
99550,1,300
99606,1,300
99627,1,300
99675,1,300
99700,1,300
99745,1,300
99810,1,300
99863,1,300
99867,1,300
99894,1,300
99912,1,300
99932,1,300
100005,1,300
100016,1,300
100060,1,300
100074,1,300
100117,1,300
100170,1,300
100307,1,300
100368,1,300
100446,1,300
100447,1,300
100468,1,300
100530,1,300
100540,1,300
100574,1,300
100610,1,300
100612,1,300
100658,1,300
100677,1,300
100689,1,300
100725,1,300
100747,1,300
100763,1,300
100839,1,300
100844,1,300
100852,1,300
100916,1,300
101005,1,300
101033,1,300
101034,1,300
101047,1,300
101110,1,300
101110,1,300
101151,1,300
101323,1,300
101376,1,300
101423,1,300
101501,1,300
101528,1,300
101569,1,300
101613,1,300
101629,1,300
101639,1,300
101650,1,300
101676,1,300
101702,1,300
101709,1,300
101765,1,300
101850,1,300
101873,1,300
101884,1,300
101930,1,300
101960,1,300
101976,1,300
101977,1,300
102007,1,300
102022,1,300
102259,1,300
102273,1,300
102314,1,300
102327,1,300
102391,1,300
102424,1,300
102476,1,300
102484,1,300
102486,1,300
102487,1,300
102509,1,300
102530,1,300
102587,1,300
102597,1,300
102607,1,300
102620,1,300
102654,1,300
102668,1,300
102710,1,300
102733,1,300
102768,1,300
102806,1,300
102839,1,300
102843,1,300
103013,1,300
103033,1,300
103039,1,300
103046,1,300
103076,1,300
103094,1,300
103176,1,300
103281,1,300
103324,1,300
103334,1,300
103382,1,300
103411,1,300
103440,1,300
103466,1,300
103469,1,300
103534,1,300
103559,1,300
103562,1,300
103566,1,300
103588,1,300
103630,1,300
103670,1,300
103720,1,300
103742,1,300
103831,1,300
103842,1,300
104005,1,300
104015,1,300
104023,1,300
104080,1,300
104119,1,300
104163,1,300
104172,1,300
104182,1,300
104194,1,300
104198,1,300
104236,1,300
104280,1,300
104294,1,300
104295,1,300
104356,1,300
104424,1,300
104431,1,300
104454,1,300
104464,1,300
104518,1,300
104535,1,300
104544,1,300
104590,1,300
104605,1,300
104608,1,300
104629,1,300
104656,1,300
104665,1,300
104667,1,300
104668,1,300
104675,1,300
104680,1,300
105045,1,300
105068,1,300
105070,1,300
105186,1,300
105264,1,300
105273,1,300
105387,1,300
105400,1,300
105417,1,300
105440,1,300
105449,1,300
105530,1,300
105560,1,300
105573,1,300
105586,1,300
105595,1,300
105638,1,300
105790,1,300
105848,1,300
105907,1,300
105943,1,300
105963,1,300
106013,1,300
106036,1,300
106059,1,300
106087,1,300
106087,1,300
106099,1,300
106262,1,300
106287,1,300
106291,1,300
106306,1,300
106342,1,300
106352,1,300
106388,1,300
106418,1,300
106419,1,300
106515,1,300
106581,1,300
106625,1,300
106625,1,300
106690,1,300
106692,1,300
106699,1,300
106799,1,300
106825,1,300
106827,1,300
107039,1,300
107053,1,300
107073,1,300
107096,1,300
107115,1,300
107148,1,300
107159,1,300
107193,1,300
107196,1,300
107228,1,300
107291,1,300
107333,1,300
107388,1,300
107389,1,300
107566,1,300
107586,1,300
107639,1,300
107662,1,300
107721,1,300
107778,1,300
107803,1,300
107912,1,300
108097,1,300
108098,1,300
108100,1,300
108153,1,300
108153,1,300
108170,1,300
108177,1,300
108200,1,300
108366,1,300
108382,1,300
108384,1,300
108440,1,300
108487,1,300
108524,1,300
108536,1,300
108544,1,300
108560,1,300
108581,1,300
108657,1,300
108682,1,300
108707,1,300
109056,1,300
109065,1,300
109082,1,300
109114,1,300
109130,1,300
109199,1,300
109254,1,300
109300,1,300
109305,1,300
109306,1,300
109376,1,300
109472,1,300
109481,1,300
109611,1,300
109619,1,300
109624,1,300
109736,1,300
109751,1,300
109812,1,300
109876,1,300
109944,1,300
110029,1,300
110060,1,300
110207,1,300
110209,1,300
110216,1,300
110233,1,300
110288,1,300
110325,1,300
110408,1,300
110432,1,300
110446,1,300
110512,1,300
110773,1,300
110897,1,300
111049,1,300
111062,1,300
111062,1,300
111074,1,300
111098,1,300
111111,1,300
111142,1,300
111145,1,300
111158,1,300
111175,1,300
111177,1,300
111179,1,300
111183,1,300
111194,1,300
111204,1,300
111209,1,300
111214,1,300
111218,1,300
111225,1,300
111233,1,300
111239,1,300
111296,1,300
111332,1,300
111350,1,300
111480,1,300
111482,1,300
111569,1,300
111578,1,300
111598,1,300
111598,1,300
111762,1,300
111767,1,300
111919,1,300
111929,1,300
112119,1,300
112169,1,300
112206,1,300
112246,1,300
112297,1,300
112401,1,300
112436,1,300
112564,1,300
112574,1,300
112638,1,300
112639,1,300
112677,1,300
112678,1,300
112699,1,300
112745,1,300
112835,1,300
113015,1,300
113056,1,300
113059,1,300
113068,1,300
113079,1,300
113100,1,300
113113,1,300
113120,1,300
113196,1,300
113310,1,300
113403,1,300
113420,1,300
113532,1,300
113545,1,300
113620,1,300
113655,1,300
113707,1,300
113725,1,300
113741,1,300
113777,1,300
113795,1,300
113830,1,300
113860,1,300
113935,1,300
113951,1,300
114062,1,300
114135,1,300
114175,1,300
114306,1,300
114341,1,300
114348,1,300
114552,1,300
114597,1,300
114646,1,300
114674,1,300
114690,1,300
114725,1,300
114907,1,300
114940,1,300
115029,1,300
115087,1,300
115092,1,300
115118,1,300
115149,1,300
115159,1,300
115193,1,300
115199,1,300
115287,1,300
115288,1,300
115311,1,300
115326,1,300
115327,1,300
115354,1,300
115360,1,300
115383,1,300
115403,1,300
115454,1,300
115456,1,300
115457,1,300
115486,1,300
115490,1,300
115541,1,300
115677,1,300
115690,1,300
115745,1,300
115791,1,300
116018,1,300
116055,1,300
116112,1,300
116146,1,300
116171,1,300
116200,1,300
116213,1,300
116214,1,300
116218,1,300
116233,1,300
116257,1,300
116485,1,300
116593,1,300
116640,1,300
116695,1,300
116705,1,300
116735,1,300
116755,1,300
116925,1,300
117016,1,300
117056,1,300
117057,1,300
117095,1,300
117106,1,300
117111,1,300
117132,1,300
117135,1,300
117174,1,300
117314,1,300
117328,1,300
117358,1,300
117370,1,300
117387,1,300
117481,1,300
117483,1,300
117648,1,300
117859,1,300
117918,1,300
117949,1,300
117978,1,300
118271,1,300
118301,1,300
118367,1,300
118402,1,300
118555,1,300
118678,1,300
118827,1,300
118858,1,300
118901,1,300
119017,1,300
119043,1,300
119062,1,300
119078,1,300
119081,1,300
119123,1,300
119188,1,300
119188,1,300
119242,1,300
119269,1,300
119277,1,300
119305,1,300
119413,1,300
119415,1,300
119442,1,300
119446,1,300
119478,1,300
119675,1,300
119753,1,300
119975,1,300
120041,1,300
120051,1,300
120076,1,300
120103,1,300
120122,1,300
120150,1,300
120159,1,300
120206,1,300
120404,1,300
120473,1,300
120538,1,300
120593,1,300
120630,1,300
120664,1,300
120755,1,300
120760,1,300
120761,1,300
121126,1,300
121163,1,300
121264,1,300
121591,1,300
121672,1,300
121753,1,300
121813,1,300
121863,1,300
121929,1,300
121953,1,300
121992,1,300
122024,1,300
122110,1,300
122112,1,300
122155,1,300
122158,1,300
122160,1,300
122247,1,300
122332,1,300
122338,1,300
122342,1,300
122385,1,300
122385,1,300
122550,1,300
122609,1,300
122730,1,300
122867,1,300
122910,1,300
122925,1,300
123046,1,300
123068,1,300
123175,1,300
123225,1,300
123232,1,300
123278,1,300
123490,1,300
123602,1,300
123608,1,300
123610,1,300
123638,1,300
123683,1,300
123703,1,300
123733,1,300
123775,1,300
124157,1,300
124178,1,300
124461,1,300
124518,1,300
124738,1,300
124752,1,300
124788,1,300
124818,1,300
124947,1,300
125004,1,300
125050,1,300
125122,1,300
125167,1,300
125204,1,300
125232,1,300
125270,1,300
125370,1,300
125632,1,300
125784,1,300
125798,1,300
125948,1,300
125987,1,300
126013,1,300
126075,1,300
126085,1,300
126097,1,300
126150,1,300
126152,1,300
126178,1,300
126220,1,300
126309,1,300
126333,1,300
126347,1,300
126625,1,300
126628,1,300
126826,1,300
126831,1,300
126873,1,300
126908,1,300
127155,1,300
127162,1,300
127227,1,300
127244,1,300
127305,1,300
127341,1,300
127478,1,300
127589,1,300
127624,1,300
127636,1,300
127680,1,300
127694,1,300
127743,1,300
127789,1,300
128065,1,300
128183,1,300
128219,1,300
128230,1,300
128331,1,300
128357,1,300
128408,1,300
128415,1,300
128432,1,300
128467,1,300
128497,1,300
128527,1,300
128661,1,300
128697,1,300
128703,1,300
128741,1,300
128903,1,300
129013,1,300
129042,1,300
129138,1,300
129199,1,300
129231,1,300
129295,1,300
129395,1,300
129443,1,300
129569,1,300
129981,1,300
130012,1,300
130057,1,300
130058,1,300
130139,1,300
130165,1,300
130235,1,300
130383,1,300
130495,1,300
130503,1,300
130583,1,300
130637,1,300
130639,1,300
131023,1,300
131030,1,300
131031,1,300
131109,1,300
131422,1,300
131468,1,300
131509,1,300
131533,1,300
131599,1,300
131684,1,300
131787,1,300
132118,1,300
132131,1,300
132236,1,300
132286,1,300
132290,1,300
132592,1,300
132808,1,300
132840,1,300
133073,1,300
133514,1,300
133636,1,300
133682,1,300
134008,1,300
134030,1,300
134032,1,300
134229,1,300
134329,1,300
134340,1,300
134436,1,300
134501,1,300
134522,1,300
134641,1,300
134686,1,300
134713,1,300
134850,1,300
135018,1,300
135018,1,300
135062,1,300
135173,1,300
135331,1,300
135462,1,300
135598,1,300
135645,1,300
135896,1,300
135924,1,300
135961,1,300
136095,1,300
136308,1,300
136328,1,300
136352,1,300
136397,1,300
136537,1,300
136917,1,300
136996,1,300
137110,1,300
137124,1,300
137145,1,300
137220,1,300
137501,1,300
137517,1,300
137540,1,300
137567,1,300
137572,1,300
137686,1,300
138072,1,300
138148,1,300
138170,1,300
138318,1,300
138341,1,300
138361,1,300
138484,1,300
138496,1,300
138752,1,300
139015,1,300
139357,1,300
139391,1,300
139443,1,300
139475,1,300
139798,1,300
139857,1,300
140072,1,300
140181,1,300
140222,1,300
140585,1,300
140759,1,300
140886,1,300
140920,1,300
140964,1,300
141021,1,300
141111,1,300
141153,1,300
141171,1,300
141209,1,300
141264,1,300
141532,1,300
141683,1,300
141923,1,300
142218,1,300
142321,1,300
142426,1,300
142607,1,300
142905,1,300
142979,1,300
143019,1,300
143053,1,300
143197,1,300
143217,1,300
143242,1,300
144051,1,300
144088,1,300
144140,1,300
144193,1,300
144202,1,300
144235,1,300
144353,1,300
144442,1,300
144538,1,300
144584,1,300
145487,1,300
145488,1,300
145963,1,300
146096,1,300
146124,1,300
146164,1,300
146521,1,300
146567,1,300
146824,1,300
146824,1,300
146831,1,300
146987,1,300
147009,1,300
147138,1,300
147344,1,300
147434,1,300
147455,1,300
147527,1,300
147540,1,300
147640,1,300
148349,1,300
148549,1,300
148625,1,300
148729,1,300
149479,1,300
149555,1,300
149567,1,300
149658,1,300
149751,1,300
150112,1,300
150170,1,300
150345,1,300
150476,1,300
150504,1,300
151140,1,300
151166,1,300
151307,1,300
152063,1,300
152202,1,300
152213,1,300
152221,1,300
152275,1,300
152328,1,300
152520,1,300
152575,1,300
152618,1,300
153072,1,300
153084,1,300
153230,1,300
153274,1,300
153361,1,300
153649,1,300
154025,1,300
154072,1,300
154222,1,300
154332,1,300
154904,1,300
155037,1,300
155106,1,300
155292,1,300
155323,1,300
155324,1,300
156090,1,300
156385,1,300
156391,1,300
157037,1,300
157220,1,300
157250,1,300
157521,1,300
157611,1,300
158612,1,300
158838,1,300
159015,1,300
159069,1,300
159200,1,300
159282,1,300
159320,1,300
159353,1,300
159369,1,300
159371,1,300
159531,1,300
159775,1,300
160037,1,300
160463,1,300
161318,1,300
162213,1,300
162236,1,300
162844,1,300
163135,1,300
163514,1,300
163668,1,300
163845,1,300
164090,1,300
164103,1,300
164133,1,300
164188,1,300
164275,1,300
164347,1,300
164525,1,300
164535,1,300
164559,1,300
164620,1,300
165044,1,300
165499,1,300
166041,1,300
166237,1,300
166259,1,300
166500,1,300
166729,1,300
166825,1,300
166923,1,300
167023,1,300
167045,1,300
167240,1,300
167406,1,300
167525,1,300
167686,1,300
167815,1,300
168166,1,300
168167,1,300
168627,1,300
169104,1,300
169140,1,300
169187,1,300
169282,1,300
169394,1,300
170868,1,300
171015,1,300
171143,1,300
171150,1,300
171390,1,300
171433,1,300
171490,1,300
171545,1,300
172174,1,300
172206,1,300
172249,1,300
173033,1,300
173233,1,300
173524,1,300
174096,1,300
174198,1,300
174400,1,300
175827,1,300
175980,1,300
176013,1,300
176029,1,300
176068,1,300
176114,1,300
176136,1,300
176149,1,300
176153,1,300
176153,1,300
176345,1,300
176610,1,300
176641,1,300
176753,1,300
177186,1,300
177353,1,300
177385,1,300
177863,1,300
178088,1,300
178089,1,300
178094,1,300
178305,1,300
178738,1,300
178922,1,300
178964,1,300
179906,1,300
179965,1,300
180178,1,300
180346,1,300
180513,1,300
181047,1,300
181236,1,300
182137,1,300
182503,1,300
182569,1,300
182604,1,300
183080,1,300
183141,1,300
183148,1,300
183174,1,300
183288,1,300
183713,1,300
183808,1,300
184032,1,300
184050,1,300
184288,1,300
184406,1,300
184410,1,300
185065,1,300
185078,1,300
185080,1,300
186235,1,300
186412,1,300
187023,1,300
187110,1,300
187145,1,300
188005,1,300
188238,1,300
188298,1,300
188358,1,300
188467,1,300
188501,1,300
188574,1,300
188675,1,300
188732,1,300
188821,1,300
188860,1,300
189026,1,300
189155,1,300
189331,1,300
189374,1,300
189397,1,300
190178,1,300
190300,1,300
190504,1,300
190642,1,300
190793,1,300
191090,1,300
191365,1,300
191433,1,300
191457,1,300
191565,1,300
191698,1,300
192082,1,300
192255,1,300
192627,1,300
192698,1,300
193013,1,300
193132,1,300
193205,1,300
193290,1,300
194018,1,300
194117,1,300
194284,1,300
194549,1,300
194607,1,300
195030,1,300
195258,1,300
195259,1,300
195507,1,300
195604,1,300
196117,1,300
196458,1,300
197025,1,300
197045,1,300
197350,1,300
197847,1,300
198180,1,300
198418,1,300
199160,1,300
199724,1,300
199869,1,300
199881,1,300
199981,1,300
200006,1,300
200019,1,300
200221,1,300
200225,1,300
200299,1,300
200347,1,300
200425,1,300
200581,1,300
200665,1,300
200665,1,300
200720,1,300
200900,1,300
200921,1,300
200928,1,300
200929,1,300
201079,1,300
201222,1,300
201669,1,300
201731,1,300
202196,1,300
202411,1,300
202533,1,300
202647,1,300
202771,1,300
202924,1,300
202969,1,300
203375,1,300
203655,1,300
203695,1,300
203728,1,300
203973,1,300
204181,1,300
204302,1,300
204328,1,300
204438,1,300
204524,1,300
204598,1,300
204774,1,300
205012,1,300
205157,1,300
205358,1,300
205382,1,300
205557,1,300
205642,1,300
206019,1,300
206180,1,300
206319,1,300
206472,1,300
206635,1,300
206930,1,300
207014,1,300
207042,1,300
207203,1,300
207299,1,300
207410,1,300
207637,1,300
207696,1,300
208390,1,300
208720,1,300
208909,1,300
209159,1,300
209189,1,300
209246,1,300
209365,1,300
210786,1,300
211033,1,300
211237,1,300
211341,1,300
211341,1,300
211398,1,300
211451,1,300
211566,1,300
211664,1,300
212056,1,300
212137,1,300
212160,1,300
212212,1,300
212226,1,300
212291,1,300
212421,1,300
212492,1,300
212518,1,300
212547,1,300
212712,1,300
213014,1,300
213022,1,300
213114,1,300
213237,1,300
213252,1,300
213287,1,300
213872,1,300
213933,1,300
214025,1,300
214051,1,300
214069,1,300
214080,1,300
214100,1,300
214229,1,300
214253,1,300
214347,1,300
214385,1,300
215021,1,300
215028,1,300
215056,1,300
215298,1,300
215316,1,300
215395,1,300
216005,1,300
216252,1,300
216333,1,300
216402,1,300
216419,1,300
216438,1,300
217027,1,300
217146,1,300
217181,1,300
217354,1,300
217373,1,300
217521,1,300
218150,1,300
218317,1,300
218388,1,300
218582,1,300
218724,1,300
218861,1,300
218878,1,300
219008,1,300
219027,1,300
219168,1,300
219195,1,300
219425,1,300
219469,1,300
219475,1,300
219532,1,300
220456,1,300
220458,1,300
220661,1,300
220859,1,300
220885,1,300
221052,1,300
221088,1,300
221097,1,300
221139,1,300
221240,1,300
221344,1,300
221351,1,300
222029,1,300
222043,1,300
222222,1,300
222256,1,300
222258,1,300
222263,1,300
223592,1,300
223755,1,300
224139,1,300
224182,1,300
224205,1,300
224244,1,300
224313,1,300
224413,1,300
224427,1,300
224433,1,300
224441,1,300
224452,1,300
224469,1,300
224518,1,300
224528,1,300
224575,1,300
224607,1,300
224635,1,300
224707,1,300
224776,1,300
224932,1,300
224950,1,300
224981,1,300
225035,1,300
225268,1,300
225341,1,300
225354,1,300
225362,1,300
225375,1,300
225379,1,300
225487,1,300
225564,1,300
225617,1,300
225724,1,300
225746,1,300
225835,1,300
226078,1,300
226106,1,300
226166,1,300
226169,1,300
226300,1,300
226342,1,300
226386,1,300
226397,1,300
226426,1,300
226440,1,300
226527,1,300
226609,1,300
227078,1,300
227117,1,300
227342,1,300
227404,1,300
227447,1,300
227572,1,300
227574,1,300
227630,1,300
227646,1,300
227656,1,300
227723,1,300
227770,1,300
228099,1,300
228300,1,300
228345,1,300
228500,1,300
228575,1,300
228632,1,300
228679,1,300
228834,1,300
228845,1,300
228946,1,300
229011,1,300
229058,1,300
229304,1,300
229376,1,300
229577,1,300
229657,1,300
229780,1,300
229880,1,300
229895,1,300
229923,1,300
229941,1,300
229951,1,300
229996,1,300
230032,1,300
230090,1,300
230230,1,300
230300,1,300
230314,1,300
230335,1,300
230344,1,300
230386,1,300
230391,1,300
230448,1,300
230467,1,300
230487,1,300
230547,1,300
231030,1,300
231141,1,300
231163,1,300
231438,1,300
231621,1,300
231680,1,300
231690,1,300
231729,1,300
231994,1,300
232019,1,300
232038,1,300
232201,1,300
232394,1,300
232603,1,300
232818,1,300
233011,1,300
233130,1,300
233164,1,300
233181,1,300
233238,1,300
233250,1,300
233293,1,300
233317,1,300
233432,1,300
233438,1,300
233438,1,300
233528,1,300
233656,1,300
233668,1,300
233732,1,300
234115,1,300
234132,1,300
234240,1,300
234323,1,300
234440,1,300
234478,1,300
234480,1,300
234502,1,300
234579,1,300
234585,1,300
234979,1,300
235040,1,300
235143,1,300
235210,1,300
235247,1,300
235344,1,300
235623,1,300
235805,1,300
235845,1,300
235894,1,300
236023,1,300
236052,1,300
236061,1,300
236118,1,300
236137,1,300
236156,1,300
236182,1,300
236217,1,300
236240,1,300
236245,1,300
236497,1,300
236519,1,300
236537,1,300
236556,1,300
236607,1,300
236643,1,300
236653,1,300
236732,1,300
236849,1,300
236881,1,300
236890,1,300
237085,1,300
237109,1,300
237139,1,300
237216,1,300
237277,1,300
237406,1,300
237419,1,300
237431,1,300
237444,1,300
237795,1,300
238015,1,300
238030,1,300
238121,1,300
238244,1,300
238315,1,300
238357,1,300
238444,1,300
238592,1,300
238727,1,300
238855,1,300
238869,1,300
238980,1,300
239066,1,300
239199,1,300
239262,1,300
239298,1,300
239303,1,300
239400,1,300
239432,1,300
239436,1,300
239452,1,300
239465,1,300
239527,1,300
239572,1,300
239590,1,300
239623,1,300
239649,1,300
239742,1,300
239821,1,300
240345,1,300
240361,1,300
240567,1,300
240591,1,300
240642,1,300
240652,1,300
240707,1,300
241110,1,300
241177,1,300
241247,1,300
241254,1,300
241408,1,300
241424,1,300
241480,1,300
241552,1,300
241580,1,300
241637,1,300
241741,1,300
241934,1,300
241955,1,300
242072,1,300
242139,1,300
242149,1,300
242227,1,300
242243,1,300
242276,1,300
242334,1,300
242369,1,300
242407,1,300
242422,1,300
242482,1,300
242498,1,300
242519,1,300
242535,1,300
242877,1,300
242987,1,300
242996,1,300
243039,1,300
243091,1,300
243103,1,300
243138,1,300
243552,1,300
243569,1,300
243586,1,300
243876,1,300
243882,1,300
243932,1,300
243958,1,300
243991,1,300
244076,1,300
244087,1,300
244097,1,300
244116,1,300
244149,1,300
244165,1,300
244312,1,300
244348,1,300
244412,1,300
244444,1,300
244644,1,300
244681,1,300
245030,1,300
245091,1,300
245297,1,300
245309,1,300
245431,1,300
245647,1,300
245670,1,300
245757,1,300
245858,1,300
245864,1,300
245883,1,300
246049,1,300
246053,1,300
246142,1,300
246181,1,300
246496,1,300
246563,1,300
246598,1,300
246605,1,300
246611,1,300
246923,1,300
247153,1,300
247186,1,300
247439,1,300
247896,1,300
247904,1,300
248025,1,300
248076,1,300
248081,1,300
248081,1,300
248177,1,300
248189,1,300
248201,1,300
248228,1,300
248272,1,300
248366,1,300
248387,1,300
248425,1,300
248449,1,300
248780,1,300
248788,1,300
248820,1,300
248889,1,300
248990,1,300
249035,1,300
249366,1,300
249495,1,300
249497,1,300
249896,1,300
250041,1,300
250051,1,300
250053,1,300
250053,1,300
250053,1,300
250140,1,300
250186,1,300
250198,1,300
250264,1,300
250415,1,300
250451,1,300
250682,1,300
250745,1,300
250840,1,300
251024,1,300
251093,1,300
251251,1,300
251476,1,300
251641,1,300
251690,1,300
252021,1,300
252032,1,300
252208,1,300
252253,1,300
252275,1,300
252301,1,300
252301,1,300
252356,1,300
252367,1,300
252453,1,300
252461,1,300
252549,1,300
252610,1,300
252718,1,300
253002,1,300
253012,1,300
253056,1,300
253163,1,300
253197,1,300
253385,1,300
253463,1,300
253482,1,300
253535,1,300
253597,1,300
253693,1,300
254011,1,300
254073,1,300
254107,1,300
254131,1,300
254228,1,300
254378,1,300
254613,1,300
254977,1,300
254978,1,300
255086,1,300
255089,1,300
255140,1,300
255153,1,300
255161,1,300
255180,1,300
255202,1,300
255219,1,300
255319,1,300
255355,1,300
255374,1,300
255450,1,300
255466,1,300
256050,1,300
256189,1,300
256381,1,300
256555,1,300
256704,1,300
256763,1,300
257128,1,300
257194,1,300
257210,1,300
257218,1,300
257329,1,300
257454,1,300
257471,1,300
257483,1,300
257598,1,300
257599,1,300
257750,1,300
257808,1,300
258029,1,300
258103,1,300
258344,1,300
258396,1,300
258622,1,300
258710,1,300
258714,1,300
258957,1,300
259041,1,300
259228,1,300
259387,1,300
259475,1,300
259488,1,300
259492,1,300
259687,1,300
259926,1,300
260035,1,300
260045,1,300
260197,1,300
260343,1,300
260389,1,300
260412,1,300
260556,1,300
260668,1,300
260893,1,300
260904,1,300
261054,1,300
261070,1,300
261114,1,300
261247,1,300
261349,1,300
261468,1,300
261519,1,300
261887,1,300
261953,1,300
261981,1,300
262135,1,300
262323,1,300
262408,1,300
262414,1,300
262506,1,300
262626,1,300
262650,1,300
262716,1,300
263037,1,300
263153,1,300
263259,1,300
263260,1,300
263540,1,300
263548,1,300
263558,1,300
264121,1,300
264299,1,300
264755,1,300
264820,1,300
264864,1,300
265047,1,300
265130,1,300
265550,1,300
265778,1,300
265883,1,300
265918,1,300
266007,1,300
266233,1,300
266257,1,300
266317,1,300
266456,1,300
267033,1,300
267472,1,300
267627,1,300
267659,1,300
267673,1,300
268209,1,300
268252,1,300
268532,1,300
268715,1,300
269005,1,300
269816,1,300
269861,1,300
270030,1,300
270043,1,300
270346,1,300
270407,1,300
271122,1,300
272148,1,300
272879,1,300
273979,1,300
274147,1,300
274253,1,300
274291,1,300
274363,1,300
274372,1,300
274376,1,300
274454,1,300
274834,1,300
275072,1,300
275103,1,300
275108,1,300
275311,1,300
276077,1,300
276898,1,300
277024,1,300
278192,1,300
279080,1,300
279142,1,300
279175,1,300
280040,1,300
280527,1,300
280535,1,300
281002,1,300
281709,1,300
282298,1,300
282302,1,300
282342,1,300
282554,1,300
282697,1,300
282748,1,300
282897,1,300
283053,1,300
283067,1,300
283099,1,300
283220,1,300
283346,1,300
283733,1,300
284034,1,300
284071,1,300
284159,1,300
284197,1,300
284474,1,300
285102,1,300
285156,1,300
285439,1,300
286627,1,300
287243,1,300
287318,1,300
288127,1,300
288180,1,300
288198,1,300
288243,1,300
288486,1,300
289002,1,300
289031,1,300
289134,1,300
289353,1,300
