427,1,300
482,1,300
862,1,300
884,1,300
966,1,300
984,1,300
996,1,300
1008,1,300
1057,1,300
1082,1,300
1203,1,300
1359,1,300
1762,1,300
1969,1,300
2000,1,300
2006,1,300
2048,1,300
2380,1,300
2500,1,300
2606,1,300
2645,1,300
3030,1,300
3141,1,300
3303,1,300
3673,1,300
3785,1,300
3860,1,300
4037,1,300
4365,1,300
4386,1,300
4434,1,300
4438,1,300
4812,1,300
4838,1,300
5029,1,300
5209,1,300
5249,1,300
5260,1,300
5421,1,300
5508,1,300
5527,1,300
5587,1,300
6110,1,300
6117,1,300
6348,1,300
6389,1,300
6628,1,300
6768,1,300
7604,1,300
8007,1,300
8012,1,300
8022,1,300
8057,1,300
8135,1,300
8267,1,300
8284,1,300
8330,1,300
8433,1,300
8474,1,300
9000,1,300
9040,1,300
9084,1,300
9108,1,300
9114,1,300
9251,1,300
9326,1,300
9334,1,300
9368,1,300
9451,1,300
9523,1,300
9538,1,300
9645,1,300
9668,1,300
9877,1,300
9941,1,300
10005,1,300
10021,1,300
10061,1,300
10083,1,300
10339,1,300
10373,1,300
10409,1,300
10418,1,300
10604,1,300
10614,1,300
11086,1,300
11126,1,300
11245,1,300
11277,1,300
11543,1,300
11599,1,300
11834,1,300
11929,1,300
12058,1,300
12149,1,300
12152,1,300
12212,1,300
12484,1,300
12546,1,300
12850,1,300
13101,1,300
13104,1,300
13140,1,300
13157,1,300
13311,1,300
13486,1,300
13558,1,300
13606,1,300
14125,1,300
14209,1,300
14252,1,300
14269,1,300
14341,1,300
14356,1,300
14359,1,300
14403,1,300
14426,1,300
14580,1,300
14581,1,300
14646,1,300
14657,1,300
15050,1,300
15069,1,300
15102,1,300
15103,1,300
15295,1,300
15300,1,300
15302,1,300
16383,1,300
16461,1,300
16551,1,300
16558,1,300
16753,1,300
16760,1,300
16760,1,300
17299,1,300
17902,1,300
18099,1,300
18243,1,300
18297,1,300
18528,1,300
18756,1,300
18855,1,300
19265,1,300
19328,1,300
19398,1,300
19517,1,300
20059,1,300
20075,1,300
20087,1,300
20125,1,300
20179,1,300
20267,1,300
20268,1,300
20292,1,300
20307,1,300
20348,1,300
20357,1,300
20397,1,300
20488,1,300
20553,1,300
20572,1,300
20782,1,300
20918,1,300
20927,1,300
20954,1,300
21063,1,300
21178,1,300
21274,1,300
21307,1,300
21405,1,300
21430,1,300
21919,1,300
21932,1,300
22119,1,300
22134,1,300
22156,1,300
22383,1,300
22437,1,300
22443,1,300
22527,1,300
22529,1,300
22566,1,300
22586,1,300
22627,1,300
22641,1,300
22702,1,300
23006,1,300
23295,1,300
23335,1,300
23564,1,300
23604,1,300
23606,1,300
23708,1,300
23735,1,300
23798,1,300
23840,1,300
23866,1,300
23923,1,300
24196,1,300
24430,1,300
24526,1,300
24830,1,300
25092,1,300
25214,1,300
25250,1,300
25286,1,300
25341,1,300
25454,1,300
25464,1,300
25491,1,300
25509,1,300
26047,1,300
26106,1,300
26129,1,300
26174,1,300
26249,1,300
26437,1,300
26519,1,300
26702,1,300
26850,1,300
27246,1,300
27344,1,300
27437,1,300
27483,1,300
27757,1,300
27765,1,300
27812,1,300
27821,1,300
27827,1,300
27829,1,300
28041,1,300
28353,1,300
28507,1,300
28521,1,300
28746,1,300
29085,1,300
29138,1,300
29155,1,300
29207,1,300
29217,1,300
29244,1,300
29265,1,300
29282,1,300
29324,1,300
30012,1,300
30092,1,300
30125,1,300
30146,1,300
30153,1,300
30415,1,300
30510,1,300
30610,1,300
30656,1,300
31238,1,300
31314,1,300
31630,1,300
32024,1,300
32030,1,300
32069,1,300
32116,1,300
32122,1,300
32178,1,300
32185,1,300
32190,1,300
32244,1,300
32267,1,300
32292,1,300
32351,1,300
32443,1,300
32514,1,300
32528,1,300
32557,1,300
32594,1,300
32595,1,300
32631,1,300
32634,1,300
32702,1,300
32708,1,300
32715,1,300
32722,1,300
32731,1,300
32737,1,300
32739,1,300
33042,1,300
33138,1,300
33171,1,300
33190,1,300
33276,1,300
33312,1,300
33313,1,300
33316,1,300
33413,1,300
33435,1,300
33566,1,300
33694,1,300
33711,1,300
33768,1,300
33782,1,300
34158,1,300
34253,1,300
34329,1,300
34379,1,300
34712,1,300
34743,1,300
34770,1,300
34814,1,300
34815,1,300
34844,1,300
34943,1,300
34952,1,300
35010,1,300
35074,1,300
35097,1,300
35193,1,300
35499,1,300
35550,1,300
35728,1,300
35847,1,300
35871,1,300
35928,1,300
35998,1,300
36031,1,300
36215,1,300
36270,1,300
36430,1,300
36533,1,300
36662,1,300
36691,1,300
36880,1,300
36975,1,300
37030,1,300
37219,1,300
37237,1,300
37249,1,300
37277,1,300
37279,1,300
37326,1,300
37519,1,300
37521,1,300
37635,1,300
37663,1,300
37724,1,300
37765,1,300
38058,1,300
38171,1,300
38207,1,300
38222,1,300
38470,1,300
38498,1,300
38555,1,300
38559,1,300
38575,1,300
38592,1,300
38646,1,300
38720,1,300
39208,1,300
39221,1,300
39302,1,300
39384,1,300
39404,1,300
39412,1,300
39478,1,300
39635,1,300
39667,1,300
39671,1,300
39722,1,300
39790,1,300
39855,1,300
39866,1,300
40068,1,300
40292,1,300
40332,1,300
40337,1,300
40573,1,300
40833,1,300
40867,1,300
40885,1,300
40922,1,300
41011,1,300
41090,1,300
41140,1,300
41169,1,300
41171,1,300
41207,1,300
41271,1,300
41347,1,300
41409,1,300
41461,1,300
41467,1,300
42188,1,300
42211,1,300
42286,1,300
42330,1,300
42333,1,300
42676,1,300
42706,1,300
42710,1,300
42712,1,300
42759,1,300
42774,1,300
43049,1,300
43051,1,300
43051,1,300
43054,1,300
43225,1,300
43293,1,300
43299,1,300
43587,1,300
43629,1,300
43732,1,300
43733,1,300
44047,1,300
44145,1,300
44149,1,300
44170,1,300
44215,1,300
44236,1,300
44271,1,300
44301,1,300
44364,1,300
44455,1,300
44510,1,300
44521,1,300
44571,1,300
44587,1,300
44595,1,300
44611,1,300
44612,1,300
44614,1,300
44645,1,300
44725,1,300
44729,1,300
44739,1,300
44777,1,300
44797,1,300
44815,1,300
44919,1,300
44945,1,300
44950,1,300
45017,1,300
45054,1,300
45105,1,300
45125,1,300
45206,1,300
45259,1,300
45299,1,300
45301,1,300
45322,1,300
45324,1,300
45351,1,300
45390,1,300
45449,1,300
45453,1,300
45462,1,300
45489,1,300
45600,1,300
45621,1,300
45757,1,300
45804,1,300
45841,1,300
45898,1,300
45899,1,300
45933,1,300
45937,1,300
46054,1,300
46068,1,300
46091,1,300
46224,1,300
46269,1,300
46315,1,300
46516,1,300
46604,1,300
46794,1,300
46842,1,300
46857,1,300
46874,1,300
46883,1,300
46885,1,300
46934,1,300
47016,1,300
47021,1,300
47025,1,300
47066,1,300
47135,1,300
47153,1,300
47156,1,300
47173,1,300
47193,1,300
47214,1,300
47228,1,300
47232,1,300
47281,1,300
47284,1,300
47305,1,300
47319,1,300
47348,1,300
47368,1,300
47424,1,300
47434,1,300
47456,1,300
47528,1,300
47567,1,300
47616,1,300
47638,1,300
47687,1,300
47767,1,300
47856,1,300
47992,1,300
48005,1,300
48013,1,300
48047,1,300
48056,1,300
48102,1,300
48114,1,300
48233,1,300
48288,1,300
48303,1,300
48316,1,300
48322,1,300
48329,1,300
48351,1,300
48389,1,300
48457,1,300
48505,1,300
48513,1,300
48602,1,300
48625,1,300
48647,1,300
48706,1,300
48753,1,300
48801,1,300
48834,1,300
49023,1,300
49066,1,300
49072,1,300
49097,1,300
49140,1,300
49154,1,300
49170,1,300
49189,1,300
49215,1,300
49286,1,300
49329,1,300
49413,1,300
49421,1,300
49451,1,300
49615,1,300
49760,1,300
49793,1,300
49824,1,300
49892,1,300
50012,1,300
50012,1,300
50088,1,300
50137,1,300
50142,1,300
50153,1,300
50204,1,300
50210,1,300
50250,1,300
50251,1,300
50252,1,300
50262,1,300
50264,1,300
50501,1,300
50541,1,300
50561,1,300
50566,1,300
50577,1,300
50593,1,300
50605,1,300
50670,1,300
50703,1,300
50772,1,300
50796,1,300
50814,1,300
50850,1,300
50974,1,300
51030,1,300
51111,1,300
51237,1,300
51263,1,300
51303,1,300
51320,1,300
51376,1,300
51454,1,300
51626,1,300
51650,1,300
51657,1,300
51758,1,300
51768,1,300
51776,1,300
51823,1,300
51952,1,300
51967,1,300
52062,1,300
52086,1,300
52087,1,300
52112,1,300
52117,1,300
52123,1,300
52155,1,300
52155,1,300
52179,1,300
52197,1,300
52281,1,300
52288,1,300
52301,1,300
52368,1,300
52585,1,300
52603,1,300
52649,1,300
52678,1,300
52730,1,300
52789,1,300
52813,1,300
52849,1,300
52852,1,300
52979,1,300
52981,1,300
53005,1,300
53156,1,300
53245,1,300
53295,1,300
53338,1,300
53382,1,300
53441,1,300
53605,1,300
53640,1,300
53665,1,300
53737,1,300
53776,1,300
53813,1,300
53835,1,300
53855,1,300
53950,1,300
54008,1,300
54010,1,300
54028,1,300
54084,1,300
54123,1,300
54139,1,300
54185,1,300
54193,1,300
54198,1,300
54233,1,300
54246,1,300
54400,1,300
54468,1,300
54487,1,300
54569,1,300
54609,1,300
54692,1,300
54736,1,300
54756,1,300
54770,1,300
54836,1,300
54843,1,300
54901,1,300
54924,1,300
55052,1,300
55080,1,300
55136,1,300
55152,1,300
55158,1,300
55202,1,300
55238,1,300
55260,1,300
55321,1,300
55402,1,300
55436,1,300
55474,1,300
55515,1,300
55541,1,300
55572,1,300
55646,1,300
55754,1,300
55803,1,300
55841,1,300
56013,1,300
56029,1,300
56029,1,300
56035,1,300
56073,1,300
56088,1,300
56101,1,300
56123,1,300
56126,1,300
56145,1,300
56209,1,300
56230,1,300
56239,1,300
56250,1,300
56285,1,300
56338,1,300
56349,1,300
56391,1,300
56409,1,300
56446,1,300
56522,1,300
56534,1,300
56538,1,300
56544,1,300
56556,1,300
56564,1,300
56570,1,300
56574,1,300
56636,1,300
56645,1,300
56689,1,300
56716,1,300
56740,1,300
56748,1,300
56751,1,300
56752,1,300
56764,1,300
56801,1,300
56809,1,300
56812,1,300
56820,1,300
57003,1,300
57188,1,300
57226,1,300
57244,1,300
57264,1,300
57344,1,300
57347,1,300
57367,1,300
57367,1,300
57387,1,300
57440,1,300
57458,1,300
57516,1,300
57527,1,300
57531,1,300
57684,1,300
57728,1,300
57764,1,300
57778,1,300
57794,1,300
57797,1,300
57804,1,300
57808,1,300
57811,1,300
57844,1,300
57933,1,300
57948,1,300
58018,1,300
58036,1,300
58037,1,300
58053,1,300
58066,1,300
58068,1,300
58110,1,300
58139,1,300
58142,1,300
58170,1,300
58170,1,300
58202,1,300
58269,1,300
58321,1,300
58343,1,300
58354,1,300
58355,1,300
58364,1,300
58392,1,300
58508,1,300
58522,1,300
58575,1,300
58625,1,300
58649,1,300
58704,1,300
58762,1,300
58779,1,300
58804,1,300
58805,1,300
58818,1,300
58848,1,300
58852,1,300
58865,1,300
58896,1,300
59006,1,300
59018,1,300
59021,1,300
59173,1,300
59188,1,300
59209,1,300
59209,1,300
59210,1,300
59267,1,300
59296,1,300
59328,1,300
59379,1,300
59408,1,300
59549,1,300
59558,1,300
59618,1,300
59657,1,300
59679,1,300
59684,1,300
59701,1,300
59709,1,300
59791,1,300
59816,1,300
59918,1,300
59947,1,300
60000,1,300
60006,1,300
60056,1,300
60063,1,300
60073,1,300
60104,1,300
60216,1,300
60364,1,300
60405,1,300
60407,1,300
60412,1,300
60474,1,300
60495,1,300
60499,1,300
60551,1,300
60562,1,300
60580,1,300
60625,1,300
60670,1,300
60681,1,300
60692,1,300
60715,1,300
60732,1,300
60738,1,300
60740,1,300
60765,1,300
60772,1,300
60814,1,300
60825,1,300
60905,1,300
60910,1,300
60921,1,300
60961,1,300
61014,1,300
61024,1,300
61027,1,300
61051,1,300
61225,1,300
61237,1,300
61243,1,300
61252,1,300
61347,1,300
61358,1,300
61367,1,300
61390,1,300
61394,1,300
61460,1,300
61478,1,300
61575,1,300
61591,1,300
61629,1,300
61675,1,300
61692,1,300
61705,1,300
61708,1,300
61715,1,300
61730,1,300
61733,1,300
61782,1,300
61833,1,300
61842,1,300
61892,1,300
61956,1,300
62008,1,300
62065,1,300
62102,1,300
62153,1,300
62165,1,300
62230,1,300
62298,1,300
62302,1,300
62407,1,300
62418,1,300
62430,1,300
62518,1,300
62526,1,300
62565,1,300
62627,1,300
62704,1,300
62715,1,300
62788,1,300
62798,1,300
62847,1,300
62854,1,300
62875,1,300
62878,1,300
62896,1,300
62902,1,300
62947,1,300
63025,1,300
63045,1,300
63050,1,300
63079,1,300
63117,1,300
63119,1,300
63144,1,300
63211,1,300
63239,1,300
63268,1,300
63421,1,300
63436,1,300
63449,1,300
63450,1,300
63503,1,300
63546,1,300
63633,1,300
63643,1,300
63674,1,300
63690,1,300
63695,1,300
63730,1,300
63737,1,300
63826,1,300
63857,1,300
63878,1,300
63889,1,300
63937,1,300
63946,1,300
63982,1,300
63982,1,300
64026,1,300
64026,1,300
64088,1,300
64103,1,300
64160,1,300
64222,1,300
64289,1,300
64365,1,300
64398,1,300
64438,1,300
64439,1,300
64473,1,300
64533,1,300
64555,1,300
64557,1,300
64615,1,300
64736,1,300
64738,1,300
64782,1,300
64816,1,300
64969,1,300
64994,1,300
64996,1,300
64997,1,300
65007,1,300
65021,1,300
65023,1,300
65050,1,300
65064,1,300
65086,1,300
65103,1,300
65107,1,300
65128,1,300
65141,1,300
65143,1,300
65157,1,300
65167,1,300
65176,1,300
65212,1,300
65249,1,300
65402,1,300
65479,1,300
65489,1,300
65559,1,300
65627,1,300
65665,1,300
65667,1,300
65763,1,300
65842,1,300
65884,1,300
65925,1,300
65940,1,300
65953,1,300
65974,1,300
66012,1,300
66026,1,300
66030,1,300
66085,1,300
66088,1,300
66120,1,300
66142,1,300
66145,1,300
66166,1,300
66357,1,300
66361,1,300
66427,1,300
66477,1,300
66530,1,300
66549,1,300
66564,1,300
66573,1,300
66595,1,300
66632,1,300
66686,1,300
66754,1,300
66774,1,300
66782,1,300
66808,1,300
66822,1,300
66933,1,300
66955,1,300
66993,1,300
67002,1,300
67002,1,300
67025,1,300
67028,1,300
67045,1,300
67098,1,300
67102,1,300
67110,1,300
67137,1,300
67159,1,300
67167,1,300
67174,1,300
67179,1,300
67180,1,300
67187,1,300
67200,1,300
67209,1,300
67217,1,300
67224,1,300
67232,1,300
67233,1,300
67243,1,300
67256,1,300
67259,1,300
67295,1,300
67309,1,300
67355,1,300
67358,1,300
67386,1,300
67425,1,300
67461,1,300
67467,1,300
67471,1,300
67475,1,300
67511,1,300
67523,1,300
67526,1,300
67608,1,300
67652,1,300
68010,1,300
68021,1,300
68043,1,300
68059,1,300
68068,1,300
68078,1,300
68095,1,300
68115,1,300
68151,1,300
68151,1,300
68210,1,300
68213,1,300
68216,1,300
68241,1,300
68254,1,300
68257,1,300
68258,1,300
68330,1,300
68332,1,300
68383,1,300
68390,1,300
68395,1,300
68409,1,300
68427,1,300
68437,1,300
68486,1,300
68519,1,300
68550,1,300
68551,1,300
68559,1,300
68598,1,300
68599,1,300
68676,1,300
68698,1,300
68729,1,300
68737,1,300
68767,1,300
68770,1,300
68777,1,300
68780,1,300
68805,1,300
68826,1,300
68831,1,300
68851,1,300
68934,1,300
68971,1,300
68997,1,300
69007,1,300
69026,1,300
69029,1,300
69041,1,300
69053,1,300
69058,1,300
69062,1,300
69101,1,300
69107,1,300
69123,1,300
69144,1,300
69186,1,300
69202,1,300
69204,1,300
69214,1,300
69230,1,300
69263,1,300
69267,1,300
69286,1,300
69320,1,300
69369,1,300
69403,1,300
69410,1,300
69413,1,300
69445,1,300
69448,1,300
69472,1,300
69474,1,300
69529,1,300
69535,1,300
69552,1,300
69602,1,300
69622,1,300
69678,1,300
69680,1,300
69750,1,300
69766,1,300
69773,1,300
69774,1,300
69775,1,300
69814,1,300
69851,1,300
69852,1,300
69883,1,300
69894,1,300
69909,1,300
69927,1,300
69935,1,300
69949,1,300
69960,1,300
69962,1,300
69998,1,300
70073,1,300
70105,1,300
70124,1,300
70157,1,300
70166,1,300
70255,1,300
70298,1,300
70322,1,300
70348,1,300
70374,1,300
70413,1,300
70418,1,300
70446,1,300
70456,1,300
70460,1,300
70485,1,300
70517,1,300
70530,1,300
70559,1,300
70559,1,300
70574,1,300
70635,1,300
70648,1,300
70680,1,300
70688,1,300
70714,1,300
70799,1,300
70887,1,300
70906,1,300
70952,1,300
70974,1,300
70984,1,300
71005,1,300
71034,1,300
71039,1,300
71041,1,300
71041,1,300
71048,1,300
71064,1,300
71068,1,300
71105,1,300
71107,1,300
71118,1,300
71123,1,300
71154,1,300
71162,1,300
71164,1,300
71194,1,300
71195,1,300
71211,1,300
71231,1,300
71254,1,300
71275,1,300
71330,1,300
71333,1,300
71338,1,300
71340,1,300
71384,1,300
71398,1,300
71399,1,300
71401,1,300
71432,1,300
71442,1,300
71476,1,300
71494,1,300
71552,1,300
71552,1,300
71624,1,300
71629,1,300
71643,1,300
71668,1,300
71682,1,300
71693,1,300
71731,1,300
71734,1,300
71759,1,300
71803,1,300
71917,1,300
71925,1,300
72009,1,300
72013,1,300
72035,1,300
72038,1,300
72040,1,300
72045,1,300
72058,1,300
72071,1,300
72101,1,300
72102,1,300
72107,1,300
72120,1,300
72133,1,300
72138,1,300
72138,1,300
72140,1,300
72140,1,300
72152,1,300
72166,1,300
72182,1,300
72194,1,300
72196,1,300
72200,1,300
72242,1,300
72268,1,300
72283,1,300
72291,1,300
72315,1,300
72351,1,300
72355,1,300
72389,1,300
72406,1,300
72427,1,300
72455,1,300
72478,1,300
72485,1,300
72488,1,300
72498,1,300
72520,1,300
72609,1,300
72623,1,300
72626,1,300
72634,1,300
72639,1,300
72644,1,300
72711,1,300
72727,1,300
72752,1,300
73006,1,300
73039,1,300
73042,1,300
73074,1,300
73102,1,300
73127,1,300
73153,1,300
73155,1,300
73173,1,300
73177,1,300
73207,1,300
73234,1,300
73254,1,300
73266,1,300
73280,1,300
73291,1,300
73292,1,300
73305,1,300
73320,1,300
73336,1,300
73372,1,300
73391,1,300
73479,1,300
73507,1,300
73509,1,300
73544,1,300
73545,1,300
73580,1,300
73620,1,300
73625,1,300
73628,1,300
73650,1,300
73656,1,300
73665,1,300
73666,1,300
73680,1,300
73683,1,300
73697,1,300
73709,1,300
73743,1,300
73744,1,300
73804,1,300
73832,1,300
74024,1,300
74119,1,300
74140,1,300
74141,1,300
74150,1,300
74180,1,300
74183,1,300
74226,1,300
74235,1,300
74238,1,300
74270,1,300
74280,1,300
74285,1,300
74406,1,300
74465,1,300
74477,1,300
74489,1,300
74506,1,300
74508,1,300
74537,1,300
74539,1,300
74567,1,300
74573,1,300
74587,1,300
74604,1,300
74649,1,300
74653,1,300
74685,1,300
74737,1,300
74760,1,300
74771,1,300
74829,1,300
74863,1,300
74868,1,300
74870,1,300
74881,1,300
74912,1,300
74916,1,300
74948,1,300
75021,1,300
75028,1,300
75034,1,300
75047,1,300
75049,1,300
75068,1,300
75085,1,300
75091,1,300
75091,1,300
75107,1,300
75143,1,300
75161,1,300
75163,1,300
75180,1,300
75189,1,300
75247,1,300
75251,1,300
75276,1,300
75280,1,300
75286,1,300
75301,1,300
75352,1,300
75357,1,300
75369,1,300
75389,1,300
75399,1,300
75430,1,300
75458,1,300
75462,1,300
75485,1,300
75499,1,300
75528,1,300
75580,1,300
75590,1,300
75602,1,300
75604,1,300
75645,1,300
75645,1,300
75664,1,300
75668,1,300
75683,1,300
75686,1,300
75702,1,300
75706,1,300
76004,1,300
76006,1,300
76041,1,300
76050,1,300
76102,1,300
76115,1,300
76142,1,300
76154,1,300
76167,1,300
76180,1,300
76190,1,300
76195,1,300
76272,1,300
76286,1,300
76299,1,300
76307,1,300
76310,1,300
76326,1,300
76340,1,300
76350,1,300
76358,1,300
76372,1,300
76374,1,300
76376,1,300
76408,1,300
76412,1,300
76427,1,300
76431,1,300
76458,1,300
76493,1,300
76589,1,300
76603,1,300
76620,1,300
76623,1,300
76657,1,300
76659,1,300
76686,1,300
76727,1,300
76727,1,300
76748,1,300
76754,1,300
77003,1,300
77006,1,300
77039,1,300
77040,1,300
77066,1,300
77081,1,300
77097,1,300
77116,1,300
77139,1,300
77140,1,300
77215,1,300
77236,1,300
77242,1,300
77250,1,300
77253,1,300
77283,1,300
77300,1,300
77308,1,300
77330,1,300
77339,1,300
77350,1,300
77379,1,300
77431,1,300
77467,1,300
77512,1,300
77530,1,300
77552,1,300
77657,1,300
77674,1,300
77723,1,300
77797,1,300
77824,1,300
77842,1,300
77853,1,300
77872,1,300
77897,1,300
77908,1,300
77934,1,300
77969,1,300
77978,1,300
78004,1,300
78006,1,300
78067,1,300
78082,1,300
78084,1,300
78102,1,300
78137,1,300
78142,1,300
78160,1,300
78179,1,300
78225,1,300
78243,1,300
78317,1,300
78326,1,300
78352,1,300
78372,1,300
78373,1,300
78427,1,300
78514,1,300
78582,1,300
78585,1,300
78601,1,300
78669,1,300
78676,1,300
78677,1,300
78685,1,300
78687,1,300
78687,1,300
78743,1,300
78752,1,300
78761,1,300
78773,1,300
78775,1,300
78846,1,300
78887,1,300
78937,1,300
78988,1,300
79005,1,300
79010,1,300
79011,1,300
79027,1,300
79058,1,300
79091,1,300
79105,1,300
79106,1,300
79108,1,300
79129,1,300
79180,1,300
79215,1,300
79340,1,300
79355,1,300
79384,1,300
79435,1,300
79441,1,300
79448,1,300
79486,1,300
79494,1,300
79508,1,300
79509,1,300
79521,1,300
79535,1,300
79556,1,300
79676,1,300
79681,1,300
79691,1,300
79701,1,300
79834,1,300
79894,1,300
79923,1,300
79942,1,300
79980,1,300
79999,1,300
80000,1,300
80029,1,300
80031,1,300
80035,1,300
80041,1,300
80060,1,300
80064,1,300
80065,1,300
80086,1,300
80110,1,300
80113,1,300
80114,1,300
80140,1,300
80141,1,300
80141,1,300
80153,1,300
80156,1,300
80171,1,300
80178,1,300
80209,1,300
80227,1,300
80229,1,300
80238,1,300
80263,1,300
80281,1,300
80308,1,300
80320,1,300
80335,1,300
80403,1,300
80410,1,300
80485,1,300
80564,1,300
80594,1,300
80630,1,300
80658,1,300
80692,1,300
80702,1,300
80712,1,300
80718,1,300
80731,1,300
80734,1,300
80736,1,300
80746,1,300
80765,1,300
80793,1,300
80797,1,300
80813,1,300
80826,1,300
80841,1,300
80858,1,300
80872,1,300
80901,1,300
80944,1,300
80961,1,300
80964,1,300
80965,1,300
80968,1,300
80975,1,300
80985,1,300
81004,1,300
81009,1,300
81010,1,300
81012,1,300
81012,1,300
81040,1,300
81040,1,300
81044,1,300
81061,1,300
81100,1,300
81114,1,300
81136,1,300
81147,1,300
81207,1,300
81210,1,300
81227,1,300
81244,1,300
81266,1,300
81268,1,300
81292,1,300
81312,1,300
81331,1,300
81380,1,300
81447,1,300
81474,1,300
81479,1,300
81542,1,300
81587,1,300
81621,1,300
81647,1,300
81651,1,300
81684,1,300
81769,1,300
81796,1,300
81825,1,300
81833,1,300
81844,1,300
81864,1,300
81871,1,300
81875,1,300
81885,1,300
81903,1,300
81907,1,300
81910,1,300
81912,1,300
81936,1,300
81951,1,300
81957,1,300
81991,1,300
82011,1,300
82014,1,300
82025,1,300
82041,1,300
82041,1,300
82061,1,300
82067,1,300
82075,1,300
82082,1,300
82082,1,300
82110,1,300
82112,1,300
82114,1,300
82142,1,300
82151,1,300
82156,1,300
82191,1,300
82213,1,300
82213,1,300
82292,1,300
82300,1,300
82303,1,300
82309,1,300
82316,1,300
82376,1,300
82398,1,300
82402,1,300
82415,1,300
82418,1,300
82422,1,300
82436,1,300
82438,1,300
82450,1,300
82454,1,300
82493,1,300
82514,1,300
82520,1,300
82522,1,300
82536,1,300
82539,1,300
82549,1,300
82610,1,300
82653,1,300
82679,1,300
82699,1,300
82704,1,300
82725,1,300
82734,1,300
82741,1,300
82751,1,300
82754,1,300
82795,1,300
82836,1,300
82846,1,300
83051,1,300
83058,1,300
83070,1,300
83075,1,300
83088,1,300
83096,1,300
83203,1,300
83235,1,300
83242,1,300
83265,1,300
83298,1,300
83299,1,300
83316,1,300
83332,1,300
83346,1,300
83350,1,300
83366,1,300
83369,1,300
83372,1,300
83388,1,300
83483,1,300
83491,1,300
83553,1,300
83584,1,300
83623,1,300
83627,1,300
83629,1,300
83633,1,300
83647,1,300
83703,1,300
83708,1,300
83727,1,300
83731,1,300
83749,1,300
83751,1,300
83763,1,300
83792,1,300
83818,1,300
83830,1,300
83833,1,300
83938,1,300
83960,1,300
83981,1,300
84013,1,300
84027,1,300
84028,1,300
84035,1,300
84071,1,300
84086,1,300
84111,1,300
84129,1,300
84132,1,300
84136,1,300
84165,1,300
84213,1,300
84245,1,300
84261,1,300
84306,1,300
84312,1,300
84325,1,300
84349,1,300
84361,1,300
84371,1,300
84383,1,300
84393,1,300
84409,1,300
84434,1,300
84491,1,300
84494,1,300
84503,1,300
84549,1,300
84549,1,300
84580,1,300
84617,1,300
84620,1,300
84633,1,300
84679,1,300
84728,1,300
84751,1,300
84784,1,300
84797,1,300
84808,1,300
84824,1,300
84846,1,300
84898,1,300
84973,1,300
85006,1,300
85025,1,300
85066,1,300
85076,1,300
85097,1,300
85105,1,300
85112,1,300
85145,1,300
85151,1,300
85160,1,300
85173,1,300
85174,1,300
85177,1,300
85213,1,300
85243,1,300
85265,1,300
85302,1,300
85307,1,300
85319,1,300
85338,1,300
85356,1,300
85365,1,300
85369,1,300
85400,1,300
85428,1,300
85444,1,300
85465,1,300
85469,1,300
85478,1,300
85499,1,300
85558,1,300
85576,1,300
85596,1,300
85616,1,300
85648,1,300
85666,1,300
85677,1,300
85716,1,300
85749,1,300
85750,1,300
85762,1,300
85767,1,300
85781,1,300
85797,1,300
85808,1,300
85833,1,300
85850,1,300
85853,1,300
85866,1,300
85870,1,300
85872,1,300
85882,1,300
86007,1,300
86014,1,300
86021,1,300
86024,1,300
86028,1,300
86050,1,300
86054,1,300
86086,1,300
86132,1,300
86137,1,300
86151,1,300
86188,1,300
86241,1,300
86255,1,300
86258,1,300
86276,1,300
86285,1,300
86334,1,300
86396,1,300
86406,1,300
86414,1,300
86419,1,300
86429,1,300
86452,1,300
86489,1,300
86494,1,300
86511,1,300
86539,1,300
86551,1,300
86552,1,300
86558,1,300
86559,1,300
86567,1,300
86601,1,300
86635,1,300
86646,1,300
86652,1,300
86660,1,300
86681,1,300
86686,1,300
86705,1,300
86707,1,300
86736,1,300
86747,1,300
86777,1,300
86792,1,300
87019,1,300
87049,1,300
87099,1,300
87100,1,300
87109,1,300
87113,1,300
87143,1,300
87153,1,300
87208,1,300
87215,1,300
87241,1,300
87244,1,300
87254,1,300
87256,1,300
87260,1,300
87263,1,300
87277,1,300
87284,1,300
87297,1,300
87348,1,300
87359,1,300
87419,1,300
87451,1,300
87471,1,300
87495,1,300
87495,1,300
87497,1,300
87527,1,300
87531,1,300
87541,1,300
87564,1,300
87573,1,300
87595,1,300
87683,1,300
87704,1,300
87714,1,300
87719,1,300
87728,1,300
87747,1,300
87774,1,300
87813,1,300
87818,1,300
87838,1,300
87844,1,300
87891,1,300
87909,1,300
87937,1,300
88002,1,300
88010,1,300
88027,1,300
88116,1,300
88148,1,300
88150,1,300
88188,1,300
88227,1,300
88267,1,300
88285,1,300
88314,1,300
88327,1,300
88328,1,300
88339,1,300
88361,1,300
88366,1,300
88467,1,300
88488,1,300
88489,1,300
88496,1,300
88498,1,300
88508,1,300
88516,1,300
88548,1,300
88555,1,300
88556,1,300
88561,1,300
88563,1,300
88622,1,300
88636,1,300
88645,1,300
88670,1,300
88696,1,300
88713,1,300
88714,1,300
88736,1,300
88777,1,300
88780,1,300
88788,1,300
88850,1,300
88855,1,300
88970,1,300
89033,1,300
89035,1,300
89039,1,300
89044,1,300
89054,1,300
89059,1,300
89084,1,300
89085,1,300
89118,1,300
89151,1,300
89161,1,300
89184,1,300
89243,1,300
89253,1,300
89264,1,300
89292,1,300
89400,1,300
89413,1,300
89442,1,300
89448,1,300
89472,1,300
89476,1,300
89507,1,300
89513,1,300
89538,1,300
89542,1,300
89565,1,300
89571,1,300
89584,1,300
89585,1,300
89632,1,300
89636,1,300
89637,1,300
89670,1,300
89677,1,300
89682,1,300
89788,1,300
89811,1,300
89812,1,300
89837,1,300
89838,1,300
89846,1,300
89853,1,300
89878,1,300
89889,1,300
89906,1,300
90062,1,300
90075,1,300
90082,1,300
90084,1,300
90126,1,300
90162,1,300
90163,1,300
90230,1,300
90251,1,300
90260,1,300
90282,1,300
90286,1,300
90297,1,300
90363,1,300
90364,1,300
90388,1,300
90398,1,300
90479,1,300
90483,1,300
90532,1,300
90536,1,300
90567,1,300
90624,1,300
90653,1,300
90660,1,300
90670,1,300
90713,1,300
90720,1,300
90730,1,300
90732,1,300
90759,1,300
90789,1,300
90792,1,300
90809,1,300
90853,1,300
90853,1,300
90869,1,300
90882,1,300
90898,1,300
90909,1,300
90916,1,300
90927,1,300
90932,1,300
90944,1,300
90988,1,300
91009,1,300
91020,1,300
91022,1,300
91059,1,300
91078,1,300
91094,1,300
91096,1,300
91108,1,300
91129,1,300
91137,1,300
91148,1,300
91182,1,300
91235,1,300
91235,1,300
91240,1,300
91247,1,300
91261,1,300
91283,1,300
91297,1,300
91325,1,300
91338,1,300
91368,1,300
91374,1,300
91457,1,300
91533,1,300
91536,1,300
91543,1,300
91545,1,300
91554,1,300
91590,1,300
91595,1,300
91601,1,300
91612,1,300
91635,1,300
91648,1,300
91656,1,300
91688,1,300
91732,1,300
91753,1,300
91764,1,300
91793,1,300
91795,1,300
91810,1,300
92003,1,300
92013,1,300
92015,1,300
92024,1,300
92046,1,300
92059,1,300
92064,1,300
92064,1,300
92065,1,300
92072,1,300
92101,1,300
92102,1,300
92168,1,300
92171,1,300
92217,1,300
92224,1,300
92267,1,300
92277,1,300
92277,1,300
92296,1,300
92302,1,300
92304,1,300
92308,1,300
92324,1,300
92329,1,300
92331,1,300
92342,1,300
92374,1,300
92382,1,300
92392,1,300
92396,1,300
92397,1,300
92408,1,300
92412,1,300
92413,1,300
92454,1,300
92454,1,300
92471,1,300
92483,1,300
92489,1,300
92544,1,300
92554,1,300
92566,1,300
92568,1,300
92576,1,300
92576,1,300
92597,1,300
92614,1,300
92618,1,300
92624,1,300
92628,1,300
92632,1,300
92640,1,300
92646,1,300
92675,1,300
92680,1,300
92693,1,300
92695,1,300
92702,1,300
92728,1,300
92746,1,300
92753,1,300
92792,1,300
92796,1,300
92807,1,300
92828,1,300
92856,1,300
92868,1,300
92871,1,300
93063,1,300
93091,1,300
93110,1,300
93175,1,300
93200,1,300
93218,1,300
93247,1,300
93248,1,300
93256,1,300
93271,1,300
93283,1,300
93331,1,300
93335,1,300
93342,1,300
93367,1,300
93372,1,300
93407,1,300
93428,1,300
93435,1,300
93444,1,300
93455,1,300
93491,1,300
93497,1,300
93505,1,300
93517,1,300
93587,1,300
93596,1,300
93612,1,300
93613,1,300
93679,1,300
93684,1,300
93696,1,300
93704,1,300
93726,1,300
93733,1,300
93738,1,300
93745,1,300
93748,1,300
93764,1,300
93779,1,300
93818,1,300
93844,1,300
93879,1,300
93890,1,300
93921,1,300
93936,1,300
93937,1,300
93940,1,300
93947,1,300
93951,1,300
93995,1,300
94016,1,300
94032,1,300
94049,1,300
94079,1,300
94103,1,300
94107,1,300
94112,1,300
94120,1,300
94131,1,300
94137,1,300
94140,1,300
94144,1,300
94147,1,300
94172,1,300
94178,1,300
94179,1,300
94210,1,300
94248,1,300
94257,1,300
94276,1,300
94288,1,300
94289,1,300
94295,1,300
94353,1,300
94356,1,300
94392,1,300
94393,1,300
94435,1,300
94460,1,300
94515,1,300
94525,1,300
94526,1,300
94547,1,300
94555,1,300
94569,1,300
94588,1,300
94612,1,300
94664,1,300
94685,1,300
94698,1,300
94756,1,300
94784,1,300
94796,1,300
94804,1,300
94894,1,300
94934,1,300
94941,1,300
94959,1,300
94982,1,300
95006,1,300
95050,1,300
95060,1,300
95065,1,300
95068,1,300
95083,1,300
95167,1,300
95169,1,300
95177,1,300
95178,1,300
95197,1,300
95220,1,300
95292,1,300
95308,1,300
95326,1,300
95355,1,300
95377,1,300
95385,1,300
95391,1,300
95401,1,300
95416,1,300
95475,1,300
95486,1,300
95501,1,300
95522,1,300
95523,1,300
95531,1,300
95538,1,300
95598,1,300
95604,1,300
95614,1,300
95633,1,300
95649,1,300
95657,1,300
95670,1,300
95687,1,300
95705,1,300
95706,1,300
95714,1,300
95728,1,300
95755,1,300
95798,1,300
95834,1,300
95835,1,300
95856,1,300
95891,1,300
95900,1,300
95903,1,300
95904,1,300
96013,1,300
96048,1,300
96050,1,300
96054,1,300
96055,1,300
96106,1,300
96143,1,300
96148,1,300
96168,1,300
96243,1,300
96266,1,300
96280,1,300
96294,1,300
96323,1,300
96328,1,300
96357,1,300
96367,1,300
96376,1,300
96436,1,300
96443,1,300
96456,1,300
96482,1,300
96494,1,300
96500,1,300
96505,1,300
96526,1,300
96529,1,300
96566,1,300
96569,1,300
96582,1,300
96593,1,300
96616,1,300
96632,1,300
96665,1,300
96684,1,300
96694,1,300
96698,1,300
96707,1,300
96709,1,300
96724,1,300
96771,1,300
96806,1,300
96823,1,300
96833,1,300
96860,1,300
96912,1,300
97002,1,300
97018,1,300
97019,1,300
97029,1,300
97064,1,300
97081,1,300
97099,1,300
97114,1,300
97175,1,300
97191,1,300
97211,1,300
97222,1,300
97227,1,300
97232,1,300
97281,1,300
97288,1,300
97314,1,300
97314,1,300
97331,1,300
97334,1,300
97335,1,300
97356,1,300
97391,1,300
97416,1,300
97423,1,300
97510,1,300
97510,1,300
97530,1,300
97533,1,300
97540,1,300
97558,1,300
97612,1,300
97677,1,300
97685,1,300
97694,1,300
97695,1,300
97725,1,300
97726,1,300
97751,1,300
97773,1,300
97779,1,300
97784,1,300
97857,1,300
97895,1,300
97896,1,300
97937,1,300
98003,1,300
98011,1,300
98022,1,300
98028,1,300
98035,1,300
98083,1,300
98119,1,300
98141,1,300
98183,1,300
98227,1,300
98248,1,300
98267,1,300
98299,1,300
98306,1,300
98344,1,300
98348,1,300
98365,1,300
98382,1,300
98450,1,300
98465,1,300
98482,1,300
98482,1,300
98494,1,300
98503,1,300
98504,1,300
98520,1,300
98547,1,300
98585,1,300
98618,1,300
98627,1,300
98671,1,300
98673,1,300
98690,1,300
98691,1,300
98713,1,300
98742,1,300
98778,1,300
98778,1,300
98794,1,300
98801,1,300
98810,1,300
98904,1,300
98919,1,300
98935,1,300
98937,1,300
98994,1,300
99063,1,300
99097,1,300
99104,1,300
99152,1,300
99184,1,300
99184,1,300
99214,1,300
99214,1,300
99232,1,300
99237,1,300
99240,1,300
99290,1,300
99313,1,300
99354,1,300
99364,1,300
99368,1,300
99437,1,300
99481,1,300
99497,1,300
99503,1,300
99539,1,300
99540,1,300
99560,1,300
99585,1,300
99613,1,300
99618,1,300
99647,1,300
99657,1,300
99667,1,300
99686,1,300
99726,1,300
99772,1,300
99879,1,300
99908,1,300
99936,1,300
100001,1,300
100002,1,300
100002,1,300
100011,1,300
100022,1,300
100025,1,300
100045,1,300
100050,1,300
100060,1,300
100071,1,300
100073,1,300
100075,1,300
100079,1,300
100082,1,300
100114,1,300
100170,1,300
100199,1,300
100208,1,300
100216,1,300
100245,1,300
100265,1,300
100266,1,300
100276,1,300
100282,1,300
100291,1,300
100344,1,300
100353,1,300
100364,1,300
100385,1,300
100403,1,300
100477,1,300
100525,1,300
100531,1,300
100542,1,300
100559,1,300
100621,1,300
100706,1,300
100721,1,300
100739,1,300
100759,1,300
100769,1,300
100812,1,300
100834,1,300
100853,1,300
100895,1,300
100901,1,300
100905,1,300
100967,1,300
101006,1,300
101007,1,300
101019,1,300
101025,1,300
101037,1,300
101078,1,300
101110,1,300
101115,1,300
101118,1,300
101129,1,300
101133,1,300
101140,1,300
101143,1,300
101158,1,300
101181,1,300
101182,1,300
101193,1,300
101293,1,300
101299,1,300
101300,1,300
101309,1,300
101333,1,300
101374,1,300
101380,1,300
101386,1,300
101408,1,300
101449,1,300
101456,1,300
101458,1,300
101487,1,300
101487,1,300
101497,1,300
101627,1,300
101631,1,300
101682,1,300
101733,1,300
101784,1,300
101809,1,300
101877,1,300
101888,1,300
101893,1,300
101948,1,300
101972,1,300
101986,1,300
101988,1,300
102031,1,300
102037,1,300
102047,1,300
102057,1,300
102059,1,300
102065,1,300
102115,1,300
102129,1,300
102161,1,300
102202,1,300
102205,1,300
102224,1,300
102253,1,300
102268,1,300
102338,1,300
102347,1,300
102408,1,300
102412,1,300
102454,1,300
102457,1,300
102483,1,300
102507,1,300
102591,1,300
102607,1,300
102630,1,300
102642,1,300
102658,1,300
102683,1,300
102729,1,300
102763,1,300
102791,1,300
102820,1,300
102822,1,300
102841,1,300
102862,1,300
102871,1,300
102878,1,300
102916,1,300
102927,1,300
102966,1,300
102967,1,300
103036,1,300
103061,1,300
103098,1,300
103102,1,300
103112,1,300
103118,1,300
103123,1,300
103129,1,300
103132,1,300
103136,1,300
103158,1,300
103178,1,300
103178,1,300
103182,1,300
103198,1,300
103214,1,300
103228,1,300
103236,1,300
103271,1,300
103275,1,300
103292,1,300
103351,1,300
103382,1,300
103422,1,300
103441,1,300
103477,1,300
103491,1,300
103503,1,300
103601,1,300
103602,1,300
103609,1,300
103632,1,300
103665,1,300
103741,1,300
103743,1,300
103753,1,300
103755,1,300
103765,1,300
103767,1,300
103775,1,300
103835,1,300
103869,1,300
103871,1,300
104052,1,300
104089,1,300
104097,1,300
104098,1,300
104122,1,300
104130,1,300
104134,1,300
104147,1,300
104169,1,300
104202,1,300
104205,1,300
104207,1,300
104214,1,300
104238,1,300
104243,1,300
104248,1,300
104250,1,300
104254,1,300
104280,1,300
104281,1,300
104283,1,300
104294,1,300
104301,1,300
104302,1,300
104302,1,300
104368,1,300
104383,1,300
104391,1,300
104400,1,300
104401,1,300
104418,1,300
104432,1,300
104435,1,300
104451,1,300
104461,1,300
104482,1,300
104504,1,300
104545,1,300
104573,1,300
104581,1,300
104644,1,300
104645,1,300
104690,1,300
104702,1,300
104721,1,300
104762,1,300
104774,1,300
104775,1,300
104775,1,300
104787,1,300
105022,1,300
105071,1,300
105125,1,300
105129,1,300
105148,1,300
105156,1,300
105239,1,300
105283,1,300
105286,1,300
105315,1,300
105327,1,300
105362,1,300
105368,1,300
105382,1,300
105402,1,300
105413,1,300
105421,1,300
105502,1,300
105558,1,300
105628,1,300
105634,1,300
105639,1,300
105654,1,300
105659,1,300
105680,1,300
105740,1,300
105796,1,300
105802,1,300
105815,1,300
105837,1,300
105853,1,300
105859,1,300
105868,1,300
105887,1,300
105893,1,300
105897,1,300
105922,1,300
105992,1,300
106011,1,300
106016,1,300
106131,1,300
106159,1,300
106220,1,300
106307,1,300
106325,1,300
106325,1,300
106341,1,300
106347,1,300
106349,1,300
106351,1,300
106407,1,300
106414,1,300
106431,1,300
106435,1,300
106441,1,300
106449,1,300
106453,1,300
106465,1,300
106555,1,300
106594,1,300
106610,1,300
106642,1,300
106680,1,300
106691,1,300
106704,1,300
106709,1,300
106735,1,300
106767,1,300
106777,1,300
106780,1,300
106830,1,300
106905,1,300
106944,1,300
106949,1,300
106952,1,300
107020,1,300
107044,1,300
107051,1,300
107064,1,300
107133,1,300
107161,1,300
107175,1,300
107214,1,300
107216,1,300
107238,1,300
107256,1,300
107259,1,300
107266,1,300
107291,1,300
107322,1,300
107348,1,300
107388,1,300
107397,1,300
107410,1,300
107417,1,300
107518,1,300
107552,1,300
107557,1,300
107589,1,300
107607,1,300
107632,1,300
107652,1,300
107699,1,300
107757,1,300
107768,1,300
107785,1,300
107798,1,300
107813,1,300
107813,1,300
107845,1,300
108012,1,300
108033,1,300
108039,1,300
108044,1,300
108083,1,300
108127,1,300
108147,1,300
108173,1,300
108179,1,300
108181,1,300
108280,1,300
108313,1,300
108342,1,300
108358,1,300
108363,1,300
108373,1,300
108446,1,300
108499,1,300
108535,1,300
108631,1,300
108650,1,300
108711,1,300
108743,1,300
108765,1,300
108810,1,300
108814,1,300
108860,1,300
108922,1,300
108959,1,300
108993,1,300
109055,1,300
109060,1,300
109061,1,300
109085,1,300
109118,1,300
109132,1,300
109133,1,300
109149,1,300
109165,1,300
109171,1,300
109211,1,300
109234,1,300
109239,1,300
109243,1,300
109267,1,300
109275,1,300
109275,1,300
109331,1,300
109367,1,300
109405,1,300
109411,1,300
109475,1,300
109495,1,300
109508,1,300
109554,1,300
109556,1,300
109597,1,300
109622,1,300
109635,1,300
109643,1,300
109659,1,300
109732,1,300
109752,1,300
109754,1,300
109762,1,300
109768,1,300
109775,1,300
109777,1,300
109784,1,300
110069,1,300
110076,1,300
110109,1,300
110115,1,300
110135,1,300
110197,1,300
110206,1,300
110210,1,300
110248,1,300
110274,1,300
110328,1,300
110410,1,300
110424,1,300
110473,1,300
110495,1,300
110499,1,300
110524,1,300
110535,1,300
110552,1,300
110556,1,300
110567,1,300
110568,1,300
110572,1,300
110572,1,300
110598,1,300
110643,1,300
110675,1,300
110690,1,300
110705,1,300
110713,1,300
110825,1,300
110825,1,300
110835,1,300
110845,1,300
110880,1,300
110896,1,300
111010,1,300
111029,1,300
111049,1,300
111129,1,300
111209,1,300
111240,1,300
111255,1,300
111325,1,300
111329,1,300
111339,1,300
111355,1,300
111384,1,300
111403,1,300
111430,1,300
111444,1,300
111463,1,300
111500,1,300
111553,1,300
111584,1,300
111603,1,300
111620,1,300
111649,1,300
111653,1,300
111659,1,300
111673,1,300
111710,1,300
111728,1,300
111800,1,300
111878,1,300
111891,1,300
111912,1,300
111936,1,300
112012,1,300
112032,1,300
112076,1,300
112096,1,300
112127,1,300
112168,1,300
112169,1,300
112201,1,300
112260,1,300
112301,1,300
112314,1,300
112319,1,300
112322,1,300
112340,1,300
112357,1,300
112365,1,300
112372,1,300
112398,1,300
112431,1,300
112459,1,300
112567,1,300
112584,1,300
112593,1,300
112633,1,300
112659,1,300
112670,1,300
112703,1,300
112756,1,300
112767,1,300
112802,1,300
112825,1,300
112842,1,300
112850,1,300
112861,1,300
112911,1,300
112947,1,300
112956,1,300
113123,1,300
113133,1,300
113215,1,300
113217,1,300
113259,1,300
113273,1,300
113285,1,300
113330,1,300
113354,1,300
113361,1,300
113408,1,300
113411,1,300
113432,1,300
113458,1,300
113471,1,300
113515,1,300
113536,1,300
113542,1,300
113630,1,300
113661,1,300
113748,1,300
113748,1,300
113836,1,300
113862,1,300
113890,1,300
113918,1,300
113939,1,300
113953,1,300
114020,1,300
114030,1,300
114037,1,300
114042,1,300
114066,1,300
114084,1,300
114092,1,300
114158,1,300
114172,1,300
114203,1,300
114236,1,300
114257,1,300
114323,1,300
114330,1,300
114375,1,300
114377,1,300
114433,1,300
114452,1,300
114459,1,300
114463,1,300
114475,1,300
114485,1,300
114506,1,300
114522,1,300
114522,1,300
114562,1,300
114564,1,300
114570,1,300
114571,1,300
114593,1,300
114689,1,300
114694,1,300
114751,1,300
114855,1,300
114869,1,300
114871,1,300
115038,1,300
115066,1,300
115124,1,300
115135,1,300
115148,1,300
115152,1,300
115157,1,300
115234,1,300
115290,1,300
115300,1,300
115305,1,300
115364,1,300
115405,1,300
115482,1,300
115691,1,300
115698,1,300
115720,1,300
115740,1,300
115746,1,300
115771,1,300
115869,1,300
115882,1,300
115891,1,300
115892,1,300
115932,1,300
115934,1,300
115942,1,300
115997,1,300
116032,1,300
116048,1,300
116065,1,300
116076,1,300
116133,1,300
116148,1,300
116166,1,300
116187,1,300
116211,1,300
116217,1,300
116232,1,300
116237,1,300
116237,1,300
116265,1,300
116304,1,300
116324,1,300
116333,1,300
116337,1,300
116346,1,300
116384,1,300
116384,1,300
116402,1,300
116414,1,300
116431,1,300
116464,1,300
116487,1,300
116504,1,300
116519,1,300
116538,1,300
116555,1,300
116570,1,300
116588,1,300
116652,1,300
116677,1,300
116751,1,300
116757,1,300
116784,1,300
116823,1,300
116823,1,300
116909,1,300
116919,1,300
117015,1,300
117023,1,300
117033,1,300
117135,1,300
117192,1,300
117213,1,300
117268,1,300
117301,1,300
117330,1,300
117368,1,300
117388,1,300
117497,1,300
117497,1,300
117511,1,300
117523,1,300
117547,1,300
117741,1,300
117849,1,300
117851,1,300
117897,1,300
117908,1,300
118027,1,300
118057,1,300
118060,1,300
118072,1,300
118086,1,300
118126,1,300
118138,1,300
118184,1,300
118209,1,300
118228,1,300
118250,1,300
118292,1,300
118303,1,300
118328,1,300
118334,1,300
118358,1,300
118373,1,300
118398,1,300
118418,1,300
118444,1,300
118523,1,300
118555,1,300
118657,1,300
118667,1,300
118676,1,300
118721,1,300
118726,1,300
118775,1,300
118786,1,300
118792,1,300
119022,1,300
119117,1,300
119119,1,300
119131,1,300
119156,1,300
119169,1,300
119225,1,300
119306,1,300
119311,1,300
119361,1,300
119384,1,300
119412,1,300
119425,1,300
119476,1,300
119526,1,300
119546,1,300
119598,1,300
119666,1,300
119669,1,300
119694,1,300
119742,1,300
119752,1,300
119835,1,300
119850,1,300
120021,1,300
120120,1,300
120158,1,300
120171,1,300
120278,1,300
120287,1,300
120291,1,300
120299,1,300
120372,1,300
120389,1,300
120400,1,300
120404,1,300
120427,1,300
120437,1,300
120471,1,300
120491,1,300
120590,1,300
120620,1,300
120732,1,300
120733,1,300
120831,1,300
120864,1,300
120967,1,300
120982,1,300
121018,1,300
121159,1,300
121208,1,300
121230,1,300
121240,1,300
121260,1,300
121417,1,300
121485,1,300
121492,1,300
121581,1,300
121595,1,300
121615,1,300
121621,1,300
121641,1,300
121644,1,300
121646,1,300
121671,1,300
121695,1,300
121784,1,300
121787,1,300
121886,1,300
121916,1,300
121962,1,300
122004,1,300
122009,1,300
122012,1,300
122127,1,300
122185,1,300
122192,1,300
122270,1,300
122314,1,300
122364,1,300
122387,1,300
122514,1,300
122622,1,300
122733,1,300
122734,1,300
122749,1,300
122853,1,300
122887,1,300
122943,1,300
122975,1,300
122990,1,300
123029,1,300
123076,1,300
123105,1,300
123108,1,300
123116,1,300
123146,1,300
123146,1,300
123156,1,300
123186,1,300
123241,1,300
123290,1,300
123328,1,300
123342,1,300
123359,1,300
123451,1,300
123511,1,300
123550,1,300
123563,1,300
123566,1,300
123586,1,300
123619,1,300
123658,1,300
123658,1,300
123678,1,300
123745,1,300
123771,1,300
123781,1,300
123823,1,300
124040,1,300
124078,1,300
124149,1,300
124152,1,300
124187,1,300
124291,1,300
124344,1,300
124346,1,300
124397,1,300
124435,1,300
124559,1,300
124646,1,300
124710,1,300
124714,1,300
124754,1,300
124899,1,300
124936,1,300
124950,1,300
125061,1,300
125099,1,300
125110,1,300
125144,1,300
125173,1,300
125209,1,300
125276,1,300
125386,1,300
125427,1,300
125486,1,300
125520,1,300
125643,1,300
125729,1,300
125740,1,300
125756,1,300
125791,1,300
125851,1,300
125947,1,300
126008,1,300
126035,1,300
126040,1,300
126053,1,300
126073,1,300
126076,1,300
126095,1,300
126105,1,300
126226,1,300
126233,1,300
126279,1,300
126281,1,300
126295,1,300
126299,1,300
126307,1,300
126330,1,300
126484,1,300
126584,1,300
126783,1,300
126799,1,300
126941,1,300
127104,1,300
127114,1,300
127147,1,300
127150,1,300
127187,1,300
127192,1,300
127193,1,300
127202,1,300
127205,1,300
127246,1,300
127329,1,300
127363,1,300
127438,1,300
127471,1,300
127515,1,300
127522,1,300
127540,1,300
127594,1,300
127689,1,300
127705,1,300
127744,1,300
127797,1,300
127806,1,300
127829,1,300
127876,1,300
127920,1,300
128000,1,300
128125,1,300
128131,1,300
128143,1,300
128198,1,300
128227,1,300
128300,1,300
128399,1,300
128436,1,300
128449,1,300
128507,1,300
128567,1,300
128615,1,300
128619,1,300
128621,1,300
128637,1,300
128645,1,300
128696,1,300
128762,1,300
128853,1,300
128882,1,300
128882,1,300
128980,1,300
128983,1,300
129053,1,300
129089,1,300
129116,1,300
129165,1,300
129193,1,300
129203,1,300
129326,1,300
129449,1,300
129585,1,300
129630,1,300
129655,1,300
129694,1,300
129710,1,300
129757,1,300
129757,1,300
129759,1,300
129855,1,300
129924,1,300
129932,1,300
129940,1,300
130091,1,300
130119,1,300
130128,1,300
130207,1,300
130231,1,300
130370,1,300
130379,1,300
130514,1,300
130633,1,300
130655,1,300
130656,1,300
130719,1,300
130750,1,300
130936,1,300
130969,1,300
130982,1,300
131004,1,300
131014,1,300
131050,1,300
131077,1,300
131082,1,300
131193,1,300
131220,1,300
131242,1,300
131292,1,300
131293,1,300
131308,1,300
131348,1,300
131350,1,300
131395,1,300
131427,1,300
131436,1,300
131453,1,300
131466,1,300
131538,1,300
132091,1,300
132200,1,300
132217,1,300
132229,1,300
132287,1,300
132294,1,300
132371,1,300
132374,1,300
132491,1,300
132576,1,300
132612,1,300
132642,1,300
132659,1,300
133030,1,300
133132,1,300
133240,1,300
133392,1,300
133507,1,300
133646,1,300
133661,1,300
133687,1,300
133765,1,300
133775,1,300
133791,1,300
133791,1,300
133801,1,300
133877,1,300
133880,1,300
134107,1,300
134110,1,300
134153,1,300
134180,1,300
134278,1,300
134305,1,300
134415,1,300
134495,1,300
134585,1,300
134839,1,300
134871,1,300
135004,1,300
135019,1,300
135159,1,300
135180,1,300
135185,1,300
135187,1,300
135264,1,300
135576,1,300
135622,1,300
135634,1,300
135650,1,300
135669,1,300
135700,1,300
135788,1,300
135843,1,300
135903,1,300
135926,1,300
135959,1,300
135999,1,300
136246,1,300
136247,1,300
136260,1,300
136270,1,300
136272,1,300
136461,1,300
136895,1,300
136952,1,300
137004,1,300
137041,1,300
137055,1,300
137080,1,300
137090,1,300
137092,1,300
137177,1,300
137234,1,300
137244,1,300
137348,1,300
137358,1,300
137382,1,300
137383,1,300
137394,1,300
137412,1,300
137424,1,300
137468,1,300
137481,1,300
137504,1,300
137509,1,300
138359,1,300
138468,1,300
138590,1,300
138598,1,300
138707,1,300
138731,1,300
138754,1,300
138877,1,300
138912,1,300
138945,1,300
138946,1,300
139004,1,300
139020,1,300
139029,1,300
139091,1,300
139156,1,300
139331,1,300
139511,1,300
139629,1,300
139718,1,300
139726,1,300
139745,1,300
139757,1,300
139886,1,300
139915,1,300
140127,1,300
140150,1,300
140155,1,300
140164,1,300
140177,1,300
140184,1,300
140227,1,300
140265,1,300
140282,1,300
140289,1,300
140331,1,300
140336,1,300
140342,1,300
140371,1,300
140379,1,300
140587,1,300
140603,1,300
140663,1,300
141394,1,300
141439,1,300
141452,1,300
141487,1,300
141760,1,300
141782,1,300
141843,1,300
142103,1,300
142141,1,300
142176,1,300
142179,1,300
142249,1,300
142340,1,300
142654,1,300
142656,1,300
142700,1,300
142828,1,300
143009,1,300
143078,1,300
143095,1,300
143279,1,300
143324,1,300
143501,1,300
143787,1,300
143847,1,300
143999,1,300
144110,1,300
144239,1,300
144565,1,300
144626,1,300
144713,1,300
144739,1,300
144769,1,300
144848,1,300
144863,1,300
145025,1,300
145035,1,300
145094,1,300
145154,1,300
145172,1,300
145184,1,300
145204,1,300
145235,1,300
145254,1,300
145272,1,300
145718,1,300
145818,1,300
145897,1,300
146051,1,300
146078,1,300
146090,1,300
146275,1,300
146583,1,300
146609,1,300
146641,1,300
146668,1,300
146679,1,300
146995,1,300
147062,1,300
147067,1,300
147184,1,300
147201,1,300
147369,1,300
147430,1,300
147431,1,300
147497,1,300
147520,1,300
147551,1,300
147663,1,300
147772,1,300
147892,1,300
148146,1,300
148168,1,300
148299,1,300
148422,1,300
148505,1,300
148604,1,300
148947,1,300
149120,1,300
149265,1,300
149333,1,300
149399,1,300
149410,1,300
149557,1,300
149750,1,300
150008,1,300
150101,1,300
150307,1,300
150428,1,300
150441,1,300
150642,1,300
150890,1,300
150949,1,300
151234,1,300
151479,1,300
151669,1,300
151881,1,300
152022,1,300
152052,1,300
152069,1,300
152208,1,300
152251,1,300
152411,1,300
152415,1,300
152436,1,300
152466,1,300
152491,1,300
152564,1,300
152766,1,300
153111,1,300
153315,1,300
153358,1,300
153371,1,300
153382,1,300
153391,1,300
153406,1,300
153592,1,300
153724,1,300
153728,1,300
153739,1,300
153830,1,300
153882,1,300
153905,1,300
154215,1,300
154273,1,300
154289,1,300
154314,1,300
154559,1,300
154661,1,300
154714,1,300
154861,1,300
155172,1,300
155331,1,300
155540,1,300
155604,1,300
155779,1,300
155858,1,300
155946,1,300
156173,1,300
156339,1,300
156656,1,300
156732,1,300
156814,1,300
157642,1,300
157807,1,300
158073,1,300
158094,1,300
158188,1,300
158201,1,300
158237,1,300
158336,1,300
158349,1,300
158391,1,300
158638,1,300
158645,1,300
158664,1,300
158849,1,300
158893,1,300
159022,1,300
159125,1,300
159205,1,300
159209,1,300
159296,1,300
159304,1,300
159315,1,300
159726,1,300
159731,1,300
159753,1,300
159806,1,300
160018,1,300
160479,1,300
160587,1,300
160748,1,300
161219,1,300
161783,1,300
161881,1,300
162314,1,300
163053,1,300
163120,1,300
163167,1,300
163178,1,300
163316,1,300
163960,1,300
163987,1,300
164013,1,300
164193,1,300
164264,1,300
164359,1,300
164387,1,300
164474,1,300
164546,1,300
164559,1,300
164609,1,300
164623,1,300
164641,1,300
164651,1,300
164677,1,300
164763,1,300
164849,1,300
164861,1,300
164901,1,300
165241,1,300
165252,1,300
165259,1,300
165264,1,300
165427,1,300
165696,1,300
165789,1,300
165900,1,300
166042,1,300
166057,1,300
166123,1,300
166501,1,300
166603,1,300
166663,1,300
166707,1,300
166953,1,300
167095,1,300
167271,1,300
167339,1,300
167577,1,300
167680,1,300
167767,1,300
167840,1,300
168030,1,300
168147,1,300
168899,1,300
168952,1,300
169117,1,300
169197,1,300
169284,1,300
169320,1,300
169355,1,300
169448,1,300
169522,1,300
169904,1,300
170134,1,300
170221,1,300
170263,1,300
170474,1,300
170637,1,300
170909,1,300
171072,1,300
171093,1,300
171271,1,300
171337,1,300
171531,1,300
171551,1,300
171653,1,300
171727,1,300
172035,1,300
172212,1,300
172643,1,300
172697,1,300
172879,1,300
173240,1,300
173368,1,300
173712,1,300
174080,1,300
174452,1,300
174710,1,300
175038,1,300
175084,1,300
175165,1,300
175399,1,300
175817,1,300
176062,1,300
176074,1,300
176078,1,300
176079,1,300
176113,1,300
176126,1,300
176146,1,300
176190,1,300
176235,1,300
176261,1,300
176305,1,300
176306,1,300
176382,1,300
176401,1,300
176427,1,300
176507,1,300
176519,1,300
176718,1,300
176721,1,300
176748,1,300
177243,1,300
177273,1,300
177316,1,300
177351,1,300
177370,1,300
177392,1,300
177408,1,300
177441,1,300
177537,1,300
177555,1,300
178241,1,300
178258,1,300
178263,1,300
178371,1,300
178428,1,300
178636,1,300
178648,1,300
178692,1,300
178778,1,300
179187,1,300
179247,1,300
179608,1,300
179814,1,300
180445,1,300
180644,1,300
180882,1,300
180884,1,300
181061,1,300
181067,1,300
181167,1,300
181332,1,300
181437,1,300
181510,1,300
181737,1,300
181802,1,300
181948,1,300
182295,1,300
182585,1,300
182710,1,300
182910,1,300
183031,1,300
183043,1,300
183074,1,300
183283,1,300
183364,1,300
183382,1,300
183439,1,300
183535,1,300
183667,1,300
183671,1,300
183793,1,300
183919,1,300
183953,1,300
184038,1,300
184053,1,300
184070,1,300
184248,1,300
184284,1,300
184433,1,300
184667,1,300
185292,1,300
185630,1,300
185683,1,300
185725,1,300
185764,1,300
186013,1,300
186285,1,300
186413,1,300
186813,1,300
186934,1,300
187112,1,300
187132,1,300
187221,1,300
187549,1,300
187991,1,300
188021,1,300
188044,1,300
188088,1,300
188167,1,300
188175,1,300
188186,1,300
188191,1,300
188225,1,300
188320,1,300
188374,1,300
188400,1,300
188513,1,300
188595,1,300
188668,1,300
188689,1,300
188766,1,300
188854,1,300
188967,1,300
189150,1,300
189159,1,300
189302,1,300
189471,1,300
189539,1,300
189792,1,300
189930,1,300
190007,1,300
190109,1,300
190318,1,300
190429,1,300
190531,1,300
190565,1,300
191258,1,300
191361,1,300
191501,1,300
191503,1,300
191524,1,300
191557,1,300
191592,1,300
191688,1,300
191698,1,300
191725,1,300
192217,1,300
192233,1,300
192274,1,300
192494,1,300
192804,1,300
192836,1,300
193029,1,300
193429,1,300
193469,1,300
193518,1,300
193676,1,300
194008,1,300
194100,1,300
194275,1,300
194325,1,300
194663,1,300
194725,1,300
194872,1,300
194917,1,300
194975,1,300
194977,1,300
195176,1,300
195212,1,300
195217,1,300
195246,1,300
195303,1,300
195616,1,300
195827,1,300
195888,1,300
195911,1,300
196096,1,300
196275,1,300
196768,1,300
196770,1,300
197001,1,300
197211,1,300
197341,1,300
197358,1,300
197459,1,300
197789,1,300
197806,1,300
197979,1,300
198148,1,300
198224,1,300
198409,1,300
198478,1,300
198501,1,300
198612,1,300
198732,1,300
199148,1,300
199306,1,300
199555,1,300
199941,1,300
200004,1,300
200083,1,300
200085,1,300
200286,1,300
200301,1,300
200318,1,300
200368,1,300
200413,1,300
200430,1,300
200464,1,300
200515,1,300
200553,1,300
200633,1,300
200658,1,300
200706,1,300
200712,1,300
200717,1,300
200744,1,300
200909,1,300
201022,1,300
201037,1,300
201052,1,300
201086,1,300
201107,1,300
201122,1,300
201232,1,300
201392,1,300
201500,1,300
201658,1,300
201696,1,300
201717,1,300
201840,1,300
202152,1,300
202363,1,300
202410,1,300
202451,1,300
202561,1,300
202633,1,300
203016,1,300
203131,1,300
203169,1,300
203306,1,300
203495,1,300
203502,1,300
203514,1,300
203517,1,300
203547,1,300
203862,1,300
203913,1,300
204013,1,300
204091,1,300
204273,1,300
204276,1,300
204318,1,300
204418,1,300
204597,1,300
204677,1,300
204746,1,300
204753,1,300
205105,1,300
205119,1,300
205191,1,300
205247,1,300
205453,1,300
205572,1,300
205591,1,300
205668,1,300
206003,1,300
206037,1,300
206052,1,300
206205,1,300
206250,1,300
206335,1,300
206360,1,300
206399,1,300
206467,1,300
206488,1,300
206537,1,300
207122,1,300
207233,1,300
207272,1,300
207379,1,300
207379,1,300
207406,1,300
207453,1,300
207531,1,300
207631,1,300
207634,1,300
208027,1,300
208059,1,300
208940,1,300
209018,1,300
209154,1,300
209550,1,300
209693,1,300
209700,1,300
209845,1,300
209910,1,300
209963,1,300
210108,1,300
210200,1,300
210219,1,300
210283,1,300
210399,1,300
210520,1,300
210811,1,300
211023,1,300
211031,1,300
211064,1,300
211189,1,300
211416,1,300
211440,1,300
211642,1,300
211696,1,300
211725,1,300
212058,1,300
212118,1,300
212384,1,300
212558,1,300
212581,1,300
212625,1,300
212670,1,300
212786,1,300
212809,1,300
212953,1,300
213011,1,300
213012,1,300
213024,1,300
213031,1,300
213055,1,300
213069,1,300
213081,1,300
213223,1,300
213385,1,300
213391,1,300
213434,1,300
213473,1,300
213485,1,300
213513,1,300
213571,1,300
213607,1,300
213622,1,300
213636,1,300
213641,1,300
213669,1,300
213712,1,300
213751,1,300
213984,1,300
214141,1,300
214200,1,300
214341,1,300
214413,1,300
214587,1,300
214680,1,300
214785,1,300
214788,1,300
214813,1,300
214820,1,300
214972,1,300
215008,1,300
215010,1,300
215056,1,300
215126,1,300
215178,1,300
215327,1,300
215329,1,300
215397,1,300
215521,1,300
215637,1,300
215682,1,300
216047,1,300
216050,1,300
216137,1,300
216284,1,300
216376,1,300
216488,1,300
216497,1,300
216600,1,300
216799,1,300
216827,1,300
217145,1,300
217305,1,300
217339,1,300
217461,1,300
217805,1,300
217880,1,300
218078,1,300
218097,1,300
218108,1,300
218120,1,300
218148,1,300
218353,1,300
218411,1,300
218493,1,300
218512,1,300
218634,1,300
218741,1,300
218882,1,300
218922,1,300
219050,1,300
219080,1,300
219137,1,300
219142,1,300
219258,1,300
219267,1,300
219487,1,300
219575,1,300
219643,1,300
219694,1,300
219734,1,300
219894,1,300
219939,1,300
220050,1,300
220190,1,300
220264,1,300
220275,1,300
220336,1,300
220416,1,300
220540,1,300
220554,1,300
220612,1,300
221215,1,300
221295,1,300
221889,1,300
221944,1,300
222048,1,300
222063,1,300
222075,1,300
222136,1,300
222165,1,300
222226,1,300
222310,1,300
222327,1,300
222385,1,300
222456,1,300
222485,1,300
222614,1,300
222766,1,300
222964,1,300
222997,1,300
223029,1,300
223429,1,300
223463,1,300
223829,1,300
223958,1,300
224019,1,300
224033,1,300
224075,1,300
224148,1,300
224158,1,300
224197,1,300
224214,1,300
224222,1,300
224256,1,300
224318,1,300
224430,1,300
224432,1,300
224446,1,300
224590,1,300
224708,1,300
224709,1,300
224711,1,300
224805,1,300
224831,1,300
224843,1,300
224970,1,300
225008,1,300
225057,1,300
225071,1,300
225156,1,300
225177,1,300
225204,1,300
225231,1,300
225269,1,300
225279,1,300
225292,1,300
225318,1,300
225319,1,300
225344,1,300
225371,1,300
225403,1,300
225413,1,300
225424,1,300
225426,1,300
225443,1,300
225480,1,300
225484,1,300
225522,1,300
225560,1,300
225624,1,300
225638,1,300
225710,1,300
225746,1,300
225809,1,300
225973,1,300
226007,1,300
226066,1,300
226104,1,300
226124,1,300
226168,1,300
226183,1,300
226221,1,300
226223,1,300
226231,1,300
226314,1,300
226318,1,300
226333,1,300
226342,1,300
226401,1,300
226412,1,300
226473,1,300
226495,1,300
226527,1,300
226553,1,300
226569,1,300
226643,1,300
227030,1,300
227141,1,300
227141,1,300
227199,1,300
227256,1,300
227258,1,300
227271,1,300
227278,1,300
227286,1,300
227306,1,300
227348,1,300
227409,1,300
227499,1,300
227501,1,300
227508,1,300
227556,1,300
227560,1,300
227563,1,300
227579,1,300
227673,1,300
228023,1,300
228042,1,300
228116,1,300
228155,1,300
228166,1,300
228257,1,300
228405,1,300
228455,1,300
228464,1,300
228495,1,300
228601,1,300
228611,1,300
228642,1,300
228645,1,300
228666,1,300
228694,1,300
228718,1,300
229024,1,300
229038,1,300
229054,1,300
229054,1,300
229109,1,300
229181,1,300
229194,1,300
229200,1,300
229222,1,300
229233,1,300
229235,1,300
229375,1,300
229443,1,300
229655,1,300
229657,1,300
229753,1,300
230012,1,300
230018,1,300
230211,1,300
230215,1,300
230269,1,300
230289,1,300
230333,1,300
230348,1,300
230405,1,300
230418,1,300
230443,1,300
230494,1,300
230514,1,300
230544,1,300
230668,1,300
230690,1,300
230727,1,300
230778,1,300
230810,1,300
230834,1,300
230857,1,300
231008,1,300
231021,1,300
231043,1,300
231089,1,300
231139,1,300
231145,1,300
231159,1,300
231283,1,300
231387,1,300
231395,1,300
231405,1,300
231442,1,300
231529,1,300
231542,1,300
231563,1,300
231667,1,300
231882,1,300
232023,1,300
232057,1,300
232060,1,300
232129,1,300
232208,1,300
232293,1,300
232345,1,300
232359,1,300
232389,1,300
232604,1,300
232659,1,300
232691,1,300
232734,1,300
232788,1,300
232877,1,300
233004,1,300
233227,1,300
233321,1,300
233321,1,300
233391,1,300
233397,1,300
233475,1,300
233615,1,300
233719,1,300
233992,1,300
233993,1,300
234002,1,300
234042,1,300
234049,1,300
234079,1,300
234095,1,300
234124,1,300
234124,1,300
234147,1,300
234159,1,300
234162,1,300
234167,1,300
234282,1,300
234496,1,300
234518,1,300
234670,1,300
234693,1,300
234720,1,300
234823,1,300
234866,1,300
234912,1,300
234919,1,300
235035,1,300
235058,1,300
235194,1,300
235337,1,300
235338,1,300
235508,1,300
235511,1,300
235553,1,300
235637,1,300
235650,1,300
235747,1,300
235850,1,300
235919,1,300
235920,1,300
235962,1,300
236031,1,300
236037,1,300
236067,1,300
236093,1,300
236117,1,300
236145,1,300
236188,1,300
236192,1,300
236205,1,300
236237,1,300
236288,1,300
236294,1,300
236311,1,300
236353,1,300
236404,1,300
236436,1,300
236453,1,300
236467,1,300
236475,1,300
236515,1,300
236519,1,300
236533,1,300
236564,1,300
236568,1,300
236584,1,300
236596,1,300
236630,1,300
236646,1,300
236659,1,300
236703,1,300
236724,1,300
236766,1,300
236772,1,300
237003,1,300
237016,1,300
237083,1,300
237086,1,300
237097,1,300
237252,1,300
237307,1,300
237409,1,300
237415,1,300
237477,1,300
237522,1,300
237588,1,300
237592,1,300
237597,1,300
237655,1,300
237782,1,300
237874,1,300
237935,1,300
238012,1,300
238018,1,300
238069,1,300
238113,1,300
238120,1,300
238127,1,300
238142,1,300
238158,1,300
238204,1,300
238312,1,300
238566,1,300
238672,1,300
238824,1,300
238905,1,300
238929,1,300
238981,1,300
239003,1,300
239035,1,300
239035,1,300
239052,1,300
239059,1,300
239141,1,300
239142,1,300
239198,1,300
239257,1,300
239261,1,300
239265,1,300
239273,1,300
239327,1,300
239337,1,300
239352,1,300
239389,1,300
239410,1,300
239448,1,300
239452,1,300
239542,1,300
239585,1,300
239626,1,300
239675,1,300
239696,1,300
239723,1,300
239742,1,300
239747,1,300
240001,1,300
240102,1,300
240128,1,300
240233,1,300
240346,1,300
240397,1,300
240404,1,300
240497,1,300
240527,1,300
240542,1,300
240569,1,300
240637,1,300
240648,1,300
240706,1,300
240754,1,300
240857,1,300
240878,1,300
240913,1,300
241009,1,300
241035,1,300
241099,1,300
241112,1,300
241123,1,300
241143,1,300
241359,1,300
241452,1,300
241624,1,300
241636,1,300
241647,1,300
241659,1,300
241722,1,300
241740,1,300
241783,1,300
241881,1,300
241894,1,300
241908,1,300
242004,1,300
242083,1,300
242153,1,300
242217,1,300
242248,1,300
242284,1,300
242391,1,300
242416,1,300
242450,1,300
242516,1,300
242533,1,300
242582,1,300
242606,1,300
242694,1,300
242698,1,300
242746,1,300
242778,1,300
242863,1,300
242868,1,300
242874,1,300
242878,1,300
243047,1,300
243112,1,300
243122,1,300
243178,1,300
243194,1,300
243224,1,300
243267,1,300
243320,1,300
243322,1,300
243334,1,300
243391,1,300
243430,1,300
243471,1,300
243501,1,300
243598,1,300
243610,1,300
243627,1,300
243638,1,300
243657,1,300
243673,1,300
243733,1,300
244039,1,300
244225,1,300
244409,1,300
244495,1,300
244602,1,300
244675,1,300
244722,1,300
244793,1,300
244799,1,300
244856,1,300
244927,1,300
245006,1,300
245023,1,300
245052,1,300
245055,1,300
245082,1,300
245090,1,300
245112,1,300
245242,1,300
245284,1,300
245312,1,300
245379,1,300
245402,1,300
245411,1,300
245433,1,300
245490,1,300
245497,1,300
245565,1,300
245571,1,300
245576,1,300
245594,1,300
245610,1,300
245733,1,300
245785,1,300
245864,1,300
246106,1,300
246117,1,300
246143,1,300
246161,1,300
246315,1,300
246326,1,300
246362,1,300
246532,1,300
246716,1,300
246731,1,300
246795,1,300
246831,1,300
246866,1,300
246867,1,300
246885,1,300
247049,1,300
247057,1,300
247091,1,300
247177,1,300
247196,1,300
247196,1,300
247197,1,300
247197,1,300
247290,1,300
247363,1,300
247429,1,300
247576,1,300
247584,1,300
247624,1,300
248004,1,300
248026,1,300
248053,1,300
248085,1,300
248155,1,300
248166,1,300
248168,1,300
248183,1,300
248272,1,300
248309,1,300
248366,1,300
248378,1,300
248500,1,300
248591,1,300
248626,1,300
248633,1,300
248771,1,300
248774,1,300
248850,1,300
248851,1,300
248879,1,300
248911,1,300
248923,1,300
248928,1,300
248934,1,300
248956,1,300
249007,1,300
249033,1,300
249097,1,300
249114,1,300
249306,1,300
249617,1,300
249728,1,300
249814,1,300
249882,1,300
249889,1,300
249907,1,300
249995,1,300
250006,1,300
250023,1,300
250034,1,300
250078,1,300
250112,1,300
250119,1,300
250127,1,300
250173,1,300
250332,1,300
250494,1,300
250752,1,300
250837,1,300
250916,1,300
250942,1,300
250957,1,300
250989,1,300
251022,1,300
251053,1,300
251066,1,300
251070,1,300
251103,1,300
251143,1,300
251161,1,300
251273,1,300
251353,1,300
251389,1,300
251435,1,300
251452,1,300
251470,1,300
251579,1,300
251614,1,300
251669,1,300
251682,1,300
251698,1,300
251723,1,300
251826,1,300
252223,1,300
252235,1,300
252286,1,300
252327,1,300
252337,1,300
252415,1,300
252650,1,300
252698,1,300
252731,1,300
252732,1,300
252769,1,300
252865,1,300
252885,1,300
252892,1,300
253029,1,300
253052,1,300
253100,1,300
253298,1,300
253350,1,300
253392,1,300
253538,1,300
253547,1,300
253561,1,300
253564,1,300
253698,1,300
253757,1,300
253779,1,300
254002,1,300
254019,1,300
254076,1,300
254105,1,300
254156,1,300
254168,1,300
254196,1,300
254247,1,300
254461,1,300
254510,1,300
254517,1,300
254518,1,300
254557,1,300
254605,1,300
254651,1,300
254669,1,300
254806,1,300
254892,1,300
255043,1,300
255097,1,300
255109,1,300
255117,1,300
255144,1,300
255199,1,300
255262,1,300
255288,1,300
255296,1,300
255334,1,300
255442,1,300
255539,1,300
255553,1,300
255587,1,300
255604,1,300
255684,1,300
255712,1,300
255821,1,300
255899,1,300
256019,1,300
256121,1,300
256166,1,300
256218,1,300
256287,1,300
256415,1,300
256439,1,300
256520,1,300
256523,1,300
256542,1,300
256552,1,300
256587,1,300
256683,1,300
256766,1,300
257031,1,300
257077,1,300
257197,1,300
257226,1,300
257258,1,300
257272,1,300
257340,1,300
257363,1,300
257370,1,300
257376,1,300
257425,1,300
257469,1,300
257501,1,300
257505,1,300
257528,1,300
258012,1,300
258097,1,300
258097,1,300
258157,1,300
258290,1,300
258327,1,300
258330,1,300
258370,1,300
258391,1,300
258480,1,300
258480,1,300
258490,1,300
258515,1,300
258596,1,300
259016,1,300
259048,1,300
259060,1,300
259071,1,300
259143,1,300
259168,1,300
259219,1,300
259302,1,300
259306,1,300
259416,1,300
259577,1,300
259651,1,300
259686,1,300
260058,1,300
260170,1,300
260183,1,300
260218,1,300
260222,1,300
260284,1,300
260292,1,300
260341,1,300
260363,1,300
260418,1,300
260572,1,300
260609,1,300
260664,1,300
260681,1,300
260684,1,300
260695,1,300
260725,1,300
260829,1,300
260978,1,300
261257,1,300
261321,1,300
261396,1,300
261470,1,300
261479,1,300
261549,1,300
261558,1,300
261692,1,300
261968,1,300
261994,1,300
262001,1,300
262063,1,300
262101,1,300
262199,1,300
262427,1,300
262451,1,300
262560,1,300
262715,1,300
262778,1,300
262792,1,300
262914,1,300
263012,1,300
263042,1,300
263045,1,300
263126,1,300
263161,1,300
263206,1,300
263784,1,300
263800,1,300
263807,1,300
263812,1,300
263899,1,300
263934,1,300
264000,1,300
264026,1,300
264028,1,300
264072,1,300
264199,1,300
264259,1,300
264374,1,300
264433,1,300
264505,1,300
265105,1,300
265136,1,300
265432,1,300
265747,1,300
265840,1,300
265886,1,300
265924,1,300
266005,1,300
266018,1,300
266022,1,300
266113,1,300
266119,1,300
266239,1,300
266429,1,300
266483,1,300
266573,1,300
266589,1,300
266767,1,300
266839,1,300
267084,1,300
267261,1,300
267361,1,300
267582,1,300
267973,1,300
268040,1,300
268044,1,300
268090,1,300
268172,1,300
268190,1,300
268426,1,300
268429,1,300
268456,1,300
268550,1,300
269183,1,300
269246,1,300
269422,1,300
269656,1,300
269715,1,300
270054,1,300
270157,1,300
270202,1,300
270223,1,300
270239,1,300
270314,1,300
270474,1,300
271373,1,300
271557,1,300
272235,1,300
272322,1,300
272464,1,300
272552,1,300
272771,1,300
272947,1,300
273042,1,300
273197,1,300
273365,1,300
273523,1,300
273601,1,300
273661,1,300
273663,1,300
273861,1,300
274054,1,300
274068,1,300
274086,1,300
274557,1,300
274561,1,300
274886,1,300
275181,1,300
275225,1,300
275327,1,300
275908,1,300
275963,1,300
276188,1,300
276636,1,300
276662,1,300
276980,1,300
278268,1,300
278506,1,300
278704,1,300
279021,1,300
279315,1,300
279839,1,300
280057,1,300
280307,1,300
280311,1,300
280644,1,300
280673,1,300
281250,1,300
281345,1,300
281477,1,300
281631,1,300
281670,1,300
282053,1,300
282055,1,300
282065,1,300
282072,1,300
282134,1,300
282182,1,300
282192,1,300
282212,1,300
282216,1,300
282387,1,300
282648,1,300
282701,1,300
282706,1,300
282805,1,300
282818,1,300
283062,1,300
283110,1,300
283212,1,300
283224,1,300
283272,1,300
283382,1,300
283463,1,300
283585,1,300
284329,1,300
284739,1,300
284993,1,300
285196,1,300
285567,1,300
285567,1,300
285698,1,300
286196,1,300
286240,1,300
286262,1,300
286277,1,300
286365,1,300
286483,1,300
286644,1,300
287403,1,300
287664,1,300
287674,1,300
288080,1,300
288144,1,300
288470,1,300
288849,1,300
288880,1,300
289109,1,300
289194,1,300
289218,1,300
289280,1,300
289641,1,300
289663,1,300
