27,1,inf
38,1,inf
124,1,inf
182,1,inf
195,1,inf
277,1,inf
310,1,inf
1037,1,inf
1086,1,inf
1450,1,inf
1551,1,inf
2049,1,inf
2248,1,inf
2310,1,inf
2411,1,inf
2558,1,inf
2634,1,inf
2641,1,inf
2662,1,inf
2828,1,inf
3254,1,inf
3601,1,inf
3791,1,inf
3791,1,inf
3892,1,inf
4278,1,inf
4806,1,inf
4808,1,inf
4823,1,inf
4864,1,inf
4891,1,inf
5075,1,inf
5418,1,inf
5635,1,inf
6328,1,inf
6436,1,inf
6507,1,inf
7614,1,inf
7818,1,inf
7831,1,inf
7867,1,inf
7892,1,inf
8357,1,inf
8722,1,inf
9055,1,inf
9229,1,inf
9335,1,inf
9527,1,inf
9571,1,inf
9753,1,inf
9849,1,inf
10058,1,inf
10284,1,inf
10322,1,inf
10564,1,inf
11409,1,inf
11559,1,inf
11745,1,inf
12745,1,inf
12761,1,inf
13458,1,inf
13504,1,inf
13559,1,inf
13739,1,inf
14012,1,inf
14462,1,inf
15098,1,inf
15266,1,inf
15298,1,inf
15803,1,inf
15906,1,inf
15931,1,inf
16048,1,inf
16503,1,inf
16882,1,inf
17160,1,inf
17353,1,inf
18074,1,inf
18083,1,inf
18125,1,inf
18232,1,inf
18397,1,inf
18409,1,inf
18555,1,inf
18651,1,inf
18730,1,inf
18786,1,inf
18941,1,inf
19005,1,inf
19021,1,inf
19070,1,inf
19077,1,inf
19211,1,inf
19277,1,inf
19295,1,inf
19386,1,inf
19480,1,inf
19684,1,inf
19689,1,inf
19706,1,inf
19987,1,inf
20032,1,inf
20113,1,inf
20322,1,inf
20448,1,inf
20886,1,inf
21517,1,inf
21628,1,inf
22335,1,inf
22617,1,inf
22816,1,inf
23136,1,inf
23762,1,inf
24114,1,inf
24987,1,inf
25334,1,inf
25470,1,inf
25567,1,inf
25682,1,inf
26089,1,inf
26182,1,inf
27103,1,inf
27178,1,inf
28682,1,inf
28716,1,inf
29088,1,inf
29122,1,inf
29155,1,inf
29234,1,inf
29359,1,inf
29444,1,inf
29485,1,inf
29488,1,inf
29533,1,inf
30000,1,inf
30201,1,inf
31104,1,inf
31209,1,inf
31261,1,inf
31499,1,inf
31647,1,inf
32156,1,inf
32711,1,inf
33361,1,inf
33559,1,inf
33719,1,inf
33916,1,inf
34759,1,inf
35129,1,inf
35882,1,inf
35987,1,inf
36033,1,inf
39001,1,inf
39270,1,inf
41272,1,inf
42099,1,inf
42142,1,inf
42293,1,inf
42338,1,inf
42444,1,inf
42630,1,inf
42650,1,inf
42675,1,inf
42729,1,inf
42788,1,inf
42810,1,inf
42825,1,inf
43061,1,inf
43076,1,inf
43085,1,inf
43393,1,inf
43415,1,inf
43416,1,inf
43488,1,inf
43500,1,inf
43619,1,inf
43684,1,inf
43932,1,inf
44033,1,inf
44310,1,inf
44411,1,inf
44769,1,inf
45093,1,inf
45152,1,inf
45161,1,inf
45291,1,inf
45320,1,inf
45332,1,inf
45590,1,inf
45728,1,inf
46414,1,inf
46662,1,inf
46678,1,inf
47217,1,inf
47528,1,inf
47548,1,inf
47641,1,inf
47865,1,inf
48010,1,inf
48264,1,inf
49068,1,inf
49158,1,inf
49213,1,inf
49228,1,inf
49235,1,inf
49330,1,inf
49376,1,inf
49528,1,inf
49800,1,inf
49922,1,inf
50020,1,inf
50220,1,inf
50242,1,inf
50430,1,inf
50723,1,inf
50725,1,inf
51033,1,inf
51125,1,inf
51172,1,inf
51287,1,inf
51409,1,inf
51629,1,inf
51814,1,inf
52172,1,inf
52229,1,inf
52318,1,inf
52378,1,inf
52509,1,inf
53211,1,inf
53297,1,inf
53350,1,inf
53411,1,inf
53452,1,inf
53542,1,inf
53643,1,inf
53727,1,inf
54256,1,inf
54278,1,inf
55047,1,inf
55152,1,inf
55206,1,inf
55368,1,inf
55661,1,inf
55766,1,inf
55848,1,inf
55947,1,inf
56012,1,inf
56088,1,inf
56397,1,inf
56519,1,inf
56769,1,inf
56873,1,inf
57061,1,inf
57119,1,inf
57240,1,inf
57653,1,inf
57760,1,inf
57858,1,inf
57877,1,inf
57914,1,inf
57932,1,inf
58291,1,inf
58858,1,inf
59041,1,inf
59067,1,inf
59215,1,inf
60262,1,inf
60435,1,inf
60533,1,inf
60539,1,inf
60574,1,inf
61023,1,inf
62741,1,inf
62905,1,inf
63023,1,inf
63596,1,inf
63819,1,inf
64092,1,inf
64694,1,inf
65209,1,inf
65282,1,inf
65454,1,inf
65493,1,inf
66074,1,inf
66234,1,inf
66377,1,inf
66379,1,inf
66530,1,inf
66548,1,inf
66587,1,inf
66589,1,inf
66752,1,inf
66858,1,inf
66879,1,inf
66891,1,inf
66895,1,inf
66902,1,inf
66976,1,inf
67026,1,inf
67077,1,inf
67134,1,inf
67169,1,inf
67175,1,inf
67337,1,inf
67355,1,inf
67424,1,inf
67593,1,inf
67610,1,inf
67736,1,inf
67747,1,inf
67802,1,inf
67889,1,inf
67978,1,inf
68396,1,inf
68437,1,inf
69007,1,inf
69033,1,inf
69064,1,inf
69226,1,inf
69268,1,inf
69478,1,inf
69510,1,inf
69753,1,inf
69885,1,inf
69922,1,inf
69940,1,inf
70011,1,inf
70113,1,inf
70393,1,inf
70518,1,inf
70576,1,inf
70734,1,inf
71379,1,inf
72081,1,inf
72121,1,inf
72313,1,inf
72542,1,inf
72704,1,inf
72711,1,inf
72812,1,inf
72879,1,inf
73000,1,inf
73268,1,inf
73426,1,inf
73549,1,inf
73780,1,inf
73803,1,inf
73908,1,inf
73910,1,inf
74459,1,inf
74594,1,inf
75655,1,inf
75785,1,inf
76004,1,inf
76024,1,inf
76053,1,inf
76245,1,inf
76280,1,inf
76381,1,inf
76692,1,inf
76735,1,inf
76842,1,inf
76882,1,inf
76901,1,inf
77062,1,inf
77080,1,inf
77667,1,inf
77775,1,inf
77799,1,inf
78094,1,inf
78142,1,inf
78328,1,inf
78368,1,inf
78460,1,inf
78571,1,inf
78626,1,inf
78717,1,inf
78958,1,inf
79083,1,inf
79085,1,inf
79154,1,inf
79390,1,inf
79436,1,inf
79720,1,inf
79968,1,inf
80149,1,inf
80229,1,inf
80279,1,inf
80518,1,inf
80752,1,inf
80943,1,inf
81145,1,inf
81435,1,inf
81541,1,inf
81734,1,inf
81764,1,inf
81832,1,inf
82144,1,inf
82490,1,inf
82586,1,inf
82843,1,inf
82986,1,inf
83143,1,inf
83222,1,inf
83371,1,inf
83424,1,inf
83514,1,inf
83665,1,inf
83797,1,inf
84339,1,inf
84358,1,inf
84530,1,inf
84939,1,inf
85113,1,inf
85155,1,inf
85326,1,inf
85569,1,inf
85573,1,inf
85869,1,inf
86052,1,inf
86088,1,inf
86728,1,inf
86879,1,inf
86961,1,inf
87212,1,inf
88048,1,inf
88084,1,inf
88127,1,inf
88166,1,inf
88300,1,inf
88310,1,inf
88448,1,inf
88551,1,inf
88615,1,inf
88683,1,inf
88704,1,inf
88797,1,inf
88879,1,inf
88922,1,inf
88943,1,inf
88960,1,inf
89062,1,inf
89086,1,inf
89106,1,inf
89589,1,inf
89783,1,inf
89849,1,inf
89856,1,inf
89932,1,inf
90031,1,inf
90095,1,inf
90132,1,inf
90171,1,inf
90279,1,inf
90404,1,inf
90454,1,inf
90462,1,inf
90505,1,inf
90569,1,inf
90611,1,inf
90625,1,inf
90662,1,inf
90670,1,inf
90732,1,inf
90888,1,inf
90963,1,inf
91368,1,inf
91670,1,inf
91673,1,inf
92033,1,inf
92042,1,inf
92067,1,inf
92134,1,inf
92196,1,inf
92201,1,inf
92239,1,inf
92368,1,inf
92505,1,inf
92699,1,inf
92786,1,inf
92791,1,inf
92811,1,inf
93038,1,inf
93185,1,inf
93259,1,inf
93375,1,inf
93399,1,inf
93413,1,inf
93680,1,inf
93935,1,inf
94002,1,inf
94011,1,inf
94019,1,inf
94039,1,inf
94087,1,inf
94126,1,inf
94161,1,inf
94205,1,inf
94247,1,inf
94252,1,inf
94287,1,inf
94309,1,inf
94468,1,inf
94618,1,inf
94643,1,inf
94653,1,inf
94692,1,inf
94740,1,inf
94859,1,inf
94937,1,inf
95008,1,inf
95163,1,inf
95317,1,inf
95866,1,inf
95866,1,inf
95875,1,inf
95920,1,inf
95929,1,inf
96060,1,inf
96149,1,inf
96239,1,inf
96268,1,inf
96271,1,inf
96290,1,inf
96425,1,inf
96737,1,inf
96852,1,inf
97005,1,inf
97028,1,inf
97112,1,inf
97263,1,inf
97318,1,inf
97403,1,inf
97470,1,inf
97607,1,inf
97835,1,inf
97918,1,inf
97973,1,inf
98086,1,inf
98274,1,inf
98319,1,inf
98370,1,inf
98510,1,inf
98638,1,inf
98688,1,inf
98718,1,inf
98806,1,inf
99109,1,inf
99374,1,inf
99910,1,inf
100083,1,inf
100113,1,inf
100128,1,inf
100233,1,inf
100261,1,inf
100297,1,inf
100312,1,inf
100327,1,inf
100339,1,inf
100385,1,inf
100413,1,inf
100494,1,inf
100568,1,inf
100584,1,inf
100599,1,inf
100638,1,inf
100683,1,inf
100722,1,inf
100831,1,inf
100852,1,inf
100911,1,inf
100915,1,inf
100916,1,inf
100944,1,inf
101008,1,inf
101020,1,inf
101141,1,inf
101167,1,inf
101200,1,inf
101241,1,inf
101256,1,inf
101369,1,inf
101741,1,inf
101922,1,inf
101928,1,inf
101929,1,inf
102004,1,inf
102152,1,inf
102233,1,inf
102391,1,inf
102527,1,inf
102547,1,inf
102568,1,inf
102835,1,inf
102871,1,inf
102989,1,inf
103061,1,inf
103090,1,inf
103100,1,inf
103193,1,inf
103233,1,inf
103265,1,inf
103358,1,inf
103389,1,inf
103412,1,inf
103412,1,inf
103530,1,inf
103550,1,inf
103623,1,inf
103661,1,inf
103700,1,inf
103802,1,inf
103824,1,inf
103843,1,inf
104049,1,inf
104050,1,inf
104102,1,inf
104181,1,inf
104489,1,inf
104826,1,inf
104890,1,inf
104938,1,inf
105025,1,inf
105054,1,inf
105143,1,inf
105163,1,inf
105400,1,inf
105446,1,inf
105448,1,inf
105608,1,inf
105886,1,inf
105942,1,inf
105951,1,inf
105974,1,inf
105999,1,inf
106085,1,inf
106145,1,inf
106341,1,inf
106348,1,inf
106606,1,inf
106649,1,inf
106714,1,inf
106781,1,inf
107065,1,inf
107266,1,inf
107294,1,inf
107453,1,inf
107497,1,inf
107537,1,inf
107540,1,inf
107579,1,inf
107772,1,inf
107810,1,inf
107837,1,inf
107923,1,inf
107924,1,inf
107934,1,inf
107953,1,inf
108343,1,inf
108639,1,inf
108663,1,inf
108781,1,inf
108989,1,inf
109058,1,inf
109084,1,inf
109095,1,inf
109154,1,inf
109294,1,inf
109718,1,inf
109859,1,inf
110073,1,inf
110185,1,inf
110212,1,inf
110348,1,inf
110401,1,inf
110598,1,inf
110696,1,inf
110750,1,inf
110759,1,inf
110770,1,inf
110834,1,inf
110844,1,inf
111018,1,inf
111048,1,inf
111295,1,inf
111298,1,inf
111711,1,inf
111786,1,inf
111823,1,inf
111945,1,inf
111973,1,inf
111983,1,inf
111993,1,inf
112026,1,inf
112030,1,inf
112092,1,inf
112206,1,inf
112248,1,inf
112433,1,inf
112459,1,inf
112464,1,inf
112466,1,inf
112477,1,inf
112561,1,inf
112709,1,inf
112804,1,inf
113053,1,inf
113110,1,inf
113130,1,inf
113162,1,inf
113290,1,inf
113474,1,inf
113586,1,inf
113615,1,inf
113651,1,inf
113691,1,inf
113852,1,inf
113861,1,inf
113876,1,inf
113988,1,inf
114015,1,inf
114020,1,inf
114093,1,inf
114243,1,inf
114246,1,inf
114272,1,inf
114288,1,inf
114296,1,inf
114306,1,inf
114318,1,inf
114341,1,inf
114380,1,inf
114389,1,inf
114445,1,inf
114494,1,inf
114516,1,inf
114533,1,inf
114553,1,inf
114557,1,inf
114615,1,inf
114649,1,inf
114677,1,inf
114687,1,inf
114697,1,inf
114738,1,inf
114750,1,inf
114789,1,inf
114872,1,inf
114892,1,inf
114901,1,inf
114949,1,inf
115017,1,inf
115052,1,inf
115119,1,inf
115152,1,inf
115158,1,inf
115159,1,inf
115163,1,inf
115168,1,inf
115211,1,inf
115299,1,inf
115348,1,inf
115423,1,inf
115472,1,inf
115479,1,inf
115541,1,inf
115550,1,inf
115660,1,inf
115699,1,inf
115720,1,inf
115740,1,inf
115803,1,inf
115805,1,inf
115840,1,inf
115895,1,inf
115915,1,inf
115933,1,inf
116106,1,inf
116116,1,inf
116136,1,inf
116175,1,inf
116283,1,inf
116367,1,inf
116393,1,inf
116480,1,inf
116546,1,inf
116550,1,inf
116807,1,inf
117013,1,inf
117031,1,inf
117080,1,inf
117092,1,inf
117134,1,inf
117159,1,inf
117173,1,inf
117188,1,inf
117224,1,inf
117278,1,inf
117278,1,inf
117292,1,inf
117593,1,inf
117652,1,inf
117769,1,inf
117782,1,inf
117783,1,inf
117812,1,inf
117929,1,inf
118074,1,inf
118119,1,inf
118139,1,inf
118162,1,inf
118268,1,inf
118389,1,inf
118549,1,inf
118559,1,inf
118592,1,inf
118633,1,inf
118748,1,inf
118799,1,inf
118861,1,inf
118905,1,inf
118920,1,inf
119006,1,inf
119016,1,inf
119041,1,inf
119042,1,inf
119049,1,inf
119171,1,inf
119255,1,inf
119267,1,inf
119410,1,inf
119436,1,inf
119470,1,inf
119498,1,inf
119505,1,inf
119509,1,inf
119596,1,inf
119757,1,inf
119857,1,inf
119993,1,inf
120102,1,inf
120279,1,inf
120286,1,inf
120320,1,inf
120650,1,inf
120664,1,inf
120798,1,inf
120846,1,inf
120849,1,inf
121020,1,inf
121110,1,inf
121154,1,inf
121329,1,inf
121549,1,inf
121564,1,inf
121707,1,inf
121885,1,inf
122046,1,inf
122202,1,inf
122243,1,inf
122265,1,inf
122267,1,inf
122316,1,inf
122322,1,inf
122456,1,inf
122621,1,inf
122879,1,inf
122898,1,inf
122906,1,inf
122976,1,inf
122999,1,inf
123019,1,inf
123281,1,inf
123305,1,inf
123352,1,inf
123465,1,inf
123484,1,inf
123572,1,inf
123594,1,inf
123687,1,inf
123778,1,inf
123877,1,inf
123915,1,inf
123936,1,inf
124014,1,inf
124066,1,inf
124165,1,inf
124185,1,inf
124215,1,inf
124248,1,inf
124305,1,inf
124426,1,inf
124741,1,inf
124929,1,inf
125063,1,inf
125271,1,inf
125397,1,inf
125431,1,inf
125588,1,inf
125739,1,inf
125785,1,inf
125839,1,inf
125883,1,inf
126008,1,inf
126109,1,inf
126109,1,inf
126115,1,inf
126117,1,inf
126123,1,inf
126140,1,inf
126143,1,inf
126220,1,inf
126304,1,inf
126323,1,inf
126368,1,inf
126415,1,inf
126458,1,inf
126478,1,inf
126538,1,inf
126647,1,inf
126733,1,inf
126830,1,inf
126930,1,inf
127004,1,inf
127005,1,inf
127027,1,inf
127053,1,inf
127081,1,inf
127216,1,inf
127225,1,inf
127243,1,inf
127394,1,inf
127616,1,inf
127623,1,inf
127691,1,inf
127723,1,inf
127872,1,inf
128006,1,inf
128011,1,inf
128016,1,inf
128033,1,inf
128059,1,inf
128067,1,inf
128283,1,inf
128283,1,inf
128399,1,inf
128444,1,inf
128486,1,inf
128618,1,inf
128639,1,inf
128820,1,inf
128824,1,inf
128836,1,inf
128949,1,inf
129006,1,inf
129030,1,inf
129065,1,inf
129343,1,inf
129363,1,inf
129472,1,inf
129568,1,inf
129619,1,inf
129751,1,inf
129777,1,inf
129950,1,inf
129970,1,inf
130107,1,inf
130261,1,inf
130272,1,inf
130276,1,inf
130315,1,inf
130342,1,inf
130375,1,inf
130402,1,inf
130409,1,inf
130474,1,inf
130485,1,inf
130631,1,inf
130670,1,inf
130725,1,inf
130915,1,inf
130982,1,inf
130991,1,inf
131020,1,inf
131051,1,inf
131114,1,inf
131115,1,inf
131149,1,inf
131280,1,inf
131476,1,inf
131488,1,inf
131528,1,inf
131545,1,inf
131571,1,inf
131600,1,inf
131689,1,inf
131840,1,inf
131895,1,inf
131904,1,inf
132014,1,inf
132063,1,inf
132093,1,inf
132194,1,inf
132325,1,inf
132400,1,inf
132426,1,inf
132560,1,inf
132600,1,inf
132706,1,inf
132844,1,inf
132933,1,inf
132944,1,inf
132988,1,inf
133008,1,inf
133025,1,inf
133071,1,inf
133074,1,inf
133075,1,inf
133180,1,inf
133359,1,inf
133359,1,inf
133539,1,inf
133650,1,inf
133660,1,inf
133801,1,inf
133933,1,inf
133974,1,inf
134234,1,inf
134419,1,inf
134428,1,inf
134513,1,inf
134556,1,inf
134566,1,inf
134619,1,inf
134697,1,inf
134703,1,inf
134848,1,inf
134875,1,inf
134952,1,inf
135285,1,inf
135328,1,inf
135358,1,inf
135538,1,inf
135556,1,inf
135654,1,inf
135685,1,inf
135689,1,inf
135825,1,inf
136015,1,inf
136131,1,inf
136222,1,inf
136258,1,inf
136289,1,inf
136374,1,inf
136536,1,inf
136563,1,inf
136586,1,inf
136618,1,inf
136628,1,inf
136656,1,inf
136663,1,inf
136694,1,inf
136823,1,inf
136888,1,inf
136897,1,inf
136945,1,inf
137009,1,inf
137062,1,inf
137168,1,inf
137207,1,inf
137265,1,inf
137434,1,inf
137457,1,inf
137463,1,inf
137535,1,inf
137572,1,inf
137586,1,inf
137672,1,inf
137719,1,inf
137806,1,inf
137818,1,inf
137908,1,inf
138046,1,inf
138056,1,inf
138197,1,inf
138239,1,inf
138254,1,inf
138271,1,inf
138311,1,inf
138339,1,inf
138358,1,inf
138407,1,inf
138445,1,inf
138485,1,inf
138547,1,inf
138566,1,inf
138677,1,inf
138682,1,inf
138693,1,inf
138716,1,inf
138730,1,inf
138753,1,inf
138809,1,inf
138816,1,inf
138918,1,inf
138931,1,inf
138958,1,inf
139001,1,inf
139008,1,inf
139016,1,inf
139021,1,inf
139029,1,inf
139040,1,inf
139123,1,inf
139277,1,inf
139306,1,inf
139325,1,inf
139366,1,inf
139369,1,inf
139410,1,inf
139545,1,inf
139621,1,inf
139701,1,inf
139720,1,inf
139725,1,inf
139731,1,inf
139741,1,inf
139762,1,inf
139776,1,inf
139865,1,inf
139934,1,inf
139965,1,inf
139979,1,inf
140083,1,inf
140116,1,inf
140171,1,inf
140215,1,inf
140278,1,inf
140296,1,inf
140318,1,inf
140355,1,inf
140391,1,inf
140412,1,inf
140421,1,inf
140431,1,inf
140496,1,inf
140574,1,inf
140667,1,inf
140726,1,inf
140754,1,inf
140755,1,inf
140764,1,inf
140866,1,inf
140885,1,inf
140918,1,inf
140922,1,inf
140982,1,inf
141007,1,inf
141017,1,inf
141058,1,inf
141072,1,inf
141088,1,inf
141187,1,inf
141246,1,inf
141256,1,inf
141273,1,inf
141344,1,inf
141355,1,inf
141370,1,inf
141421,1,inf
141451,1,inf
141480,1,inf
141547,1,inf
141645,1,inf
141646,1,inf
141698,1,inf
141768,1,inf
141814,1,inf
141874,1,inf
141909,1,inf
141925,1,inf
142069,1,inf
142157,1,inf
142157,1,inf
142187,1,inf
142194,1,inf
142233,1,inf
142247,1,inf
142301,1,inf
142373,1,inf
142384,1,inf
142416,1,inf
142416,1,inf
142441,1,inf
142444,1,inf
142495,1,inf
142541,1,inf
142544,1,inf
142552,1,inf
142572,1,inf
142617,1,inf
142676,1,inf
142701,1,inf
142751,1,inf
142751,1,inf
142756,1,inf
142772,1,inf
142852,1,inf
142922,1,inf
142932,1,inf
143039,1,inf
143041,1,inf
143139,1,inf
143183,1,inf
143187,1,inf
143428,1,inf
143430,1,inf
143432,1,inf
143543,1,inf
143570,1,inf
143609,1,inf
143624,1,inf
143733,1,inf
143797,1,inf
143798,1,inf
143813,1,inf
143880,1,inf
143903,1,inf
143907,1,inf
143908,1,inf
143916,1,inf
143934,1,inf
143939,1,inf
143946,1,inf
143973,1,inf
143976,1,inf
144003,1,inf
144067,1,inf
144068,1,inf
144278,1,inf
144430,1,inf
144507,1,inf
144520,1,inf
144592,1,inf
144610,1,inf
144649,1,inf
144676,1,inf
144770,1,inf
144809,1,inf
144811,1,inf
144840,1,inf
144846,1,inf
144880,1,inf
144954,1,inf
145037,1,inf
145069,1,inf
145106,1,inf
145320,1,inf
145377,1,inf
145485,1,inf
145584,1,inf
145763,1,inf
145809,1,inf
145815,1,inf
145871,1,inf
145946,1,inf
146072,1,inf
146178,1,inf
146244,1,inf
146249,1,inf
146254,1,inf
146274,1,inf
146296,1,inf
146339,1,inf
146454,1,inf
146459,1,inf
146485,1,inf
146542,1,inf
146608,1,inf
146704,1,inf
146764,1,inf
146815,1,inf
146863,1,inf
147292,1,inf
147309,1,inf
147373,1,inf
147395,1,inf
147450,1,inf
147519,1,inf
147557,1,inf
147695,1,inf
147722,1,inf
147780,1,inf
147782,1,inf
147826,1,inf
148252,1,inf
148332,1,inf
148387,1,inf
148392,1,inf
148502,1,inf
148515,1,inf
148516,1,inf
148544,1,inf
148617,1,inf
148661,1,inf
148680,1,inf
148695,1,inf
148724,1,inf
148748,1,inf
148872,1,inf
148900,1,inf
148900,1,inf
148906,1,inf
149065,1,inf
149103,1,inf
149174,1,inf
149260,1,inf
149296,1,inf
149320,1,inf
149339,1,inf
149352,1,inf
149392,1,inf
149462,1,inf
149466,1,inf
149485,1,inf
149565,1,inf
149620,1,inf
149633,1,inf
149651,1,inf
149656,1,inf
149700,1,inf
149795,1,inf
149848,1,inf
149876,1,inf
149949,1,inf
149968,1,inf
149998,1,inf
150141,1,inf
150181,1,inf
150198,1,inf
150209,1,inf
150212,1,inf
150334,1,inf
150435,1,inf
150444,1,inf
150452,1,inf
150503,1,inf
150507,1,inf
150509,1,inf
150591,1,inf
150631,1,inf
150657,1,inf
150778,1,inf
150836,1,inf
150907,1,inf
150908,1,inf
150921,1,inf
150985,1,inf
150990,1,inf
151100,1,inf
151117,1,inf
151121,1,inf
151147,1,inf
151152,1,inf
151180,1,inf
151247,1,inf
151304,1,inf
151346,1,inf
151421,1,inf
151430,1,inf
151459,1,inf
151496,1,inf
151502,1,inf
151509,1,inf
151514,1,inf
151559,1,inf
151559,1,inf
151765,1,inf
151774,1,inf
151778,1,inf
151832,1,inf
151945,1,inf
151988,1,inf
152022,1,inf
152028,1,inf
152029,1,inf
152098,1,inf
152104,1,inf
152115,1,inf
152130,1,inf
152161,1,inf
152250,1,inf
152359,1,inf
152386,1,inf
152565,1,inf
152570,1,inf
152647,1,inf
152688,1,inf
152718,1,inf
152721,1,inf
152737,1,inf
152742,1,inf
152795,1,inf
152812,1,inf
152820,1,inf
152822,1,inf
152876,1,inf
152885,1,inf
152908,1,inf
153070,1,inf
153094,1,inf
153126,1,inf
153218,1,inf
153288,1,inf
153314,1,inf
153326,1,inf
153424,1,inf
153464,1,inf
153552,1,inf
153590,1,inf
153641,1,inf
153727,1,inf
153783,1,inf
153874,1,inf
153929,1,inf
153948,1,inf
154006,1,inf
154079,1,inf
154080,1,inf
154096,1,inf
154104,1,inf
154185,1,inf
154198,1,inf
154245,1,inf
154262,1,inf
154426,1,inf
154530,1,inf
154587,1,inf
154596,1,inf
154598,1,inf
154621,1,inf
154652,1,inf
154664,1,inf
154758,1,inf
154789,1,inf
154811,1,inf
154854,1,inf
154940,1,inf
154957,1,inf
154963,1,inf
154989,1,inf
155000,1,inf
155035,1,inf
155057,1,inf
155098,1,inf
155109,1,inf
155140,1,inf
155249,1,inf
155263,1,inf
155322,1,inf
155343,1,inf
155350,1,inf
155376,1,inf
155387,1,inf
155531,1,inf
155557,1,inf
155662,1,inf
155717,1,inf
155748,1,inf
155813,1,inf
155827,1,inf
155861,1,inf
156066,1,inf
156091,1,inf
156097,1,inf
156105,1,inf
156153,1,inf
156227,1,inf
156251,1,inf
156280,1,inf
156363,1,inf
156412,1,inf
156446,1,inf
156515,1,inf
156560,1,inf
156605,1,inf
156624,1,inf
156696,1,inf
156787,1,inf
156790,1,inf
156793,1,inf
156794,1,inf
156808,1,inf
156834,1,inf
156973,1,inf
157041,1,inf
157128,1,inf
157166,1,inf
157174,1,inf
157201,1,inf
157331,1,inf
157386,1,inf
157404,1,inf
157408,1,inf
157455,1,inf
157481,1,inf
157486,1,inf
157524,1,inf
157527,1,inf
157643,1,inf
157694,1,inf
157702,1,inf
157715,1,inf
157788,1,inf
157936,1,inf
157958,1,inf
158134,1,inf
158177,1,inf
158181,1,inf
158215,1,inf
158239,1,inf
158253,1,inf
158340,1,inf
158380,1,inf
158422,1,inf
158464,1,inf
158488,1,inf
158571,1,inf
158657,1,inf
158660,1,inf
158789,1,inf
158884,1,inf
158900,1,inf
159050,1,inf
159085,1,inf
159113,1,inf
159142,1,inf
159227,1,inf
159251,1,inf
159287,1,inf
159306,1,inf
159316,1,inf
159339,1,inf
159421,1,inf
159430,1,inf
159452,1,inf
159622,1,inf
159622,1,inf
159623,1,inf
159626,1,inf
159790,1,inf
159805,1,inf
159905,1,inf
159963,1,inf
159967,1,inf
160005,1,inf
160012,1,inf
160014,1,inf
160024,1,inf
160027,1,inf
160054,1,inf
160058,1,inf
160061,1,inf
160123,1,inf
160163,1,inf
160290,1,inf
160326,1,inf
160342,1,inf
160409,1,inf
160430,1,inf
160546,1,inf
160559,1,inf
160575,1,inf
160583,1,inf
160585,1,inf
160616,1,inf
160733,1,inf
160787,1,inf
160836,1,inf
160932,1,inf
160933,1,inf
160985,1,inf
161014,1,inf
161061,1,inf
161140,1,inf
161215,1,inf
161223,1,inf
161269,1,inf
161274,1,inf
161312,1,inf
161430,1,inf
161496,1,inf
161513,1,inf
161525,1,inf
161721,1,inf
161791,1,inf
161909,1,inf
161924,1,inf
161934,1,inf
162007,1,inf
162015,1,inf
162057,1,inf
162130,1,inf
162163,1,inf
162167,1,inf
162194,1,inf
162237,1,inf
162258,1,inf
162286,1,inf
162342,1,inf
162343,1,inf
162367,1,inf
162431,1,inf
162477,1,inf
162500,1,inf
162520,1,inf
162567,1,inf
162583,1,inf
162594,1,inf
162613,1,inf
162654,1,inf
162679,1,inf
162702,1,inf
162719,1,inf
162785,1,inf
162843,1,inf
162843,1,inf
162874,1,inf
162885,1,inf
162887,1,inf
162901,1,inf
162942,1,inf
162950,1,inf
163019,1,inf
163019,1,inf
163031,1,inf
163034,1,inf
163054,1,inf
163055,1,inf
163067,1,inf
163221,1,inf
163233,1,inf
163302,1,inf
163409,1,inf
163457,1,inf
163462,1,inf
163472,1,inf
163493,1,inf
163536,1,inf
163609,1,inf
163610,1,inf
163625,1,inf
163658,1,inf
163663,1,inf
163780,1,inf
163835,1,inf
163843,1,inf
163909,1,inf
163917,1,inf
163944,1,inf
163967,1,inf
163978,1,inf
163992,1,inf
164002,1,inf
164088,1,inf
164089,1,inf
164154,1,inf
164248,1,inf
164249,1,inf
164433,1,inf
164523,1,inf
164568,1,inf
164710,1,inf
164714,1,inf
164714,1,inf
164735,1,inf
164786,1,inf
164822,1,inf
164833,1,inf
164839,1,inf
164863,1,inf
164998,1,inf
165048,1,inf
165062,1,inf
165149,1,inf
165319,1,inf
165371,1,inf
165408,1,inf
165409,1,inf
165418,1,inf
165425,1,inf
165445,1,inf
165464,1,inf
165476,1,inf
165515,1,inf
165536,1,inf
165541,1,inf
165548,1,inf
165619,1,inf
165625,1,inf
165636,1,inf
165701,1,inf
165776,1,inf
165891,1,inf
165946,1,inf
166018,1,inf
166160,1,inf
166273,1,inf
166304,1,inf
166309,1,inf
166331,1,inf
166354,1,inf
166434,1,inf
166461,1,inf
166478,1,inf
166484,1,inf
166526,1,inf
166554,1,inf
166564,1,inf
166567,1,inf
166606,1,inf
166610,1,inf
166624,1,inf
166703,1,inf
166752,1,inf
166754,1,inf
166802,1,inf
166846,1,inf
166875,1,inf
166900,1,inf
167026,1,inf
167078,1,inf
167109,1,inf
167235,1,inf
167249,1,inf
167267,1,inf
167272,1,inf
167393,1,inf
167431,1,inf
167487,1,inf
167528,1,inf
167643,1,inf
167677,1,inf
167678,1,inf
167772,1,inf
167778,1,inf
167781,1,inf
168006,1,inf
168085,1,inf
168126,1,inf
168209,1,inf
168223,1,inf
168295,1,inf
168316,1,inf
168343,1,inf
168448,1,inf
168448,1,inf
168547,1,inf
168591,1,inf
168617,1,inf
168645,1,inf
168666,1,inf
168669,1,inf
168681,1,inf
168697,1,inf
168802,1,inf
168832,1,inf
168848,1,inf
168851,1,inf
168860,1,inf
168937,1,inf
168938,1,inf
168986,1,inf
169000,1,inf
169070,1,inf
169146,1,inf
169158,1,inf
169337,1,inf
169436,1,inf
169445,1,inf
169475,1,inf
169486,1,inf
169522,1,inf
169653,1,inf
169664,1,inf
169689,1,inf
169754,1,inf
169778,1,inf
169821,1,inf
169850,1,inf
169906,1,inf
170049,1,inf
170058,1,inf
170107,1,inf
170308,1,inf
170382,1,inf
170471,1,inf
170476,1,inf
170539,1,inf
170549,1,inf
170601,1,inf
170638,1,inf
170706,1,inf
170721,1,inf
170817,1,inf
170835,1,inf
170869,1,inf
170915,1,inf
170956,1,inf
171045,1,inf
171072,1,inf
171084,1,inf
171091,1,inf
171101,1,inf
171131,1,inf
171142,1,inf
171206,1,inf
171248,1,inf
171270,1,inf
171285,1,inf
171323,1,inf
171358,1,inf
171375,1,inf
171419,1,inf
171458,1,inf
171467,1,inf
171505,1,inf
171604,1,inf
171653,1,inf
171857,1,inf
171894,1,inf
172117,1,inf
172135,1,inf
172213,1,inf
172240,1,inf
172279,1,inf
172315,1,inf
172362,1,inf
172375,1,inf
172539,1,inf
172615,1,inf
172674,1,inf
172677,1,inf
172764,1,inf
172803,1,inf
172866,1,inf
172917,1,inf
172928,1,inf
173005,1,inf
173016,1,inf
173107,1,inf
173117,1,inf
173185,1,inf
173187,1,inf
173294,1,inf
173307,1,inf
173337,1,inf
173351,1,inf
173357,1,inf
173400,1,inf
173428,1,inf
173506,1,inf
173594,1,inf
173602,1,inf
173647,1,inf
173652,1,inf
173739,1,inf
173760,1,inf
173829,1,inf
173893,1,inf
174013,1,inf
174027,1,inf
174067,1,inf
174168,1,inf
174177,1,inf
174319,1,inf
174319,1,inf
174330,1,inf
174333,1,inf
174354,1,inf
174399,1,inf
174429,1,inf
174442,1,inf
174455,1,inf
174496,1,inf
174615,1,inf
174658,1,inf
174691,1,inf
174887,1,inf
174915,1,inf
174918,1,inf
174951,1,inf
175045,1,inf
175140,1,inf
175212,1,inf
175270,1,inf
175274,1,inf
175311,1,inf
175333,1,inf
175365,1,inf
175420,1,inf
175458,1,inf
175538,1,inf
175548,1,inf
175596,1,inf
175821,1,inf
175835,1,inf
175857,1,inf
176003,1,inf
176042,1,inf
176229,1,inf
176300,1,inf
176336,1,inf
176380,1,inf
176389,1,inf
176422,1,inf
176458,1,inf
176474,1,inf
176540,1,inf
176613,1,inf
176752,1,inf
176956,1,inf
177008,1,inf
177114,1,inf
177216,1,inf
177279,1,inf
177287,1,inf
177300,1,inf
177307,1,inf
177315,1,inf
177341,1,inf
177350,1,inf
177370,1,inf
177407,1,inf
177606,1,inf
177607,1,inf
177678,1,inf
177681,1,inf
177776,1,inf
177807,1,inf
177863,1,inf
177941,1,inf
178018,1,inf
178057,1,inf
178081,1,inf
178167,1,inf
178234,1,inf
178294,1,inf
178330,1,inf
178420,1,inf
178423,1,inf
178434,1,inf
178473,1,inf
178551,1,inf
178555,1,inf
178640,1,inf
178679,1,inf
178725,1,inf
178776,1,inf
178790,1,inf
178864,1,inf
178906,1,inf
178906,1,inf
178907,1,inf
179055,1,inf
179075,1,inf
179093,1,inf
179201,1,inf
179218,1,inf
179236,1,inf
179270,1,inf
179304,1,inf
179393,1,inf
179413,1,inf
179451,1,inf
179475,1,inf
179549,1,inf
179554,1,inf
179556,1,inf
179603,1,inf
179627,1,inf
179630,1,inf
179698,1,inf
179733,1,inf
179752,1,inf
179759,1,inf
179789,1,inf
179796,1,inf
179837,1,inf
179882,1,inf
179936,1,inf
179956,1,inf
179973,1,inf
180011,1,inf
180028,1,inf
180031,1,inf
180216,1,inf
180243,1,inf
180247,1,inf
180291,1,inf
180329,1,inf
180391,1,inf
180413,1,inf
180481,1,inf
180586,1,inf
180605,1,inf
180641,1,inf
180672,1,inf
180770,1,inf
180772,1,inf
180807,1,inf
180906,1,inf
180933,1,inf
180950,1,inf
180951,1,inf
180951,1,inf
181084,1,inf
181106,1,inf
181118,1,inf
181213,1,inf
181253,1,inf
181385,1,inf
181388,1,inf
181420,1,inf
181449,1,inf
181455,1,inf
181470,1,inf
181498,1,inf
181592,1,inf
181676,1,inf
181682,1,inf
181761,1,inf
181766,1,inf
181803,1,inf
181864,1,inf
181941,1,inf
182002,1,inf
182014,1,inf
182195,1,inf
182223,1,inf
182238,1,inf
182268,1,inf
182316,1,inf
182321,1,inf
182368,1,inf
182399,1,inf
182425,1,inf
182448,1,inf
182472,1,inf
182594,1,inf
182608,1,inf
182653,1,inf
182654,1,inf
182699,1,inf
182704,1,inf
182723,1,inf
182763,1,inf
182847,1,inf
182900,1,inf
182910,1,inf
182939,1,inf
182984,1,inf
183040,1,inf
183046,1,inf
183208,1,inf
183231,1,inf
183300,1,inf
183310,1,inf
183353,1,inf
183399,1,inf
183453,1,inf
183461,1,inf
183487,1,inf
183524,1,inf
183655,1,inf
183673,1,inf
183673,1,inf
183724,1,inf
183850,1,inf
183919,1,inf
183953,1,inf
184031,1,inf
184054,1,inf
184065,1,inf
184151,1,inf
184225,1,inf
184364,1,inf
184470,1,inf
184567,1,inf
184884,1,inf
184900,1,inf
184943,1,inf
184954,1,inf
184968,1,inf
184990,1,inf
184994,1,inf
184995,1,inf
184996,1,inf
184998,1,inf
185102,1,inf
185148,1,inf
185187,1,inf
185210,1,inf
185252,1,inf
185268,1,inf
185319,1,inf
185348,1,inf
185397,1,inf
185519,1,inf
185562,1,inf
185648,1,inf
185664,1,inf
185680,1,inf
185772,1,inf
185855,1,inf
185938,1,inf
185959,1,inf
185962,1,inf
185969,1,inf
185982,1,inf
186034,1,inf
186077,1,inf
186090,1,inf
186114,1,inf
186138,1,inf
186145,1,inf
186221,1,inf
186225,1,inf
186239,1,inf
186242,1,inf
186252,1,inf
186252,1,inf
186280,1,inf
186282,1,inf
186356,1,inf
186359,1,inf
186363,1,inf
186380,1,inf
186428,1,inf
186458,1,inf
186460,1,inf
186466,1,inf
186470,1,inf
186473,1,inf
186504,1,inf
186507,1,inf
186513,1,inf
186515,1,inf
186579,1,inf
186608,1,inf
186704,1,inf
186764,1,inf
186767,1,inf
186786,1,inf
186805,1,inf
186817,1,inf
186830,1,inf
186834,1,inf
186864,1,inf
186875,1,inf
186922,1,inf
186936,1,inf
186968,1,inf
187074,1,inf
187077,1,inf
187188,1,inf
187311,1,inf
187382,1,inf
187387,1,inf
187423,1,inf
187485,1,inf
187489,1,inf
187526,1,inf
187591,1,inf
187652,1,inf
187670,1,inf
187736,1,inf
187770,1,inf
187806,1,inf
187815,1,inf
187842,1,inf
187859,1,inf
187881,1,inf
187885,1,inf
187888,1,inf
187900,1,inf
187904,1,inf
187917,1,inf
188015,1,inf
188033,1,inf
188041,1,inf
188063,1,inf
188115,1,inf
188173,1,inf
188240,1,inf
188292,1,inf
188341,1,inf
188437,1,inf
188437,1,inf
188463,1,inf
188466,1,inf
188473,1,inf
188602,1,inf
188610,1,inf
188620,1,inf
188660,1,inf
188724,1,inf
188815,1,inf
188860,1,inf
188913,1,inf
188927,1,inf
188932,1,inf
188957,1,inf
189012,1,inf
189030,1,inf
189037,1,inf
189075,1,inf
189136,1,inf
189210,1,inf
189360,1,inf
189398,1,inf
189590,1,inf
189592,1,inf
189601,1,inf
189649,1,inf
189674,1,inf
189715,1,inf
189785,1,inf
189815,1,inf
189847,1,inf
189990,1,inf
190074,1,inf
190084,1,inf
190128,1,inf
190135,1,inf
190212,1,inf
190214,1,inf
190229,1,inf
190330,1,inf
190332,1,inf
190354,1,inf
190392,1,inf
190394,1,inf
190485,1,inf
190516,1,inf
190524,1,inf
190540,1,inf
190552,1,inf
190557,1,inf
190714,1,inf
190786,1,inf
190803,1,inf
190809,1,inf
190816,1,inf
190829,1,inf
190916,1,inf
190931,1,inf
191002,1,inf
191038,1,inf
191066,1,inf
191133,1,inf
191139,1,inf
191171,1,inf
191215,1,inf
191232,1,inf
191348,1,inf
191350,1,inf
191386,1,inf
191416,1,inf
191471,1,inf
191473,1,inf
191509,1,inf
191527,1,inf
191587,1,inf
191588,1,inf
191632,1,inf
191659,1,inf
191740,1,inf
191919,1,inf
191999,1,inf
192011,1,inf
192015,1,inf
192070,1,inf
192176,1,inf
192180,1,inf
192191,1,inf
192227,1,inf
192267,1,inf
192284,1,inf
192336,1,inf
192371,1,inf
192382,1,inf
192438,1,inf
192477,1,inf
192513,1,inf
192609,1,inf
192702,1,inf
192770,1,inf
192776,1,inf
192832,1,inf
192882,1,inf
193026,1,inf
193035,1,inf
193062,1,inf
193130,1,inf
193133,1,inf
193240,1,inf
193294,1,inf
193455,1,inf
193513,1,inf
193549,1,inf
193571,1,inf
193644,1,inf
193708,1,inf
193731,1,inf
193736,1,inf
193741,1,inf
193766,1,inf
193827,1,inf
193917,1,inf
193943,1,inf
193976,1,inf
194010,1,inf
194016,1,inf
194100,1,inf
194276,1,inf
194368,1,inf
194442,1,inf
194500,1,inf
194571,1,inf
194619,1,inf
194640,1,inf
194716,1,inf
194865,1,inf
194872,1,inf
194909,1,inf
194922,1,inf
194943,1,inf
194947,1,inf
194969,1,inf
194974,1,inf
194976,1,inf
194977,1,inf
194991,1,inf
195006,1,inf
195028,1,inf
195028,1,inf
195031,1,inf
195147,1,inf
195158,1,inf
195172,1,inf
195209,1,inf
195224,1,inf
195250,1,inf
195299,1,inf
195318,1,inf
195406,1,inf
195428,1,inf
195562,1,inf
195703,1,inf
195713,1,inf
195737,1,inf
195742,1,inf
195852,1,inf
195872,1,inf
195928,1,inf
196011,1,inf
196022,1,inf
196026,1,inf
196031,1,inf
196058,1,inf
196082,1,inf
196105,1,inf
196109,1,inf
196163,1,inf
196185,1,inf
196323,1,inf
196395,1,inf
196427,1,inf
196443,1,inf
196452,1,inf
196459,1,inf
196466,1,inf
196621,1,inf
196621,1,inf
196719,1,inf
196879,1,inf
196879,1,inf
196891,1,inf
196899,1,inf
196923,1,inf
196982,1,inf
197005,1,inf
197038,1,inf
197142,1,inf
197242,1,inf
197332,1,inf
197351,1,inf
197440,1,inf
197453,1,inf
197473,1,inf
197523,1,inf
197527,1,inf
197543,1,inf
197562,1,inf
197570,1,inf
197616,1,inf
197630,1,inf
197666,1,inf
197682,1,inf
197693,1,inf
197700,1,inf
197729,1,inf
197744,1,inf
197796,1,inf
197813,1,inf
197865,1,inf
197879,1,inf
197888,1,inf
197890,1,inf
197907,1,inf
198035,1,inf
198063,1,inf
198122,1,inf
198146,1,inf
198154,1,inf
198164,1,inf
198216,1,inf
198319,1,inf
198329,1,inf
198341,1,inf
198390,1,inf
198479,1,inf
198610,1,inf
198611,1,inf
198693,1,inf
198787,1,inf
198829,1,inf
198829,1,inf
198886,1,inf
198900,1,inf
198967,1,inf
199007,1,inf
199016,1,inf
199033,1,inf
199060,1,inf
199070,1,inf
199115,1,inf
199116,1,inf
199134,1,inf
199158,1,inf
199172,1,inf
199211,1,inf
199212,1,inf
199260,1,inf
199305,1,inf
199310,1,inf
199479,1,inf
199485,1,inf
199567,1,inf
199732,1,inf
199748,1,inf
199772,1,inf
199810,1,inf
200049,1,inf
200096,1,inf
200151,1,inf
200170,1,inf
200200,1,inf
200279,1,inf
200300,1,inf
200332,1,inf
200425,1,inf
200447,1,inf
200472,1,inf
200474,1,inf
200501,1,inf
200703,1,inf
200799,1,inf
200877,1,inf
200943,1,inf
200952,1,inf
200982,1,inf
201035,1,inf
201148,1,inf
201160,1,inf
201164,1,inf
201168,1,inf
201184,1,inf
201223,1,inf
201261,1,inf
201278,1,inf
201301,1,inf
201390,1,inf
201410,1,inf
201411,1,inf
201416,1,inf
201431,1,inf
201448,1,inf
201485,1,inf
201544,1,inf
201617,1,inf
201630,1,inf
201706,1,inf
201715,1,inf
201775,1,inf
201872,1,inf
201963,1,inf
201984,1,inf
202038,1,inf
202086,1,inf
202183,1,inf
202254,1,inf
202309,1,inf
202443,1,inf
202477,1,inf
202719,1,inf
202845,1,inf
202866,1,inf
202892,1,inf
202945,1,inf
202956,1,inf
203016,1,inf
203079,1,inf
203102,1,inf
203115,1,inf
203152,1,inf
203201,1,inf
203305,1,inf
203383,1,inf
203425,1,inf
203435,1,inf
203527,1,inf
203557,1,inf
203563,1,inf
203569,1,inf
203590,1,inf
203703,1,inf
203714,1,inf
203752,1,inf
203761,1,inf
203771,1,inf
203788,1,inf
204015,1,inf
204056,1,inf
204111,1,inf
204114,1,inf
204139,1,inf
204168,1,inf
204214,1,inf
204214,1,inf
204215,1,inf
204294,1,inf
204355,1,inf
204366,1,inf
204395,1,inf
204423,1,inf
204475,1,inf
204492,1,inf
204579,1,inf
204595,1,inf
204607,1,inf
204618,1,inf
204626,1,inf
204735,1,inf
204785,1,inf
204816,1,inf
204824,1,inf
204871,1,inf
205045,1,inf
205068,1,inf
205074,1,inf
205093,1,inf
205097,1,inf
205203,1,inf
205235,1,inf
205251,1,inf
205269,1,inf
205366,1,inf
205380,1,inf
205488,1,inf
205493,1,inf
205515,1,inf
205594,1,inf
205646,1,inf
205716,1,inf
205723,1,inf
205724,1,inf
205804,1,inf
205839,1,inf
205857,1,inf
205876,1,inf
205953,1,inf
206045,1,inf
206135,1,inf
206163,1,inf
206200,1,inf
206259,1,inf
206488,1,inf
206605,1,inf
206672,1,inf
206751,1,inf
206799,1,inf
206804,1,inf
206828,1,inf
206829,1,inf
206855,1,inf
206984,1,inf
206999,1,inf
207011,1,inf
207023,1,inf
207035,1,inf
207088,1,inf
207154,1,inf
207262,1,inf
207419,1,inf
207534,1,inf
207640,1,inf
207685,1,inf
207687,1,inf
207707,1,inf
207765,1,inf
207831,1,inf
207835,1,inf
207853,1,inf
207955,1,inf
208003,1,inf
208180,1,inf
208206,1,inf
208244,1,inf
208289,1,inf
208330,1,inf
208391,1,inf
208396,1,inf
208411,1,inf
208425,1,inf
208514,1,inf
208607,1,inf
208636,1,inf
208723,1,inf
208739,1,inf
208751,1,inf
208899,1,inf
208936,1,inf
208994,1,inf
209003,1,inf
209006,1,inf
209021,1,inf
209029,1,inf
209037,1,inf
209128,1,inf
209155,1,inf
209186,1,inf
209216,1,inf
209218,1,inf
209218,1,inf
209221,1,inf
209240,1,inf
209240,1,inf
209251,1,inf
209255,1,inf
209370,1,inf
209377,1,inf
209494,1,inf
209506,1,inf
209509,1,inf
209543,1,inf
209741,1,inf
209756,1,inf
209855,1,inf
209858,1,inf
209880,1,inf
209948,1,inf
210014,1,inf
210026,1,inf
210148,1,inf
210166,1,inf
210200,1,inf
210212,1,inf
210290,1,inf
210375,1,inf
210396,1,inf
210402,1,inf
210419,1,inf
210453,1,inf
210471,1,inf
210481,1,inf
210576,1,inf
210619,1,inf
210657,1,inf
210675,1,inf
210697,1,inf
210709,1,inf
210721,1,inf
210774,1,inf
210835,1,inf
210874,1,inf
210932,1,inf
210932,1,inf
210933,1,inf
211051,1,inf
211068,1,inf
211077,1,inf
211113,1,inf
211140,1,inf
211150,1,inf
211195,1,inf
211291,1,inf
211402,1,inf
211468,1,inf
211487,1,inf
211558,1,inf
211566,1,inf
211587,1,inf
211587,1,inf
211595,1,inf
211643,1,inf
211659,1,inf
211747,1,inf
211808,1,inf
211822,1,inf
211832,1,inf
211865,1,inf
211910,1,inf
211915,1,inf
211950,1,inf
212066,1,inf
212092,1,inf
212149,1,inf
212164,1,inf
212207,1,inf
212259,1,inf
212298,1,inf
212302,1,inf
212334,1,inf
212347,1,inf
212367,1,inf
212432,1,inf
212435,1,inf
212479,1,inf
212485,1,inf
212561,1,inf
212657,1,inf
212671,1,inf
212691,1,inf
212873,1,inf
212952,1,inf
212976,1,inf
212988,1,inf
213005,1,inf
213041,1,inf
213079,1,inf
213092,1,inf
213119,1,inf
213154,1,inf
213175,1,inf
213217,1,inf
213336,1,inf
213367,1,inf
213407,1,inf
213407,1,inf
213434,1,inf
213521,1,inf
213583,1,inf
213585,1,inf
213653,1,inf
213721,1,inf
213723,1,inf
213789,1,inf
213800,1,inf
213803,1,inf
213991,1,inf
213997,1,inf
214013,1,inf
214027,1,inf
214071,1,inf
214145,1,inf
214190,1,inf
214205,1,inf
214206,1,inf
214214,1,inf
214225,1,inf
214272,1,inf
214287,1,inf
214376,1,inf
214381,1,inf
214493,1,inf
214533,1,inf
214574,1,inf
214617,1,inf
214650,1,inf
214734,1,inf
214784,1,inf
214802,1,inf
215035,1,inf
215037,1,inf
215049,1,inf
215086,1,inf
215095,1,inf
215174,1,inf
215188,1,inf
215235,1,inf
215262,1,inf
215319,1,inf
215367,1,inf
215489,1,inf
215503,1,inf
215526,1,inf
215542,1,inf
215584,1,inf
215613,1,inf
215675,1,inf
215684,1,inf
215688,1,inf
215764,1,inf
215856,1,inf
215981,1,inf
215989,1,inf
215990,1,inf
216045,1,inf
216060,1,inf
216074,1,inf
216132,1,inf
216148,1,inf
216157,1,inf
216281,1,inf
216342,1,inf
216383,1,inf
216400,1,inf
216572,1,inf
216596,1,inf
216706,1,inf
216769,1,inf
216778,1,inf
216940,1,inf
216956,1,inf
217029,1,inf
217119,1,inf
217119,1,inf
217126,1,inf
217149,1,inf
217150,1,inf
217182,1,inf
217226,1,inf
217271,1,inf
217298,1,inf
217306,1,inf
217327,1,inf
217331,1,inf
217383,1,inf
217416,1,inf
217427,1,inf
217434,1,inf
217448,1,inf
217449,1,inf
217464,1,inf
217529,1,inf
217534,1,inf
217721,1,inf
217729,1,inf
217917,1,inf
217927,1,inf
217959,1,inf
218010,1,inf
218053,1,inf
218064,1,inf
218094,1,inf
218143,1,inf
218294,1,inf
218333,1,inf
218339,1,inf
218418,1,inf
218445,1,inf
218459,1,inf
218496,1,inf
218526,1,inf
218530,1,inf
218641,1,inf
218674,1,inf
218737,1,inf
218737,1,inf
218744,1,inf
218760,1,inf
219066,1,inf
219141,1,inf
219168,1,inf
219168,1,inf
219182,1,inf
219224,1,inf
219242,1,inf
219331,1,inf
219334,1,inf
219370,1,inf
219373,1,inf
219380,1,inf
219396,1,inf
219514,1,inf
219522,1,inf
219539,1,inf
219581,1,inf
219618,1,inf
219672,1,inf
219710,1,inf
219724,1,inf
219724,1,inf
219740,1,inf
219754,1,inf
219795,1,inf
219814,1,inf
219912,1,inf
219995,1,inf
220016,1,inf
220040,1,inf
220071,1,inf
220095,1,inf
220123,1,inf
220127,1,inf
220138,1,inf
220355,1,inf
220480,1,inf
220499,1,inf
220521,1,inf
220689,1,inf
220700,1,inf
220767,1,inf
221071,1,inf
221201,1,inf
221208,1,inf
221250,1,inf
221277,1,inf
221320,1,inf
221344,1,inf
221400,1,inf
221535,1,inf
221577,1,inf
221646,1,inf
221647,1,inf
221727,1,inf
221732,1,inf
221834,1,inf
221869,1,inf
221938,1,inf
221951,1,inf
221973,1,inf
222120,1,inf
222161,1,inf
222189,1,inf
222194,1,inf
222220,1,inf
222288,1,inf
222300,1,inf
222422,1,inf
222422,1,inf
222482,1,inf
222535,1,inf
222623,1,inf
222657,1,inf
222734,1,inf
222843,1,inf
222882,1,inf
222954,1,inf
223104,1,inf
223109,1,inf
223126,1,inf
223143,1,inf
223166,1,inf
223185,1,inf
223189,1,inf
223284,1,inf
223324,1,inf
223342,1,inf
223415,1,inf
223483,1,inf
223509,1,inf
223602,1,inf
223651,1,inf
223651,1,inf
223662,1,inf
223677,1,inf
223685,1,inf
223712,1,inf
223748,1,inf
223758,1,inf
223871,1,inf
223883,1,inf
223904,1,inf
223918,1,inf
223966,1,inf
223984,1,inf
223986,1,inf
224001,1,inf
224046,1,inf
224070,1,inf
224083,1,inf
224176,1,inf
224264,1,inf
224389,1,inf
224420,1,inf
224426,1,inf
224476,1,inf
224491,1,inf
224498,1,inf
224589,1,inf
224590,1,inf
224605,1,inf
224608,1,inf
224731,1,inf
224779,1,inf
224802,1,inf
224811,1,inf
224829,1,inf
224858,1,inf
224948,1,inf
224953,1,inf
224983,1,inf
225044,1,inf
225046,1,inf
225106,1,inf
225175,1,inf
225175,1,inf
225177,1,inf
225203,1,inf
225259,1,inf
225299,1,inf
225307,1,inf
225339,1,inf
225339,1,inf
225398,1,inf
225409,1,inf
225523,1,inf
225524,1,inf
225526,1,inf
225539,1,inf
225596,1,inf
225609,1,inf
225814,1,inf
225844,1,inf
225964,1,inf
225983,1,inf
226010,1,inf
226091,1,inf
226174,1,inf
226185,1,inf
226296,1,inf
226309,1,inf
226311,1,inf
226334,1,inf
226343,1,inf
226518,1,inf
226620,1,inf
226634,1,inf
226635,1,inf
226686,1,inf
226771,1,inf
226798,1,inf
226822,1,inf
226924,1,inf
226950,1,inf
226966,1,inf
227237,1,inf
227355,1,inf
227390,1,inf
227465,1,inf
227570,1,inf
227577,1,inf
227598,1,inf
227770,1,inf
227788,1,inf
227850,1,inf
227935,1,inf
227978,1,inf
228074,1,inf
228085,1,inf
228089,1,inf
228252,1,inf
228260,1,inf
228304,1,inf
228364,1,inf
228380,1,inf
228457,1,inf
228498,1,inf
228522,1,inf
228608,1,inf
228609,1,inf
228638,1,inf
228650,1,inf
228726,1,inf
228895,1,inf
228967,1,inf
228969,1,inf
228977,1,inf
229059,1,inf
229076,1,inf
229079,1,inf
229164,1,inf
229190,1,inf
229277,1,inf
229404,1,inf
229414,1,inf
229424,1,inf
229436,1,inf
229462,1,inf
229551,1,inf
229599,1,inf
229668,1,inf
230024,1,inf
230197,1,inf
230227,1,inf
230249,1,inf
230455,1,inf
230457,1,inf
230536,1,inf
230663,1,inf
230687,1,inf
230691,1,inf
230697,1,inf
231001,1,inf
231045,1,inf
231063,1,inf
231077,1,inf
231205,1,inf
231250,1,inf
231257,1,inf
231265,1,inf
231341,1,inf
231420,1,inf
231431,1,inf
231459,1,inf
231758,1,inf
231769,1,inf
231775,1,inf
231831,1,inf
231850,1,inf
232008,1,inf
232030,1,inf
232079,1,inf
232167,1,inf
232231,1,inf
232352,1,inf
232410,1,inf
232471,1,inf
232529,1,inf
232531,1,inf
232599,1,inf
232599,1,inf
232636,1,inf
232691,1,inf
232716,1,inf
232800,1,inf
232836,1,inf
232866,1,inf
232880,1,inf
232922,1,inf
232985,1,inf
233167,1,inf
233216,1,inf
233259,1,inf
233403,1,inf
233406,1,inf
233570,1,inf
233579,1,inf
233610,1,inf
233635,1,inf
233642,1,inf
233682,1,inf
233685,1,inf
233707,1,inf
233714,1,inf
233728,1,inf
233754,1,inf
233803,1,inf
233829,1,inf
233887,1,inf
234016,1,inf
234020,1,inf
234050,1,inf
234080,1,inf
234112,1,inf
234277,1,inf
234331,1,inf
234370,1,inf
234379,1,inf
234420,1,inf
234435,1,inf
234485,1,inf
234551,1,inf
234614,1,inf
234740,1,inf
234762,1,inf
234777,1,inf
234806,1,inf
234852,1,inf
234854,1,inf
234867,1,inf
235076,1,inf
235078,1,inf
235155,1,inf
235161,1,inf
235376,1,inf
235398,1,inf
235460,1,inf
235542,1,inf
235636,1,inf
235656,1,inf
235680,1,inf
235837,1,inf
236016,1,inf
236291,1,inf
236368,1,inf
236480,1,inf
236504,1,inf
236506,1,inf
236623,1,inf
236805,1,inf
236842,1,inf
236867,1,inf
236903,1,inf
236987,1,inf
237088,1,inf
237115,1,inf
237157,1,inf
237177,1,inf
237208,1,inf
237231,1,inf
237242,1,inf
237295,1,inf
237360,1,inf
237419,1,inf
237533,1,inf
237606,1,inf
237634,1,inf
237693,1,inf
237876,1,inf
237914,1,inf
238000,1,inf
238026,1,inf
238122,1,inf
238137,1,inf
238156,1,inf
238162,1,inf
238234,1,inf
238240,1,inf
238271,1,inf
238272,1,inf
238323,1,inf
238388,1,inf
238401,1,inf
238533,1,inf
238558,1,inf
238696,1,inf
238826,1,inf
238876,1,inf
238900,1,inf
238902,1,inf
239050,1,inf
239177,1,inf
239201,1,inf
239264,1,inf
239313,1,inf
239376,1,inf
239450,1,inf
239534,1,inf
239542,1,inf
239566,1,inf
239780,1,inf
239814,1,inf
240038,1,inf
240049,1,inf
240106,1,inf
240240,1,inf
240250,1,inf
240278,1,inf
240398,1,inf
240542,1,inf
240676,1,inf
240711,1,inf
240929,1,inf
241024,1,inf
241417,1,inf
241428,1,inf
241716,1,inf
242015,1,inf
242019,1,inf
242022,1,inf
242035,1,inf
242060,1,inf
242175,1,inf
242208,1,inf
242252,1,inf
242287,1,inf
242321,1,inf
242490,1,inf
242650,1,inf
242975,1,inf
243108,1,inf
243117,1,inf
243419,1,inf
243480,1,inf
243506,1,inf
243567,1,inf
243595,1,inf
243658,1,inf
243699,1,inf
243784,1,inf
243877,1,inf
243952,1,inf
244055,1,inf
244079,1,inf
244135,1,inf
244316,1,inf
244357,1,inf
244384,1,inf
244484,1,inf
244871,1,inf
244892,1,inf
244921,1,inf
245003,1,inf
245074,1,inf
245220,1,inf
245221,1,inf
245327,1,inf
245438,1,inf
245510,1,inf
245576,1,inf
245657,1,inf
245895,1,inf
246081,1,inf
246141,1,inf
246248,1,inf
246292,1,inf
246293,1,inf
246329,1,inf
246360,1,inf
246499,1,inf
246513,1,inf
246689,1,inf
246707,1,inf
246829,1,inf
246876,1,inf
246882,1,inf
247065,1,inf
247146,1,inf
247211,1,inf
247228,1,inf
247312,1,inf
247459,1,inf
247522,1,inf
247537,1,inf
247547,1,inf
247609,1,inf
247661,1,inf
247717,1,inf
247747,1,inf
247757,1,inf
247793,1,inf
247861,1,inf
247892,1,inf
248397,1,inf
248456,1,inf
248572,1,inf
248669,1,inf
248709,1,inf
248897,1,inf
249019,1,inf
249144,1,inf
249185,1,inf
249207,1,inf
249292,1,inf
249312,1,inf
249430,1,inf
249432,1,inf
249484,1,inf
249501,1,inf
249667,1,inf
249687,1,inf
249733,1,inf
249741,1,inf
249773,1,inf
249926,1,inf
249936,1,inf
250045,1,inf
250180,1,inf
250182,1,inf
250216,1,inf
250301,1,inf
250493,1,inf
250550,1,inf
250675,1,inf
250676,1,inf
250805,1,inf
250966,1,inf
251104,1,inf
251125,1,inf
251227,1,inf
251249,1,inf
251397,1,inf
251413,1,inf
251522,1,inf
251630,1,inf
251778,1,inf
251786,1,inf
251833,1,inf
251945,1,inf
251996,1,inf
252000,1,inf
252054,1,inf
252093,1,inf
252109,1,inf
252132,1,inf
252188,1,inf
252243,1,inf
252394,1,inf
252416,1,inf
252428,1,inf
252645,1,inf
252686,1,inf
252809,1,inf
252867,1,inf
253009,1,inf
253059,1,inf
253141,1,inf
253213,1,inf
253403,1,inf
253426,1,inf
253728,1,inf
253843,1,inf
253850,1,inf
254011,1,inf
254019,1,inf
254054,1,inf
254082,1,inf
254233,1,inf
254238,1,inf
254316,1,inf
254420,1,inf
254570,1,inf
254604,1,inf
254798,1,inf
254803,1,inf
254822,1,inf
255044,1,inf
255194,1,inf
255203,1,inf
255596,1,inf
255620,1,inf
255634,1,inf
255679,1,inf
255767,1,inf
255777,1,inf
255807,1,inf
256022,1,inf
256051,1,inf
256174,1,inf
256204,1,inf
256292,1,inf
256417,1,inf
256731,1,inf
256840,1,inf
256970,1,inf
257040,1,inf
257131,1,inf
257374,1,inf
257783,1,inf
257864,1,inf
258034,1,inf
258122,1,inf
258147,1,inf
258163,1,inf
258195,1,inf
258201,1,inf
258230,1,inf
258244,1,inf
258250,1,inf
258273,1,inf
258320,1,inf
258337,1,inf
258423,1,inf
258546,1,inf
258623,1,inf
258698,1,inf
258701,1,inf
258725,1,inf
258904,1,inf
259043,1,inf
259295,1,inf
259314,1,inf
259318,1,inf
259377,1,inf
259621,1,inf
259664,1,inf
259697,1,inf
259856,1,inf
259946,1,inf
260044,1,inf
260254,1,inf
260452,1,inf
260500,1,inf
260686,1,inf
260835,1,inf
260862,1,inf
261097,1,inf
261196,1,inf
261205,1,inf
261238,1,inf
261315,1,inf
261437,1,inf
261571,1,inf
261578,1,inf
261717,1,inf
261742,1,inf
261826,1,inf
261884,1,inf
262022,1,inf
262239,1,inf
262657,1,inf
262741,1,inf
262866,1,inf
262909,1,inf
262924,1,inf
262999,1,inf
263026,1,inf
263173,1,inf
263205,1,inf
263248,1,inf
263450,1,inf
263474,1,inf
263710,1,inf
263711,1,inf
263809,1,inf
263852,1,inf
263939,1,inf
264073,1,inf
264484,1,inf
264494,1,inf
264545,1,inf
264609,1,inf
264755,1,inf
264853,1,inf
265093,1,inf
265180,1,inf
265284,1,inf
265319,1,inf
265325,1,inf
265734,1,inf
265915,1,inf
265977,1,inf
266123,1,inf
266172,1,inf
266749,1,inf
266771,1,inf
267052,1,inf
267060,1,inf
267467,1,inf
267577,1,inf
267668,1,inf
267675,1,inf
267704,1,inf
267980,1,inf
268155,1,inf
268354,1,inf
268395,1,inf
268487,1,inf
268491,1,inf
268548,1,inf
268644,1,inf
268805,1,inf
269215,1,inf
269335,1,inf
269363,1,inf
269373,1,inf
269406,1,inf
269475,1,inf
269518,1,inf
269657,1,inf
269748,1,inf
269774,1,inf
269871,1,inf
270063,1,inf
270129,1,inf
270318,1,inf
270389,1,inf
270426,1,inf
271067,1,inf
271195,1,inf
271546,1,inf
271586,1,inf
271712,1,inf
271816,1,inf
271985,1,inf
272011,1,inf
272063,1,inf
272209,1,inf
272228,1,inf
272306,1,inf
272704,1,inf
272771,1,inf
272815,1,inf
273170,1,inf
273253,1,inf
273447,1,inf
273458,1,inf
273507,1,inf
273569,1,inf
273585,1,inf
273666,1,inf
273668,1,inf
273800,1,inf
273852,1,inf
273926,1,inf
273926,1,inf
274078,1,inf
274099,1,inf
274681,1,inf
274954,1,inf
275413,1,inf
275460,1,inf
276092,1,inf
276429,1,inf
276488,1,inf
276543,1,inf
277019,1,inf
277032,1,inf
277097,1,inf
277116,1,inf
277172,1,inf
277405,1,inf
277831,1,inf
277900,1,inf
277946,1,inf
278018,1,inf
278025,1,inf
278061,1,inf
278460,1,inf
278634,1,inf
278902,1,inf
279207,1,inf
279222,1,inf
279284,1,inf
279501,1,inf
279676,1,inf
279820,1,inf
279878,1,inf
279970,1,inf
280016,1,inf
280195,1,inf
280501,1,inf
280930,1,inf
280999,1,inf
281015,1,inf
281101,1,inf
281240,1,inf
281376,1,inf
281545,1,inf
281774,1,inf
281874,1,inf
282021,1,inf
282100,1,inf
282117,1,inf
282126,1,inf
282167,1,inf
282259,1,inf
282345,1,inf
282393,1,inf
282505,1,inf
282593,1,inf
282710,1,inf
282873,1,inf
283040,1,inf
283069,1,inf
283178,1,inf
283465,1,inf
283763,1,inf
283843,1,inf
283937,1,inf
284021,1,inf
284362,1,inf
284387,1,inf
284462,1,inf
284514,1,inf
284522,1,inf
284698,1,inf
284706,1,inf
284718,1,inf
285026,1,inf
286046,1,inf
286079,1,inf
286212,1,inf
286241,1,inf
286276,1,inf
286563,1,inf
286689,1,inf
287231,1,inf
287548,1,inf
288062,1,inf
288133,1,inf
288470,1,inf
288651,1,inf
288653,1,inf
289523,1,inf
289617,1,inf
289668,1,inf
289686,1,inf
289844,1,inf
289871,1,inf
289991,1,inf
290075,1,inf
290198,1,inf
290215,1,inf
290336,1,inf
290390,1,inf
290568,1,inf
290578,1,inf
290712,1,inf
290735,1,inf
291011,1,inf
291158,1,inf
291295,1,inf
291313,1,inf
291345,1,inf
291426,1,inf
291440,1,inf
291484,1,inf
291595,1,inf
291617,1,inf
291723,1,inf
291857,1,inf
291927,1,inf
291937,1,inf
292089,1,inf
292094,1,inf
292285,1,inf
292310,1,inf
292482,1,inf
292484,1,inf
292592,1,inf
292665,1,inf
292738,1,inf
293595,1,inf
293669,1,inf
293672,1,inf
293807,1,inf
294051,1,inf
294306,1,inf
294521,1,inf
294781,1,inf
295042,1,inf
295560,1,inf
295726,1,inf
296014,1,inf
296025,1,inf
296053,1,inf
296795,1,inf
296950,1,inf
297036,1,inf
297253,1,inf
297423,1,inf
297585,1,inf
297616,1,inf
297667,1,inf
297700,1,inf
297746,1,inf
297770,1,inf
297906,1,inf
298148,1,inf
298351,1,inf
299068,1,inf
299188,1,inf
299315,1,inf
299410,1,inf
299412,1,inf
299968,1,inf
300189,1,inf
300272,1,inf
300792,1,inf
301304,1,inf
301311,1,inf
301826,1,inf
301902,1,inf
302308,1,inf
302671,1,inf
302678,1,inf
302879,1,inf
302988,1,inf
303032,1,inf
303068,1,inf
303098,1,inf
303847,1,inf
304189,1,inf
304320,1,inf
304977,1,inf
305393,1,inf
305691,1,inf
306022,1,inf
306025,1,inf
306031,1,inf
306418,1,inf
306794,1,inf
306890,1,inf
306939,1,inf
306960,1,inf
307126,1,inf
307229,1,inf
307453,1,inf
307654,1,inf
308230,1,inf
308346,1,inf
308386,1,inf
308406,1,inf
308522,1,inf
308622,1,inf
309090,1,inf
309171,1,inf
309348,1,inf
309887,1,inf
310248,1,inf
310903,1,inf
310981,1,inf
311730,1,inf
311927,1,inf
312621,1,inf
313104,1,inf
313305,1,inf
314480,1,inf
314566,1,inf
314694,1,inf
315529,1,inf
316002,1,inf
316292,1,inf
316302,1,inf
316589,1,inf
316704,1,inf
316947,1,inf
317228,1,inf
317365,1,inf
317438,1,inf
317592,1,inf
317629,1,inf
317677,1,inf
317880,1,inf
318146,1,inf
318269,1,inf
318423,1,inf
318829,1,inf
318848,1,inf
319759,1,inf
319839,1,inf
319912,1,inf
320437,1,inf
320506,1,inf
321005,1,inf
321559,1,inf
321682,1,inf
322046,1,inf
322260,1,inf
322773,1,inf
323521,1,inf
324249,1,inf
324448,1,inf
324545,1,inf
324692,1,inf
324876,1,inf
325715,1,inf
326050,1,inf
326080,1,inf
326595,1,inf
327070,1,inf
327841,1,inf
327869,1,inf
328108,1,inf
328335,1,inf
328634,1,inf
330064,1,inf
330210,1,inf
330406,1,inf
330669,1,inf
330802,1,inf
331025,1,inf
331165,1,inf
331573,1,inf
331685,1,inf
331713,1,inf
332197,1,inf
332350,1,inf
332499,1,inf
332561,1,inf
332580,1,inf
332770,1,inf
333242,1,inf
333310,1,inf
333339,1,inf
333349,1,inf
333605,1,inf
333670,1,inf
333731,1,inf
334095,1,inf
334254,1,inf
334582,1,inf
335478,1,inf
335685,1,inf
335771,1,inf
335850,1,inf
336051,1,inf
336375,1,inf
336470,1,inf
337498,1,inf
337567,1,inf
338275,1,inf
338758,1,inf
339694,1,inf
340134,1,inf
340283,1,inf
340515,1,inf
342251,1,inf
342396,1,inf
342603,1,inf
344006,1,inf
345018,1,inf
345081,1,inf
345287,1,inf
345297,1,inf
345455,1,inf
345960,1,inf
346838,1,inf
347151,1,inf
347197,1,inf
347924,1,inf
348364,1,inf
348569,1,inf
348618,1,inf
349719,1,inf
349978,1,inf
350678,1,inf
351343,1,inf
351913,1,inf
352041,1,inf
352584,1,inf
352588,1,inf
352685,1,inf
353806,1,inf
353912,1,inf
354013,1,inf
354022,1,inf
354034,1,inf
354110,1,inf
354114,1,inf
354197,1,inf
354304,1,inf
354517,1,inf
354539,1,inf
354561,1,inf
354623,1,inf
354635,1,inf
354675,1,inf
354824,1,inf
354824,1,inf
355314,1,inf
355346,1,inf
355749,1,inf
356407,1,inf
356523,1,inf
356597,1,inf
356874,1,inf
357241,1,inf
357395,1,inf
357503,1,inf
357558,1,inf
358046,1,inf
358394,1,inf
358497,1,inf
359289,1,inf
359559,1,inf
359886,1,inf
359890,1,inf
361182,1,inf
361537,1,inf
361564,1,inf
362519,1,inf
362712,1,inf
363066,1,inf
363255,1,inf
363801,1,inf
363858,1,inf
364076,1,inf
364199,1,inf
364405,1,inf
364821,1,inf
364891,1,inf
365201,1,inf
365454,1,inf
366089,1,inf
366251,1,inf
366409,1,inf
367028,1,inf
367242,1,inf
368065,1,inf
368598,1,inf
368913,1,inf
369439,1,inf
369578,1,inf
369905,1,inf
369946,1,inf
370041,1,inf
370361,1,inf
370830,1,inf
372021,1,inf
373292,1,inf
374003,1,inf
374176,1,inf
374284,1,inf
374428,1,inf
374655,1,inf
374848,1,inf
375082,1,inf
375109,1,inf
375263,1,inf
375404,1,inf
375663,1,inf
376067,1,inf
376709,1,inf
377076,1,inf
377262,1,inf
378121,1,inf
378285,1,inf
378342,1,inf
378451,1,inf
378716,1,inf
378741,1,inf
378854,1,inf
379383,1,inf
379460,1,inf
379472,1,inf
379556,1,inf
379592,1,inf
379612,1,inf
379623,1,inf
379658,1,inf
379853,1,inf
380010,1,inf
380479,1,inf
380593,1,inf
380731,1,inf
380738,1,inf
381015,1,inf
381035,1,inf
381773,1,inf
382389,1,inf
382430,1,inf
382961,1,inf
383000,1,inf
383102,1,inf
384132,1,inf
384154,1,inf
384269,1,inf
384319,1,inf
384576,1,inf
384968,1,inf
385026,1,inf
385042,1,inf
385099,1,inf
385354,1,inf
385376,1,inf
386055,1,inf
386061,1,inf
386527,1,inf
386529,1,inf
386791,1,inf
386877,1,inf
387215,1,inf
387294,1,inf
387317,1,inf
387326,1,inf
387339,1,inf
387844,1,inf
388085,1,inf
388362,1,inf
388412,1,inf
389435,1,inf
389567,1,inf
389826,1,inf
390102,1,inf
390596,1,inf
391784,1,inf
391902,1,inf
392104,1,inf
392273,1,inf
392290,1,inf
392300,1,inf
392614,1,inf
392777,1,inf
393104,1,inf
393137,1,inf
393200,1,inf
393352,1,inf
393503,1,inf
393516,1,inf
394013,1,inf
394285,1,inf
394298,1,inf
394305,1,inf
394345,1,inf
394653,1,inf
394698,1,inf
394704,1,inf
394822,1,inf
395228,1,inf
395336,1,inf
395414,1,inf
395633,1,inf
396058,1,inf
396309,1,inf
396841,1,inf
397850,1,inf
398228,1,inf
398528,1,inf
398630,1,inf
399028,1,inf
399178,1,inf
399187,1,inf
399303,1,inf
399358,1,inf
399457,1,inf
399597,1,inf
399749,1,inf
400386,1,inf
400802,1,inf
401461,1,inf
401951,1,inf
401955,1,inf
402001,1,inf
402054,1,inf
402126,1,inf
402263,1,inf
402423,1,inf
402612,1,inf
402739,1,inf
402750,1,inf
402805,1,inf
402866,1,inf
402876,1,inf
402905,1,inf
403083,1,inf
403270,1,inf
403698,1,inf
403822,1,inf
403842,1,inf
403930,1,inf
404007,1,inf
404056,1,inf
404153,1,inf
404283,1,inf
404334,1,inf
404382,1,inf
404406,1,inf
404513,1,inf
404864,1,inf
405134,1,inf
405492,1,inf
405845,1,inf
406028,1,inf
406235,1,inf
406317,1,inf
406377,1,inf
406465,1,inf
406512,1,inf
407123,1,inf
407389,1,inf
407434,1,inf
408073,1,inf
408429,1,inf
408601,1,inf
408650,1,inf
409025,1,inf
409162,1,inf
409210,1,inf
409432,1,inf
410007,1,inf
410034,1,inf
410213,1,inf
410387,1,inf
410524,1,inf
410541,1,inf
410731,1,inf
410910,1,inf
411114,1,inf
411224,1,inf
411259,1,inf
411333,1,inf
411724,1,inf
412050,1,inf
412094,1,inf
412112,1,inf
412634,1,inf
412799,1,inf
412826,1,inf
413147,1,inf
413196,1,inf
413510,1,inf
413544,1,inf
413728,1,inf
413859,1,inf
414084,1,inf
414147,1,inf
414229,1,inf
414269,1,inf
414522,1,inf
414579,1,inf
415111,1,inf
415726,1,inf
415789,1,inf
415816,1,inf
415878,1,inf
415934,1,inf
416029,1,inf
416384,1,inf
416532,1,inf
416637,1,inf
416707,1,inf
416871,1,inf
417001,1,inf
417146,1,inf
417395,1,inf
417460,1,inf
417508,1,inf
417569,1,inf
417579,1,inf
417627,1,inf
417631,1,inf
417666,1,inf
417713,1,inf
418820,1,inf
419061,1,inf
419206,1,inf
420435,1,inf
420604,1,inf
420846,1,inf
420987,1,inf
421788,1,inf
421909,1,inf
422560,1,inf
423024,1,inf
423174,1,inf
423454,1,inf
423599,1,inf
423699,1,inf
423762,1,inf
423837,1,inf
424616,1,inf
424717,1,inf
424805,1,inf
424839,1,inf
425052,1,inf
425220,1,inf
425305,1,inf
425556,1,inf
425852,1,inf
426052,1,inf
426192,1,inf
426240,1,inf
426286,1,inf
426346,1,inf
426380,1,inf
426479,1,inf
426511,1,inf
426561,1,inf
426650,1,inf
426932,1,inf
426976,1,inf
427186,1,inf
427335,1,inf
427778,1,inf
427783,1,inf
427796,1,inf
428068,1,inf
428420,1,inf
428615,1,inf
428813,1,inf
428943,1,inf
429262,1,inf
429299,1,inf
429548,1,inf
429590,1,inf
429663,1,inf
429736,1,inf
429815,1,inf
429862,1,inf
430008,1,inf
430040,1,inf
430447,1,inf
430569,1,inf
431295,1,inf
431350,1,inf
431355,1,inf
431641,1,inf
431794,1,inf
431796,1,inf
431838,1,inf
431893,1,inf
431979,1,inf
432269,1,inf
432740,1,inf
432900,1,inf
433118,1,inf
433240,1,inf
433403,1,inf
433452,1,inf
433529,1,inf
433636,1,inf
433651,1,inf
434030,1,inf
434058,1,inf
434206,1,inf
434266,1,inf
434341,1,inf
434527,1,inf
434632,1,inf
434796,1,inf
434799,1,inf
435041,1,inf
435203,1,inf
435358,1,inf
435746,1,inf
436017,1,inf
436368,1,inf
436381,1,inf
436640,1,inf
436895,1,inf
436913,1,inf
437734,1,inf
437761,1,inf
437783,1,inf
438060,1,inf
438127,1,inf
438156,1,inf
438315,1,inf
438781,1,inf
438784,1,inf
439064,1,inf
439347,1,inf
439754,1,inf
439806,1,inf
439986,1,inf
440310,1,inf
440318,1,inf
440436,1,inf
440589,1,inf
440816,1,inf
440887,1,inf
441056,1,inf
441203,1,inf
441265,1,inf
441480,1,inf
441589,1,inf
441629,1,inf
441785,1,inf
442050,1,inf
442109,1,inf
442335,1,inf
442351,1,inf
442403,1,inf
442517,1,inf
442611,1,inf
442614,1,inf
443066,1,inf
444146,1,inf
444186,1,inf
444326,1,inf
444373,1,inf
444729,1,inf
444860,1,inf
445139,1,inf
445219,1,inf
445376,1,inf
445391,1,inf
445395,1,inf
445535,1,inf
445538,1,inf
446077,1,inf
446471,1,inf
446536,1,inf
446633,1,inf
446639,1,inf
446736,1,inf
446741,1,inf
446780,1,inf
446858,1,inf
447124,1,inf
447530,1,inf
447591,1,inf
447763,1,inf
447829,1,inf
447844,1,inf
447905,1,inf
447981,1,inf
448081,1,inf
448266,1,inf
448319,1,inf
448325,1,inf
448872,1,inf
449231,1,inf
449427,1,inf
449483,1,inf
450010,1,inf
450050,1,inf
450052,1,inf
450114,1,inf
450121,1,inf
450136,1,inf
450157,1,inf
450218,1,inf
450241,1,inf
450364,1,inf
450703,1,inf
450749,1,inf
450751,1,inf
450789,1,inf
450813,1,inf
450936,1,inf
450952,1,inf
450952,1,inf
450958,1,inf
451194,1,inf
451203,1,inf
451445,1,inf
451460,1,inf
451472,1,inf
451498,1,inf
451625,1,inf
451643,1,inf
451896,1,inf
452200,1,inf
452243,1,inf
452644,1,inf
452649,1,inf
452864,1,inf
453006,1,inf
453022,1,inf
453038,1,inf
453049,1,inf
453139,1,inf
453159,1,inf
453587,1,inf
453595,1,inf
453734,1,inf
453751,1,inf
453885,1,inf
454112,1,inf
454136,1,inf
454153,1,inf
454291,1,inf
454646,1,inf
454837,1,inf
454946,1,inf
454984,1,inf
455030,1,inf
455037,1,inf
455130,1,inf
455229,1,inf
455259,1,inf
455331,1,inf
455449,1,inf
455594,1,inf
455772,1,inf
455902,1,inf
456054,1,inf
456107,1,inf
456116,1,inf
456167,1,inf
456171,1,inf
456344,1,inf
456382,1,inf
456428,1,inf
456733,1,inf
456898,1,inf
457010,1,inf
457033,1,inf
457067,1,inf
457424,1,inf
457436,1,inf
457617,1,inf
457693,1,inf
457827,1,inf
457893,1,inf
457894,1,inf
457895,1,inf
457949,1,inf
458129,1,inf
458155,1,inf
458398,1,inf
458429,1,inf
458488,1,inf
458531,1,inf
458567,1,inf
458570,1,inf
459043,1,inf
459214,1,inf
459235,1,inf
459557,1,inf
459840,1,inf
459997,1,inf
460343,1,inf
460362,1,inf
460752,1,inf
460783,1,inf
460941,1,inf
461033,1,inf
461052,1,inf
461077,1,inf
461091,1,inf
461117,1,inf
461132,1,inf
461183,1,inf
461244,1,inf
461655,1,inf
461660,1,inf
461850,1,inf
461864,1,inf
461882,1,inf
461943,1,inf
461961,1,inf
462001,1,inf
462067,1,inf
462077,1,inf
462199,1,inf
462760,1,inf
463155,1,inf
463246,1,inf
463254,1,inf
463258,1,inf
463258,1,inf
463284,1,inf
463435,1,inf
463595,1,inf
463663,1,inf
463680,1,inf
463686,1,inf
463732,1,inf
463814,1,inf
463816,1,inf
463860,1,inf
463864,1,inf
463907,1,inf
464008,1,inf
464545,1,inf
464632,1,inf
464893,1,inf
465081,1,inf
465108,1,inf
465112,1,inf
465210,1,inf
465351,1,inf
465404,1,inf
465449,1,inf
465517,1,inf
465670,1,inf
465745,1,inf
465946,1,inf
465983,1,inf
466403,1,inf
466549,1,inf
466566,1,inf
466572,1,inf
467102,1,inf
467238,1,inf
467400,1,inf
467406,1,inf
467704,1,inf
468043,1,inf
468056,1,inf
468184,1,inf
468296,1,inf
468511,1,inf
468885,1,inf
468930,1,inf
468956,1,inf
468966,1,inf
469228,1,inf
469356,1,inf
469367,1,inf
469402,1,inf
469506,1,inf
469538,1,inf
469570,1,inf
469573,1,inf
469695,1,inf
469844,1,inf
470100,1,inf
470162,1,inf
470223,1,inf
470226,1,inf
470245,1,inf
470395,1,inf
470502,1,inf
471373,1,inf
471409,1,inf
471463,1,inf
471537,1,inf
471547,1,inf
471772,1,inf
471801,1,inf
471809,1,inf
471847,1,inf
471868,1,inf
472021,1,inf
472085,1,inf
472225,1,inf
472253,1,inf
472289,1,inf
472474,1,inf
472692,1,inf
472704,1,inf
472815,1,inf
472851,1,inf
472883,1,inf
472922,1,inf
473352,1,inf
473381,1,inf
473563,1,inf
473620,1,inf
473716,1,inf
473737,1,inf
473819,1,inf
474086,1,inf
474108,1,inf
474172,1,inf
474177,1,inf
474245,1,inf
474443,1,inf
474517,1,inf
474656,1,inf
474727,1,inf
474727,1,inf
474834,1,inf
475002,1,inf
475028,1,inf
475033,1,inf
475037,1,inf
475098,1,inf
475151,1,inf
475240,1,inf
475252,1,inf
475284,1,inf
475301,1,inf
475326,1,inf
475357,1,inf
475376,1,inf
475392,1,inf
475412,1,inf
475641,1,inf
475853,1,inf
475853,1,inf
475876,1,inf
475916,1,inf
476007,1,inf
476192,1,inf
476210,1,inf
476340,1,inf
476356,1,inf
476403,1,inf
476407,1,inf
476458,1,inf
476497,1,inf
476630,1,inf
476825,1,inf
476870,1,inf
476923,1,inf
477020,1,inf
477058,1,inf
477112,1,inf
477204,1,inf
477224,1,inf
477254,1,inf
477264,1,inf
477298,1,inf
477487,1,inf
477599,1,inf
477614,1,inf
477654,1,inf
477687,1,inf
477793,1,inf
478073,1,inf
478227,1,inf
478240,1,inf
478261,1,inf
478390,1,inf
478477,1,inf
478604,1,inf
478748,1,inf
478802,1,inf
478899,1,inf
478950,1,inf
479257,1,inf
479365,1,inf
479377,1,inf
479546,1,inf
479730,1,inf
479770,1,inf
479878,1,inf
480059,1,inf
480065,1,inf
480106,1,inf
480117,1,inf
480171,1,inf
480202,1,inf
480663,1,inf
481114,1,inf
481137,1,inf
481146,1,inf
481198,1,inf
481256,1,inf
481277,1,inf
481296,1,inf
481316,1,inf
481378,1,inf
481383,1,inf
481449,1,inf
481461,1,inf
481471,1,inf
481514,1,inf
481569,1,inf
481673,1,inf
481759,1,inf
481864,1,inf
482005,1,inf
482012,1,inf
482023,1,inf
482046,1,inf
482278,1,inf
482300,1,inf
482538,1,inf
482610,1,inf
482654,1,inf
482671,1,inf
482686,1,inf
482815,1,inf
482995,1,inf
483211,1,inf
483437,1,inf
483444,1,inf
483445,1,inf
483509,1,inf
483533,1,inf
483551,1,inf
484030,1,inf
484216,1,inf
484476,1,inf
484481,1,inf
484591,1,inf
484614,1,inf
484616,1,inf
484651,1,inf
484678,1,inf
484786,1,inf
484803,1,inf
484806,1,inf
485008,1,inf
485174,1,inf
485190,1,inf
485236,1,inf
485420,1,inf
485490,1,inf
485575,1,inf
485615,1,inf
485670,1,inf
485685,1,inf
486146,1,inf
486400,1,inf
486513,1,inf
486593,1,inf
486698,1,inf
486790,1,inf
486901,1,inf
487025,1,inf
487041,1,inf
487190,1,inf
487218,1,inf
487261,1,inf
487268,1,inf
487310,1,inf
487329,1,inf
487656,1,inf
487790,1,inf
487855,1,inf
487938,1,inf
487953,1,inf
488057,1,inf
488064,1,inf
488070,1,inf
488079,1,inf
488092,1,inf
488208,1,inf
488560,1,inf
488591,1,inf
488688,1,inf
488721,1,inf
488748,1,inf
488762,1,inf
488913,1,inf
488933,1,inf
488962,1,inf
488978,1,inf
489273,1,inf
489350,1,inf
489589,1,inf
489606,1,inf
489729,1,inf
489733,1,inf
489784,1,inf
489833,1,inf
490018,1,inf
490061,1,inf
490070,1,inf
490113,1,inf
490139,1,inf
490307,1,inf
490384,1,inf
490455,1,inf
490624,1,inf
490676,1,inf
490768,1,inf
490778,1,inf
490897,1,inf
490912,1,inf
491167,1,inf
491220,1,inf
491251,1,inf
491268,1,inf
491395,1,inf
491502,1,inf
491918,1,inf
492085,1,inf
492266,1,inf
492342,1,inf
492553,1,inf
492601,1,inf
492690,1,inf
492704,1,inf
492713,1,inf
492828,1,inf
492832,1,inf
492930,1,inf
493037,1,inf
493246,1,inf
493298,1,inf
493330,1,inf
494138,1,inf
494255,1,inf
494390,1,inf
494417,1,inf
494522,1,inf
494722,1,inf
494763,1,inf
494766,1,inf
495147,1,inf
495169,1,inf
495451,1,inf
495453,1,inf
495516,1,inf
495557,1,inf
495593,1,inf
495626,1,inf
495794,1,inf
495832,1,inf
496226,1,inf
496359,1,inf
496368,1,inf
496586,1,inf
496611,1,inf
496675,1,inf
496677,1,inf
496756,1,inf
496869,1,inf
496927,1,inf
496933,1,inf
496981,1,inf
497019,1,inf
497020,1,inf
497209,1,inf
497397,1,inf
497497,1,inf
497582,1,inf
497834,1,inf
497839,1,inf
497939,1,inf
498002,1,inf
498037,1,inf
498049,1,inf
498220,1,inf
498234,1,inf
498297,1,inf
498367,1,inf
498557,1,inf
498756,1,inf
498768,1,inf
499180,1,inf
499490,1,inf
499570,1,inf
499597,1,inf
499687,1,inf
499696,1,inf
499853,1,inf
500026,1,inf
500174,1,inf
500246,1,inf
500267,1,inf
500277,1,inf
500444,1,inf
500494,1,inf
500509,1,inf
500603,1,inf
500603,1,inf
500796,1,inf
500898,1,inf
501204,1,inf
501310,1,inf
501356,1,inf
501526,1,inf
501596,1,inf
501704,1,inf
502044,1,inf
502114,1,inf
502208,1,inf
502225,1,inf
502724,1,inf
502747,1,inf
502877,1,inf
502893,1,inf
502909,1,inf
503105,1,inf
503140,1,inf
503208,1,inf
503216,1,inf
503243,1,inf
503613,1,inf
504025,1,inf
504065,1,inf
504117,1,inf
504157,1,inf
504205,1,inf
504314,1,inf
504355,1,inf
504512,1,inf
504561,1,inf
504608,1,inf
504727,1,inf
504911,1,inf
504926,1,inf
505010,1,inf
505173,1,inf
505308,1,inf
505334,1,inf
505340,1,inf
505743,1,inf
505869,1,inf
506012,1,inf
506044,1,inf
506078,1,inf
506175,1,inf
506409,1,inf
506434,1,inf
506612,1,inf
506635,1,inf
506680,1,inf
507528,1,inf
507810,1,inf
508045,1,inf
508537,1,inf
508838,1,inf
509040,1,inf
509057,1,inf
509140,1,inf
509392,1,inf
509558,1,inf
509574,1,inf
509632,1,inf
509902,1,inf
510047,1,inf
510165,1,inf
510222,1,inf
510476,1,inf
510507,1,inf
510800,1,inf
510901,1,inf
511249,1,inf
511473,1,inf
511507,1,inf
511833,1,inf
511842,1,inf
511950,1,inf
512148,1,inf
512152,1,inf
512186,1,inf
512329,1,inf
512426,1,inf
512513,1,inf
512772,1,inf
512868,1,inf
512917,1,inf
513084,1,inf
513088,1,inf
513173,1,inf
513189,1,inf
513231,1,inf
513255,1,inf
513305,1,inf
513399,1,inf
513424,1,inf
513425,1,inf
513541,1,inf
513583,1,inf
513654,1,inf
513934,1,inf
514013,1,inf
514092,1,inf
514269,1,inf
514319,1,inf
514379,1,inf
514412,1,inf
514608,1,inf
514691,1,inf
514717,1,inf
514750,1,inf
514817,1,inf
515081,1,inf
515173,1,inf
515258,1,inf
515448,1,inf
515546,1,inf
515643,1,inf
515921,1,inf
516574,1,inf
516896,1,inf
517031,1,inf
517557,1,inf
517615,1,inf
517689,1,inf
517998,1,inf
518031,1,inf
518070,1,inf
518327,1,inf
518374,1,inf
518543,1,inf
518556,1,inf
518574,1,inf
518579,1,inf
518763,1,inf
518766,1,inf
518775,1,inf
519017,1,inf
519023,1,inf
519032,1,inf
519515,1,inf
519527,1,inf
519535,1,inf
519561,1,inf
519661,1,inf
519937,1,inf
520112,1,inf
520774,1,inf
520841,1,inf
520955,1,inf
520990,1,inf
521005,1,inf
521040,1,inf
521333,1,inf
521353,1,inf
521621,1,inf
521674,1,inf
521720,1,inf
522021,1,inf
522153,1,inf
522155,1,inf
522167,1,inf
522196,1,inf
522526,1,inf
522598,1,inf
522624,1,inf
522686,1,inf
522688,1,inf
522776,1,inf
522789,1,inf
522794,1,inf
522807,1,inf
522840,1,inf
522845,1,inf
522858,1,inf
522889,1,inf
522900,1,inf
523004,1,inf
523122,1,inf
523365,1,inf
523612,1,inf
523680,1,inf
523855,1,inf
524008,1,inf
524050,1,inf
524055,1,inf
524215,1,inf
524511,1,inf
524748,1,inf
524984,1,inf
525065,1,inf
525809,1,inf
525945,1,inf
526115,1,inf
526120,1,inf
526140,1,inf
526254,1,inf
526432,1,inf
526588,1,inf
526683,1,inf
526759,1,inf
526857,1,inf
527564,1,inf
527599,1,inf
527643,1,inf
527677,1,inf
527800,1,inf
527933,1,inf
528082,1,inf
528132,1,inf
528168,1,inf
528515,1,inf
528729,1,inf
529352,1,inf
529538,1,inf
529935,1,inf
529966,1,inf
530018,1,inf
530597,1,inf
531061,1,inf
531699,1,inf
531992,1,inf
532322,1,inf
532630,1,inf
532799,1,inf
532801,1,inf
533346,1,inf
533361,1,inf
533450,1,inf
533489,1,inf
533593,1,inf
533967,1,inf
534295,1,inf
534576,1,inf
534702,1,inf
534895,1,inf
535418,1,inf
535512,1,inf
535887,1,inf
536068,1,inf
536082,1,inf
536277,1,inf
536683,1,inf
536835,1,inf
537240,1,inf
537349,1,inf
537433,1,inf
537773,1,inf
537785,1,inf
537825,1,inf
537853,1,inf
538036,1,inf
538060,1,inf
538192,1,inf
538455,1,inf
538507,1,inf
539158,1,inf
539316,1,inf
539653,1,inf
540117,1,inf
540209,1,inf
540466,1,inf
540601,1,inf
540649,1,inf
540869,1,inf
541167,1,inf
541216,1,inf
541792,1,inf
541801,1,inf
541927,1,inf
542080,1,inf
542087,1,inf
542428,1,inf
542664,1,inf
543130,1,inf
543210,1,inf
543519,1,inf
543559,1,inf
543606,1,inf
543866,1,inf
544016,1,inf
544188,1,inf
544593,1,inf
544620,1,inf
544700,1,inf
545066,1,inf
545372,1,inf
546018,1,inf
546381,1,inf
546535,1,inf
546680,1,inf
548847,1,inf
549070,1,inf
549218,1,inf
549357,1,inf
549479,1,inf
549593,1,inf
550545,1,inf
550690,1,inf
551029,1,inf
551236,1,inf
551833,1,inf
552069,1,inf
552099,1,inf
552242,1,inf
552480,1,inf
553032,1,inf
553478,1,inf
553676,1,inf
553828,1,inf
553972,1,inf
554662,1,inf
555134,1,inf
555296,1,inf
555411,1,inf
555466,1,inf
555597,1,inf
555932,1,inf
557155,1,inf
557189,1,inf
557464,1,inf
557594,1,inf
560588,1,inf
560603,1,inf
561599,1,inf
561669,1,inf
562319,1,inf
562755,1,inf
563014,1,inf
563266,1,inf
563286,1,inf
563289,1,inf
563364,1,inf
563635,1,inf
563703,1,inf
563951,1,inf
564007,1,inf
564430,1,inf
564451,1,inf
564736,1,inf
565604,1,inf
566278,1,inf
566351,1,inf
566438,1,inf
566488,1,inf
566592,1,inf
566598,1,inf
566626,1,inf
566710,1,inf
566726,1,inf
566889,1,inf
567728,1,inf
567863,1,inf
568328,1,inf
568463,1,inf
568580,1,inf
569066,1,inf
569157,1,inf
569159,1,inf
569355,1,inf
569376,1,inf
569390,1,inf
569678,1,inf
571092,1,inf
571611,1,inf
571711,1,inf
571873,1,inf
571965,1,inf
572200,1,inf
572252,1,inf
572281,1,inf
572448,1,inf
573241,1,inf
573284,1,inf
573653,1,inf
574447,1,inf
575580,1,inf
575896,1,inf
576045,1,inf
576331,1,inf
576738,1,inf
578123,1,inf
578178,1,inf
579070,1,inf
579200,1,inf
579446,1,inf
579701,1,inf
580306,1,inf
580381,1,inf
580430,1,inf
580442,1,inf
580849,1,inf
