94,1,inf
749,1,inf
762,1,inf
775,1,inf
1230,1,inf
3811,1,inf
4513,1,inf
4656,1,inf
5283,1,inf
5625,1,inf
5693,1,inf
6061,1,inf
6575,1,inf
6848,1,inf
6949,1,inf
7254,1,inf
7289,1,inf
7508,1,inf
7673,1,inf
8039,1,inf
8087,1,inf
8655,1,inf
9579,1,inf
9706,1,inf
9897,1,inf
10875,1,inf
11247,1,inf
12057,1,inf
12109,1,inf
13529,1,inf
14057,1,inf
14357,1,inf
14425,1,inf
15025,1,inf
15066,1,inf
15098,1,inf
15571,1,inf
16506,1,inf
16844,1,inf
17644,1,inf
17729,1,inf
18338,1,inf
18442,1,inf
18738,1,inf
18741,1,inf
18761,1,inf
18767,1,inf
18797,1,inf
19029,1,inf
19712,1,inf
20417,1,inf
20895,1,inf
21396,1,inf
21646,1,inf
21899,1,inf
22063,1,inf
22206,1,inf
22626,1,inf
22970,1,inf
23038,1,inf
23237,1,inf
23295,1,inf
23664,1,inf
23685,1,inf
24623,1,inf
24924,1,inf
24980,1,inf
25004,1,inf
25006,1,inf
25095,1,inf
25603,1,inf
25608,1,inf
25671,1,inf
26380,1,inf
27038,1,inf
27115,1,inf
27453,1,inf
27942,1,inf
28522,1,inf
29170,1,inf
29663,1,inf
29686,1,inf
29751,1,inf
29900,1,inf
30020,1,inf
30148,1,inf
30462,1,inf
30665,1,inf
30869,1,inf
31007,1,inf
31057,1,inf
31764,1,inf
31922,1,inf
32699,1,inf
32923,1,inf
32965,1,inf
33254,1,inf
33601,1,inf
35030,1,inf
38281,1,inf
39161,1,inf
39196,1,inf
39530,1,inf
39690,1,inf
41036,1,inf
41126,1,inf
41255,1,inf
41686,1,inf
42024,1,inf
42050,1,inf
42072,1,inf
42151,1,inf
42161,1,inf
42327,1,inf
42438,1,inf
43026,1,inf
43029,1,inf
43033,1,inf
43112,1,inf
43151,1,inf
43480,1,inf
43583,1,inf
43643,1,inf
43650,1,inf
43739,1,inf
44239,1,inf
44465,1,inf
44511,1,inf
45298,1,inf
45352,1,inf
45688,1,inf
45847,1,inf
46469,1,inf
47178,1,inf
47607,1,inf
47872,1,inf
48027,1,inf
48029,1,inf
48206,1,inf
48298,1,inf
48344,1,inf
48469,1,inf
48763,1,inf
49185,1,inf
49540,1,inf
49563,1,inf
49684,1,inf
50107,1,inf
50232,1,inf
50490,1,inf
50635,1,inf
50703,1,inf
51047,1,inf
51369,1,inf
51817,1,inf
51852,1,inf
52398,1,inf
52818,1,inf
53170,1,inf
53219,1,inf
53553,1,inf
53663,1,inf
53992,1,inf
54401,1,inf
54477,1,inf
54821,1,inf
54892,1,inf
55478,1,inf
55825,1,inf
56538,1,inf
57424,1,inf
57763,1,inf
57845,1,inf
58090,1,inf
58568,1,inf
58670,1,inf
58707,1,inf
59032,1,inf
59062,1,inf
59242,1,inf
59265,1,inf
59876,1,inf
60360,1,inf
60463,1,inf
60596,1,inf
60696,1,inf
62613,1,inf
63045,1,inf
63474,1,inf
63775,1,inf
65655,1,inf
66137,1,inf
66240,1,inf
66258,1,inf
66486,1,inf
66627,1,inf
66677,1,inf
66739,1,inf
66891,1,inf
67039,1,inf
67091,1,inf
67201,1,inf
67542,1,inf
67626,1,inf
67644,1,inf
67806,1,inf
67816,1,inf
67862,1,inf
67904,1,inf
68072,1,inf
68128,1,inf
68314,1,inf
68356,1,inf
68598,1,inf
69005,1,inf
69520,1,inf
69589,1,inf
69628,1,inf
69710,1,inf
70187,1,inf
70570,1,inf
70729,1,inf
70772,1,inf
70779,1,inf
71231,1,inf
71269,1,inf
71433,1,inf
71570,1,inf
71731,1,inf
71735,1,inf
72193,1,inf
72393,1,inf
72763,1,inf
72833,1,inf
72856,1,inf
72888,1,inf
73142,1,inf
73162,1,inf
73195,1,inf
73547,1,inf
73772,1,inf
74053,1,inf
74235,1,inf
74247,1,inf
74297,1,inf
74327,1,inf
74386,1,inf
74685,1,inf
74763,1,inf
74836,1,inf
75288,1,inf
75326,1,inf
75349,1,inf
76418,1,inf
76428,1,inf
76551,1,inf
76655,1,inf
76893,1,inf
76896,1,inf
77227,1,inf
77642,1,inf
78022,1,inf
78820,1,inf
78906,1,inf
78925,1,inf
79063,1,inf
79245,1,inf
79451,1,inf
79572,1,inf
79601,1,inf
79864,1,inf
79864,1,inf
80340,1,inf
80423,1,inf
80871,1,inf
81150,1,inf
81300,1,inf
81322,1,inf
81572,1,inf
81724,1,inf
81799,1,inf
82500,1,inf
82501,1,inf
82548,1,inf
82637,1,inf
82804,1,inf
83404,1,inf
83453,1,inf
83613,1,inf
83625,1,inf
83741,1,inf
83764,1,inf
83781,1,inf
84061,1,inf
84394,1,inf
84700,1,inf
85196,1,inf
85224,1,inf
85373,1,inf
85418,1,inf
85492,1,inf
85787,1,inf
86236,1,inf
86273,1,inf
86436,1,inf
86803,1,inf
87093,1,inf
87100,1,inf
87128,1,inf
87298,1,inf
87304,1,inf
87363,1,inf
87590,1,inf
87607,1,inf
88964,1,inf
89054,1,inf
89114,1,inf
89208,1,inf
90039,1,inf
90219,1,inf
90370,1,inf
90398,1,inf
90433,1,inf
90508,1,inf
90509,1,inf
90652,1,inf
90775,1,inf
90783,1,inf
90798,1,inf
90862,1,inf
90921,1,inf
91312,1,inf
91466,1,inf
91635,1,inf
91733,1,inf
91783,1,inf
91858,1,inf
91963,1,inf
91996,1,inf
92012,1,inf
92027,1,inf
92060,1,inf
92104,1,inf
92283,1,inf
92310,1,inf
92376,1,inf
92467,1,inf
92762,1,inf
92770,1,inf
92884,1,inf
92951,1,inf
93013,1,inf
93026,1,inf
93036,1,inf
93049,1,inf
93163,1,inf
93196,1,inf
93323,1,inf
93526,1,inf
93530,1,inf
93535,1,inf
93564,1,inf
94107,1,inf
94258,1,inf
94287,1,inf
94381,1,inf
94515,1,inf
94518,1,inf
94546,1,inf
94742,1,inf
94883,1,inf
95060,1,inf
95211,1,inf
95319,1,inf
95347,1,inf
95415,1,inf
95481,1,inf
95640,1,inf
95669,1,inf
95699,1,inf
95768,1,inf
95787,1,inf
95921,1,inf
96023,1,inf
96199,1,inf
96227,1,inf
96266,1,inf
96344,1,inf
96387,1,inf
96439,1,inf
96604,1,inf
96608,1,inf
97156,1,inf
97174,1,inf
97179,1,inf
97430,1,inf
97533,1,inf
97538,1,inf
97731,1,inf
97776,1,inf
97807,1,inf
97833,1,inf
97871,1,inf
98104,1,inf
98171,1,inf
98235,1,inf
98265,1,inf
98290,1,inf
98320,1,inf
98423,1,inf
98491,1,inf
98525,1,inf
98587,1,inf
98627,1,inf
98846,1,inf
98873,1,inf
99007,1,inf
99071,1,inf
99180,1,inf
99402,1,inf
99873,1,inf
99904,1,inf
99932,1,inf
100112,1,inf
100236,1,inf
100244,1,inf
100422,1,inf
100482,1,inf
100529,1,inf
100542,1,inf
100806,1,inf
100917,1,inf
100926,1,inf
101020,1,inf
101025,1,inf
101202,1,inf
101245,1,inf
101277,1,inf
101330,1,inf
101638,1,inf
102142,1,inf
102966,1,inf
103056,1,inf
103087,1,inf
103140,1,inf
103156,1,inf
103535,1,inf
103822,1,inf
103827,1,inf
104042,1,inf
104164,1,inf
104230,1,inf
104240,1,inf
104346,1,inf
104455,1,inf
104606,1,inf
104654,1,inf
104917,1,inf
105588,1,inf
105613,1,inf
105859,1,inf
106131,1,inf
106193,1,inf
106535,1,inf
106902,1,inf
106909,1,inf
106934,1,inf
107100,1,inf
107211,1,inf
107238,1,inf
107314,1,inf
107563,1,inf
107928,1,inf
108189,1,inf
108224,1,inf
108495,1,inf
108633,1,inf
108718,1,inf
108732,1,inf
109560,1,inf
109563,1,inf
109577,1,inf
109743,1,inf
109864,1,inf
109874,1,inf
109963,1,inf
110006,1,inf
110029,1,inf
110066,1,inf
110218,1,inf
110363,1,inf
110374,1,inf
110377,1,inf
110449,1,inf
110452,1,inf
110472,1,inf
110478,1,inf
110491,1,inf
110528,1,inf
110548,1,inf
110550,1,inf
110642,1,inf
110665,1,inf
110687,1,inf
110746,1,inf
110784,1,inf
110821,1,inf
111092,1,inf
111286,1,inf
111319,1,inf
111329,1,inf
111339,1,inf
111401,1,inf
111419,1,inf
111464,1,inf
111471,1,inf
111550,1,inf
111655,1,inf
111875,1,inf
111998,1,inf
112178,1,inf
112514,1,inf
112623,1,inf
112920,1,inf
112931,1,inf
112979,1,inf
113006,1,inf
113278,1,inf
113337,1,inf
113504,1,inf
113758,1,inf
113883,1,inf
114034,1,inf
114349,1,inf
114355,1,inf
114402,1,inf
114411,1,inf
114436,1,inf
114509,1,inf
114521,1,inf
114574,1,inf
114586,1,inf
114663,1,inf
114680,1,inf
114780,1,inf
114796,1,inf
114807,1,inf
114957,1,inf
115054,1,inf
115082,1,inf
115094,1,inf
115198,1,inf
115469,1,inf
115511,1,inf
115539,1,inf
115570,1,inf
115630,1,inf
115776,1,inf
115826,1,inf
115843,1,inf
116004,1,inf
116219,1,inf
116238,1,inf
116322,1,inf
116503,1,inf
116594,1,inf
116595,1,inf
116662,1,inf
116736,1,inf
116840,1,inf
117051,1,inf
117119,1,inf
117252,1,inf
117486,1,inf
117693,1,inf
117789,1,inf
117814,1,inf
118048,1,inf
118274,1,inf
118330,1,inf
118341,1,inf
118605,1,inf
118840,1,inf
118877,1,inf
119314,1,inf
119634,1,inf
119732,1,inf
119771,1,inf
119800,1,inf
119823,1,inf
119858,1,inf
119864,1,inf
119924,1,inf
120000,1,inf
120025,1,inf
120075,1,inf
120333,1,inf
120346,1,inf
120355,1,inf
120359,1,inf
120449,1,inf
120474,1,inf
120486,1,inf
120527,1,inf
120567,1,inf
120583,1,inf
120621,1,inf
120726,1,inf
120831,1,inf
120857,1,inf
121133,1,inf
121481,1,inf
121500,1,inf
121550,1,inf
121809,1,inf
121820,1,inf
121851,1,inf
121895,1,inf
122088,1,inf
122128,1,inf
122136,1,inf
122177,1,inf
122271,1,inf
122288,1,inf
122294,1,inf
122706,1,inf
122709,1,inf
122776,1,inf
123119,1,inf
123238,1,inf
123395,1,inf
123520,1,inf
123531,1,inf
123541,1,inf
123621,1,inf
123761,1,inf
123767,1,inf
123869,1,inf
124001,1,inf
124180,1,inf
124181,1,inf
124303,1,inf
124398,1,inf
124686,1,inf
124833,1,inf
124937,1,inf
125182,1,inf
125274,1,inf
125321,1,inf
125385,1,inf
125476,1,inf
125599,1,inf
125647,1,inf
125795,1,inf
125872,1,inf
126018,1,inf
126098,1,inf
126183,1,inf
126300,1,inf
126496,1,inf
126498,1,inf
126572,1,inf
126742,1,inf
126764,1,inf
126794,1,inf
126852,1,inf
126930,1,inf
126972,1,inf
126995,1,inf
127019,1,inf
127041,1,inf
127212,1,inf
127320,1,inf
127377,1,inf
127390,1,inf
127398,1,inf
127461,1,inf
127618,1,inf
127659,1,inf
127739,1,inf
127838,1,inf
127930,1,inf
127938,1,inf
128071,1,inf
128094,1,inf
128125,1,inf
128129,1,inf
128244,1,inf
128258,1,inf
128304,1,inf
128375,1,inf
128512,1,inf
128543,1,inf
128593,1,inf
128792,1,inf
129158,1,inf
129164,1,inf
129195,1,inf
129217,1,inf
129243,1,inf
129653,1,inf
129790,1,inf
129839,1,inf
130039,1,inf
130099,1,inf
130245,1,inf
130364,1,inf
130646,1,inf
130893,1,inf
131008,1,inf
131085,1,inf
131105,1,inf
131321,1,inf
131442,1,inf
131454,1,inf
131463,1,inf
131727,1,inf
131749,1,inf
131952,1,inf
131992,1,inf
132136,1,inf
132140,1,inf
132142,1,inf
132155,1,inf
132262,1,inf
132266,1,inf
132315,1,inf
132500,1,inf
132675,1,inf
132689,1,inf
132843,1,inf
133277,1,inf
133281,1,inf
133298,1,inf
133443,1,inf
133457,1,inf
133528,1,inf
133641,1,inf
133657,1,inf
134003,1,inf
134022,1,inf
134068,1,inf
134068,1,inf
134253,1,inf
134296,1,inf
134394,1,inf
134472,1,inf
134520,1,inf
134546,1,inf
134587,1,inf
134630,1,inf
134702,1,inf
135009,1,inf
135022,1,inf
135169,1,inf
135279,1,inf
135331,1,inf
135383,1,inf
135386,1,inf
135581,1,inf
135812,1,inf
135938,1,inf
135992,1,inf
136020,1,inf
136088,1,inf
136101,1,inf
136215,1,inf
136218,1,inf
136373,1,inf
136482,1,inf
136524,1,inf
136586,1,inf
136751,1,inf
136832,1,inf
136943,1,inf
137040,1,inf
137077,1,inf
137265,1,inf
137337,1,inf
137525,1,inf
137583,1,inf
137620,1,inf
137621,1,inf
137878,1,inf
137911,1,inf
138028,1,inf
138073,1,inf
138101,1,inf
138128,1,inf
138162,1,inf
138167,1,inf
138188,1,inf
138213,1,inf
138554,1,inf
138564,1,inf
138626,1,inf
138662,1,inf
138806,1,inf
138892,1,inf
138952,1,inf
139004,1,inf
139063,1,inf
139120,1,inf
139165,1,inf
139187,1,inf
139197,1,inf
139253,1,inf
139359,1,inf
139639,1,inf
139655,1,inf
139705,1,inf
139735,1,inf
139744,1,inf
139917,1,inf
139944,1,inf
140013,1,inf
140068,1,inf
140123,1,inf
140193,1,inf
140202,1,inf
140250,1,inf
140293,1,inf
140408,1,inf
140424,1,inf
140425,1,inf
140478,1,inf
140481,1,inf
140494,1,inf
140515,1,inf
140607,1,inf
140641,1,inf
140647,1,inf
140726,1,inf
140752,1,inf
140958,1,inf
140976,1,inf
140997,1,inf
141053,1,inf
141105,1,inf
141130,1,inf
141296,1,inf
141320,1,inf
141323,1,inf
141471,1,inf
141482,1,inf
141633,1,inf
141708,1,inf
141873,1,inf
141909,1,inf
142016,1,inf
142161,1,inf
142162,1,inf
142245,1,inf
142248,1,inf
142258,1,inf
142274,1,inf
142399,1,inf
142844,1,inf
142872,1,inf
142932,1,inf
142946,1,inf
143035,1,inf
143180,1,inf
143216,1,inf
143362,1,inf
143641,1,inf
143650,1,inf
143710,1,inf
143733,1,inf
143894,1,inf
143937,1,inf
144034,1,inf
144065,1,inf
144447,1,inf
144447,1,inf
144523,1,inf
144563,1,inf
144639,1,inf
144739,1,inf
144787,1,inf
144794,1,inf
144955,1,inf
144974,1,inf
144983,1,inf
145003,1,inf
145025,1,inf
145026,1,inf
145032,1,inf
145045,1,inf
145052,1,inf
145098,1,inf
145151,1,inf
145216,1,inf
145301,1,inf
145324,1,inf
145349,1,inf
145353,1,inf
145371,1,inf
145430,1,inf
145519,1,inf
145523,1,inf
145560,1,inf
145604,1,inf
145859,1,inf
145878,1,inf
145963,1,inf
146024,1,inf
146079,1,inf
146233,1,inf
146276,1,inf
146515,1,inf
146594,1,inf
146714,1,inf
146721,1,inf
146781,1,inf
146782,1,inf
146808,1,inf
146874,1,inf
146901,1,inf
146981,1,inf
147120,1,inf
147173,1,inf
147227,1,inf
147289,1,inf
147299,1,inf
147363,1,inf
147371,1,inf
147498,1,inf
147552,1,inf
147567,1,inf
147594,1,inf
147597,1,inf
147659,1,inf
147675,1,inf
147784,1,inf
148024,1,inf
148056,1,inf
148114,1,inf
148548,1,inf
148630,1,inf
148670,1,inf
148706,1,inf
148720,1,inf
149011,1,inf
149049,1,inf
149121,1,inf
149147,1,inf
149256,1,inf
149356,1,inf
149487,1,inf
149513,1,inf
149515,1,inf
149553,1,inf
149613,1,inf
149617,1,inf
149757,1,inf
149763,1,inf
149950,1,inf
149999,1,inf
150030,1,inf
150101,1,inf
150111,1,inf
150194,1,inf
150225,1,inf
150295,1,inf
150302,1,inf
150338,1,inf
150338,1,inf
150360,1,inf
150478,1,inf
150548,1,inf
150596,1,inf
150617,1,inf
150666,1,inf
150671,1,inf
150674,1,inf
150696,1,inf
150754,1,inf
150755,1,inf
150901,1,inf
151102,1,inf
151144,1,inf
151224,1,inf
151244,1,inf
151251,1,inf
151310,1,inf
151372,1,inf
151440,1,inf
151445,1,inf
151456,1,inf
151519,1,inf
151528,1,inf
151545,1,inf
151694,1,inf
151762,1,inf
151778,1,inf
151840,1,inf
151875,1,inf
152038,1,inf
152042,1,inf
152068,1,inf
152299,1,inf
152405,1,inf
152444,1,inf
152456,1,inf
152471,1,inf
152603,1,inf
152605,1,inf
152613,1,inf
152620,1,inf
152657,1,inf
152708,1,inf
152735,1,inf
152751,1,inf
152777,1,inf
152840,1,inf
152913,1,inf
153017,1,inf
153228,1,inf
153258,1,inf
153259,1,inf
153282,1,inf
153332,1,inf
153398,1,inf
153473,1,inf
153489,1,inf
153559,1,inf
153721,1,inf
153724,1,inf
153846,1,inf
153850,1,inf
153926,1,inf
153980,1,inf
154128,1,inf
154271,1,inf
154272,1,inf
154338,1,inf
154387,1,inf
154401,1,inf
154534,1,inf
154545,1,inf
154588,1,inf
154913,1,inf
155000,1,inf
155022,1,inf
155078,1,inf
155098,1,inf
155175,1,inf
155242,1,inf
155381,1,inf
155432,1,inf
155546,1,inf
155630,1,inf
155635,1,inf
155726,1,inf
155751,1,inf
155831,1,inf
155860,1,inf
155977,1,inf
156045,1,inf
156060,1,inf
156066,1,inf
156203,1,inf
156296,1,inf
156300,1,inf
156388,1,inf
156420,1,inf
156493,1,inf
156556,1,inf
156613,1,inf
156696,1,inf
156732,1,inf
156784,1,inf
156801,1,inf
156825,1,inf
156880,1,inf
156889,1,inf
157274,1,inf
157417,1,inf
157430,1,inf
157629,1,inf
157631,1,inf
157636,1,inf
157655,1,inf
157666,1,inf
157681,1,inf
157738,1,inf
157954,1,inf
158017,1,inf
158053,1,inf
158063,1,inf
158078,1,inf
158104,1,inf
158150,1,inf
158160,1,inf
158226,1,inf
158315,1,inf
158446,1,inf
158454,1,inf
158554,1,inf
158555,1,inf
158591,1,inf
158730,1,inf
159040,1,inf
159197,1,inf
159244,1,inf
159366,1,inf
159478,1,inf
159531,1,inf
159922,1,inf
159940,1,inf
160005,1,inf
160038,1,inf
160047,1,inf
160063,1,inf
160181,1,inf
160336,1,inf
160387,1,inf
160408,1,inf
160542,1,inf
160557,1,inf
160609,1,inf
160720,1,inf
160790,1,inf
160888,1,inf
161009,1,inf
161030,1,inf
161103,1,inf
161130,1,inf
161195,1,inf
161247,1,inf
161281,1,inf
161398,1,inf
161473,1,inf
161507,1,inf
161630,1,inf
161691,1,inf
161721,1,inf
161730,1,inf
161878,1,inf
161948,1,inf
162099,1,inf
162113,1,inf
162150,1,inf
162207,1,inf
162256,1,inf
162286,1,inf
162337,1,inf
162389,1,inf
162401,1,inf
162428,1,inf
162458,1,inf
162540,1,inf
162554,1,inf
162554,1,inf
162586,1,inf
162591,1,inf
162610,1,inf
162628,1,inf
162644,1,inf
162660,1,inf
162669,1,inf
162891,1,inf
162934,1,inf
162936,1,inf
163007,1,inf
163015,1,inf
163028,1,inf
163038,1,inf
163050,1,inf
163116,1,inf
163145,1,inf
163178,1,inf
163184,1,inf
163280,1,inf
163328,1,inf
163471,1,inf
163474,1,inf
163491,1,inf
163515,1,inf
163522,1,inf
163529,1,inf
163531,1,inf
163541,1,inf
163602,1,inf
163621,1,inf
163641,1,inf
163718,1,inf
163737,1,inf
163859,1,inf
163902,1,inf
163910,1,inf
163937,1,inf
164023,1,inf
164044,1,inf
164061,1,inf
164133,1,inf
164137,1,inf
164137,1,inf
164157,1,inf
164186,1,inf
164232,1,inf
164308,1,inf
164320,1,inf
164333,1,inf
164422,1,inf
164504,1,inf
164543,1,inf
164548,1,inf
164553,1,inf
164586,1,inf
164644,1,inf
164651,1,inf
164701,1,inf
164722,1,inf
164733,1,inf
164867,1,inf
164903,1,inf
165065,1,inf
165132,1,inf
165195,1,inf
165206,1,inf
165231,1,inf
165270,1,inf
165401,1,inf
165418,1,inf
165592,1,inf
165606,1,inf
165616,1,inf
165654,1,inf
165749,1,inf
165756,1,inf
165816,1,inf
165831,1,inf
165841,1,inf
165846,1,inf
165853,1,inf
165938,1,inf
165943,1,inf
166008,1,inf
166045,1,inf
166058,1,inf
166096,1,inf
166126,1,inf
166159,1,inf
166237,1,inf
166305,1,inf
166353,1,inf
166361,1,inf
166409,1,inf
166437,1,inf
166450,1,inf
166470,1,inf
166511,1,inf
166516,1,inf
166707,1,inf
166750,1,inf
166767,1,inf
166776,1,inf
166815,1,inf
166852,1,inf
166915,1,inf
167012,1,inf
167014,1,inf
167165,1,inf
167188,1,inf
167189,1,inf
167318,1,inf
167338,1,inf
167365,1,inf
167444,1,inf
167469,1,inf
167469,1,inf
167520,1,inf
167571,1,inf
167649,1,inf
167736,1,inf
167780,1,inf
168039,1,inf
168128,1,inf
168374,1,inf
168403,1,inf
168412,1,inf
168425,1,inf
168548,1,inf
168549,1,inf
168635,1,inf
168654,1,inf
168708,1,inf
168810,1,inf
168857,1,inf
168903,1,inf
169140,1,inf
169215,1,inf
169298,1,inf
169315,1,inf
169523,1,inf
169532,1,inf
169536,1,inf
169583,1,inf
169603,1,inf
169603,1,inf
169604,1,inf
169628,1,inf
169740,1,inf
169748,1,inf
169754,1,inf
169835,1,inf
169860,1,inf
170179,1,inf
170278,1,inf
170315,1,inf
170401,1,inf
170430,1,inf
170503,1,inf
170706,1,inf
170729,1,inf
170845,1,inf
170860,1,inf
170884,1,inf
170891,1,inf
170913,1,inf
171029,1,inf
171214,1,inf
171261,1,inf
171275,1,inf
171425,1,inf
171471,1,inf
171482,1,inf
171486,1,inf
171495,1,inf
171573,1,inf
171589,1,inf
171807,1,inf
172003,1,inf
172115,1,inf
172181,1,inf
172254,1,inf
172391,1,inf
172538,1,inf
172640,1,inf
172650,1,inf
172677,1,inf
172803,1,inf
172814,1,inf
172848,1,inf
172856,1,inf
172889,1,inf
172891,1,inf
172900,1,inf
172915,1,inf
173046,1,inf
173047,1,inf
173072,1,inf
173096,1,inf
173140,1,inf
173293,1,inf
173345,1,inf
173398,1,inf
173480,1,inf
173529,1,inf
173537,1,inf
173732,1,inf
173779,1,inf
173786,1,inf
173807,1,inf
173812,1,inf
173819,1,inf
174159,1,inf
174210,1,inf
174270,1,inf
174367,1,inf
174396,1,inf
174450,1,inf
174484,1,inf
174504,1,inf
174511,1,inf
174597,1,inf
174610,1,inf
174680,1,inf
174809,1,inf
175124,1,inf
175138,1,inf
175140,1,inf
175187,1,inf
175193,1,inf
175293,1,inf
175339,1,inf
175368,1,inf
175391,1,inf
175397,1,inf
175400,1,inf
175416,1,inf
175461,1,inf
175462,1,inf
175497,1,inf
175586,1,inf
175593,1,inf
175598,1,inf
175629,1,inf
175648,1,inf
175677,1,inf
175769,1,inf
175779,1,inf
175940,1,inf
176005,1,inf
176108,1,inf
176229,1,inf
176290,1,inf
176297,1,inf
176344,1,inf
176461,1,inf
176469,1,inf
176580,1,inf
176755,1,inf
176778,1,inf
176897,1,inf
176918,1,inf
176920,1,inf
177008,1,inf
177020,1,inf
177048,1,inf
177049,1,inf
177116,1,inf
177124,1,inf
177157,1,inf
177222,1,inf
177232,1,inf
177238,1,inf
177291,1,inf
177411,1,inf
177421,1,inf
177450,1,inf
177620,1,inf
177731,1,inf
177754,1,inf
177803,1,inf
178019,1,inf
178030,1,inf
178196,1,inf
178252,1,inf
178268,1,inf
178347,1,inf
178403,1,inf
178410,1,inf
178416,1,inf
178481,1,inf
178526,1,inf
178709,1,inf
178739,1,inf
178832,1,inf
178852,1,inf
178860,1,inf
178954,1,inf
179016,1,inf
179034,1,inf
179271,1,inf
179320,1,inf
179371,1,inf
179607,1,inf
179626,1,inf
179648,1,inf
179678,1,inf
179780,1,inf
180022,1,inf
180028,1,inf
180039,1,inf
180056,1,inf
180069,1,inf
180106,1,inf
180234,1,inf
180254,1,inf
180298,1,inf
180363,1,inf
180368,1,inf
180539,1,inf
180548,1,inf
180675,1,inf
180777,1,inf
180813,1,inf
180860,1,inf
181038,1,inf
181102,1,inf
181116,1,inf
181163,1,inf
181217,1,inf
181282,1,inf
181307,1,inf
181326,1,inf
181338,1,inf
181369,1,inf
181441,1,inf
181513,1,inf
181546,1,inf
181662,1,inf
181752,1,inf
181761,1,inf
181794,1,inf
181970,1,inf
182086,1,inf
182127,1,inf
182144,1,inf
182146,1,inf
182156,1,inf
182166,1,inf
182208,1,inf
182234,1,inf
182408,1,inf
182494,1,inf
182519,1,inf
182562,1,inf
182649,1,inf
182654,1,inf
182698,1,inf
182748,1,inf
182749,1,inf
182862,1,inf
182961,1,inf
182998,1,inf
183008,1,inf
183051,1,inf
183062,1,inf
183190,1,inf
183211,1,inf
183245,1,inf
183345,1,inf
183461,1,inf
183578,1,inf
183582,1,inf
183701,1,inf
183893,1,inf
183962,1,inf
184027,1,inf
184185,1,inf
184210,1,inf
184229,1,inf
184261,1,inf
184300,1,inf
184325,1,inf
184352,1,inf
184549,1,inf
184577,1,inf
184599,1,inf
184686,1,inf
184771,1,inf
184850,1,inf
184895,1,inf
184899,1,inf
185016,1,inf
185143,1,inf
185186,1,inf
185241,1,inf
185251,1,inf
185294,1,inf
185499,1,inf
185520,1,inf
185659,1,inf
185758,1,inf
185797,1,inf
185811,1,inf
185871,1,inf
185920,1,inf
185949,1,inf
186007,1,inf
186011,1,inf
186026,1,inf
186081,1,inf
186133,1,inf
186196,1,inf
186290,1,inf
186368,1,inf
186371,1,inf
186407,1,inf
186540,1,inf
186597,1,inf
186599,1,inf
186624,1,inf
186654,1,inf
186659,1,inf
186718,1,inf
186728,1,inf
186735,1,inf
186778,1,inf
186791,1,inf
186821,1,inf
186847,1,inf
186859,1,inf
186939,1,inf
186964,1,inf
186967,1,inf
187024,1,inf
187027,1,inf
187045,1,inf
187061,1,inf
187091,1,inf
187112,1,inf
187136,1,inf
187168,1,inf
187211,1,inf
187244,1,inf
187271,1,inf
187306,1,inf
187310,1,inf
187357,1,inf
187396,1,inf
187436,1,inf
187472,1,inf
187476,1,inf
187527,1,inf
187659,1,inf
187730,1,inf
187770,1,inf
188018,1,inf
188019,1,inf
188048,1,inf
188065,1,inf
188065,1,inf
188090,1,inf
188135,1,inf
188148,1,inf
188229,1,inf
188320,1,inf
188321,1,inf
188359,1,inf
188359,1,inf
188416,1,inf
188418,1,inf
188492,1,inf
188496,1,inf
188505,1,inf
188597,1,inf
188597,1,inf
188600,1,inf
188806,1,inf
188862,1,inf
188921,1,inf
188942,1,inf
189016,1,inf
189032,1,inf
189037,1,inf
189062,1,inf
189228,1,inf
189248,1,inf
189271,1,inf
189357,1,inf
189464,1,inf
189489,1,inf
189534,1,inf
189559,1,inf
189581,1,inf
189727,1,inf
189742,1,inf
189812,1,inf
189870,1,inf
189901,1,inf
189946,1,inf
189975,1,inf
189988,1,inf
189994,1,inf
190079,1,inf
190118,1,inf
190216,1,inf
190226,1,inf
190281,1,inf
190289,1,inf
190364,1,inf
190599,1,inf
190658,1,inf
190814,1,inf
190845,1,inf
190856,1,inf
190907,1,inf
190935,1,inf
190939,1,inf
191011,1,inf
191119,1,inf
191138,1,inf
191158,1,inf
191188,1,inf
191273,1,inf
191389,1,inf
191398,1,inf
191408,1,inf
191416,1,inf
191449,1,inf
191459,1,inf
191484,1,inf
191497,1,inf
191533,1,inf
191546,1,inf
191549,1,inf
191563,1,inf
191573,1,inf
191650,1,inf
191673,1,inf
191761,1,inf
191850,1,inf
192001,1,inf
192097,1,inf
192116,1,inf
192171,1,inf
192255,1,inf
192264,1,inf
192307,1,inf
192327,1,inf
192433,1,inf
192441,1,inf
192457,1,inf
192534,1,inf
192547,1,inf
192593,1,inf
192663,1,inf
192678,1,inf
192755,1,inf
192767,1,inf
192773,1,inf
192856,1,inf
192868,1,inf
192896,1,inf
192949,1,inf
193242,1,inf
193288,1,inf
193309,1,inf
193313,1,inf
193539,1,inf
193897,1,inf
193897,1,inf
193986,1,inf
194070,1,inf
194110,1,inf
194175,1,inf
194250,1,inf
194456,1,inf
194658,1,inf
194665,1,inf
194776,1,inf
194795,1,inf
194907,1,inf
194960,1,inf
194970,1,inf
195000,1,inf
195061,1,inf
195171,1,inf
195195,1,inf
195270,1,inf
195296,1,inf
195315,1,inf
195482,1,inf
195509,1,inf
195521,1,inf
195564,1,inf
195766,1,inf
195774,1,inf
195879,1,inf
196008,1,inf
196039,1,inf
196083,1,inf
196088,1,inf
196113,1,inf
196361,1,inf
196548,1,inf
196563,1,inf
196589,1,inf
196675,1,inf
196727,1,inf
196765,1,inf
196789,1,inf
196961,1,inf
197149,1,inf
197182,1,inf
197197,1,inf
197243,1,inf
197385,1,inf
197413,1,inf
197427,1,inf
197442,1,inf
197501,1,inf
197507,1,inf
197520,1,inf
197618,1,inf
197638,1,inf
197650,1,inf
197691,1,inf
197715,1,inf
197725,1,inf
197740,1,inf
197933,1,inf
198073,1,inf
198083,1,inf
198091,1,inf
198171,1,inf
198231,1,inf
198243,1,inf
198317,1,inf
198365,1,inf
198445,1,inf
198448,1,inf
198460,1,inf
198611,1,inf
198614,1,inf
198680,1,inf
198689,1,inf
198702,1,inf
198842,1,inf
198913,1,inf
198925,1,inf
199150,1,inf
199229,1,inf
199319,1,inf
199437,1,inf
199452,1,inf
199600,1,inf
199792,1,inf
199888,1,inf
200048,1,inf
200188,1,inf
200391,1,inf
200408,1,inf
200525,1,inf
200543,1,inf
200544,1,inf
200579,1,inf
200621,1,inf
200775,1,inf
200865,1,inf
200969,1,inf
200978,1,inf
201048,1,inf
201066,1,inf
201079,1,inf
201108,1,inf
201207,1,inf
201210,1,inf
201234,1,inf
201251,1,inf
201259,1,inf
201265,1,inf
201411,1,inf
201483,1,inf
201492,1,inf
201532,1,inf
201581,1,inf
201665,1,inf
201681,1,inf
201740,1,inf
201747,1,inf
201758,1,inf
201782,1,inf
201786,1,inf
201827,1,inf
201847,1,inf
201848,1,inf
201863,1,inf
201868,1,inf
201877,1,inf
201895,1,inf
201921,1,inf
201972,1,inf
201982,1,inf
202140,1,inf
202201,1,inf
202354,1,inf
202414,1,inf
202461,1,inf
202585,1,inf
202622,1,inf
202660,1,inf
202802,1,inf
202902,1,inf
203178,1,inf
203192,1,inf
203406,1,inf
203408,1,inf
203414,1,inf
203515,1,inf
203732,1,inf
203790,1,inf
203832,1,inf
203886,1,inf
204110,1,inf
204126,1,inf
204161,1,inf
204744,1,inf
204770,1,inf
204778,1,inf
204975,1,inf
205007,1,inf
205205,1,inf
205318,1,inf
205318,1,inf
205414,1,inf
205469,1,inf
205527,1,inf
205606,1,inf
205764,1,inf
205789,1,inf
205906,1,inf
206067,1,inf
206086,1,inf
206089,1,inf
206096,1,inf
206251,1,inf
206282,1,inf
206473,1,inf
206503,1,inf
206545,1,inf
206895,1,inf
206954,1,inf
207013,1,inf
207014,1,inf
207030,1,inf
207043,1,inf
207076,1,inf
207194,1,inf
207462,1,inf
207464,1,inf
207470,1,inf
207534,1,inf
207578,1,inf
207718,1,inf
208005,1,inf
208060,1,inf
208138,1,inf
208146,1,inf
208179,1,inf
208220,1,inf
208238,1,inf
208332,1,inf
208369,1,inf
208389,1,inf
208442,1,inf
208560,1,inf
208728,1,inf
208747,1,inf
208878,1,inf
208882,1,inf
208908,1,inf
208961,1,inf
208965,1,inf
209030,1,inf
209085,1,inf
209090,1,inf
209143,1,inf
209207,1,inf
209285,1,inf
209351,1,inf
209387,1,inf
209388,1,inf
209433,1,inf
209445,1,inf
209493,1,inf
209512,1,inf
209667,1,inf
209730,1,inf
209760,1,inf
209861,1,inf
209892,1,inf
209918,1,inf
210006,1,inf
210013,1,inf
210074,1,inf
210137,1,inf
210152,1,inf
210204,1,inf
210224,1,inf
210340,1,inf
210415,1,inf
210444,1,inf
210461,1,inf
210503,1,inf
210511,1,inf
210618,1,inf
210674,1,inf
210679,1,inf
210742,1,inf
210777,1,inf
210852,1,inf
210872,1,inf
210878,1,inf
210892,1,inf
210922,1,inf
211286,1,inf
211321,1,inf
211332,1,inf
211584,1,inf
211647,1,inf
211659,1,inf
211689,1,inf
211762,1,inf
211843,1,inf
211845,1,inf
211911,1,inf
211950,1,inf
212002,1,inf
212036,1,inf
212057,1,inf
212121,1,inf
212178,1,inf
212214,1,inf
212398,1,inf
212415,1,inf
212586,1,inf
212586,1,inf
212670,1,inf
212741,1,inf
212843,1,inf
212925,1,inf
212941,1,inf
212995,1,inf
213042,1,inf
213052,1,inf
213096,1,inf
213296,1,inf
213402,1,inf
213422,1,inf
213444,1,inf
213489,1,inf
213720,1,inf
213743,1,inf
213875,1,inf
213891,1,inf
213957,1,inf
214094,1,inf
214193,1,inf
214203,1,inf
214203,1,inf
214209,1,inf
214274,1,inf
214349,1,inf
214382,1,inf
214389,1,inf
214449,1,inf
214531,1,inf
214558,1,inf
214562,1,inf
214639,1,inf
214751,1,inf
214768,1,inf
214819,1,inf
215021,1,inf
215165,1,inf
215245,1,inf
215254,1,inf
215277,1,inf
215312,1,inf
215312,1,inf
215413,1,inf
215445,1,inf
215559,1,inf
215620,1,inf
215661,1,inf
215782,1,inf
215788,1,inf
215833,1,inf
216181,1,inf
216192,1,inf
216233,1,inf
216409,1,inf
216450,1,inf
216506,1,inf
216783,1,inf
216791,1,inf
216807,1,inf
216875,1,inf
216905,1,inf
216937,1,inf
217056,1,inf
217302,1,inf
217421,1,inf
217616,1,inf
217775,1,inf
217919,1,inf
217923,1,inf
217968,1,inf
218030,1,inf
218048,1,inf
218247,1,inf
218328,1,inf
218381,1,inf
218401,1,inf
218509,1,inf
218616,1,inf
218651,1,inf
218680,1,inf
218750,1,inf
218821,1,inf
218925,1,inf
219046,1,inf
219197,1,inf
219207,1,inf
219344,1,inf
219360,1,inf
219378,1,inf
219603,1,inf
219929,1,inf
219961,1,inf
220141,1,inf
220207,1,inf
220209,1,inf
220288,1,inf
220494,1,inf
220533,1,inf
220589,1,inf
220590,1,inf
220656,1,inf
220797,1,inf
220814,1,inf
220923,1,inf
220942,1,inf
221075,1,inf
221115,1,inf
221122,1,inf
221146,1,inf
221349,1,inf
221373,1,inf
221428,1,inf
221465,1,inf
221538,1,inf
221757,1,inf
221823,1,inf
222014,1,inf
222020,1,inf
222062,1,inf
222068,1,inf
222103,1,inf
222113,1,inf
222216,1,inf
222258,1,inf
222371,1,inf
222681,1,inf
222697,1,inf
222869,1,inf
222976,1,inf
223002,1,inf
223041,1,inf
223303,1,inf
223454,1,inf
223545,1,inf
223585,1,inf
223632,1,inf
223684,1,inf
223748,1,inf
223794,1,inf
223900,1,inf
223924,1,inf
224003,1,inf
224014,1,inf
224092,1,inf
224169,1,inf
224193,1,inf
224266,1,inf
224287,1,inf
224316,1,inf
224499,1,inf
224518,1,inf
224532,1,inf
224546,1,inf
224566,1,inf
224605,1,inf
224609,1,inf
224669,1,inf
224808,1,inf
224905,1,inf
224918,1,inf
225006,1,inf
225012,1,inf
225028,1,inf
225066,1,inf
225080,1,inf
225085,1,inf
225177,1,inf
225216,1,inf
225223,1,inf
225226,1,inf
225234,1,inf
225430,1,inf
225438,1,inf
225677,1,inf
225785,1,inf
225842,1,inf
225844,1,inf
225918,1,inf
225968,1,inf
226002,1,inf
226083,1,inf
226302,1,inf
226321,1,inf
226369,1,inf
226465,1,inf
226535,1,inf
226733,1,inf
226766,1,inf
226861,1,inf
226864,1,inf
226931,1,inf
226973,1,inf
226982,1,inf
226998,1,inf
227025,1,inf
227026,1,inf
227153,1,inf
227501,1,inf
227522,1,inf
227536,1,inf
227621,1,inf
227625,1,inf
227749,1,inf
227821,1,inf
227851,1,inf
227924,1,inf
228036,1,inf
228237,1,inf
228424,1,inf
228459,1,inf
228701,1,inf
228732,1,inf
228747,1,inf
228755,1,inf
228842,1,inf
228844,1,inf
229081,1,inf
229105,1,inf
229180,1,inf
229239,1,inf
229307,1,inf
229437,1,inf
229488,1,inf
229530,1,inf
229658,1,inf
229736,1,inf
229755,1,inf
229768,1,inf
229822,1,inf
229832,1,inf
230009,1,inf
230069,1,inf
230124,1,inf
230148,1,inf
230269,1,inf
230296,1,inf
230392,1,inf
230415,1,inf
230654,1,inf
230716,1,inf
230726,1,inf
230796,1,inf
230816,1,inf
231017,1,inf
231077,1,inf
231155,1,inf
231168,1,inf
231257,1,inf
231286,1,inf
231290,1,inf
231330,1,inf
231366,1,inf
231400,1,inf
231515,1,inf
231524,1,inf
231587,1,inf
231719,1,inf
231757,1,inf
231913,1,inf
231990,1,inf
232011,1,inf
232017,1,inf
232072,1,inf
232330,1,inf
232427,1,inf
232512,1,inf
232669,1,inf
232762,1,inf
232789,1,inf
232881,1,inf
232893,1,inf
233064,1,inf
233081,1,inf
233084,1,inf
233195,1,inf
233207,1,inf
233230,1,inf
233254,1,inf
233265,1,inf
233296,1,inf
233435,1,inf
233556,1,inf
233558,1,inf
233647,1,inf
233654,1,inf
233817,1,inf
233854,1,inf
233885,1,inf
234012,1,inf
234076,1,inf
234080,1,inf
234085,1,inf
234145,1,inf
234281,1,inf
234328,1,inf
234407,1,inf
234426,1,inf
234455,1,inf
234604,1,inf
234665,1,inf
234701,1,inf
234766,1,inf
235016,1,inf
235057,1,inf
235073,1,inf
235089,1,inf
235253,1,inf
235338,1,inf
235356,1,inf
235429,1,inf
235496,1,inf
235660,1,inf
235865,1,inf
235901,1,inf
236179,1,inf
236371,1,inf
236468,1,inf
236556,1,inf
236568,1,inf
236737,1,inf
236787,1,inf
236812,1,inf
237098,1,inf
237194,1,inf
237328,1,inf
237369,1,inf
237466,1,inf
237578,1,inf
237690,1,inf
237742,1,inf
237742,1,inf
237998,1,inf
238059,1,inf
238390,1,inf
238392,1,inf
238501,1,inf
238657,1,inf
238702,1,inf
238826,1,inf
238879,1,inf
238895,1,inf
238934,1,inf
238942,1,inf
239005,1,inf
239519,1,inf
239639,1,inf
239725,1,inf
239831,1,inf
240256,1,inf
240453,1,inf
240817,1,inf
240975,1,inf
241502,1,inf
241525,1,inf
241571,1,inf
241661,1,inf
242061,1,inf
242141,1,inf
242141,1,inf
242331,1,inf
242516,1,inf
242676,1,inf
242832,1,inf
242903,1,inf
243064,1,inf
243164,1,inf
243171,1,inf
243477,1,inf
243485,1,inf
243490,1,inf
243678,1,inf
243686,1,inf
243740,1,inf
243833,1,inf
243865,1,inf
243945,1,inf
243961,1,inf
243998,1,inf
244119,1,inf
244266,1,inf
244373,1,inf
244410,1,inf
244646,1,inf
245016,1,inf
245024,1,inf
245264,1,inf
245319,1,inf
245331,1,inf
245376,1,inf
245452,1,inf
245492,1,inf
245602,1,inf
245667,1,inf
246163,1,inf
246173,1,inf
246199,1,inf
246298,1,inf
246673,1,inf
246833,1,inf
246892,1,inf
246899,1,inf
247071,1,inf
247095,1,inf
247179,1,inf
247214,1,inf
247233,1,inf
247330,1,inf
247429,1,inf
247461,1,inf
247501,1,inf
247631,1,inf
247860,1,inf
247869,1,inf
248033,1,inf
248256,1,inf
248777,1,inf
248982,1,inf
249040,1,inf
249342,1,inf
249468,1,inf
249474,1,inf
249492,1,inf
249496,1,inf
249545,1,inf
249556,1,inf
249575,1,inf
250119,1,inf
250262,1,inf
250323,1,inf
250394,1,inf
250585,1,inf
250784,1,inf
250937,1,inf
251049,1,inf
251341,1,inf
251622,1,inf
251640,1,inf
251893,1,inf
251913,1,inf
252162,1,inf
252260,1,inf
252446,1,inf
252537,1,inf
252538,1,inf
252571,1,inf
252618,1,inf
252667,1,inf
252732,1,inf
252778,1,inf
252822,1,inf
252853,1,inf
253114,1,inf
253269,1,inf
253311,1,inf
253380,1,inf
253517,1,inf
253800,1,inf
253865,1,inf
254145,1,inf
254149,1,inf
254301,1,inf
254595,1,inf
254613,1,inf
254818,1,inf
254968,1,inf
255140,1,inf
255210,1,inf
255229,1,inf
255353,1,inf
255435,1,inf
255439,1,inf
255500,1,inf
255511,1,inf
255646,1,inf
255696,1,inf
255734,1,inf
255886,1,inf
256053,1,inf
256285,1,inf
256464,1,inf
256466,1,inf
256471,1,inf
256585,1,inf
256618,1,inf
256890,1,inf
257272,1,inf
257317,1,inf
257376,1,inf
257514,1,inf
257616,1,inf
257871,1,inf
257929,1,inf
258011,1,inf
258094,1,inf
258099,1,inf
258126,1,inf
258228,1,inf
258266,1,inf
258270,1,inf
258300,1,inf
258342,1,inf
258426,1,inf
258864,1,inf
258895,1,inf
259013,1,inf
259216,1,inf
259344,1,inf
259458,1,inf
259526,1,inf
259551,1,inf
259634,1,inf
259691,1,inf
259720,1,inf
259897,1,inf
259911,1,inf
259975,1,inf
260075,1,inf
260077,1,inf
260748,1,inf
260752,1,inf
260938,1,inf
261642,1,inf
261751,1,inf
261938,1,inf
262067,1,inf
262239,1,inf
262412,1,inf
262474,1,inf
262539,1,inf
262595,1,inf
262650,1,inf
262671,1,inf
262765,1,inf
263237,1,inf
263294,1,inf
263395,1,inf
263417,1,inf
263496,1,inf
263920,1,inf
264633,1,inf
264714,1,inf
264970,1,inf
265760,1,inf
265798,1,inf
266750,1,inf
267064,1,inf
267097,1,inf
267284,1,inf
267539,1,inf
267650,1,inf
267705,1,inf
268064,1,inf
268227,1,inf
268393,1,inf
268406,1,inf
268527,1,inf
268554,1,inf
269527,1,inf
269804,1,inf
269880,1,inf
270050,1,inf
270062,1,inf
270069,1,inf
270075,1,inf
270377,1,inf
271328,1,inf
271524,1,inf
271600,1,inf
271917,1,inf
271937,1,inf
272211,1,inf
272395,1,inf
272420,1,inf
272620,1,inf
272658,1,inf
272884,1,inf
273154,1,inf
273355,1,inf
273749,1,inf
274010,1,inf
275019,1,inf
275474,1,inf
275700,1,inf
275795,1,inf
275816,1,inf
275952,1,inf
276133,1,inf
276173,1,inf
276281,1,inf
276312,1,inf
276329,1,inf
276478,1,inf
276518,1,inf
276798,1,inf
276897,1,inf
277103,1,inf
277164,1,inf
277238,1,inf
277264,1,inf
277870,1,inf
278476,1,inf
278493,1,inf
278797,1,inf
278953,1,inf
279055,1,inf
279371,1,inf
279626,1,inf
279763,1,inf
279933,1,inf
280092,1,inf
280190,1,inf
280989,1,inf
280999,1,inf
281187,1,inf
281417,1,inf
281493,1,inf
281527,1,inf
281559,1,inf
282249,1,inf
282550,1,inf
282637,1,inf
282667,1,inf
282701,1,inf
282890,1,inf
283012,1,inf
283015,1,inf
283212,1,inf
283928,1,inf
284119,1,inf
284356,1,inf
284761,1,inf
285670,1,inf
285773,1,inf
285783,1,inf
286608,1,inf
286700,1,inf
286868,1,inf
287490,1,inf
287522,1,inf
287841,1,inf
287965,1,inf
288023,1,inf
288081,1,inf
288327,1,inf
288342,1,inf
288713,1,inf
288947,1,inf
289734,1,inf
289742,1,inf
289931,1,inf
289986,1,inf
290957,1,inf
291109,1,inf
291203,1,inf
291287,1,inf
291514,1,inf
291558,1,inf
291587,1,inf
291709,1,inf
291780,1,inf
292114,1,inf
292207,1,inf
292558,1,inf
292858,1,inf
293096,1,inf
293501,1,inf
293702,1,inf
295752,1,inf
295847,1,inf
296127,1,inf
296589,1,inf
296836,1,inf
296884,1,inf
297022,1,inf
297052,1,inf
297153,1,inf
297182,1,inf
297552,1,inf
297593,1,inf
297655,1,inf
297699,1,inf
298253,1,inf
298461,1,inf
298492,1,inf
298796,1,inf
298805,1,inf
299156,1,inf
299440,1,inf
299652,1,inf
300044,1,inf
300189,1,inf
300268,1,inf
301004,1,inf
301616,1,inf
301894,1,inf
301978,1,inf
302008,1,inf
302031,1,inf
302241,1,inf
302436,1,inf
302806,1,inf
302807,1,inf
302826,1,inf
303058,1,inf
303216,1,inf
304368,1,inf
304603,1,inf
304782,1,inf
306057,1,inf
306410,1,inf
306599,1,inf
306934,1,inf
306977,1,inf
306977,1,inf
307014,1,inf
307044,1,inf
307143,1,inf
307904,1,inf
308301,1,inf
309142,1,inf
309161,1,inf
309249,1,inf
309427,1,inf
309524,1,inf
309578,1,inf
310169,1,inf
310318,1,inf
310461,1,inf
310809,1,inf
310853,1,inf
311167,1,inf
311173,1,inf
311221,1,inf
311335,1,inf
311691,1,inf
311883,1,inf
312084,1,inf
312327,1,inf
312474,1,inf
313140,1,inf
313204,1,inf
313366,1,inf
315363,1,inf
315674,1,inf
316064,1,inf
316180,1,inf
316187,1,inf
316549,1,inf
316725,1,inf
316859,1,inf
317061,1,inf
317337,1,inf
317593,1,inf
317786,1,inf
317843,1,inf
318420,1,inf
318581,1,inf
318665,1,inf
318731,1,inf
318883,1,inf
318990,1,inf
319268,1,inf
319535,1,inf
319607,1,inf
320048,1,inf
320442,1,inf
320496,1,inf
320507,1,inf
320659,1,inf
320689,1,inf
320689,1,inf
320713,1,inf
320803,1,inf
320888,1,inf
321141,1,inf
321195,1,inf
322130,1,inf
322813,1,inf
323463,1,inf
324825,1,inf
325121,1,inf
325366,1,inf
326642,1,inf
327163,1,inf
327363,1,inf
328408,1,inf
328416,1,inf
328428,1,inf
328611,1,inf
329212,1,inf
329890,1,inf
330134,1,inf
330152,1,inf
330328,1,inf
330538,1,inf
330560,1,inf
330665,1,inf
331433,1,inf
331479,1,inf
331653,1,inf
332072,1,inf
332749,1,inf
333160,1,inf
333176,1,inf
333210,1,inf
333427,1,inf
333714,1,inf
334166,1,inf
334457,1,inf
334693,1,inf
335090,1,inf
335452,1,inf
335583,1,inf
335649,1,inf
335670,1,inf
336009,1,inf
336600,1,inf
337179,1,inf
337590,1,inf
337958,1,inf
337995,1,inf
338351,1,inf
338839,1,inf
338990,1,inf
339045,1,inf
339604,1,inf
339695,1,inf
339847,1,inf
340185,1,inf
340507,1,inf
341478,1,inf
342290,1,inf
342716,1,inf
342750,1,inf
342798,1,inf
344368,1,inf
344964,1,inf
345023,1,inf
345370,1,inf
345843,1,inf
346036,1,inf
346457,1,inf
347599,1,inf
347689,1,inf
349182,1,inf
349342,1,inf
349460,1,inf
350436,1,inf
350459,1,inf
350521,1,inf
351107,1,inf
351144,1,inf
351307,1,inf
351873,1,inf
352011,1,inf
352399,1,inf
352903,1,inf
353677,1,inf
354222,1,inf
354248,1,inf
354259,1,inf
354346,1,inf
354443,1,inf
354540,1,inf
354552,1,inf
354719,1,inf
354874,1,inf
355029,1,inf
355625,1,inf
355630,1,inf
355695,1,inf
355719,1,inf
355843,1,inf
355902,1,inf
356066,1,inf
357043,1,inf
357169,1,inf
357433,1,inf
357446,1,inf
357684,1,inf
358061,1,inf
358131,1,inf
358514,1,inf
358551,1,inf
359083,1,inf
359582,1,inf
359858,1,inf
360306,1,inf
361023,1,inf
362017,1,inf
362222,1,inf
363035,1,inf
363768,1,inf
364006,1,inf
364287,1,inf
365305,1,inf
365564,1,inf
365778,1,inf
366150,1,inf
367045,1,inf
367401,1,inf
367592,1,inf
368034,1,inf
368329,1,inf
368603,1,inf
369414,1,inf
369555,1,inf
369704,1,inf
370061,1,inf
370868,1,inf
370962,1,inf
371044,1,inf
371121,1,inf
372027,1,inf
372151,1,inf
372568,1,inf
372840,1,inf
373431,1,inf
373510,1,inf
373802,1,inf
374363,1,inf
374685,1,inf
374892,1,inf
375186,1,inf
375714,1,inf
377198,1,inf
378371,1,inf
378371,1,inf
378417,1,inf
378741,1,inf
378899,1,inf
378930,1,inf
379006,1,inf
379213,1,inf
379292,1,inf
379394,1,inf
379645,1,inf
379656,1,inf
379760,1,inf
379927,1,inf
379943,1,inf
380008,1,inf
380399,1,inf
380454,1,inf
380566,1,inf
381354,1,inf
381413,1,inf
381425,1,inf
381531,1,inf
381619,1,inf
381743,1,inf
382879,1,inf
383125,1,inf
383145,1,inf
383677,1,inf
384140,1,inf
384473,1,inf
384544,1,inf
385359,1,inf
385531,1,inf
385865,1,inf
385909,1,inf
385978,1,inf
386192,1,inf
386289,1,inf
386470,1,inf
387038,1,inf
387134,1,inf
387442,1,inf
387774,1,inf
387825,1,inf
388350,1,inf
388544,1,inf
388577,1,inf
388700,1,inf
389387,1,inf
389403,1,inf
389868,1,inf
390048,1,inf
390641,1,inf
391312,1,inf
391892,1,inf
392306,1,inf
392318,1,inf
393031,1,inf
393127,1,inf
393363,1,inf
393729,1,inf
393931,1,inf
394116,1,inf
394269,1,inf
395210,1,inf
395495,1,inf
395604,1,inf
397579,1,inf
399097,1,inf
399242,1,inf
399365,1,inf
399961,1,inf
400337,1,inf
401333,1,inf
401452,1,inf
401904,1,inf
402069,1,inf
402122,1,inf
402129,1,inf
402170,1,inf
402379,1,inf
402411,1,inf
402550,1,inf
402671,1,inf
402687,1,inf
402754,1,inf
403053,1,inf
403131,1,inf
403426,1,inf
403615,1,inf
403758,1,inf
403767,1,inf
403897,1,inf
403903,1,inf
404007,1,inf
404566,1,inf
405256,1,inf
405339,1,inf
405644,1,inf
405711,1,inf
405821,1,inf
405943,1,inf
406075,1,inf
406809,1,inf
407039,1,inf
407380,1,inf
407392,1,inf
407525,1,inf
407541,1,inf
407730,1,inf
407921,1,inf
408059,1,inf
408203,1,inf
408300,1,inf
408440,1,inf
408528,1,inf
408768,1,inf
409007,1,inf
409070,1,inf
409809,1,inf
409813,1,inf
409850,1,inf
409929,1,inf
410272,1,inf
410596,1,inf
410919,1,inf
411376,1,inf
411652,1,inf
412563,1,inf
412765,1,inf
412800,1,inf
413280,1,inf
413326,1,inf
413452,1,inf
413843,1,inf
414251,1,inf
414569,1,inf
415349,1,inf
416055,1,inf
416240,1,inf
416291,1,inf
416419,1,inf
416654,1,inf
416793,1,inf
416903,1,inf
417204,1,inf
417348,1,inf
417400,1,inf
417678,1,inf
417978,1,inf
418097,1,inf
418905,1,inf
419432,1,inf
420048,1,inf
420067,1,inf
420406,1,inf
420976,1,inf
421101,1,inf
422474,1,inf
422503,1,inf
422777,1,inf
422994,1,inf
423061,1,inf
423661,1,inf
424422,1,inf
424871,1,inf
425353,1,inf
425766,1,inf
425995,1,inf
426091,1,inf
426119,1,inf
426196,1,inf
426321,1,inf
426728,1,inf
426757,1,inf
426877,1,inf
427016,1,inf
427024,1,inf
427031,1,inf
427078,1,inf
427176,1,inf
427347,1,inf
427387,1,inf
427401,1,inf
427416,1,inf
427629,1,inf
427801,1,inf
427899,1,inf
428249,1,inf
428472,1,inf
428787,1,inf
429192,1,inf
429424,1,inf
429514,1,inf
429679,1,inf
430392,1,inf
430434,1,inf
430498,1,inf
430623,1,inf
430699,1,inf
431091,1,inf
431337,1,inf
432003,1,inf
432222,1,inf
432261,1,inf
432332,1,inf
432492,1,inf
432741,1,inf
433149,1,inf
433175,1,inf
433310,1,inf
433410,1,inf
433639,1,inf
434337,1,inf
434404,1,inf
434809,1,inf
434888,1,inf
435133,1,inf
435177,1,inf
435728,1,inf
436655,1,inf
437264,1,inf
437370,1,inf
437552,1,inf
437872,1,inf
438102,1,inf
438218,1,inf
438244,1,inf
438369,1,inf
438372,1,inf
438392,1,inf
438403,1,inf
438454,1,inf
438513,1,inf
439423,1,inf
439735,1,inf
439928,1,inf
439988,1,inf
440509,1,inf
440661,1,inf
440665,1,inf
440732,1,inf
441295,1,inf
441538,1,inf
441682,1,inf
442023,1,inf
442582,1,inf
443335,1,inf
443487,1,inf
443661,1,inf
443694,1,inf
444219,1,inf
444296,1,inf
444302,1,inf
444329,1,inf
444388,1,inf
445305,1,inf
445411,1,inf
445612,1,inf
446465,1,inf
446690,1,inf
446816,1,inf
447277,1,inf
447376,1,inf
447615,1,inf
447778,1,inf
447789,1,inf
447936,1,inf
448003,1,inf
448127,1,inf
449128,1,inf
449140,1,inf
449239,1,inf
449321,1,inf
449346,1,inf
450122,1,inf
450290,1,inf
450294,1,inf
450395,1,inf
450485,1,inf
450540,1,inf
450816,1,inf
450823,1,inf
450830,1,inf
450999,1,inf
451235,1,inf
451342,1,inf
451830,1,inf
451945,1,inf
452204,1,inf
452318,1,inf
452636,1,inf
452760,1,inf
452835,1,inf
453038,1,inf
453349,1,inf
453526,1,inf
453533,1,inf
453588,1,inf
453658,1,inf
454031,1,inf
454385,1,inf
454414,1,inf
454531,1,inf
454594,1,inf
454640,1,inf
455133,1,inf
455428,1,inf
455631,1,inf
456175,1,inf
456243,1,inf
456370,1,inf
456420,1,inf
457254,1,inf
457414,1,inf
457595,1,inf
457737,1,inf
457819,1,inf
457854,1,inf
457865,1,inf
458359,1,inf
458612,1,inf
458634,1,inf
458727,1,inf
458790,1,inf
459017,1,inf
459634,1,inf
459720,1,inf
460127,1,inf
460225,1,inf
460310,1,inf
460621,1,inf
460726,1,inf
460778,1,inf
460790,1,inf
460958,1,inf
461386,1,inf
461511,1,inf
461604,1,inf
461780,1,inf
461972,1,inf
462259,1,inf
462282,1,inf
462297,1,inf
462387,1,inf
462554,1,inf
462778,1,inf
463011,1,inf
463281,1,inf
463341,1,inf
463372,1,inf
463596,1,inf
463677,1,inf
463687,1,inf
463883,1,inf
464012,1,inf
464387,1,inf
464417,1,inf
464480,1,inf
464629,1,inf
464827,1,inf
464937,1,inf
464988,1,inf
465012,1,inf
465023,1,inf
465676,1,inf
465930,1,inf
466070,1,inf
466086,1,inf
466115,1,inf
466250,1,inf
466337,1,inf
466388,1,inf
467207,1,inf
467439,1,inf
467461,1,inf
467501,1,inf
467805,1,inf
468086,1,inf
468301,1,inf
468350,1,inf
468376,1,inf
468646,1,inf
468657,1,inf
468737,1,inf
468745,1,inf
469106,1,inf
469168,1,inf
469228,1,inf
469230,1,inf
469274,1,inf
469598,1,inf
469617,1,inf
469790,1,inf
470140,1,inf
470811,1,inf
470872,1,inf
470934,1,inf
471015,1,inf
471040,1,inf
471161,1,inf
471324,1,inf
471553,1,inf
471591,1,inf
471939,1,inf
472272,1,inf
472378,1,inf
472483,1,inf
472514,1,inf
472723,1,inf
472789,1,inf
472947,1,inf
473072,1,inf
473114,1,inf
473208,1,inf
473490,1,inf
473900,1,inf
473907,1,inf
474093,1,inf
474304,1,inf
474329,1,inf
474411,1,inf
474627,1,inf
474809,1,inf
474845,1,inf
474933,1,inf
474959,1,inf
475015,1,inf
475049,1,inf
475050,1,inf
475176,1,inf
475221,1,inf
475275,1,inf
475284,1,inf
475462,1,inf
475496,1,inf
475660,1,inf
475758,1,inf
475800,1,inf
475826,1,inf
476280,1,inf
476467,1,inf
476514,1,inf
476698,1,inf
476760,1,inf
476768,1,inf
476789,1,inf
476816,1,inf
476844,1,inf
476906,1,inf
476957,1,inf
477024,1,inf
477195,1,inf
477552,1,inf
477613,1,inf
477630,1,inf
478005,1,inf
478102,1,inf
478282,1,inf
478340,1,inf
478358,1,inf
478362,1,inf
478652,1,inf
478685,1,inf
478769,1,inf
478782,1,inf
478942,1,inf
479059,1,inf
479074,1,inf
479136,1,inf
479204,1,inf
479290,1,inf
479378,1,inf
479393,1,inf
479407,1,inf
479453,1,inf
479593,1,inf
479601,1,inf
479638,1,inf
479730,1,inf
479911,1,inf
479918,1,inf
480312,1,inf
480411,1,inf
480432,1,inf
480590,1,inf
480683,1,inf
480697,1,inf
480707,1,inf
480829,1,inf
481401,1,inf
481417,1,inf
481444,1,inf
481557,1,inf
481568,1,inf
481597,1,inf
481636,1,inf
481662,1,inf
481715,1,inf
481825,1,inf
481837,1,inf
482024,1,inf
482408,1,inf
482569,1,inf
482607,1,inf
482814,1,inf
482868,1,inf
482879,1,inf
482922,1,inf
482986,1,inf
482995,1,inf
483284,1,inf
483300,1,inf
483415,1,inf
483441,1,inf
483495,1,inf
483765,1,inf
483783,1,inf
483914,1,inf
484012,1,inf
484047,1,inf
484249,1,inf
484271,1,inf
484276,1,inf
484295,1,inf
484510,1,inf
485081,1,inf
485223,1,inf
485240,1,inf
485329,1,inf
485382,1,inf
485445,1,inf
485630,1,inf
486046,1,inf
486244,1,inf
486272,1,inf
486300,1,inf
486368,1,inf
486502,1,inf
486528,1,inf
486562,1,inf
486630,1,inf
486655,1,inf
487002,1,inf
487051,1,inf
487111,1,inf
487122,1,inf
487123,1,inf
487229,1,inf
487589,1,inf
487808,1,inf
488000,1,inf
488002,1,inf
488116,1,inf
488336,1,inf
488435,1,inf
488565,1,inf
488730,1,inf
488739,1,inf
488775,1,inf
489001,1,inf
489088,1,inf
489091,1,inf
489145,1,inf
489216,1,inf
489293,1,inf
489439,1,inf
489466,1,inf
489860,1,inf
489902,1,inf
490174,1,inf
490184,1,inf
490326,1,inf
490558,1,inf
490566,1,inf
491088,1,inf
491116,1,inf
491483,1,inf
491765,1,inf
491824,1,inf
492004,1,inf
492404,1,inf
492686,1,inf
492701,1,inf
492971,1,inf
493053,1,inf
493172,1,inf
493323,1,inf
493357,1,inf
493358,1,inf
493543,1,inf
493547,1,inf
493626,1,inf
493631,1,inf
493681,1,inf
493786,1,inf
493804,1,inf
494017,1,inf
494309,1,inf
494506,1,inf
494633,1,inf
494646,1,inf
494887,1,inf
494892,1,inf
494908,1,inf
495213,1,inf
495427,1,inf
496032,1,inf
496137,1,inf
496412,1,inf
496499,1,inf
496684,1,inf
497075,1,inf
497107,1,inf
497144,1,inf
497194,1,inf
497233,1,inf
497794,1,inf
497934,1,inf
498008,1,inf
498141,1,inf
498175,1,inf
498214,1,inf
498260,1,inf
498326,1,inf
498362,1,inf
498517,1,inf
498525,1,inf
498775,1,inf
498911,1,inf
499102,1,inf
499134,1,inf
499266,1,inf
499296,1,inf
499338,1,inf
499364,1,inf
499640,1,inf
499647,1,inf
499657,1,inf
499770,1,inf
499779,1,inf
499802,1,inf
499831,1,inf
499861,1,inf
499869,1,inf
500031,1,inf
500052,1,inf
500208,1,inf
500548,1,inf
500658,1,inf
500693,1,inf
501038,1,inf
501190,1,inf
501335,1,inf
501342,1,inf
501350,1,inf
501472,1,inf
501492,1,inf
501574,1,inf
502212,1,inf
502323,1,inf
502622,1,inf
502770,1,inf
502872,1,inf
502885,1,inf
503014,1,inf
503170,1,inf
503354,1,inf
503422,1,inf
503663,1,inf
503822,1,inf
503920,1,inf
504005,1,inf
504057,1,inf
504095,1,inf
504419,1,inf
504566,1,inf
504697,1,inf
504961,1,inf
504961,1,inf
504991,1,inf
505014,1,inf
505551,1,inf
505635,1,inf
505745,1,inf
505773,1,inf
505862,1,inf
505878,1,inf
506088,1,inf
506405,1,inf
506555,1,inf
507124,1,inf
507295,1,inf
507620,1,inf
507772,1,inf
509017,1,inf
509053,1,inf
509108,1,inf
509226,1,inf
509233,1,inf
509549,1,inf
509571,1,inf
509619,1,inf
510300,1,inf
510839,1,inf
511307,1,inf
511330,1,inf
511730,1,inf
511800,1,inf
511806,1,inf
511822,1,inf
511903,1,inf
512423,1,inf
512444,1,inf
512658,1,inf
512957,1,inf
512958,1,inf
513301,1,inf
513742,1,inf
513777,1,inf
513835,1,inf
513924,1,inf
513946,1,inf
514219,1,inf
514311,1,inf
514782,1,inf
514859,1,inf
514976,1,inf
515003,1,inf
515245,1,inf
515552,1,inf
515837,1,inf
515844,1,inf
516516,1,inf
516822,1,inf
517241,1,inf
517518,1,inf
517676,1,inf
518078,1,inf
518162,1,inf
518374,1,inf
518380,1,inf
518615,1,inf
518660,1,inf
518749,1,inf
519117,1,inf
519597,1,inf
519623,1,inf
519704,1,inf
520097,1,inf
520193,1,inf
520206,1,inf
520309,1,inf
520412,1,inf
521068,1,inf
521078,1,inf
521265,1,inf
521273,1,inf
521390,1,inf
521563,1,inf
522006,1,inf
522071,1,inf
522312,1,inf
522437,1,inf
522464,1,inf
522472,1,inf
522522,1,inf
522650,1,inf
522662,1,inf
522802,1,inf
523221,1,inf
523256,1,inf
523265,1,inf
523404,1,inf
523463,1,inf
523495,1,inf
524013,1,inf
524561,1,inf
524815,1,inf
525098,1,inf
525244,1,inf
525256,1,inf
525825,1,inf
526178,1,inf
526499,1,inf
526562,1,inf
526607,1,inf
526852,1,inf
527253,1,inf
527444,1,inf
527551,1,inf
527586,1,inf
527690,1,inf
527704,1,inf
527851,1,inf
528036,1,inf
528135,1,inf
528276,1,inf
528610,1,inf
528627,1,inf
528884,1,inf
529059,1,inf
530383,1,inf
530829,1,inf
530851,1,inf
530902,1,inf
531087,1,inf
531124,1,inf
531860,1,inf
532063,1,inf
532477,1,inf
532732,1,inf
532807,1,inf
533025,1,inf
533599,1,inf
533635,1,inf
533968,1,inf
533985,1,inf
534429,1,inf
534586,1,inf
534631,1,inf
534810,1,inf
535136,1,inf
535412,1,inf
535488,1,inf
536086,1,inf
537053,1,inf
537125,1,inf
537182,1,inf
537317,1,inf
537363,1,inf
537384,1,inf
537447,1,inf
537697,1,inf
538015,1,inf
538518,1,inf
538843,1,inf
539071,1,inf
539086,1,inf
539767,1,inf
540216,1,inf
540279,1,inf
540588,1,inf
541634,1,inf
542009,1,inf
542789,1,inf
543415,1,inf
544400,1,inf
545832,1,inf
546289,1,inf
546673,1,inf
548161,1,inf
548930,1,inf
549926,1,inf
550168,1,inf
550190,1,inf
550676,1,inf
550731,1,inf
551131,1,inf
551602,1,inf
551703,1,inf
552796,1,inf
552937,1,inf
553296,1,inf
553327,1,inf
554401,1,inf
554430,1,inf
555009,1,inf
555163,1,inf
555307,1,inf
555626,1,inf
558013,1,inf
559457,1,inf
559720,1,inf
560012,1,inf
561031,1,inf
561581,1,inf
561933,1,inf
562047,1,inf
562054,1,inf
563186,1,inf
563507,1,inf
563751,1,inf
564048,1,inf
564784,1,inf
565099,1,inf
565521,1,inf
566429,1,inf
566633,1,inf
566748,1,inf
566866,1,inf
567077,1,inf
567239,1,inf
567324,1,inf
567692,1,inf
567708,1,inf
568339,1,inf
568802,1,inf
568815,1,inf
568991,1,inf
569165,1,inf
569527,1,inf
570294,1,inf
570698,1,inf
570916,1,inf
571080,1,inf
571255,1,inf
572654,1,inf
573434,1,inf
574467,1,inf
574957,1,inf
575619,1,inf
575631,1,inf
575902,1,inf
576222,1,inf
576710,1,inf
578260,1,inf
578531,1,inf
578675,1,inf
579202,1,inf
579221,1,inf
579455,1,inf
580476,1,inf
