572,1,inf
721,1,inf
986,1,inf
1762,1,inf
1772,1,inf
2084,1,inf
2144,1,inf
2484,1,inf
3015,1,inf
3023,1,inf
3050,1,inf
3417,1,inf
4068,1,inf
4501,1,inf
5730,1,inf
6295,1,inf
6846,1,inf
7260,1,inf
7675,1,inf
8244,1,inf
8571,1,inf
8867,1,inf
9580,1,inf
9704,1,inf
10202,1,inf
11945,1,inf
12417,1,inf
14007,1,inf
14385,1,inf
14718,1,inf
15030,1,inf
15101,1,inf
16201,1,inf
16226,1,inf
16411,1,inf
16420,1,inf
16538,1,inf
16606,1,inf
17289,1,inf
17542,1,inf
17665,1,inf
18163,1,inf
18221,1,inf
18454,1,inf
19078,1,inf
19426,1,inf
19818,1,inf
19903,1,inf
20031,1,inf
20090,1,inf
20127,1,inf
20487,1,inf
20514,1,inf
20546,1,inf
20665,1,inf
20692,1,inf
20888,1,inf
21026,1,inf
21085,1,inf
21915,1,inf
22121,1,inf
22468,1,inf
22963,1,inf
23039,1,inf
23300,1,inf
23740,1,inf
23881,1,inf
25069,1,inf
25603,1,inf
25922,1,inf
26218,1,inf
27063,1,inf
27738,1,inf
27968,1,inf
27998,1,inf
28026,1,inf
28178,1,inf
29224,1,inf
29305,1,inf
29391,1,inf
29443,1,inf
29553,1,inf
29922,1,inf
30688,1,inf
30743,1,inf
31138,1,inf
31347,1,inf
31622,1,inf
32270,1,inf
32993,1,inf
32995,1,inf
33568,1,inf
34952,1,inf
35399,1,inf
36047,1,inf
36427,1,inf
38576,1,inf
39080,1,inf
39407,1,inf
40073,1,inf
40326,1,inf
40716,1,inf
42103,1,inf
42487,1,inf
42839,1,inf
43068,1,inf
43069,1,inf
43361,1,inf
43464,1,inf
43970,1,inf
44339,1,inf
44602,1,inf
44761,1,inf
45346,1,inf
45751,1,inf
46637,1,inf
47205,1,inf
48671,1,inf
48819,1,inf
48921,1,inf
49069,1,inf
49220,1,inf
49520,1,inf
49649,1,inf
50096,1,inf
50153,1,inf
50852,1,inf
51178,1,inf
52056,1,inf
53121,1,inf
53209,1,inf
53810,1,inf
54275,1,inf
54904,1,inf
55030,1,inf
55181,1,inf
55281,1,inf
55396,1,inf
55446,1,inf
55555,1,inf
55845,1,inf
55857,1,inf
56264,1,inf
56272,1,inf
56456,1,inf
56457,1,inf
56563,1,inf
57651,1,inf
58192,1,inf
58227,1,inf
59516,1,inf
60020,1,inf
60083,1,inf
60542,1,inf
60640,1,inf
61463,1,inf
61858,1,inf
62582,1,inf
63190,1,inf
63620,1,inf
63695,1,inf
63776,1,inf
63903,1,inf
64305,1,inf
65744,1,inf
66058,1,inf
66081,1,inf
66362,1,inf
66388,1,inf
66412,1,inf
66429,1,inf
66824,1,inf
66966,1,inf
67112,1,inf
67486,1,inf
67631,1,inf
67838,1,inf
67966,1,inf
68293,1,inf
68502,1,inf
68539,1,inf
69014,1,inf
69353,1,inf
69745,1,inf
69809,1,inf
70003,1,inf
70032,1,inf
70436,1,inf
70659,1,inf
71099,1,inf
71360,1,inf
71400,1,inf
71422,1,inf
71666,1,inf
72227,1,inf
72354,1,inf
72788,1,inf
72904,1,inf
73045,1,inf
73109,1,inf
73517,1,inf
73716,1,inf
74877,1,inf
75124,1,inf
76461,1,inf
76853,1,inf
77371,1,inf
77467,1,inf
77517,1,inf
77608,1,inf
77924,1,inf
78074,1,inf
78233,1,inf
78378,1,inf
78907,1,inf
79081,1,inf
79259,1,inf
79656,1,inf
79688,1,inf
80063,1,inf
80156,1,inf
80161,1,inf
80466,1,inf
80504,1,inf
80835,1,inf
81218,1,inf
81341,1,inf
81461,1,inf
81787,1,inf
82848,1,inf
83263,1,inf
83679,1,inf
84018,1,inf
84115,1,inf
84518,1,inf
84830,1,inf
85056,1,inf
85282,1,inf
85408,1,inf
86478,1,inf
86950,1,inf
87434,1,inf
87904,1,inf
87924,1,inf
88132,1,inf
88159,1,inf
88474,1,inf
88638,1,inf
88710,1,inf
88727,1,inf
89695,1,inf
89883,1,inf
89974,1,inf
90240,1,inf
90397,1,inf
90485,1,inf
90549,1,inf
90573,1,inf
90695,1,inf
90820,1,inf
91140,1,inf
91361,1,inf
91479,1,inf
91585,1,inf
91592,1,inf
91800,1,inf
91858,1,inf
91967,1,inf
91991,1,inf
92018,1,inf
92141,1,inf
92296,1,inf
92366,1,inf
92423,1,inf
92711,1,inf
93021,1,inf
93026,1,inf
93061,1,inf
93161,1,inf
93176,1,inf
93185,1,inf
93667,1,inf
93724,1,inf
93835,1,inf
94045,1,inf
94264,1,inf
94355,1,inf
94390,1,inf
94654,1,inf
94692,1,inf
94727,1,inf
94897,1,inf
94966,1,inf
95052,1,inf
95408,1,inf
95420,1,inf
95476,1,inf
95481,1,inf
95910,1,inf
96039,1,inf
96148,1,inf
96200,1,inf
96939,1,inf
97136,1,inf
97292,1,inf
97360,1,inf
97567,1,inf
97713,1,inf
97763,1,inf
97995,1,inf
98284,1,inf
98305,1,inf
98972,1,inf
99053,1,inf
99160,1,inf
99345,1,inf
99448,1,inf
99495,1,inf
99706,1,inf
99879,1,inf
100037,1,inf
100270,1,inf
100300,1,inf
100375,1,inf
100486,1,inf
100595,1,inf
100688,1,inf
101022,1,inf
101045,1,inf
101271,1,inf
101340,1,inf
101427,1,inf
101574,1,inf
101698,1,inf
102021,1,inf
102264,1,inf
102293,1,inf
102726,1,inf
102844,1,inf
102912,1,inf
102990,1,inf
103001,1,inf
103101,1,inf
103238,1,inf
103253,1,inf
103268,1,inf
103300,1,inf
103323,1,inf
103471,1,inf
103625,1,inf
103660,1,inf
103727,1,inf
103755,1,inf
103767,1,inf
103896,1,inf
104180,1,inf
104207,1,inf
104419,1,inf
104802,1,inf
105088,1,inf
105169,1,inf
105187,1,inf
105246,1,inf
105536,1,inf
105676,1,inf
105878,1,inf
106233,1,inf
106266,1,inf
106890,1,inf
106897,1,inf
106954,1,inf
107035,1,inf
107052,1,inf
107314,1,inf
107344,1,inf
107422,1,inf
108366,1,inf
108512,1,inf
108635,1,inf
109089,1,inf
109125,1,inf
109172,1,inf
109430,1,inf
110010,1,inf
110057,1,inf
110059,1,inf
110315,1,inf
110478,1,inf
110739,1,inf
110792,1,inf
110794,1,inf
111108,1,inf
111124,1,inf
111374,1,inf
111479,1,inf
111739,1,inf
112009,1,inf
112018,1,inf
113049,1,inf
113179,1,inf
113697,1,inf
113739,1,inf
114003,1,inf
114099,1,inf
114101,1,inf
114148,1,inf
114436,1,inf
114492,1,inf
114622,1,inf
114656,1,inf
114714,1,inf
114814,1,inf
114850,1,inf
114935,1,inf
114948,1,inf
115190,1,inf
115230,1,inf
115234,1,inf
115283,1,inf
115340,1,inf
115352,1,inf
115450,1,inf
115471,1,inf
115637,1,inf
115733,1,inf
115875,1,inf
115924,1,inf
116010,1,inf
116133,1,inf
116209,1,inf
116489,1,inf
116632,1,inf
116731,1,inf
116736,1,inf
116891,1,inf
116893,1,inf
117066,1,inf
117193,1,inf
117308,1,inf
117343,1,inf
117753,1,inf
117848,1,inf
117928,1,inf
118042,1,inf
118283,1,inf
118333,1,inf
118386,1,inf
118591,1,inf
118754,1,inf
118868,1,inf
119014,1,inf
119044,1,inf
119135,1,inf
119170,1,inf
119263,1,inf
119285,1,inf
119300,1,inf
119685,1,inf
119688,1,inf
119805,1,inf
119886,1,inf
120113,1,inf
120119,1,inf
120239,1,inf
120438,1,inf
120514,1,inf
121073,1,inf
121195,1,inf
121229,1,inf
121245,1,inf
121356,1,inf
121416,1,inf
121493,1,inf
121525,1,inf
121741,1,inf
122138,1,inf
122224,1,inf
122361,1,inf
122426,1,inf
122481,1,inf
122510,1,inf
122529,1,inf
122675,1,inf
122844,1,inf
122990,1,inf
123027,1,inf
123368,1,inf
123418,1,inf
123427,1,inf
123519,1,inf
123524,1,inf
123525,1,inf
123600,1,inf
123615,1,inf
123775,1,inf
123927,1,inf
124101,1,inf
124190,1,inf
124335,1,inf
124386,1,inf
124414,1,inf
124570,1,inf
124651,1,inf
124698,1,inf
124876,1,inf
124977,1,inf
125127,1,inf
125203,1,inf
125241,1,inf
125385,1,inf
125399,1,inf
125481,1,inf
125594,1,inf
125610,1,inf
125679,1,inf
126031,1,inf
126444,1,inf
126552,1,inf
126611,1,inf
126691,1,inf
126736,1,inf
126800,1,inf
126837,1,inf
126941,1,inf
126942,1,inf
126980,1,inf
127117,1,inf
127120,1,inf
127125,1,inf
127156,1,inf
127352,1,inf
127432,1,inf
127439,1,inf
127571,1,inf
127618,1,inf
127683,1,inf
127774,1,inf
127905,1,inf
127928,1,inf
128014,1,inf
128044,1,inf
128052,1,inf
128127,1,inf
128173,1,inf
128273,1,inf
128737,1,inf
129065,1,inf
129146,1,inf
129153,1,inf
129304,1,inf
129332,1,inf
129346,1,inf
129389,1,inf
129541,1,inf
129593,1,inf
129964,1,inf
130034,1,inf
130185,1,inf
130346,1,inf
130348,1,inf
130404,1,inf
130441,1,inf
130649,1,inf
130749,1,inf
130779,1,inf
130819,1,inf
130982,1,inf
131023,1,inf
131050,1,inf
131146,1,inf
131307,1,inf
131516,1,inf
131650,1,inf
131653,1,inf
132157,1,inf
132710,1,inf
132712,1,inf
132760,1,inf
132817,1,inf
132848,1,inf
133196,1,inf
133343,1,inf
133362,1,inf
133549,1,inf
133551,1,inf
133769,1,inf
134054,1,inf
134173,1,inf
134209,1,inf
134432,1,inf
134610,1,inf
134620,1,inf
134647,1,inf
134778,1,inf
134906,1,inf
134949,1,inf
135343,1,inf
135741,1,inf
135776,1,inf
135915,1,inf
135943,1,inf
135989,1,inf
136003,1,inf
136038,1,inf
136080,1,inf
136170,1,inf
136222,1,inf
136374,1,inf
136389,1,inf
136544,1,inf
136565,1,inf
136659,1,inf
136823,1,inf
136898,1,inf
136903,1,inf
137069,1,inf
137230,1,inf
137488,1,inf
137636,1,inf
137735,1,inf
137787,1,inf
138045,1,inf
138080,1,inf
138258,1,inf
138262,1,inf
138497,1,inf
138512,1,inf
138630,1,inf
138658,1,inf
138669,1,inf
138695,1,inf
138710,1,inf
138738,1,inf
138790,1,inf
138812,1,inf
138910,1,inf
138917,1,inf
139024,1,inf
139190,1,inf
139216,1,inf
139232,1,inf
139288,1,inf
139305,1,inf
139331,1,inf
139355,1,inf
139521,1,inf
139531,1,inf
139556,1,inf
139572,1,inf
139623,1,inf
139627,1,inf
139695,1,inf
139786,1,inf
139814,1,inf
139861,1,inf
140038,1,inf
140429,1,inf
140494,1,inf
140597,1,inf
140713,1,inf
140745,1,inf
140765,1,inf
140791,1,inf
140796,1,inf
140900,1,inf
140905,1,inf
141077,1,inf
141098,1,inf
141220,1,inf
141229,1,inf
141247,1,inf
141266,1,inf
141314,1,inf
141324,1,inf
141366,1,inf
141398,1,inf
141457,1,inf
141609,1,inf
141676,1,inf
141725,1,inf
141811,1,inf
141877,1,inf
141885,1,inf
142072,1,inf
142109,1,inf
142131,1,inf
142328,1,inf
142364,1,inf
142366,1,inf
142398,1,inf
142546,1,inf
142589,1,inf
142761,1,inf
142851,1,inf
142911,1,inf
143236,1,inf
143262,1,inf
143371,1,inf
143448,1,inf
143506,1,inf
143507,1,inf
143621,1,inf
143668,1,inf
143763,1,inf
143798,1,inf
143882,1,inf
143882,1,inf
144172,1,inf
144173,1,inf
144244,1,inf
144353,1,inf
144458,1,inf
144493,1,inf
144547,1,inf
144593,1,inf
144667,1,inf
144690,1,inf
144703,1,inf
144706,1,inf
144722,1,inf
144950,1,inf
144976,1,inf
145024,1,inf
145072,1,inf
145125,1,inf
145257,1,inf
145271,1,inf
145341,1,inf
145347,1,inf
145454,1,inf
145503,1,inf
145567,1,inf
145604,1,inf
145607,1,inf
145660,1,inf
145673,1,inf
145685,1,inf
145733,1,inf
145769,1,inf
145792,1,inf
145837,1,inf
145847,1,inf
145922,1,inf
146080,1,inf
146134,1,inf
146375,1,inf
146406,1,inf
146439,1,inf
146480,1,inf
146492,1,inf
146496,1,inf
146601,1,inf
146781,1,inf
146846,1,inf
146895,1,inf
146905,1,inf
146973,1,inf
146989,1,inf
147181,1,inf
147218,1,inf
147222,1,inf
147265,1,inf
147303,1,inf
147332,1,inf
147391,1,inf
147399,1,inf
147499,1,inf
147541,1,inf
147758,1,inf
147924,1,inf
148003,1,inf
148115,1,inf
148350,1,inf
148422,1,inf
148485,1,inf
148488,1,inf
148567,1,inf
148627,1,inf
148664,1,inf
148725,1,inf
148852,1,inf
149070,1,inf
149112,1,inf
149293,1,inf
149347,1,inf
149401,1,inf
149469,1,inf
149646,1,inf
149652,1,inf
149825,1,inf
149827,1,inf
149895,1,inf
150020,1,inf
150028,1,inf
150264,1,inf
150314,1,inf
150417,1,inf
150497,1,inf
150558,1,inf
150612,1,inf
150638,1,inf
150769,1,inf
150880,1,inf
151283,1,inf
151339,1,inf
151374,1,inf
151548,1,inf
151672,1,inf
151862,1,inf
152005,1,inf
152017,1,inf
152034,1,inf
152062,1,inf
152202,1,inf
152260,1,inf
152312,1,inf
152382,1,inf
152393,1,inf
152415,1,inf
152566,1,inf
152701,1,inf
152712,1,inf
152730,1,inf
152752,1,inf
152853,1,inf
153033,1,inf
153115,1,inf
153184,1,inf
153268,1,inf
153454,1,inf
153503,1,inf
153534,1,inf
153571,1,inf
153736,1,inf
153910,1,inf
154010,1,inf
154061,1,inf
154234,1,inf
154268,1,inf
154545,1,inf
154648,1,inf
154763,1,inf
154894,1,inf
155023,1,inf
155026,1,inf
155047,1,inf
155187,1,inf
155250,1,inf
155259,1,inf
155263,1,inf
155310,1,inf
155410,1,inf
155431,1,inf
155450,1,inf
155516,1,inf
155889,1,inf
155904,1,inf
156021,1,inf
156364,1,inf
156396,1,inf
156447,1,inf
156482,1,inf
156517,1,inf
156633,1,inf
156919,1,inf
157010,1,inf
157038,1,inf
157135,1,inf
157174,1,inf
157408,1,inf
157466,1,inf
157554,1,inf
157668,1,inf
157840,1,inf
157866,1,inf
157902,1,inf
158169,1,inf
158211,1,inf
158219,1,inf
158239,1,inf
158276,1,inf
158415,1,inf
158421,1,inf
158561,1,inf
158648,1,inf
158668,1,inf
158678,1,inf
158695,1,inf
158703,1,inf
158864,1,inf
158896,1,inf
159102,1,inf
159332,1,inf
159369,1,inf
159400,1,inf
159577,1,inf
159608,1,inf
159614,1,inf
159693,1,inf
159695,1,inf
159763,1,inf
159794,1,inf
159866,1,inf
160003,1,inf
160035,1,inf
160279,1,inf
160326,1,inf
160451,1,inf
160560,1,inf
160750,1,inf
160796,1,inf
160892,1,inf
160919,1,inf
161146,1,inf
161265,1,inf
161329,1,inf
161374,1,inf
161445,1,inf
161497,1,inf
161593,1,inf
161808,1,inf
162017,1,inf
162029,1,inf
162054,1,inf
162118,1,inf
162172,1,inf
162185,1,inf
162226,1,inf
162379,1,inf
162397,1,inf
162479,1,inf
162494,1,inf
162503,1,inf
162505,1,inf
162507,1,inf
162510,1,inf
162527,1,inf
162539,1,inf
162539,1,inf
162620,1,inf
162621,1,inf
162653,1,inf
162679,1,inf
162695,1,inf
162714,1,inf
162753,1,inf
162756,1,inf
162766,1,inf
162824,1,inf
162881,1,inf
163112,1,inf
163164,1,inf
163251,1,inf
163260,1,inf
163364,1,inf
163372,1,inf
163655,1,inf
163674,1,inf
163711,1,inf
163752,1,inf
163753,1,inf
163798,1,inf
163901,1,inf
164005,1,inf
164011,1,inf
164015,1,inf
164137,1,inf
164146,1,inf
164221,1,inf
164385,1,inf
164585,1,inf
164675,1,inf
164716,1,inf
164742,1,inf
164822,1,inf
164887,1,inf
164897,1,inf
165038,1,inf
165070,1,inf
165283,1,inf
165366,1,inf
165614,1,inf
165698,1,inf
165799,1,inf
165820,1,inf
165847,1,inf
166342,1,inf
166350,1,inf
166462,1,inf
166475,1,inf
166508,1,inf
166547,1,inf
166557,1,inf
166824,1,inf
166877,1,inf
166907,1,inf
167023,1,inf
167042,1,inf
167078,1,inf
167152,1,inf
167307,1,inf
167544,1,inf
167554,1,inf
167573,1,inf
167618,1,inf
167658,1,inf
167790,1,inf
167817,1,inf
167858,1,inf
168325,1,inf
168467,1,inf
168514,1,inf
168545,1,inf
168646,1,inf
168760,1,inf
168883,1,inf
168901,1,inf
168929,1,inf
168954,1,inf
169032,1,inf
169247,1,inf
169258,1,inf
169292,1,inf
169603,1,inf
169624,1,inf
169635,1,inf
169643,1,inf
169680,1,inf
169853,1,inf
169855,1,inf
169883,1,inf
170182,1,inf
170328,1,inf
170403,1,inf
170492,1,inf
170629,1,inf
170686,1,inf
170691,1,inf
170696,1,inf
170755,1,inf
171001,1,inf
171011,1,inf
171030,1,inf
171047,1,inf
171170,1,inf
171253,1,inf
171321,1,inf
171345,1,inf
171354,1,inf
171407,1,inf
171427,1,inf
171528,1,inf
171642,1,inf
171675,1,inf
171809,1,inf
171919,1,inf
172020,1,inf
172201,1,inf
172237,1,inf
172341,1,inf
172417,1,inf
172455,1,inf
172789,1,inf
172791,1,inf
172806,1,inf
172827,1,inf
172862,1,inf
172896,1,inf
173017,1,inf
173020,1,inf
173220,1,inf
173359,1,inf
173592,1,inf
173626,1,inf
173659,1,inf
173669,1,inf
173676,1,inf
173692,1,inf
173694,1,inf
173787,1,inf
173845,1,inf
173849,1,inf
173996,1,inf
174042,1,inf
174121,1,inf
174180,1,inf
174339,1,inf
174492,1,inf
174500,1,inf
174504,1,inf
174565,1,inf
174626,1,inf
174755,1,inf
174811,1,inf
174820,1,inf
174831,1,inf
174911,1,inf
174939,1,inf
175002,1,inf
175006,1,inf
175058,1,inf
175087,1,inf
175246,1,inf
175509,1,inf
175818,1,inf
175847,1,inf
175887,1,inf
175905,1,inf
175999,1,inf
176068,1,inf
176084,1,inf
176085,1,inf
176307,1,inf
176335,1,inf
176355,1,inf
176440,1,inf
176509,1,inf
176536,1,inf
176583,1,inf
176629,1,inf
176661,1,inf
176760,1,inf
176853,1,inf
176958,1,inf
176998,1,inf
177008,1,inf
177174,1,inf
177257,1,inf
177280,1,inf
177593,1,inf
177604,1,inf
177645,1,inf
177680,1,inf
177706,1,inf
177716,1,inf
177809,1,inf
177813,1,inf
177819,1,inf
177899,1,inf
177927,1,inf
178318,1,inf
178389,1,inf
178410,1,inf
178417,1,inf
178649,1,inf
178655,1,inf
178661,1,inf
178766,1,inf
178774,1,inf
178905,1,inf
178968,1,inf
179049,1,inf
179358,1,inf
179410,1,inf
179416,1,inf
179573,1,inf
179693,1,inf
179826,1,inf
179849,1,inf
179869,1,inf
180043,1,inf
180103,1,inf
180131,1,inf
180250,1,inf
180279,1,inf
180311,1,inf
180312,1,inf
180368,1,inf
180414,1,inf
180453,1,inf
180599,1,inf
180721,1,inf
180728,1,inf
180766,1,inf
181048,1,inf
181151,1,inf
181203,1,inf
181234,1,inf
181297,1,inf
181438,1,inf
181498,1,inf
181518,1,inf
181564,1,inf
181654,1,inf
181816,1,inf
181873,1,inf
182283,1,inf
182649,1,inf
182724,1,inf
182737,1,inf
182794,1,inf
183234,1,inf
183278,1,inf
183514,1,inf
183558,1,inf
183574,1,inf
183696,1,inf
183703,1,inf
183843,1,inf
183913,1,inf
184023,1,inf
184182,1,inf
184203,1,inf
184281,1,inf
184373,1,inf
184451,1,inf
184471,1,inf
184505,1,inf
184529,1,inf
184542,1,inf
184587,1,inf
184670,1,inf
184758,1,inf
184819,1,inf
184874,1,inf
184894,1,inf
184979,1,inf
185085,1,inf
185170,1,inf
185177,1,inf
185196,1,inf
185211,1,inf
185218,1,inf
185353,1,inf
185594,1,inf
185654,1,inf
185656,1,inf
185810,1,inf
185916,1,inf
185966,1,inf
186085,1,inf
186087,1,inf
186091,1,inf
186100,1,inf
186121,1,inf
186225,1,inf
186275,1,inf
186318,1,inf
186378,1,inf
186405,1,inf
186416,1,inf
186479,1,inf
186683,1,inf
186685,1,inf
186756,1,inf
186795,1,inf
186874,1,inf
186891,1,inf
186918,1,inf
186955,1,inf
186974,1,inf
187064,1,inf
187091,1,inf
187280,1,inf
187304,1,inf
187328,1,inf
187340,1,inf
187484,1,inf
187568,1,inf
187675,1,inf
187678,1,inf
187760,1,inf
187880,1,inf
187892,1,inf
188014,1,inf
188106,1,inf
188121,1,inf
188460,1,inf
188509,1,inf
188545,1,inf
188575,1,inf
188638,1,inf
188650,1,inf
188653,1,inf
188761,1,inf
188771,1,inf
188778,1,inf
188802,1,inf
188908,1,inf
188910,1,inf
188952,1,inf
189067,1,inf
189067,1,inf
189115,1,inf
189142,1,inf
189160,1,inf
189204,1,inf
189310,1,inf
189434,1,inf
189510,1,inf
189528,1,inf
189595,1,inf
189656,1,inf
189671,1,inf
189677,1,inf
189804,1,inf
189843,1,inf
189916,1,inf
189964,1,inf
189988,1,inf
189995,1,inf
190158,1,inf
190279,1,inf
190303,1,inf
190411,1,inf
190428,1,inf
190458,1,inf
190620,1,inf
190660,1,inf
190805,1,inf
190821,1,inf
190930,1,inf
191023,1,inf
191139,1,inf
191303,1,inf
191309,1,inf
191312,1,inf
191464,1,inf
191495,1,inf
191636,1,inf
191791,1,inf
191826,1,inf
192013,1,inf
192075,1,inf
192180,1,inf
192197,1,inf
192240,1,inf
192293,1,inf
192348,1,inf
192349,1,inf
192390,1,inf
192411,1,inf
192467,1,inf
192487,1,inf
192509,1,inf
192643,1,inf
192666,1,inf
192718,1,inf
192726,1,inf
192830,1,inf
192851,1,inf
192892,1,inf
192945,1,inf
193025,1,inf
193223,1,inf
193588,1,inf
193594,1,inf
193670,1,inf
193727,1,inf
193736,1,inf
193915,1,inf
193974,1,inf
193990,1,inf
194018,1,inf
194104,1,inf
194202,1,inf
194266,1,inf
194344,1,inf
194409,1,inf
194427,1,inf
194447,1,inf
194645,1,inf
194654,1,inf
194667,1,inf
194735,1,inf
194897,1,inf
194944,1,inf
195014,1,inf
195047,1,inf
195055,1,inf
195087,1,inf
195123,1,inf
195127,1,inf
195454,1,inf
195465,1,inf
195570,1,inf
195571,1,inf
195893,1,inf
195899,1,inf
195948,1,inf
196020,1,inf
196033,1,inf
196114,1,inf
196165,1,inf
196288,1,inf
196324,1,inf
196330,1,inf
196336,1,inf
196392,1,inf
196434,1,inf
196464,1,inf
196474,1,inf
196539,1,inf
196679,1,inf
196891,1,inf
196972,1,inf
197005,1,inf
197111,1,inf
197418,1,inf
197511,1,inf
197533,1,inf
197547,1,inf
197556,1,inf
197573,1,inf
197575,1,inf
197607,1,inf
197769,1,inf
197828,1,inf
197884,1,inf
197974,1,inf
198005,1,inf
198095,1,inf
198122,1,inf
198130,1,inf
198164,1,inf
198262,1,inf
198299,1,inf
198379,1,inf
198451,1,inf
198468,1,inf
198611,1,inf
198730,1,inf
198731,1,inf
198738,1,inf
198778,1,inf
198924,1,inf
198966,1,inf
199303,1,inf
199314,1,inf
199433,1,inf
199564,1,inf
199593,1,inf
199627,1,inf
199652,1,inf
199739,1,inf
199777,1,inf
199806,1,inf
199808,1,inf
199868,1,inf
199893,1,inf
199950,1,inf
200063,1,inf
200111,1,inf
200122,1,inf
200146,1,inf
200252,1,inf
200341,1,inf
200387,1,inf
200563,1,inf
200594,1,inf
200611,1,inf
200876,1,inf
200973,1,inf
201015,1,inf
201153,1,inf
201296,1,inf
201466,1,inf
201679,1,inf
201714,1,inf
201848,1,inf
201876,1,inf
201900,1,inf
201901,1,inf
201934,1,inf
202052,1,inf
202162,1,inf
202204,1,inf
202340,1,inf
202574,1,inf
202795,1,inf
202819,1,inf
202830,1,inf
202845,1,inf
202936,1,inf
203044,1,inf
203063,1,inf
203068,1,inf
203071,1,inf
203124,1,inf
203129,1,inf
203157,1,inf
203367,1,inf
203406,1,inf
203429,1,inf
203437,1,inf
203455,1,inf
203576,1,inf
203586,1,inf
203603,1,inf
203692,1,inf
203807,1,inf
203818,1,inf
203843,1,inf
203860,1,inf
204067,1,inf
204239,1,inf
204301,1,inf
204468,1,inf
204470,1,inf
204494,1,inf
204665,1,inf
204727,1,inf
204776,1,inf
205000,1,inf
205056,1,inf
205091,1,inf
205411,1,inf
205423,1,inf
205499,1,inf
205641,1,inf
205845,1,inf
206034,1,inf
206052,1,inf
206165,1,inf
206272,1,inf
206298,1,inf
206451,1,inf
206461,1,inf
206543,1,inf
206736,1,inf
206787,1,inf
206828,1,inf
207095,1,inf
207114,1,inf
207162,1,inf
207181,1,inf
207236,1,inf
207244,1,inf
207365,1,inf
207448,1,inf
207485,1,inf
207522,1,inf
207766,1,inf
207851,1,inf
207931,1,inf
208016,1,inf
208092,1,inf
208097,1,inf
208104,1,inf
208113,1,inf
208251,1,inf
208357,1,inf
208514,1,inf
208624,1,inf
208852,1,inf
208902,1,inf
209002,1,inf
209018,1,inf
209132,1,inf
209140,1,inf
209262,1,inf
209317,1,inf
209648,1,inf
209832,1,inf
209842,1,inf
209957,1,inf
210032,1,inf
210045,1,inf
210047,1,inf
210069,1,inf
210118,1,inf
210126,1,inf
210161,1,inf
210226,1,inf
210242,1,inf
210379,1,inf
210391,1,inf
210436,1,inf
210538,1,inf
210582,1,inf
210610,1,inf
210623,1,inf
210713,1,inf
210801,1,inf
210929,1,inf
211032,1,inf
211045,1,inf
211197,1,inf
211269,1,inf
211284,1,inf
211623,1,inf
211879,1,inf
211958,1,inf
212033,1,inf
212123,1,inf
212268,1,inf
212320,1,inf
212406,1,inf
212511,1,inf
212639,1,inf
212770,1,inf
212876,1,inf
212947,1,inf
213103,1,inf
213562,1,inf
213734,1,inf
213776,1,inf
213874,1,inf
214048,1,inf
214078,1,inf
214153,1,inf
214192,1,inf
214290,1,inf
214295,1,inf
214562,1,inf
214612,1,inf
214630,1,inf
214786,1,inf
214875,1,inf
215161,1,inf
215181,1,inf
215395,1,inf
215406,1,inf
215656,1,inf
215686,1,inf
215693,1,inf
215788,1,inf
215855,1,inf
215890,1,inf
215977,1,inf
215980,1,inf
216006,1,inf
216078,1,inf
216345,1,inf
216469,1,inf
216607,1,inf
216761,1,inf
216810,1,inf
216867,1,inf
216975,1,inf
216978,1,inf
217028,1,inf
217030,1,inf
217119,1,inf
217152,1,inf
217321,1,inf
217369,1,inf
217451,1,inf
217533,1,inf
217603,1,inf
217823,1,inf
217896,1,inf
218043,1,inf
218440,1,inf
218494,1,inf
218557,1,inf
218572,1,inf
218688,1,inf
218982,1,inf
219279,1,inf
219305,1,inf
219323,1,inf
219514,1,inf
219558,1,inf
219570,1,inf
219576,1,inf
219667,1,inf
219685,1,inf
219777,1,inf
219896,1,inf
219975,1,inf
220014,1,inf
220021,1,inf
220150,1,inf
220276,1,inf
220336,1,inf
220513,1,inf
220557,1,inf
220675,1,inf
220738,1,inf
220763,1,inf
220850,1,inf
221055,1,inf
221154,1,inf
221204,1,inf
221209,1,inf
221239,1,inf
221781,1,inf
221802,1,inf
221901,1,inf
222113,1,inf
222201,1,inf
222305,1,inf
222306,1,inf
222332,1,inf
222478,1,inf
222539,1,inf
222544,1,inf
222656,1,inf
222709,1,inf
222939,1,inf
223148,1,inf
223454,1,inf
223516,1,inf
223676,1,inf
223685,1,inf
223715,1,inf
223857,1,inf
224210,1,inf
224383,1,inf
224600,1,inf
224750,1,inf
224948,1,inf
225041,1,inf
225112,1,inf
225255,1,inf
225350,1,inf
225362,1,inf
225410,1,inf
225556,1,inf
225687,1,inf
225852,1,inf
225957,1,inf
225975,1,inf
226054,1,inf
226259,1,inf
226350,1,inf
226855,1,inf
226903,1,inf
226913,1,inf
226958,1,inf
227138,1,inf
227179,1,inf
227206,1,inf
227248,1,inf
227593,1,inf
227673,1,inf
227674,1,inf
227909,1,inf
228005,1,inf
228010,1,inf
228037,1,inf
228050,1,inf
228207,1,inf
228515,1,inf
228586,1,inf
229089,1,inf
229206,1,inf
229258,1,inf
229350,1,inf
229376,1,inf
229459,1,inf
229648,1,inf
229677,1,inf
229689,1,inf
229702,1,inf
229829,1,inf
229922,1,inf
230088,1,inf
230112,1,inf
230140,1,inf
230224,1,inf
230426,1,inf
230455,1,inf
230466,1,inf
230739,1,inf
230784,1,inf
230789,1,inf
230808,1,inf
231039,1,inf
231249,1,inf
231590,1,inf
231634,1,inf
231641,1,inf
231725,1,inf
231802,1,inf
232032,1,inf
232094,1,inf
232171,1,inf
232271,1,inf
232274,1,inf
232462,1,inf
232475,1,inf
232564,1,inf
232665,1,inf
232705,1,inf
232732,1,inf
232836,1,inf
232850,1,inf
232883,1,inf
232932,1,inf
232942,1,inf
232966,1,inf
232970,1,inf
232977,1,inf
233111,1,inf
233263,1,inf
233269,1,inf
233317,1,inf
233377,1,inf
233538,1,inf
233542,1,inf
233610,1,inf
233640,1,inf
233647,1,inf
233673,1,inf
233719,1,inf
233754,1,inf
233860,1,inf
234027,1,inf
234122,1,inf
234151,1,inf
234191,1,inf
234233,1,inf
234239,1,inf
234262,1,inf
234354,1,inf
234389,1,inf
234399,1,inf
234506,1,inf
234511,1,inf
234552,1,inf
234555,1,inf
234745,1,inf
234768,1,inf
234842,1,inf
234865,1,inf
235178,1,inf
235211,1,inf
235412,1,inf
235422,1,inf
235461,1,inf
235463,1,inf
235681,1,inf
235826,1,inf
235910,1,inf
236053,1,inf
236284,1,inf
236747,1,inf
236965,1,inf
237243,1,inf
237583,1,inf
237683,1,inf
237709,1,inf
237717,1,inf
237739,1,inf
237771,1,inf
237854,1,inf
237889,1,inf
237946,1,inf
238037,1,inf
238063,1,inf
238102,1,inf
238160,1,inf
238257,1,inf
238339,1,inf
238406,1,inf
238699,1,inf
238916,1,inf
238944,1,inf
239286,1,inf
239363,1,inf
239406,1,inf
239460,1,inf
239461,1,inf
239473,1,inf
239508,1,inf
240304,1,inf
240311,1,inf
240483,1,inf
240850,1,inf
241091,1,inf
241488,1,inf
241555,1,inf
242051,1,inf
242089,1,inf
242231,1,inf
242345,1,inf
242817,1,inf
242826,1,inf
242838,1,inf
242912,1,inf
243038,1,inf
243068,1,inf
243116,1,inf
243233,1,inf
243237,1,inf
243392,1,inf
243509,1,inf
243661,1,inf
243729,1,inf
243803,1,inf
244094,1,inf
244136,1,inf
244528,1,inf
244788,1,inf
244841,1,inf
245069,1,inf
245105,1,inf
245281,1,inf
245326,1,inf
245465,1,inf
245830,1,inf
245888,1,inf
246026,1,inf
246328,1,inf
246478,1,inf
246658,1,inf
246698,1,inf
246735,1,inf
246786,1,inf
246819,1,inf
246909,1,inf
247006,1,inf
247244,1,inf
247312,1,inf
247479,1,inf
247489,1,inf
247525,1,inf
247734,1,inf
247794,1,inf
247853,1,inf
247907,1,inf
247923,1,inf
248367,1,inf
248388,1,inf
248540,1,inf
248648,1,inf
248708,1,inf
248756,1,inf
248970,1,inf
249260,1,inf
249333,1,inf
249338,1,inf
249523,1,inf
249667,1,inf
249669,1,inf
249772,1,inf
249842,1,inf
250565,1,inf
250657,1,inf
250744,1,inf
250851,1,inf
250977,1,inf
251552,1,inf
251784,1,inf
251885,1,inf
252170,1,inf
252285,1,inf
252416,1,inf
252511,1,inf
252768,1,inf
252850,1,inf
253282,1,inf
253647,1,inf
253693,1,inf
253725,1,inf
253757,1,inf
253789,1,inf
254381,1,inf
254579,1,inf
254586,1,inf
254690,1,inf
254707,1,inf
254790,1,inf
255036,1,inf
255257,1,inf
255316,1,inf
255411,1,inf
255419,1,inf
255852,1,inf
256169,1,inf
256407,1,inf
256420,1,inf
256436,1,inf
256455,1,inf
256584,1,inf
256638,1,inf
256769,1,inf
256798,1,inf
257001,1,inf
257315,1,inf
257385,1,inf
258092,1,inf
258366,1,inf
258595,1,inf
258612,1,inf
258619,1,inf
259154,1,inf
259305,1,inf
259307,1,inf
259725,1,inf
259769,1,inf
259826,1,inf
259862,1,inf
259917,1,inf
260161,1,inf
260353,1,inf
260644,1,inf
260690,1,inf
260714,1,inf
260724,1,inf
260901,1,inf
260907,1,inf
261065,1,inf
261578,1,inf
261671,1,inf
261840,1,inf
261909,1,inf
261967,1,inf
262070,1,inf
262388,1,inf
262433,1,inf
262676,1,inf
262690,1,inf
262860,1,inf
262877,1,inf
262960,1,inf
263020,1,inf
263028,1,inf
263056,1,inf
263138,1,inf
263376,1,inf
263379,1,inf
263452,1,inf
263544,1,inf
263919,1,inf
264018,1,inf
264275,1,inf
264399,1,inf
264527,1,inf
264688,1,inf
264704,1,inf
264764,1,inf
264941,1,inf
265115,1,inf
265124,1,inf
265906,1,inf
266016,1,inf
266048,1,inf
266489,1,inf
266496,1,inf
266691,1,inf
267064,1,inf
267082,1,inf
267108,1,inf
267478,1,inf
267500,1,inf
267518,1,inf
267641,1,inf
267731,1,inf
268151,1,inf
268160,1,inf
268290,1,inf
268473,1,inf
268483,1,inf
268510,1,inf
268639,1,inf
268705,1,inf
268840,1,inf
269477,1,inf
269551,1,inf
269654,1,inf
269711,1,inf
270014,1,inf
270050,1,inf
270347,1,inf
270554,1,inf
270935,1,inf
271743,1,inf
271904,1,inf
272028,1,inf
272219,1,inf
272550,1,inf
272633,1,inf
272664,1,inf
272770,1,inf
273067,1,inf
273112,1,inf
273150,1,inf
273212,1,inf
273613,1,inf
273686,1,inf
273853,1,inf
274048,1,inf
274901,1,inf
275432,1,inf
275546,1,inf
275828,1,inf
276660,1,inf
277445,1,inf
277461,1,inf
277470,1,inf
277513,1,inf
277595,1,inf
277818,1,inf
277842,1,inf
277947,1,inf
278055,1,inf
278127,1,inf
278837,1,inf
279052,1,inf
279293,1,inf
279578,1,inf
279761,1,inf
280081,1,inf
280870,1,inf
281179,1,inf
281342,1,inf
281688,1,inf
282030,1,inf
282379,1,inf
282510,1,inf
282634,1,inf
282680,1,inf
282858,1,inf
282870,1,inf
282931,1,inf
282979,1,inf
283020,1,inf
283448,1,inf
283831,1,inf
283848,1,inf
284112,1,inf
284334,1,inf
285186,1,inf
286138,1,inf
286464,1,inf
289257,1,inf
289344,1,inf
289501,1,inf
289879,1,inf
290144,1,inf
290209,1,inf
290294,1,inf
290682,1,inf
290788,1,inf
290798,1,inf
291185,1,inf
291287,1,inf
291501,1,inf
291710,1,inf
292025,1,inf
292344,1,inf
292365,1,inf
292400,1,inf
293004,1,inf
293261,1,inf
293301,1,inf
293602,1,inf
293651,1,inf
294003,1,inf
294488,1,inf
294748,1,inf
295589,1,inf
296009,1,inf
296093,1,inf
296179,1,inf
296352,1,inf
296733,1,inf
297140,1,inf
297154,1,inf
297475,1,inf
297619,1,inf
297805,1,inf
298686,1,inf
298767,1,inf
298897,1,inf
300677,1,inf
300705,1,inf
300767,1,inf
302260,1,inf
302260,1,inf
302528,1,inf
302990,1,inf
303033,1,inf
303314,1,inf
303425,1,inf
303479,1,inf
304166,1,inf
304205,1,inf
304643,1,inf
305004,1,inf
305128,1,inf
306146,1,inf
306245,1,inf
306382,1,inf
306608,1,inf
306731,1,inf
306731,1,inf
306978,1,inf
307044,1,inf
308332,1,inf
308512,1,inf
308793,1,inf
310139,1,inf
310193,1,inf
310769,1,inf
310861,1,inf
311177,1,inf
311526,1,inf
311556,1,inf
311679,1,inf
311857,1,inf
312343,1,inf
312408,1,inf
312506,1,inf
315915,1,inf
316756,1,inf
316842,1,inf
317042,1,inf
317215,1,inf
317637,1,inf
318244,1,inf
318425,1,inf
318443,1,inf
318704,1,inf
319017,1,inf
319470,1,inf
319663,1,inf
320332,1,inf
320890,1,inf
321037,1,inf
321453,1,inf
321491,1,inf
321857,1,inf
323871,1,inf
324037,1,inf
324812,1,inf
324814,1,inf
325258,1,inf
325672,1,inf
326238,1,inf
326637,1,inf
328029,1,inf
328306,1,inf
330391,1,inf
330405,1,inf
330472,1,inf
330725,1,inf
330756,1,inf
330872,1,inf
331827,1,inf
332123,1,inf
332193,1,inf
332285,1,inf
334020,1,inf
334237,1,inf
334398,1,inf
334439,1,inf
334526,1,inf
334653,1,inf
336777,1,inf
339071,1,inf
339946,1,inf
340364,1,inf
340589,1,inf
340654,1,inf
342057,1,inf
342648,1,inf
343123,1,inf
343144,1,inf
343262,1,inf
343792,1,inf
344656,1,inf
344702,1,inf
344734,1,inf
345225,1,inf
345360,1,inf
345824,1,inf
345893,1,inf
346417,1,inf
347212,1,inf
347922,1,inf
348440,1,inf
349387,1,inf
350666,1,inf
350812,1,inf
351570,1,inf
353544,1,inf
353804,1,inf
354225,1,inf
354462,1,inf
354479,1,inf
354541,1,inf
354569,1,inf
354890,1,inf
355068,1,inf
355086,1,inf
355170,1,inf
356327,1,inf
357424,1,inf
357920,1,inf
358006,1,inf
358215,1,inf
358363,1,inf
358503,1,inf
359301,1,inf
359376,1,inf
360514,1,inf
361002,1,inf
361448,1,inf
361522,1,inf
361617,1,inf
362602,1,inf
363679,1,inf
363925,1,inf
364364,1,inf
364424,1,inf
364875,1,inf
365336,1,inf
366111,1,inf
366432,1,inf
366476,1,inf
366533,1,inf
367076,1,inf
367474,1,inf
367774,1,inf
368293,1,inf
369315,1,inf
369391,1,inf
369411,1,inf
369483,1,inf
369802,1,inf
371655,1,inf
372331,1,inf
372351,1,inf
373136,1,inf
373352,1,inf
373687,1,inf
373785,1,inf
374369,1,inf
374514,1,inf
374979,1,inf
375423,1,inf
376560,1,inf
376809,1,inf
376921,1,inf
378283,1,inf
378294,1,inf
378376,1,inf
378390,1,inf
378433,1,inf
379765,1,inf
379909,1,inf
380567,1,inf
380652,1,inf
381155,1,inf
381508,1,inf
382345,1,inf
382587,1,inf
382599,1,inf
385107,1,inf
385914,1,inf
387046,1,inf
387392,1,inf
387608,1,inf
387741,1,inf
388206,1,inf
388273,1,inf
388868,1,inf
389115,1,inf
389628,1,inf
389635,1,inf
390117,1,inf
390179,1,inf
390417,1,inf
391410,1,inf
391516,1,inf
391817,1,inf
391889,1,inf
391964,1,inf
392227,1,inf
392362,1,inf
392633,1,inf
392908,1,inf
393107,1,inf
394184,1,inf
394216,1,inf
394918,1,inf
395045,1,inf
395212,1,inf
395298,1,inf
395301,1,inf
396711,1,inf
396822,1,inf
398026,1,inf
398232,1,inf
398325,1,inf
398650,1,inf
399537,1,inf
399560,1,inf
399640,1,inf
401627,1,inf
402030,1,inf
402053,1,inf
402091,1,inf
402378,1,inf
402517,1,inf
402720,1,inf
402783,1,inf
403117,1,inf
403332,1,inf
403458,1,inf
403510,1,inf
403519,1,inf
403533,1,inf
403606,1,inf
403704,1,inf
404005,1,inf
404086,1,inf
404516,1,inf
405453,1,inf
406368,1,inf
406451,1,inf
406710,1,inf
407136,1,inf
408221,1,inf
409086,1,inf
409147,1,inf
409343,1,inf
409494,1,inf
409589,1,inf
411021,1,inf
411654,1,inf
411656,1,inf
412382,1,inf
412389,1,inf
412587,1,inf
414014,1,inf
414102,1,inf
414249,1,inf
414502,1,inf
415475,1,inf
415625,1,inf
416233,1,inf
416861,1,inf
417252,1,inf
417400,1,inf
417502,1,inf
418003,1,inf
418006,1,inf
418079,1,inf
418295,1,inf
418566,1,inf
419050,1,inf
419591,1,inf
419952,1,inf
420054,1,inf
420548,1,inf
422508,1,inf
422648,1,inf
422782,1,inf
422856,1,inf
423722,1,inf
424183,1,inf
426183,1,inf
426365,1,inf
426467,1,inf
426599,1,inf
426786,1,inf
426836,1,inf
426884,1,inf
426893,1,inf
427183,1,inf
427396,1,inf
427431,1,inf
427457,1,inf
427480,1,inf
427582,1,inf
428216,1,inf
428473,1,inf
428519,1,inf
428537,1,inf
428657,1,inf
429467,1,inf
429633,1,inf
429669,1,inf
429759,1,inf
430286,1,inf
430480,1,inf
430609,1,inf
431536,1,inf
431836,1,inf
431918,1,inf
431949,1,inf
432036,1,inf
432539,1,inf
432565,1,inf
432857,1,inf
435158,1,inf
435433,1,inf
435746,1,inf
436052,1,inf
436157,1,inf
436175,1,inf
436677,1,inf
437052,1,inf
438273,1,inf
438369,1,inf
438574,1,inf
439142,1,inf
439339,1,inf
439423,1,inf
439499,1,inf
440025,1,inf
440404,1,inf
441215,1,inf
441285,1,inf
441525,1,inf
441581,1,inf
441911,1,inf
441974,1,inf
441993,1,inf
442338,1,inf
442735,1,inf
443453,1,inf
444401,1,inf
444742,1,inf
445002,1,inf
445287,1,inf
445373,1,inf
446126,1,inf
446149,1,inf
446447,1,inf
446670,1,inf
447006,1,inf
447318,1,inf
447444,1,inf
447584,1,inf
448426,1,inf
448972,1,inf
449090,1,inf
449169,1,inf
450095,1,inf
450198,1,inf
450462,1,inf
450742,1,inf
450863,1,inf
451044,1,inf
451281,1,inf
451449,1,inf
451515,1,inf
451799,1,inf
452167,1,inf
452204,1,inf
452942,1,inf
453014,1,inf
453292,1,inf
453326,1,inf
453549,1,inf
453555,1,inf
454147,1,inf
454247,1,inf
454449,1,inf
454641,1,inf
455578,1,inf
455680,1,inf
455750,1,inf
456188,1,inf
456231,1,inf
456390,1,inf
456635,1,inf
456845,1,inf
457429,1,inf
457653,1,inf
457677,1,inf
457701,1,inf
457760,1,inf
458031,1,inf
458091,1,inf
458478,1,inf
458834,1,inf
458998,1,inf
459074,1,inf
459460,1,inf
459882,1,inf
459919,1,inf
460147,1,inf
460297,1,inf
461115,1,inf
461916,1,inf
461934,1,inf
462091,1,inf
462199,1,inf
462283,1,inf
462323,1,inf
463158,1,inf
463302,1,inf
463342,1,inf
463466,1,inf
463501,1,inf
464170,1,inf
464816,1,inf
465090,1,inf
465658,1,inf
465972,1,inf
466331,1,inf
466448,1,inf
466681,1,inf
466837,1,inf
466857,1,inf
467103,1,inf
467222,1,inf
467234,1,inf
467671,1,inf
467712,1,inf
468006,1,inf
468023,1,inf
468309,1,inf
468335,1,inf
468826,1,inf
469428,1,inf
469839,1,inf
470353,1,inf
470664,1,inf
470909,1,inf
471020,1,inf
471022,1,inf
471584,1,inf
471995,1,inf
472013,1,inf
472359,1,inf
472815,1,inf
473281,1,inf
473409,1,inf
473428,1,inf
473833,1,inf
473857,1,inf
473871,1,inf
474055,1,inf
474367,1,inf
474367,1,inf
474453,1,inf
474469,1,inf
474482,1,inf
474554,1,inf
474568,1,inf
474634,1,inf
474691,1,inf
474746,1,inf
474800,1,inf
474844,1,inf
474916,1,inf
475087,1,inf
475267,1,inf
475270,1,inf
475372,1,inf
475512,1,inf
475773,1,inf
475928,1,inf
476146,1,inf
476167,1,inf
477030,1,inf
477073,1,inf
477082,1,inf
477167,1,inf
477232,1,inf
477334,1,inf
477335,1,inf
477536,1,inf
477582,1,inf
477696,1,inf
477902,1,inf
477939,1,inf
477983,1,inf
478121,1,inf
478128,1,inf
478338,1,inf
478420,1,inf
478439,1,inf
478583,1,inf
478658,1,inf
478933,1,inf
479014,1,inf
479262,1,inf
479341,1,inf
479511,1,inf
479563,1,inf
479664,1,inf
479689,1,inf
479826,1,inf
479869,1,inf
480038,1,inf
480255,1,inf
480294,1,inf
480306,1,inf
480320,1,inf
480538,1,inf
480540,1,inf
480669,1,inf
480685,1,inf
481103,1,inf
481147,1,inf
481237,1,inf
481271,1,inf
481307,1,inf
481404,1,inf
481445,1,inf
481456,1,inf
481862,1,inf
482400,1,inf
482543,1,inf
482704,1,inf
482790,1,inf
482823,1,inf
482945,1,inf
483115,1,inf
483258,1,inf
483322,1,inf
483583,1,inf
483650,1,inf
483788,1,inf
484038,1,inf
484225,1,inf
484526,1,inf
484764,1,inf
484970,1,inf
485115,1,inf
485177,1,inf
485426,1,inf
485681,1,inf
485841,1,inf
486034,1,inf
486163,1,inf
486175,1,inf
486567,1,inf
486568,1,inf
486856,1,inf
487036,1,inf
487039,1,inf
487082,1,inf
487292,1,inf
487370,1,inf
487395,1,inf
487397,1,inf
487403,1,inf
487451,1,inf
487562,1,inf
487635,1,inf
487793,1,inf
487879,1,inf
487903,1,inf
488032,1,inf
488233,1,inf
488330,1,inf
488347,1,inf
488411,1,inf
488834,1,inf
488874,1,inf
488926,1,inf
489021,1,inf
489079,1,inf
489192,1,inf
489399,1,inf
489799,1,inf
489927,1,inf
490005,1,inf
490151,1,inf
490536,1,inf
490713,1,inf
491044,1,inf
491217,1,inf
491446,1,inf
491507,1,inf
491766,1,inf
491884,1,inf
492146,1,inf
492179,1,inf
492467,1,inf
492476,1,inf
492571,1,inf
492716,1,inf
492920,1,inf
492935,1,inf
493821,1,inf
494061,1,inf
494102,1,inf
494151,1,inf
494183,1,inf
494239,1,inf
494305,1,inf
494654,1,inf
494896,1,inf
495222,1,inf
495606,1,inf
495745,1,inf
495825,1,inf
496069,1,inf
496133,1,inf
496268,1,inf
496353,1,inf
496900,1,inf
497145,1,inf
497725,1,inf
498151,1,inf
498339,1,inf
498404,1,inf
498409,1,inf
498480,1,inf
498591,1,inf
498672,1,inf
499018,1,inf
499557,1,inf
499662,1,inf
499712,1,inf
499744,1,inf
499777,1,inf
499899,1,inf
499970,1,inf
500013,1,inf
500029,1,inf
500109,1,inf
500319,1,inf
500466,1,inf
500770,1,inf
500855,1,inf
501801,1,inf
501835,1,inf
501858,1,inf
502217,1,inf
502220,1,inf
502278,1,inf
502845,1,inf
503183,1,inf
503272,1,inf
503437,1,inf
503771,1,inf
503799,1,inf
504030,1,inf
504086,1,inf
505444,1,inf
506065,1,inf
506131,1,inf
506185,1,inf
506330,1,inf
506588,1,inf
506692,1,inf
506741,1,inf
506853,1,inf
507098,1,inf
507597,1,inf
507820,1,inf
507847,1,inf
507957,1,inf
508128,1,inf
508252,1,inf
508370,1,inf
508423,1,inf
508512,1,inf
508580,1,inf
508899,1,inf
508953,1,inf
509187,1,inf
509296,1,inf
509750,1,inf
509930,1,inf
509957,1,inf
510204,1,inf
510328,1,inf
510576,1,inf
511372,1,inf
511700,1,inf
512098,1,inf
512146,1,inf
512208,1,inf
512317,1,inf
512348,1,inf
512371,1,inf
512503,1,inf
512521,1,inf
512746,1,inf
512802,1,inf
512804,1,inf
512809,1,inf
512821,1,inf
512823,1,inf
513003,1,inf
513020,1,inf
513772,1,inf
513802,1,inf
514290,1,inf
514597,1,inf
514724,1,inf
515057,1,inf
515084,1,inf
515159,1,inf
515467,1,inf
515879,1,inf
516237,1,inf
516328,1,inf
516617,1,inf
517066,1,inf
517107,1,inf
517147,1,inf
517997,1,inf
518179,1,inf
518322,1,inf
519290,1,inf
519341,1,inf
519443,1,inf
519621,1,inf
520058,1,inf
520635,1,inf
520882,1,inf
521048,1,inf
521237,1,inf
521284,1,inf
521330,1,inf
521509,1,inf
521751,1,inf
522121,1,inf
522185,1,inf
522247,1,inf
522383,1,inf
522569,1,inf
522607,1,inf
522643,1,inf
522792,1,inf
522794,1,inf
522923,1,inf
523002,1,inf
523016,1,inf
523177,1,inf
523378,1,inf
523559,1,inf
523957,1,inf
523999,1,inf
524563,1,inf
524572,1,inf
524777,1,inf
524984,1,inf
525304,1,inf
525839,1,inf
525854,1,inf
526153,1,inf
526288,1,inf
526670,1,inf
526759,1,inf
526879,1,inf
526971,1,inf
527160,1,inf
527965,1,inf
528253,1,inf
528797,1,inf
529106,1,inf
529432,1,inf
529446,1,inf
529551,1,inf
529569,1,inf
529929,1,inf
530984,1,inf
530984,1,inf
531374,1,inf
531514,1,inf
532283,1,inf
532442,1,inf
532471,1,inf
532583,1,inf
533205,1,inf
534163,1,inf
534321,1,inf
534387,1,inf
535161,1,inf
535546,1,inf
535586,1,inf
535872,1,inf
536439,1,inf
536718,1,inf
537276,1,inf
538604,1,inf
539172,1,inf
540483,1,inf
540893,1,inf
541396,1,inf
541855,1,inf
541905,1,inf
542162,1,inf
543316,1,inf
543491,1,inf
544237,1,inf
544745,1,inf
544964,1,inf
546024,1,inf
546070,1,inf
547299,1,inf
547471,1,inf
547672,1,inf
548200,1,inf
548812,1,inf
548843,1,inf
548867,1,inf
549158,1,inf
549291,1,inf
549938,1,inf
550209,1,inf
551037,1,inf
551248,1,inf
551813,1,inf
553310,1,inf
554293,1,inf
555085,1,inf
555307,1,inf
556435,1,inf
557142,1,inf
557739,1,inf
558136,1,inf
560273,1,inf
560374,1,inf
561114,1,inf
561147,1,inf
561580,1,inf
562328,1,inf
562671,1,inf
563280,1,inf
563323,1,inf
564664,1,inf
565021,1,inf
565437,1,inf
565630,1,inf
565853,1,inf
566335,1,inf
566544,1,inf
566813,1,inf
566863,1,inf
566902,1,inf
566929,1,inf
567728,1,inf
568442,1,inf
569277,1,inf
569390,1,inf
569698,1,inf
571229,1,inf
571642,1,inf
571944,1,inf
572223,1,inf
573607,1,inf
573879,1,inf
574555,1,inf
574739,1,inf
576081,1,inf
577586,1,inf
578591,1,inf
579728,1,inf
580170,1,inf
580994,1,inf
581062,1,inf
