196,1,inf
1033,1,inf
1034,1,inf
1085,1,inf
1107,1,inf
1330,1,inf
1908,1,inf
2265,1,inf
2325,1,inf
3306,1,inf
4026,1,inf
4330,1,inf
4407,1,inf
4409,1,inf
6120,1,inf
7028,1,inf
7141,1,inf
7455,1,inf
8283,1,inf
8411,1,inf
8412,1,inf
8417,1,inf
9239,1,inf
9250,1,inf
10390,1,inf
10487,1,inf
12873,1,inf
13567,1,inf
14643,1,inf
15102,1,inf
15228,1,inf
16689,1,inf
17469,1,inf
17577,1,inf
18159,1,inf
18577,1,inf
18805,1,inf
19027,1,inf
19526,1,inf
19969,1,inf
20150,1,inf
20704,1,inf
21188,1,inf
21484,1,inf
22175,1,inf
22484,1,inf
22907,1,inf
22958,1,inf
23714,1,inf
24402,1,inf
26116,1,inf
26137,1,inf
26841,1,inf
27513,1,inf
28461,1,inf
28985,1,inf
29232,1,inf
31407,1,inf
31890,1,inf
32634,1,inf
33246,1,inf
34646,1,inf
34844,1,inf
34923,1,inf
37149,1,inf
38880,1,inf
40494,1,inf
41087,1,inf
41126,1,inf
41131,1,inf
41749,1,inf
42016,1,inf
42157,1,inf
42443,1,inf
43013,1,inf
43217,1,inf
43463,1,inf
43842,1,inf
43977,1,inf
44110,1,inf
44389,1,inf
44774,1,inf
44909,1,inf
45681,1,inf
47292,1,inf
47485,1,inf
48146,1,inf
48345,1,inf
48848,1,inf
48968,1,inf
49076,1,inf
49156,1,inf
49262,1,inf
49570,1,inf
50451,1,inf
50665,1,inf
53136,1,inf
53248,1,inf
53541,1,inf
53964,1,inf
54079,1,inf
54339,1,inf
54934,1,inf
55411,1,inf
57265,1,inf
57291,1,inf
57370,1,inf
57683,1,inf
58016,1,inf
58722,1,inf
58840,1,inf
58920,1,inf
59152,1,inf
59516,1,inf
60531,1,inf
61076,1,inf
61091,1,inf
61891,1,inf
62380,1,inf
62789,1,inf
63795,1,inf
65377,1,inf
65547,1,inf
65930,1,inf
66035,1,inf
66628,1,inf
66902,1,inf
67369,1,inf
67566,1,inf
68035,1,inf
68651,1,inf
68930,1,inf
69253,1,inf
69536,1,inf
69734,1,inf
70245,1,inf
70724,1,inf
70810,1,inf
71082,1,inf
71182,1,inf
71423,1,inf
71744,1,inf
72325,1,inf
73115,1,inf
73912,1,inf
76745,1,inf
77020,1,inf
77135,1,inf
77375,1,inf
77385,1,inf
77610,1,inf
78588,1,inf
78642,1,inf
78896,1,inf
79141,1,inf
80463,1,inf
80469,1,inf
80649,1,inf
80868,1,inf
80951,1,inf
81089,1,inf
81124,1,inf
81551,1,inf
83451,1,inf
83813,1,inf
84708,1,inf
84818,1,inf
85070,1,inf
85830,1,inf
86401,1,inf
86596,1,inf
86663,1,inf
87061,1,inf
87474,1,inf
87669,1,inf
87778,1,inf
88201,1,inf
88557,1,inf
89360,1,inf
89471,1,inf
90024,1,inf
90333,1,inf
90442,1,inf
90530,1,inf
90565,1,inf
90569,1,inf
90609,1,inf
90708,1,inf
91347,1,inf
91449,1,inf
91867,1,inf
91921,1,inf
92002,1,inf
92509,1,inf
92784,1,inf
92955,1,inf
92967,1,inf
92994,1,inf
93460,1,inf
93513,1,inf
93740,1,inf
94051,1,inf
94067,1,inf
94462,1,inf
94683,1,inf
94728,1,inf
95137,1,inf
95218,1,inf
95320,1,inf
95881,1,inf
95968,1,inf
96367,1,inf
96787,1,inf
97059,1,inf
97458,1,inf
97511,1,inf
97974,1,inf
98007,1,inf
98534,1,inf
98862,1,inf
98913,1,inf
99040,1,inf
99083,1,inf
99094,1,inf
99287,1,inf
99660,1,inf
99916,1,inf
100663,1,inf
100898,1,inf
101338,1,inf
101635,1,inf
102052,1,inf
102145,1,inf
102779,1,inf
102806,1,inf
102806,1,inf
102842,1,inf
103383,1,inf
103484,1,inf
104493,1,inf
105039,1,inf
105167,1,inf
106124,1,inf
106398,1,inf
107258,1,inf
108526,1,inf
108635,1,inf
108717,1,inf
108771,1,inf
108782,1,inf
108872,1,inf
109076,1,inf
109104,1,inf
109770,1,inf
109835,1,inf
111039,1,inf
111411,1,inf
111590,1,inf
111676,1,inf
111700,1,inf
113079,1,inf
113169,1,inf
113477,1,inf
114144,1,inf
114145,1,inf
114164,1,inf
114179,1,inf
114315,1,inf
114367,1,inf
114377,1,inf
114499,1,inf
114652,1,inf
114653,1,inf
114681,1,inf
114685,1,inf
114717,1,inf
114804,1,inf
114826,1,inf
114960,1,inf
115019,1,inf
115187,1,inf
115354,1,inf
115383,1,inf
116188,1,inf
116496,1,inf
117009,1,inf
117027,1,inf
117050,1,inf
117247,1,inf
117267,1,inf
117280,1,inf
117515,1,inf
117607,1,inf
117691,1,inf
117890,1,inf
118009,1,inf
118010,1,inf
118147,1,inf
118315,1,inf
118352,1,inf
118361,1,inf
118430,1,inf
118640,1,inf
118705,1,inf
118985,1,inf
119028,1,inf
119050,1,inf
119302,1,inf
119326,1,inf
119664,1,inf
119685,1,inf
119763,1,inf
120047,1,inf
120147,1,inf
120199,1,inf
120484,1,inf
120615,1,inf
120641,1,inf
121163,1,inf
121190,1,inf
121364,1,inf
122060,1,inf
122316,1,inf
122468,1,inf
122751,1,inf
123145,1,inf
123255,1,inf
123665,1,inf
123845,1,inf
123940,1,inf
124094,1,inf
124096,1,inf
124332,1,inf
124443,1,inf
124549,1,inf
124904,1,inf
125159,1,inf
125180,1,inf
125264,1,inf
125745,1,inf
126214,1,inf
126424,1,inf
126716,1,inf
126992,1,inf
127093,1,inf
127266,1,inf
127270,1,inf
127390,1,inf
127615,1,inf
127674,1,inf
127884,1,inf
127944,1,inf
128038,1,inf
128070,1,inf
128092,1,inf
128125,1,inf
128350,1,inf
128407,1,inf
128569,1,inf
128899,1,inf
129163,1,inf
129293,1,inf
129303,1,inf
129454,1,inf
130025,1,inf
130034,1,inf
130040,1,inf
130152,1,inf
130612,1,inf
130665,1,inf
130725,1,inf
130736,1,inf
130942,1,inf
131116,1,inf
131317,1,inf
131779,1,inf
131842,1,inf
131912,1,inf
132089,1,inf
132115,1,inf
132129,1,inf
132175,1,inf
132267,1,inf
132295,1,inf
132554,1,inf
132565,1,inf
132648,1,inf
132673,1,inf
132891,1,inf
132893,1,inf
132950,1,inf
133020,1,inf
133077,1,inf
133274,1,inf
133330,1,inf
133450,1,inf
133592,1,inf
133759,1,inf
133918,1,inf
133922,1,inf
134062,1,inf
134147,1,inf
134170,1,inf
134566,1,inf
134674,1,inf
134862,1,inf
134928,1,inf
135017,1,inf
135132,1,inf
135522,1,inf
135878,1,inf
135891,1,inf
135958,1,inf
136026,1,inf
136047,1,inf
136212,1,inf
136310,1,inf
136378,1,inf
136654,1,inf
136656,1,inf
136942,1,inf
137077,1,inf
137121,1,inf
137544,1,inf
137738,1,inf
137894,1,inf
138033,1,inf
138143,1,inf
138164,1,inf
138419,1,inf
138446,1,inf
138530,1,inf
138565,1,inf
138583,1,inf
138651,1,inf
138678,1,inf
138752,1,inf
138757,1,inf
138864,1,inf
139002,1,inf
139341,1,inf
139410,1,inf
139620,1,inf
139690,1,inf
139754,1,inf
139995,1,inf
140003,1,inf
140099,1,inf
140509,1,inf
140598,1,inf
140732,1,inf
141615,1,inf
141689,1,inf
141690,1,inf
141770,1,inf
141786,1,inf
141832,1,inf
141841,1,inf
142208,1,inf
142245,1,inf
142416,1,inf
142474,1,inf
142534,1,inf
142658,1,inf
142779,1,inf
142808,1,inf
142836,1,inf
142855,1,inf
142861,1,inf
142907,1,inf
143475,1,inf
143556,1,inf
143910,1,inf
143944,1,inf
144161,1,inf
144166,1,inf
144168,1,inf
144359,1,inf
144423,1,inf
144531,1,inf
144796,1,inf
144891,1,inf
144894,1,inf
145015,1,inf
145019,1,inf
145035,1,inf
145049,1,inf
145133,1,inf
145163,1,inf
145169,1,inf
145320,1,inf
145341,1,inf
145408,1,inf
145447,1,inf
145479,1,inf
145587,1,inf
145851,1,inf
145904,1,inf
146098,1,inf
146115,1,inf
146213,1,inf
146374,1,inf
146384,1,inf
146468,1,inf
146476,1,inf
146609,1,inf
146731,1,inf
146767,1,inf
146803,1,inf
146956,1,inf
147311,1,inf
147312,1,inf
147759,1,inf
147837,1,inf
147849,1,inf
147861,1,inf
147882,1,inf
147938,1,inf
148244,1,inf
148363,1,inf
148509,1,inf
148630,1,inf
148787,1,inf
149238,1,inf
149397,1,inf
149429,1,inf
149595,1,inf
149607,1,inf
149652,1,inf
149700,1,inf
149777,1,inf
149834,1,inf
150008,1,inf
150090,1,inf
150188,1,inf
150251,1,inf
150266,1,inf
150334,1,inf
150386,1,inf
150447,1,inf
150559,1,inf
150597,1,inf
150629,1,inf
150886,1,inf
151458,1,inf
151722,1,inf
151854,1,inf
152001,1,inf
152002,1,inf
152033,1,inf
152053,1,inf
152262,1,inf
152330,1,inf
152441,1,inf
152481,1,inf
152499,1,inf
152618,1,inf
153034,1,inf
153039,1,inf
153324,1,inf
153338,1,inf
153347,1,inf
153614,1,inf
153702,1,inf
153773,1,inf
153808,1,inf
153849,1,inf
153876,1,inf
154056,1,inf
154175,1,inf
154271,1,inf
154313,1,inf
154548,1,inf
154575,1,inf
154810,1,inf
154995,1,inf
155153,1,inf
155491,1,inf
155616,1,inf
155845,1,inf
155930,1,inf
155959,1,inf
156043,1,inf
156118,1,inf
156504,1,inf
156569,1,inf
156867,1,inf
157110,1,inf
157258,1,inf
157696,1,inf
157895,1,inf
158111,1,inf
158176,1,inf
158193,1,inf
158321,1,inf
158343,1,inf
158512,1,inf
158614,1,inf
158781,1,inf
159146,1,inf
159218,1,inf
159244,1,inf
159493,1,inf
159496,1,inf
159526,1,inf
159751,1,inf
159853,1,inf
159892,1,inf
160053,1,inf
160057,1,inf
160113,1,inf
160156,1,inf
160179,1,inf
160222,1,inf
160608,1,inf
160734,1,inf
160931,1,inf
161008,1,inf
161089,1,inf
161420,1,inf
161480,1,inf
161703,1,inf
161723,1,inf
161742,1,inf
162148,1,inf
162201,1,inf
162207,1,inf
162325,1,inf
162582,1,inf
162613,1,inf
162651,1,inf
162660,1,inf
162808,1,inf
163001,1,inf
163058,1,inf
163486,1,inf
163577,1,inf
163591,1,inf
163641,1,inf
163717,1,inf
163763,1,inf
163983,1,inf
164139,1,inf
164166,1,inf
164175,1,inf
164192,1,inf
164196,1,inf
164246,1,inf
164312,1,inf
164343,1,inf
164426,1,inf
164453,1,inf
164571,1,inf
164583,1,inf
164762,1,inf
164769,1,inf
164929,1,inf
165128,1,inf
165172,1,inf
165195,1,inf
165377,1,inf
165518,1,inf
165628,1,inf
165629,1,inf
165652,1,inf
165677,1,inf
165858,1,inf
165921,1,inf
166107,1,inf
166135,1,inf
166201,1,inf
166233,1,inf
166295,1,inf
166352,1,inf
166439,1,inf
166560,1,inf
166661,1,inf
166837,1,inf
166871,1,inf
166884,1,inf
167380,1,inf
167380,1,inf
167381,1,inf
167468,1,inf
167502,1,inf
167548,1,inf
167739,1,inf
167823,1,inf
168364,1,inf
168494,1,inf
168545,1,inf
168591,1,inf
168678,1,inf
168836,1,inf
168895,1,inf
169039,1,inf
169094,1,inf
169516,1,inf
169630,1,inf
169673,1,inf
169844,1,inf
169897,1,inf
170010,1,inf
170206,1,inf
170379,1,inf
170399,1,inf
170507,1,inf
170574,1,inf
170624,1,inf
170643,1,inf
170705,1,inf
170715,1,inf
170727,1,inf
170781,1,inf
170891,1,inf
170904,1,inf
171215,1,inf
171235,1,inf
171296,1,inf
171454,1,inf
171537,1,inf
171542,1,inf
171675,1,inf
172038,1,inf
172067,1,inf
172243,1,inf
172688,1,inf
172697,1,inf
172782,1,inf
172875,1,inf
172903,1,inf
173004,1,inf
173024,1,inf
173029,1,inf
173046,1,inf
173167,1,inf
173342,1,inf
173592,1,inf
173810,1,inf
173882,1,inf
173926,1,inf
173998,1,inf
174050,1,inf
174127,1,inf
174320,1,inf
174338,1,inf
174578,1,inf
174610,1,inf
174836,1,inf
174852,1,inf
174930,1,inf
175105,1,inf
175526,1,inf
175608,1,inf
175641,1,inf
175681,1,inf
175734,1,inf
175844,1,inf
175870,1,inf
175871,1,inf
175939,1,inf
176013,1,inf
176120,1,inf
176221,1,inf
176462,1,inf
176611,1,inf
176704,1,inf
176744,1,inf
176896,1,inf
177154,1,inf
177169,1,inf
177182,1,inf
177249,1,inf
177441,1,inf
177468,1,inf
177643,1,inf
177733,1,inf
177789,1,inf
177935,1,inf
178019,1,inf
178188,1,inf
178192,1,inf
178235,1,inf
178297,1,inf
178370,1,inf
178586,1,inf
178713,1,inf
178853,1,inf
178864,1,inf
179083,1,inf
179094,1,inf
179138,1,inf
179439,1,inf
179559,1,inf
179587,1,inf
179610,1,inf
179835,1,inf
179872,1,inf
180020,1,inf
180345,1,inf
180358,1,inf
180380,1,inf
180408,1,inf
180494,1,inf
180548,1,inf
180646,1,inf
180683,1,inf
180898,1,inf
180924,1,inf
181079,1,inf
181245,1,inf
181276,1,inf
181294,1,inf
181450,1,inf
181888,1,inf
182144,1,inf
182648,1,inf
182708,1,inf
183025,1,inf
183030,1,inf
183177,1,inf
183239,1,inf
183245,1,inf
183512,1,inf
183532,1,inf
183639,1,inf
184101,1,inf
184222,1,inf
184223,1,inf
184319,1,inf
184336,1,inf
184352,1,inf
184356,1,inf
184471,1,inf
184863,1,inf
185028,1,inf
185230,1,inf
185351,1,inf
185467,1,inf
185620,1,inf
185769,1,inf
185957,1,inf
186189,1,inf
186243,1,inf
186324,1,inf
186368,1,inf
186372,1,inf
186463,1,inf
186525,1,inf
186539,1,inf
186661,1,inf
186707,1,inf
186807,1,inf
186842,1,inf
186889,1,inf
187075,1,inf
187081,1,inf
187085,1,inf
187141,1,inf
187324,1,inf
187429,1,inf
187633,1,inf
187775,1,inf
188089,1,inf
188119,1,inf
188162,1,inf
188207,1,inf
188329,1,inf
189037,1,inf
189153,1,inf
189262,1,inf
189294,1,inf
189334,1,inf
189611,1,inf
189631,1,inf
189654,1,inf
189740,1,inf
190034,1,inf
190096,1,inf
190276,1,inf
190367,1,inf
190390,1,inf
190414,1,inf
190566,1,inf
190739,1,inf
190824,1,inf
190825,1,inf
190935,1,inf
190945,1,inf
190960,1,inf
190961,1,inf
191144,1,inf
191170,1,inf
191185,1,inf
191433,1,inf
191646,1,inf
191649,1,inf
191673,1,inf
191700,1,inf
191725,1,inf
191728,1,inf
191747,1,inf
191797,1,inf
192080,1,inf
192188,1,inf
192234,1,inf
192284,1,inf
192296,1,inf
192390,1,inf
192393,1,inf
192491,1,inf
192509,1,inf
192520,1,inf
192553,1,inf
192624,1,inf
192719,1,inf
192847,1,inf
192911,1,inf
193375,1,inf
193593,1,inf
193709,1,inf
193900,1,inf
193980,1,inf
194047,1,inf
194054,1,inf
194169,1,inf
194283,1,inf
194386,1,inf
194495,1,inf
194640,1,inf
194690,1,inf
194831,1,inf
194952,1,inf
195039,1,inf
195265,1,inf
195310,1,inf
195338,1,inf
195589,1,inf
195640,1,inf
195902,1,inf
195912,1,inf
196084,1,inf
196118,1,inf
196215,1,inf
196361,1,inf
196496,1,inf
196615,1,inf
196702,1,inf
197007,1,inf
197228,1,inf
197244,1,inf
197325,1,inf
197424,1,inf
197434,1,inf
197466,1,inf
197525,1,inf
197907,1,inf
197938,1,inf
197963,1,inf
198239,1,inf
198279,1,inf
198418,1,inf
198454,1,inf
198633,1,inf
198694,1,inf
198859,1,inf
199214,1,inf
199227,1,inf
199300,1,inf
199468,1,inf
199550,1,inf
199654,1,inf
199689,1,inf
199747,1,inf
199847,1,inf
199888,1,inf
199914,1,inf
199924,1,inf
200192,1,inf
200284,1,inf
200604,1,inf
200720,1,inf
200820,1,inf
200932,1,inf
200967,1,inf
201083,1,inf
201102,1,inf
201165,1,inf
201562,1,inf
201816,1,inf
201859,1,inf
202013,1,inf
202077,1,inf
202118,1,inf
202313,1,inf
202524,1,inf
202763,1,inf
202789,1,inf
202841,1,inf
202969,1,inf
203009,1,inf
203083,1,inf
203254,1,inf
203298,1,inf
203374,1,inf
203396,1,inf
203413,1,inf
203557,1,inf
203590,1,inf
203642,1,inf
203734,1,inf
203756,1,inf
204024,1,inf
204044,1,inf
204111,1,inf
204114,1,inf
204350,1,inf
204449,1,inf
204510,1,inf
204531,1,inf
204578,1,inf
204763,1,inf
204814,1,inf
204822,1,inf
204943,1,inf
204970,1,inf
205191,1,inf
205543,1,inf
205584,1,inf
205662,1,inf
205694,1,inf
205780,1,inf
205801,1,inf
205861,1,inf
205869,1,inf
205916,1,inf
205966,1,inf
206133,1,inf
206281,1,inf
206424,1,inf
206815,1,inf
207036,1,inf
207232,1,inf
207798,1,inf
207924,1,inf
207947,1,inf
207964,1,inf
207986,1,inf
207994,1,inf
208008,1,inf
208078,1,inf
208111,1,inf
208129,1,inf
208254,1,inf
208336,1,inf
208356,1,inf
208375,1,inf
208565,1,inf
208686,1,inf
209097,1,inf
209119,1,inf
209150,1,inf
209365,1,inf
209367,1,inf
209402,1,inf
209447,1,inf
209602,1,inf
209616,1,inf
209689,1,inf
209927,1,inf
210060,1,inf
210256,1,inf
210298,1,inf
210329,1,inf
210342,1,inf
210343,1,inf
210409,1,inf
210420,1,inf
210511,1,inf
210537,1,inf
210573,1,inf
210586,1,inf
210766,1,inf
210822,1,inf
210931,1,inf
211092,1,inf
211142,1,inf
211243,1,inf
211265,1,inf
211640,1,inf
211716,1,inf
211889,1,inf
211913,1,inf
211931,1,inf
211950,1,inf
212033,1,inf
212199,1,inf
212512,1,inf
212514,1,inf
212552,1,inf
213030,1,inf
213146,1,inf
213793,1,inf
213942,1,inf
214019,1,inf
214138,1,inf
214239,1,inf
214427,1,inf
214467,1,inf
215508,1,inf
215703,1,inf
215760,1,inf
215886,1,inf
215895,1,inf
216065,1,inf
216140,1,inf
216365,1,inf
216509,1,inf
216639,1,inf
216761,1,inf
217092,1,inf
217509,1,inf
217520,1,inf
217835,1,inf
217937,1,inf
218159,1,inf
218488,1,inf
218559,1,inf
218560,1,inf
218591,1,inf
218626,1,inf
218739,1,inf
218955,1,inf
219101,1,inf
219288,1,inf
219358,1,inf
219502,1,inf
219563,1,inf
219706,1,inf
219821,1,inf
219880,1,inf
219990,1,inf
220074,1,inf
220233,1,inf
220308,1,inf
220419,1,inf
220443,1,inf
220501,1,inf
220508,1,inf
220522,1,inf
220528,1,inf
220578,1,inf
220892,1,inf
220913,1,inf
221304,1,inf
221357,1,inf
221361,1,inf
221503,1,inf
221685,1,inf
221911,1,inf
222481,1,inf
222485,1,inf
222531,1,inf
222607,1,inf
222662,1,inf
222762,1,inf
222885,1,inf
223008,1,inf
223075,1,inf
223081,1,inf
223234,1,inf
223338,1,inf
223488,1,inf
223494,1,inf
223562,1,inf
223655,1,inf
224197,1,inf
224241,1,inf
224352,1,inf
224981,1,inf
225202,1,inf
225684,1,inf
225864,1,inf
225939,1,inf
226353,1,inf
226445,1,inf
226643,1,inf
226652,1,inf
226768,1,inf
226981,1,inf
227056,1,inf
227298,1,inf
227595,1,inf
227595,1,inf
227669,1,inf
227935,1,inf
228065,1,inf
228372,1,inf
228698,1,inf
228796,1,inf
229129,1,inf
229189,1,inf
229289,1,inf
229638,1,inf
229732,1,inf
229845,1,inf
229908,1,inf
230067,1,inf
230237,1,inf
230254,1,inf
230428,1,inf
230429,1,inf
230617,1,inf
230742,1,inf
230768,1,inf
230781,1,inf
231091,1,inf
231289,1,inf
231351,1,inf
231496,1,inf
231617,1,inf
231626,1,inf
231678,1,inf
231851,1,inf
232101,1,inf
232346,1,inf
232551,1,inf
232598,1,inf
232630,1,inf
232705,1,inf
232931,1,inf
233006,1,inf
233540,1,inf
233675,1,inf
233838,1,inf
234062,1,inf
234081,1,inf
234437,1,inf
234463,1,inf
234502,1,inf
234610,1,inf
234652,1,inf
234679,1,inf
235191,1,inf
235233,1,inf
235506,1,inf
235562,1,inf
235717,1,inf
235827,1,inf
235871,1,inf
236092,1,inf
236914,1,inf
236924,1,inf
237227,1,inf
237273,1,inf
237475,1,inf
237628,1,inf
238178,1,inf
238372,1,inf
238379,1,inf
238406,1,inf
238600,1,inf
238642,1,inf
239031,1,inf
239295,1,inf
239483,1,inf
239529,1,inf
239530,1,inf
239569,1,inf
239633,1,inf
240311,1,inf
240327,1,inf
240514,1,inf
240616,1,inf
240666,1,inf
240673,1,inf
240746,1,inf
241103,1,inf
241159,1,inf
241355,1,inf
241474,1,inf
241588,1,inf
241852,1,inf
242049,1,inf
242185,1,inf
242196,1,inf
242503,1,inf
243348,1,inf
243694,1,inf
243762,1,inf
243769,1,inf
244133,1,inf
244174,1,inf
244318,1,inf
244462,1,inf
244554,1,inf
244556,1,inf
244654,1,inf
245295,1,inf
245410,1,inf
245659,1,inf
245665,1,inf
245861,1,inf
246012,1,inf
246234,1,inf
246574,1,inf
247239,1,inf
247256,1,inf
247320,1,inf
247363,1,inf
247616,1,inf
247667,1,inf
247735,1,inf
247769,1,inf
248110,1,inf
248146,1,inf
248160,1,inf
248190,1,inf
248529,1,inf
248622,1,inf
248654,1,inf
248951,1,inf
248967,1,inf
248973,1,inf
249110,1,inf
249209,1,inf
249378,1,inf
249775,1,inf
249936,1,inf
250719,1,inf
251031,1,inf
251073,1,inf
251781,1,inf
251863,1,inf
251914,1,inf
252216,1,inf
252553,1,inf
254585,1,inf
254792,1,inf
254855,1,inf
254888,1,inf
255577,1,inf
255654,1,inf
256012,1,inf
256026,1,inf
256240,1,inf
256817,1,inf
257108,1,inf
257665,1,inf
257712,1,inf
257780,1,inf
257818,1,inf
258091,1,inf
258177,1,inf
258255,1,inf
258304,1,inf
258450,1,inf
258668,1,inf
258681,1,inf
259264,1,inf
259328,1,inf
259531,1,inf
259808,1,inf
260245,1,inf
260424,1,inf
260529,1,inf
260663,1,inf
260767,1,inf
260948,1,inf
261003,1,inf
261037,1,inf
261409,1,inf
261521,1,inf
262387,1,inf
262594,1,inf
262866,1,inf
262890,1,inf
263097,1,inf
263222,1,inf
264108,1,inf
264182,1,inf
264426,1,inf
264673,1,inf
264680,1,inf
264843,1,inf
265604,1,inf
265690,1,inf
265764,1,inf
265806,1,inf
265938,1,inf
266142,1,inf
267608,1,inf
267934,1,inf
268716,1,inf
269578,1,inf
269585,1,inf
269683,1,inf
269886,1,inf
269982,1,inf
270207,1,inf
270296,1,inf
270296,1,inf
270603,1,inf
270733,1,inf
270897,1,inf
270955,1,inf
272397,1,inf
272452,1,inf
272804,1,inf
273527,1,inf
273528,1,inf
273710,1,inf
273925,1,inf
274333,1,inf
276194,1,inf
276367,1,inf
276917,1,inf
277065,1,inf
277757,1,inf
278049,1,inf
278073,1,inf
278107,1,inf
278604,1,inf
279468,1,inf
279510,1,inf
279819,1,inf
280007,1,inf
280489,1,inf
280581,1,inf
281819,1,inf
282498,1,inf
282774,1,inf
283385,1,inf
283569,1,inf
283768,1,inf
283931,1,inf
284116,1,inf
285437,1,inf
285528,1,inf
285587,1,inf
286595,1,inf
286657,1,inf
287830,1,inf
288785,1,inf
288796,1,inf
291205,1,inf
291351,1,inf
291907,1,inf
292521,1,inf
292658,1,inf
292747,1,inf
293030,1,inf
295007,1,inf
296400,1,inf
296593,1,inf
296674,1,inf
296704,1,inf
296932,1,inf
297106,1,inf
297167,1,inf
297672,1,inf
298546,1,inf
298721,1,inf
298900,1,inf
299006,1,inf
300096,1,inf
300376,1,inf
300452,1,inf
300748,1,inf
300890,1,inf
301011,1,inf
301109,1,inf
301125,1,inf
301250,1,inf
301753,1,inf
301922,1,inf
302161,1,inf
302252,1,inf
302553,1,inf
303436,1,inf
304512,1,inf
304997,1,inf
306060,1,inf
306284,1,inf
306368,1,inf
306615,1,inf
306796,1,inf
306849,1,inf
306918,1,inf
306995,1,inf
307762,1,inf
308028,1,inf
308121,1,inf
308205,1,inf
308430,1,inf
308516,1,inf
308553,1,inf
308929,1,inf
308954,1,inf
309430,1,inf
311449,1,inf
311490,1,inf
312892,1,inf
314097,1,inf
314110,1,inf
314349,1,inf
316391,1,inf
316571,1,inf
317578,1,inf
317643,1,inf
318145,1,inf
318344,1,inf
318671,1,inf
318908,1,inf
320151,1,inf
320768,1,inf
321132,1,inf
321357,1,inf
322630,1,inf
324615,1,inf
326227,1,inf
327401,1,inf
327758,1,inf
328180,1,inf
329618,1,inf
330006,1,inf
330061,1,inf
330170,1,inf
330711,1,inf
330912,1,inf
331355,1,inf
331606,1,inf
332596,1,inf
332706,1,inf
332965,1,inf
333383,1,inf
333932,1,inf
335189,1,inf
335741,1,inf
335783,1,inf
336437,1,inf
337962,1,inf
342166,1,inf
342181,1,inf
342410,1,inf
343516,1,inf
343675,1,inf
344263,1,inf
344326,1,inf
344436,1,inf
346243,1,inf
346550,1,inf
346751,1,inf
347779,1,inf
348125,1,inf
349870,1,inf
349987,1,inf
350057,1,inf
350083,1,inf
350336,1,inf
350743,1,inf
353511,1,inf
354022,1,inf
354128,1,inf
354280,1,inf
354321,1,inf
354364,1,inf
355214,1,inf
355509,1,inf
355627,1,inf
355746,1,inf
355863,1,inf
356161,1,inf
356308,1,inf
356505,1,inf
357809,1,inf
358058,1,inf
359211,1,inf
360494,1,inf
360812,1,inf
361066,1,inf
361746,1,inf
362301,1,inf
363461,1,inf
364270,1,inf
364375,1,inf
365610,1,inf
366253,1,inf
367180,1,inf
367217,1,inf
367567,1,inf
368501,1,inf
369322,1,inf
369338,1,inf
369553,1,inf
369629,1,inf
369677,1,inf
370287,1,inf
370379,1,inf
370653,1,inf
371370,1,inf
371553,1,inf
371569,1,inf
371751,1,inf
371970,1,inf
372207,1,inf
373645,1,inf
373678,1,inf
374856,1,inf
375101,1,inf
377006,1,inf
377365,1,inf
379003,1,inf
379042,1,inf
379081,1,inf
379374,1,inf
379665,1,inf
379671,1,inf
380327,1,inf
381035,1,inf
381850,1,inf
382210,1,inf
382210,1,inf
383044,1,inf
383293,1,inf
383357,1,inf
383961,1,inf
383979,1,inf
384518,1,inf
384953,1,inf
385092,1,inf
385390,1,inf
386232,1,inf
386970,1,inf
387156,1,inf
388086,1,inf
388917,1,inf
388937,1,inf
389001,1,inf
389203,1,inf
389318,1,inf
391287,1,inf
391360,1,inf
391496,1,inf
391591,1,inf
392115,1,inf
392291,1,inf
392384,1,inf
392872,1,inf
394135,1,inf
395034,1,inf
395634,1,inf
396323,1,inf
396588,1,inf
396611,1,inf
398216,1,inf
399296,1,inf
400407,1,inf
402131,1,inf
402196,1,inf
402340,1,inf
402899,1,inf
402975,1,inf
403443,1,inf
403647,1,inf
403972,1,inf
404599,1,inf
405631,1,inf
406676,1,inf
406817,1,inf
407035,1,inf
408825,1,inf
409052,1,inf
410219,1,inf
412539,1,inf
413068,1,inf
413279,1,inf
413813,1,inf
413841,1,inf
413888,1,inf
414032,1,inf
414396,1,inf
415434,1,inf
415551,1,inf
416435,1,inf
416461,1,inf
416540,1,inf
417456,1,inf
423275,1,inf
423395,1,inf
423586,1,inf
423674,1,inf
424660,1,inf
424798,1,inf
424912,1,inf
425022,1,inf
425284,1,inf
425727,1,inf
425975,1,inf
426029,1,inf
426136,1,inf
427251,1,inf
427799,1,inf
428251,1,inf
428770,1,inf
429039,1,inf
429114,1,inf
430019,1,inf
430596,1,inf
430692,1,inf
430885,1,inf
432134,1,inf
432203,1,inf
432507,1,inf
432828,1,inf
434050,1,inf
434086,1,inf
434459,1,inf
434478,1,inf
434926,1,inf
437412,1,inf
437458,1,inf
438122,1,inf
438167,1,inf
438346,1,inf
438750,1,inf
440639,1,inf
441032,1,inf
441226,1,inf
441241,1,inf
441277,1,inf
441439,1,inf
442058,1,inf
442455,1,inf
442780,1,inf
442826,1,inf
443367,1,inf
443545,1,inf
444305,1,inf
444516,1,inf
445247,1,inf
446958,1,inf
447094,1,inf
448085,1,inf
448486,1,inf
448601,1,inf
449020,1,inf
449778,1,inf
450480,1,inf
450671,1,inf
450742,1,inf
451190,1,inf
451346,1,inf
451427,1,inf
451689,1,inf
451727,1,inf
451956,1,inf
452069,1,inf
452530,1,inf
452665,1,inf
452669,1,inf
452787,1,inf
453383,1,inf
453403,1,inf
453591,1,inf
453676,1,inf
453878,1,inf
454954,1,inf
455098,1,inf
455485,1,inf
455782,1,inf
456093,1,inf
456342,1,inf
456780,1,inf
457096,1,inf
457188,1,inf
457638,1,inf
457790,1,inf
458150,1,inf
458213,1,inf
458242,1,inf
458717,1,inf
458982,1,inf
459284,1,inf
459560,1,inf
459813,1,inf
459863,1,inf
459995,1,inf
460239,1,inf
460538,1,inf
461037,1,inf
461223,1,inf
462205,1,inf
462236,1,inf
462318,1,inf
463368,1,inf
463374,1,inf
463419,1,inf
463511,1,inf
463719,1,inf
463755,1,inf
464105,1,inf
464374,1,inf
464606,1,inf
465908,1,inf
466676,1,inf
467166,1,inf
467213,1,inf
467368,1,inf
467588,1,inf
468155,1,inf
468891,1,inf
469305,1,inf
469840,1,inf
470012,1,inf
470279,1,inf
470300,1,inf
470365,1,inf
470477,1,inf
470847,1,inf
471605,1,inf
471931,1,inf
472155,1,inf
472200,1,inf
472412,1,inf
472959,1,inf
473100,1,inf
473613,1,inf
473764,1,inf
474147,1,inf
474432,1,inf
474451,1,inf
474676,1,inf
474789,1,inf
474853,1,inf
474970,1,inf
475164,1,inf
475310,1,inf
475487,1,inf
475620,1,inf
475694,1,inf
475694,1,inf
476383,1,inf
476482,1,inf
476630,1,inf
476675,1,inf
477188,1,inf
477262,1,inf
477435,1,inf
477627,1,inf
477907,1,inf
478243,1,inf
478286,1,inf
478368,1,inf
478511,1,inf
478516,1,inf
478631,1,inf
478928,1,inf
479036,1,inf
479587,1,inf
479693,1,inf
480033,1,inf
480638,1,inf
480837,1,inf
481830,1,inf
482467,1,inf
482769,1,inf
483359,1,inf
483704,1,inf
484290,1,inf
484738,1,inf
485175,1,inf
485253,1,inf
485385,1,inf
485485,1,inf
485559,1,inf
485617,1,inf
486057,1,inf
486412,1,inf
486621,1,inf
486868,1,inf
487299,1,inf
488028,1,inf
488369,1,inf
488461,1,inf
488986,1,inf
489538,1,inf
489689,1,inf
490108,1,inf
490207,1,inf
490308,1,inf
491106,1,inf
491279,1,inf
491908,1,inf
492019,1,inf
492772,1,inf
492890,1,inf
493015,1,inf
493044,1,inf
493291,1,inf
493343,1,inf
494052,1,inf
494302,1,inf
494754,1,inf
495073,1,inf
495148,1,inf
495507,1,inf
495955,1,inf
496042,1,inf
496147,1,inf
496576,1,inf
496760,1,inf
496773,1,inf
496938,1,inf
496938,1,inf
497435,1,inf
497533,1,inf
498174,1,inf
498248,1,inf
498410,1,inf
498603,1,inf
498911,1,inf
499412,1,inf
499672,1,inf
499704,1,inf
499810,1,inf
499811,1,inf
500389,1,inf
500717,1,inf
501214,1,inf
501650,1,inf
501852,1,inf
502738,1,inf
502778,1,inf
503078,1,inf
503251,1,inf
503281,1,inf
503402,1,inf
503437,1,inf
504089,1,inf
504830,1,inf
505017,1,inf
505405,1,inf
505494,1,inf
505865,1,inf
505951,1,inf
506103,1,inf
506106,1,inf
506260,1,inf
507273,1,inf
507326,1,inf
507334,1,inf
507507,1,inf
507678,1,inf
508058,1,inf
508444,1,inf
508632,1,inf
509039,1,inf
509158,1,inf
509577,1,inf
510174,1,inf
510566,1,inf
510596,1,inf
510763,1,inf
510823,1,inf
510886,1,inf
511026,1,inf
511202,1,inf
511352,1,inf
511422,1,inf
511455,1,inf
511529,1,inf
511539,1,inf
511552,1,inf
512364,1,inf
512398,1,inf
513360,1,inf
513997,1,inf
514215,1,inf
514468,1,inf
514614,1,inf
515007,1,inf
515485,1,inf
515626,1,inf
515937,1,inf
516763,1,inf
516775,1,inf
516857,1,inf
516983,1,inf
517017,1,inf
517105,1,inf
517115,1,inf
517972,1,inf
518147,1,inf
519135,1,inf
519163,1,inf
519483,1,inf
519485,1,inf
520245,1,inf
520499,1,inf
521621,1,inf
522359,1,inf
522424,1,inf
522425,1,inf
522444,1,inf
522448,1,inf
522583,1,inf
522857,1,inf
523135,1,inf
523319,1,inf
523481,1,inf
523685,1,inf
524232,1,inf
524610,1,inf
526559,1,inf
526569,1,inf
526581,1,inf
526767,1,inf
527562,1,inf
527596,1,inf
527608,1,inf
527816,1,inf
527901,1,inf
529186,1,inf
529288,1,inf
530098,1,inf
530868,1,inf
532379,1,inf
532690,1,inf
533187,1,inf
533254,1,inf
533923,1,inf
534132,1,inf
534578,1,inf
534733,1,inf
535665,1,inf
535877,1,inf
537141,1,inf
537607,1,inf
538114,1,inf
538594,1,inf
539037,1,inf
539222,1,inf
541995,1,inf
543729,1,inf
543821,1,inf
545331,1,inf
546687,1,inf
546740,1,inf
546772,1,inf
546852,1,inf
547127,1,inf
547131,1,inf
547321,1,inf
548702,1,inf
548951,1,inf
549027,1,inf
549782,1,inf
550460,1,inf
551177,1,inf
552452,1,inf
553228,1,inf
553713,1,inf
555204,1,inf
555570,1,inf
555607,1,inf
556105,1,inf
558691,1,inf
559750,1,inf
560351,1,inf
560616,1,inf
561097,1,inf
561893,1,inf
562013,1,inf
562019,1,inf
563131,1,inf
563805,1,inf
564801,1,inf
565559,1,inf
566968,1,inf
567018,1,inf
567478,1,inf
567487,1,inf
568657,1,inf
569011,1,inf
569276,1,inf
569644,1,inf
569740,1,inf
570141,1,inf
570349,1,inf
574174,1,inf
574908,1,inf
575456,1,inf
575458,1,inf
575630,1,inf
575814,1,inf
575854,1,inf
575895,1,inf
577296,1,inf
578230,1,inf
578411,1,inf
578825,1,inf
