1762,1,inf
2168,1,inf
2586,1,inf
4456,1,inf
5482,1,inf
6212,1,inf
7275,1,inf
7356,1,inf
9012,1,inf
9514,1,inf
12465,1,inf
12832,1,inf
12934,1,inf
13646,1,inf
14196,1,inf
16197,1,inf
17066,1,inf
17096,1,inf
17188,1,inf
18214,1,inf
18350,1,inf
18472,1,inf
18585,1,inf
18832,1,inf
19020,1,inf
19081,1,inf
19519,1,inf
21943,1,inf
21978,1,inf
22813,1,inf
23610,1,inf
24048,1,inf
24115,1,inf
24126,1,inf
24747,1,inf
25495,1,inf
25604,1,inf
27121,1,inf
27484,1,inf
28509,1,inf
29342,1,inf
29769,1,inf
30040,1,inf
31122,1,inf
31244,1,inf
31522,1,inf
35115,1,inf
38052,1,inf
39440,1,inf
39452,1,inf
42044,1,inf
42766,1,inf
42888,1,inf
42976,1,inf
42989,1,inf
43324,1,inf
43661,1,inf
43695,1,inf
45048,1,inf
45083,1,inf
45501,1,inf
45839,1,inf
47532,1,inf
47721,1,inf
47958,1,inf
48084,1,inf
48312,1,inf
49516,1,inf
49622,1,inf
49706,1,inf
50320,1,inf
52096,1,inf
53105,1,inf
53547,1,inf
54700,1,inf
54955,1,inf
55273,1,inf
55322,1,inf
55576,1,inf
57755,1,inf
57770,1,inf
59482,1,inf
59633,1,inf
60398,1,inf
61478,1,inf
62608,1,inf
63443,1,inf
63563,1,inf
66089,1,inf
66118,1,inf
66198,1,inf
66504,1,inf
66538,1,inf
66543,1,inf
66568,1,inf
66755,1,inf
67020,1,inf
67133,1,inf
67181,1,inf
67219,1,inf
67830,1,inf
67832,1,inf
67971,1,inf
68414,1,inf
68491,1,inf
69419,1,inf
69619,1,inf
70052,1,inf
70344,1,inf
70471,1,inf
70591,1,inf
70610,1,inf
71329,1,inf
71786,1,inf
72161,1,inf
72384,1,inf
72486,1,inf
73030,1,inf
73095,1,inf
73955,1,inf
75795,1,inf
77238,1,inf
78120,1,inf
78415,1,inf
79008,1,inf
79329,1,inf
79353,1,inf
80036,1,inf
80401,1,inf
80840,1,inf
81749,1,inf
81978,1,inf
82935,1,inf
83909,1,inf
85377,1,inf
87857,1,inf
89217,1,inf
89412,1,inf
90117,1,inf
90412,1,inf
90558,1,inf
90575,1,inf
90616,1,inf
90624,1,inf
90917,1,inf
91037,1,inf
91157,1,inf
91647,1,inf
92419,1,inf
92738,1,inf
93483,1,inf
93586,1,inf
94272,1,inf
94391,1,inf
94544,1,inf
94841,1,inf
95207,1,inf
95682,1,inf
95845,1,inf
95898,1,inf
96443,1,inf
96704,1,inf
96869,1,inf
97398,1,inf
97406,1,inf
97569,1,inf
97762,1,inf
97941,1,inf
98078,1,inf
98172,1,inf
98779,1,inf
98845,1,inf
99060,1,inf
99256,1,inf
99360,1,inf
99835,1,inf
100425,1,inf
100613,1,inf
101158,1,inf
101369,1,inf
101783,1,inf
102518,1,inf
102651,1,inf
102762,1,inf
102766,1,inf
103039,1,inf
103626,1,inf
103723,1,inf
104070,1,inf
104340,1,inf
104641,1,inf
104877,1,inf
105744,1,inf
105923,1,inf
105938,1,inf
105938,1,inf
106089,1,inf
106500,1,inf
106563,1,inf
106684,1,inf
107474,1,inf
107475,1,inf
107537,1,inf
107638,1,inf
107946,1,inf
108846,1,inf
109434,1,inf
110063,1,inf
110129,1,inf
110245,1,inf
110250,1,inf
110301,1,inf
110430,1,inf
110479,1,inf
110552,1,inf
110709,1,inf
111186,1,inf
111859,1,inf
112461,1,inf
112546,1,inf
113561,1,inf
113967,1,inf
114204,1,inf
114216,1,inf
114464,1,inf
115013,1,inf
115046,1,inf
115149,1,inf
115206,1,inf
115323,1,inf
115441,1,inf
115528,1,inf
115606,1,inf
115607,1,inf
115683,1,inf
115731,1,inf
115967,1,inf
116055,1,inf
116328,1,inf
116389,1,inf
116560,1,inf
116562,1,inf
116638,1,inf
117136,1,inf
117307,1,inf
117388,1,inf
117612,1,inf
117909,1,inf
117920,1,inf
118154,1,inf
118483,1,inf
118590,1,inf
118712,1,inf
118811,1,inf
118860,1,inf
119069,1,inf
119255,1,inf
120082,1,inf
120172,1,inf
120366,1,inf
120595,1,inf
120750,1,inf
120883,1,inf
121005,1,inf
121062,1,inf
121081,1,inf
121135,1,inf
121301,1,inf
121447,1,inf
121462,1,inf
122167,1,inf
122256,1,inf
122427,1,inf
122766,1,inf
122831,1,inf
122832,1,inf
122998,1,inf
123281,1,inf
123511,1,inf
123541,1,inf
124051,1,inf
124264,1,inf
125132,1,inf
125333,1,inf
125406,1,inf
125537,1,inf
125780,1,inf
125871,1,inf
126047,1,inf
126083,1,inf
126206,1,inf
126281,1,inf
126393,1,inf
126782,1,inf
127030,1,inf
127227,1,inf
127235,1,inf
127797,1,inf
127838,1,inf
128283,1,inf
128831,1,inf
129101,1,inf
129175,1,inf
129581,1,inf
129725,1,inf
129839,1,inf
129863,1,inf
129953,1,inf
130306,1,inf
130383,1,inf
130551,1,inf
130671,1,inf
130680,1,inf
130856,1,inf
131030,1,inf
131121,1,inf
131641,1,inf
132050,1,inf
132538,1,inf
132599,1,inf
132720,1,inf
132778,1,inf
132876,1,inf
133036,1,inf
133056,1,inf
133302,1,inf
133419,1,inf
133877,1,inf
133907,1,inf
134103,1,inf
134106,1,inf
134290,1,inf
134584,1,inf
134810,1,inf
135031,1,inf
135048,1,inf
135458,1,inf
135470,1,inf
135479,1,inf
135690,1,inf
135972,1,inf
135993,1,inf
136164,1,inf
136292,1,inf
136705,1,inf
136816,1,inf
136929,1,inf
137039,1,inf
137192,1,inf
137193,1,inf
137271,1,inf
137461,1,inf
137913,1,inf
138024,1,inf
138245,1,inf
138386,1,inf
138713,1,inf
139093,1,inf
139151,1,inf
139342,1,inf
139532,1,inf
139555,1,inf
139763,1,inf
139952,1,inf
139988,1,inf
140099,1,inf
140307,1,inf
140423,1,inf
140446,1,inf
140500,1,inf
140510,1,inf
140749,1,inf
140759,1,inf
140888,1,inf
141059,1,inf
141200,1,inf
141272,1,inf
141355,1,inf
141364,1,inf
142073,1,inf
142114,1,inf
142403,1,inf
142587,1,inf
142598,1,inf
142652,1,inf
142677,1,inf
142784,1,inf
142924,1,inf
142935,1,inf
143488,1,inf
144047,1,inf
144057,1,inf
144064,1,inf
144200,1,inf
144210,1,inf
144226,1,inf
144236,1,inf
144264,1,inf
144266,1,inf
144349,1,inf
144415,1,inf
144457,1,inf
144584,1,inf
144720,1,inf
145443,1,inf
145444,1,inf
145617,1,inf
145708,1,inf
146071,1,inf
146225,1,inf
146481,1,inf
146516,1,inf
146599,1,inf
146678,1,inf
146709,1,inf
146766,1,inf
146839,1,inf
146939,1,inf
147022,1,inf
147088,1,inf
147116,1,inf
147384,1,inf
147570,1,inf
147583,1,inf
147741,1,inf
147887,1,inf
148048,1,inf
148149,1,inf
148268,1,inf
148334,1,inf
148391,1,inf
148433,1,inf
148454,1,inf
148457,1,inf
148502,1,inf
148635,1,inf
148801,1,inf
148819,1,inf
148916,1,inf
149030,1,inf
149391,1,inf
149587,1,inf
149708,1,inf
149803,1,inf
149952,1,inf
150411,1,inf
150455,1,inf
150499,1,inf
150720,1,inf
150741,1,inf
150917,1,inf
151018,1,inf
151315,1,inf
151475,1,inf
151680,1,inf
151862,1,inf
151893,1,inf
152045,1,inf
152191,1,inf
152211,1,inf
152309,1,inf
152398,1,inf
152430,1,inf
152628,1,inf
152651,1,inf
152737,1,inf
153075,1,inf
153204,1,inf
153310,1,inf
153349,1,inf
153425,1,inf
153771,1,inf
154058,1,inf
154260,1,inf
154433,1,inf
154507,1,inf
154550,1,inf
154703,1,inf
154962,1,inf
155014,1,inf
155702,1,inf
155779,1,inf
155828,1,inf
155851,1,inf
155926,1,inf
156166,1,inf
156386,1,inf
156395,1,inf
156624,1,inf
156631,1,inf
156646,1,inf
156707,1,inf
156852,1,inf
156884,1,inf
157143,1,inf
157161,1,inf
157537,1,inf
157645,1,inf
158035,1,inf
158057,1,inf
158083,1,inf
158200,1,inf
158598,1,inf
158811,1,inf
158827,1,inf
159094,1,inf
159147,1,inf
159338,1,inf
159759,1,inf
159918,1,inf
160260,1,inf
160415,1,inf
160468,1,inf
161112,1,inf
161168,1,inf
161474,1,inf
161527,1,inf
161570,1,inf
161813,1,inf
161987,1,inf
161998,1,inf
162331,1,inf
162365,1,inf
162524,1,inf
162565,1,inf
162801,1,inf
162909,1,inf
162958,1,inf
163134,1,inf
163232,1,inf
163249,1,inf
163294,1,inf
163320,1,inf
163420,1,inf
163505,1,inf
163528,1,inf
163627,1,inf
163684,1,inf
163920,1,inf
164007,1,inf
164160,1,inf
164173,1,inf
164608,1,inf
164747,1,inf
164772,1,inf
164787,1,inf
164996,1,inf
165044,1,inf
166051,1,inf
166369,1,inf
166423,1,inf
166826,1,inf
166865,1,inf
166887,1,inf
167005,1,inf
167117,1,inf
167249,1,inf
167305,1,inf
167338,1,inf
167370,1,inf
167457,1,inf
167575,1,inf
167581,1,inf
167684,1,inf
168250,1,inf
168493,1,inf
168499,1,inf
168532,1,inf
168610,1,inf
169027,1,inf
169128,1,inf
169187,1,inf
169253,1,inf
169272,1,inf
169329,1,inf
169484,1,inf
169754,1,inf
169778,1,inf
169881,1,inf
169921,1,inf
170019,1,inf
170298,1,inf
170388,1,inf
170500,1,inf
170517,1,inf
170891,1,inf
170918,1,inf
171038,1,inf
171077,1,inf
171274,1,inf
171596,1,inf
171630,1,inf
171743,1,inf
171808,1,inf
171853,1,inf
172012,1,inf
172078,1,inf
172169,1,inf
172864,1,inf
173011,1,inf
173039,1,inf
173095,1,inf
173143,1,inf
173186,1,inf
173188,1,inf
173374,1,inf
173487,1,inf
173537,1,inf
173683,1,inf
173858,1,inf
173958,1,inf
174073,1,inf
174153,1,inf
174248,1,inf
174513,1,inf
174963,1,inf
175121,1,inf
175177,1,inf
175470,1,inf
175583,1,inf
175588,1,inf
175607,1,inf
175676,1,inf
175753,1,inf
175781,1,inf
175976,1,inf
176073,1,inf
176395,1,inf
176457,1,inf
176767,1,inf
176769,1,inf
176803,1,inf
177082,1,inf
177354,1,inf
177770,1,inf
177827,1,inf
177858,1,inf
178253,1,inf
178316,1,inf
178418,1,inf
178579,1,inf
178690,1,inf
178690,1,inf
178908,1,inf
178960,1,inf
179330,1,inf
179385,1,inf
179640,1,inf
179666,1,inf
179782,1,inf
179883,1,inf
179885,1,inf
180192,1,inf
180231,1,inf
180499,1,inf
180542,1,inf
180683,1,inf
180731,1,inf
180732,1,inf
180825,1,inf
181151,1,inf
181525,1,inf
181607,1,inf
181717,1,inf
182016,1,inf
182026,1,inf
182066,1,inf
182071,1,inf
182152,1,inf
182176,1,inf
182312,1,inf
182423,1,inf
182453,1,inf
182541,1,inf
182666,1,inf
182955,1,inf
183009,1,inf
183072,1,inf
183271,1,inf
183394,1,inf
183570,1,inf
183673,1,inf
183779,1,inf
183872,1,inf
183917,1,inf
184238,1,inf
184513,1,inf
184514,1,inf
184648,1,inf
184671,1,inf
184905,1,inf
184918,1,inf
184957,1,inf
185231,1,inf
185309,1,inf
185726,1,inf
186057,1,inf
186179,1,inf
186238,1,inf
186342,1,inf
186384,1,inf
186486,1,inf
186539,1,inf
186692,1,inf
186745,1,inf
186934,1,inf
187106,1,inf
187398,1,inf
187402,1,inf
187461,1,inf
187477,1,inf
187528,1,inf
187660,1,inf
187823,1,inf
187879,1,inf
188075,1,inf
188081,1,inf
188089,1,inf
188123,1,inf
188158,1,inf
188252,1,inf
188361,1,inf
188471,1,inf
188515,1,inf
188516,1,inf
188707,1,inf
189060,1,inf
189545,1,inf
189551,1,inf
189559,1,inf
189622,1,inf
189633,1,inf
189644,1,inf
189682,1,inf
189689,1,inf
189761,1,inf
189765,1,inf
189816,1,inf
189915,1,inf
189989,1,inf
190199,1,inf
190203,1,inf
190204,1,inf
190261,1,inf
190783,1,inf
191047,1,inf
191270,1,inf
191433,1,inf
191583,1,inf
191650,1,inf
191743,1,inf
191846,1,inf
192184,1,inf
192249,1,inf
192266,1,inf
192505,1,inf
192633,1,inf
192726,1,inf
193111,1,inf
193187,1,inf
193187,1,inf
193210,1,inf
193249,1,inf
193279,1,inf
193297,1,inf
193391,1,inf
193454,1,inf
193498,1,inf
193515,1,inf
193657,1,inf
193659,1,inf
193786,1,inf
193898,1,inf
193935,1,inf
194037,1,inf
194505,1,inf
194779,1,inf
194951,1,inf
194992,1,inf
195090,1,inf
195104,1,inf
195144,1,inf
195147,1,inf
195205,1,inf
195241,1,inf
195253,1,inf
195472,1,inf
195532,1,inf
195660,1,inf
195979,1,inf
196375,1,inf
196496,1,inf
196663,1,inf
196763,1,inf
196864,1,inf
196910,1,inf
196994,1,inf
197014,1,inf
197207,1,inf
197276,1,inf
197517,1,inf
197577,1,inf
197705,1,inf
197800,1,inf
197973,1,inf
198035,1,inf
198239,1,inf
198241,1,inf
198683,1,inf
199017,1,inf
199128,1,inf
199696,1,inf
199772,1,inf
199964,1,inf
200100,1,inf
200161,1,inf
200239,1,inf
200453,1,inf
200457,1,inf
200731,1,inf
200748,1,inf
200870,1,inf
200889,1,inf
200916,1,inf
201286,1,inf
201341,1,inf
201376,1,inf
201436,1,inf
201533,1,inf
201596,1,inf
201618,1,inf
201625,1,inf
201698,1,inf
201845,1,inf
201935,1,inf
201944,1,inf
202227,1,inf
202923,1,inf
202983,1,inf
203027,1,inf
203105,1,inf
203282,1,inf
203288,1,inf
203328,1,inf
203800,1,inf
203808,1,inf
203815,1,inf
204063,1,inf
204111,1,inf
204215,1,inf
204465,1,inf
204489,1,inf
204792,1,inf
204807,1,inf
205011,1,inf
205214,1,inf
205299,1,inf
205338,1,inf
205530,1,inf
205536,1,inf
205537,1,inf
205545,1,inf
205551,1,inf
205570,1,inf
205652,1,inf
205695,1,inf
205809,1,inf
206165,1,inf
206426,1,inf
206451,1,inf
206490,1,inf
206639,1,inf
207028,1,inf
207051,1,inf
207069,1,inf
207137,1,inf
207182,1,inf
207543,1,inf
207890,1,inf
207939,1,inf
208150,1,inf
208258,1,inf
208412,1,inf
208443,1,inf
208483,1,inf
208565,1,inf
208616,1,inf
208811,1,inf
208998,1,inf
209027,1,inf
209040,1,inf
209078,1,inf
209395,1,inf
209538,1,inf
209591,1,inf
209651,1,inf
209665,1,inf
209686,1,inf
209688,1,inf
210036,1,inf
210447,1,inf
210512,1,inf
210716,1,inf
210887,1,inf
211276,1,inf
211446,1,inf
211454,1,inf
211699,1,inf
211729,1,inf
211764,1,inf
211820,1,inf
211837,1,inf
211870,1,inf
211973,1,inf
212049,1,inf
212103,1,inf
212136,1,inf
212285,1,inf
212302,1,inf
212365,1,inf
212479,1,inf
212530,1,inf
212568,1,inf
212587,1,inf
212777,1,inf
212810,1,inf
212862,1,inf
213002,1,inf
213012,1,inf
213026,1,inf
213146,1,inf
213318,1,inf
213682,1,inf
213772,1,inf
213962,1,inf
214165,1,inf
214287,1,inf
214400,1,inf
214675,1,inf
214878,1,inf
215052,1,inf
215207,1,inf
215678,1,inf
215769,1,inf
215808,1,inf
215911,1,inf
216229,1,inf
216270,1,inf
216279,1,inf
216497,1,inf
216796,1,inf
216864,1,inf
216947,1,inf
217060,1,inf
217073,1,inf
217152,1,inf
217229,1,inf
217272,1,inf
217317,1,inf
217553,1,inf
217616,1,inf
217749,1,inf
217955,1,inf
218366,1,inf
218371,1,inf
218387,1,inf
218394,1,inf
218405,1,inf
218558,1,inf
218738,1,inf
218936,1,inf
219379,1,inf
219398,1,inf
219463,1,inf
219469,1,inf
220459,1,inf
220740,1,inf
221069,1,inf
221483,1,inf
221819,1,inf
221959,1,inf
222243,1,inf
222684,1,inf
223289,1,inf
223606,1,inf
223743,1,inf
223890,1,inf
224132,1,inf
224235,1,inf
224364,1,inf
224628,1,inf
224769,1,inf
224856,1,inf
224911,1,inf
225036,1,inf
225102,1,inf
225270,1,inf
225320,1,inf
225643,1,inf
226257,1,inf
226625,1,inf
226755,1,inf
226895,1,inf
227040,1,inf
227261,1,inf
227358,1,inf
227834,1,inf
228565,1,inf
228607,1,inf
228745,1,inf
228896,1,inf
228984,1,inf
229133,1,inf
229379,1,inf
229686,1,inf
229856,1,inf
230031,1,inf
230107,1,inf
230146,1,inf
230256,1,inf
230416,1,inf
230668,1,inf
231234,1,inf
231405,1,inf
231424,1,inf
231598,1,inf
231608,1,inf
231698,1,inf
231786,1,inf
231904,1,inf
232128,1,inf
232171,1,inf
232359,1,inf
232374,1,inf
232417,1,inf
232674,1,inf
233085,1,inf
233248,1,inf
233298,1,inf
233387,1,inf
234821,1,inf
235113,1,inf
235663,1,inf
235688,1,inf
235721,1,inf
236352,1,inf
236517,1,inf
237121,1,inf
237240,1,inf
237265,1,inf
237279,1,inf
237444,1,inf
237809,1,inf
237821,1,inf
238019,1,inf
238298,1,inf
238306,1,inf
238447,1,inf
238542,1,inf
238929,1,inf
239032,1,inf
239232,1,inf
239540,1,inf
239620,1,inf
239658,1,inf
239772,1,inf
239883,1,inf
240253,1,inf
241525,1,inf
241653,1,inf
241774,1,inf
241884,1,inf
241961,1,inf
242044,1,inf
242681,1,inf
242806,1,inf
243171,1,inf
243207,1,inf
243320,1,inf
243696,1,inf
243860,1,inf
244062,1,inf
244467,1,inf
244818,1,inf
245171,1,inf
245331,1,inf
245748,1,inf
245761,1,inf
245854,1,inf
246085,1,inf
246548,1,inf
246883,1,inf
246890,1,inf
247256,1,inf
247746,1,inf
248185,1,inf
248446,1,inf
248974,1,inf
249328,1,inf
249760,1,inf
249847,1,inf
250098,1,inf
250332,1,inf
250915,1,inf
251446,1,inf
251501,1,inf
251903,1,inf
252012,1,inf
252261,1,inf
252315,1,inf
253213,1,inf
253275,1,inf
254018,1,inf
254261,1,inf
254296,1,inf
254631,1,inf
254666,1,inf
255061,1,inf
255200,1,inf
255292,1,inf
255373,1,inf
256162,1,inf
256210,1,inf
256371,1,inf
256447,1,inf
256589,1,inf
257208,1,inf
257398,1,inf
258145,1,inf
258159,1,inf
258631,1,inf
258653,1,inf
258661,1,inf
258871,1,inf
259001,1,inf
260491,1,inf
260525,1,inf
260673,1,inf
261363,1,inf
262014,1,inf
262660,1,inf
263813,1,inf
264892,1,inf
265517,1,inf
267431,1,inf
267694,1,inf
267753,1,inf
268212,1,inf
268413,1,inf
268911,1,inf
269437,1,inf
270377,1,inf
271279,1,inf
271863,1,inf
272032,1,inf
272192,1,inf
273279,1,inf
274339,1,inf
274529,1,inf
274862,1,inf
275905,1,inf
276052,1,inf
277568,1,inf
277860,1,inf
279010,1,inf
279203,1,inf
279218,1,inf
280088,1,inf
280662,1,inf
281061,1,inf
281162,1,inf
281340,1,inf
281422,1,inf
281640,1,inf
282013,1,inf
282035,1,inf
282084,1,inf
282241,1,inf
282350,1,inf
282749,1,inf
283041,1,inf
283932,1,inf
284008,1,inf
284265,1,inf
284615,1,inf
284620,1,inf
286069,1,inf
286542,1,inf
288219,1,inf
289011,1,inf
289639,1,inf
290137,1,inf
291007,1,inf
291288,1,inf
291341,1,inf
291563,1,inf
293672,1,inf
294154,1,inf
294853,1,inf
295552,1,inf
296051,1,inf
297416,1,inf
297771,1,inf
299032,1,inf
299907,1,inf
300461,1,inf
300928,1,inf
301860,1,inf
301885,1,inf
303128,1,inf
303218,1,inf
303473,1,inf
305938,1,inf
306225,1,inf
307162,1,inf
308123,1,inf
308445,1,inf
308910,1,inf
309148,1,inf
309465,1,inf
310069,1,inf
310223,1,inf
311105,1,inf
311463,1,inf
312190,1,inf
313279,1,inf
313704,1,inf
315088,1,inf
316315,1,inf
316631,1,inf
317668,1,inf
317855,1,inf
318347,1,inf
318384,1,inf
318758,1,inf
318792,1,inf
319831,1,inf
319867,1,inf
320609,1,inf
320943,1,inf
321763,1,inf
321947,1,inf
325665,1,inf
325827,1,inf
326418,1,inf
327950,1,inf
329079,1,inf
330567,1,inf
330591,1,inf
331175,1,inf
331909,1,inf
332059,1,inf
332217,1,inf
332542,1,inf
334864,1,inf
335004,1,inf
335033,1,inf
335109,1,inf
335161,1,inf
336420,1,inf
336922,1,inf
337528,1,inf
337634,1,inf
340118,1,inf
340313,1,inf
340745,1,inf
340882,1,inf
341137,1,inf
341341,1,inf
341753,1,inf
341766,1,inf
342016,1,inf
344598,1,inf
345633,1,inf
345878,1,inf
346138,1,inf
347126,1,inf
347637,1,inf
348325,1,inf
350022,1,inf
350034,1,inf
350568,1,inf
351117,1,inf
354028,1,inf
354104,1,inf
354136,1,inf
354603,1,inf
354776,1,inf
356479,1,inf
356934,1,inf
357057,1,inf
357233,1,inf
357675,1,inf
357955,1,inf
358006,1,inf
359467,1,inf
361607,1,inf
362000,1,inf
363223,1,inf
363557,1,inf
363586,1,inf
363602,1,inf
364669,1,inf
364881,1,inf
365495,1,inf
367345,1,inf
368347,1,inf
368684,1,inf
368696,1,inf
370350,1,inf
370607,1,inf
371279,1,inf
371478,1,inf
373676,1,inf
373695,1,inf
376482,1,inf
376867,1,inf
377957,1,inf
378268,1,inf
378379,1,inf
378809,1,inf
378850,1,inf
378904,1,inf
379330,1,inf
381008,1,inf
381131,1,inf
381378,1,inf
382859,1,inf
382890,1,inf
383471,1,inf
384149,1,inf
384435,1,inf
385170,1,inf
386936,1,inf
387690,1,inf
388633,1,inf
390091,1,inf
391079,1,inf
391392,1,inf
391755,1,inf
392023,1,inf
392045,1,inf
393110,1,inf
394092,1,inf
394911,1,inf
395770,1,inf
396050,1,inf
396089,1,inf
396188,1,inf
396896,1,inf
397246,1,inf
397485,1,inf
398636,1,inf
399359,1,inf
399805,1,inf
399856,1,inf
400828,1,inf
402094,1,inf
402113,1,inf
402164,1,inf
402443,1,inf
402453,1,inf
402546,1,inf
402933,1,inf
403011,1,inf
403457,1,inf
403597,1,inf
403722,1,inf
403836,1,inf
404322,1,inf
404738,1,inf
405458,1,inf
406485,1,inf
408568,1,inf
409175,1,inf
409265,1,inf
409352,1,inf
411659,1,inf
412139,1,inf
413040,1,inf
413240,1,inf
414432,1,inf
414533,1,inf
414670,1,inf
415262,1,inf
415279,1,inf
416168,1,inf
417665,1,inf
418715,1,inf
420344,1,inf
421178,1,inf
422157,1,inf
422236,1,inf
422384,1,inf
423086,1,inf
423258,1,inf
423287,1,inf
423834,1,inf
425302,1,inf
425710,1,inf
426110,1,inf
426316,1,inf
426956,1,inf
427061,1,inf
427469,1,inf
427730,1,inf
428237,1,inf
428310,1,inf
428311,1,inf
428761,1,inf
429139,1,inf
430127,1,inf
430489,1,inf
430691,1,inf
431161,1,inf
431499,1,inf
431860,1,inf
432037,1,inf
432298,1,inf
432444,1,inf
433216,1,inf
433303,1,inf
434141,1,inf
435186,1,inf
435371,1,inf
435674,1,inf
435960,1,inf
436079,1,inf
436178,1,inf
436904,1,inf
438030,1,inf
438435,1,inf
439354,1,inf
439826,1,inf
439925,1,inf
441252,1,inf
441362,1,inf
441423,1,inf
442285,1,inf
442544,1,inf
443071,1,inf
443628,1,inf
444048,1,inf
444492,1,inf
445216,1,inf
446161,1,inf
446909,1,inf
447562,1,inf
447677,1,inf
447935,1,inf
447990,1,inf
448169,1,inf
449026,1,inf
449304,1,inf
449332,1,inf
449716,1,inf
450549,1,inf
450583,1,inf
451606,1,inf
451648,1,inf
451786,1,inf
452063,1,inf
452364,1,inf
452949,1,inf
453701,1,inf
453946,1,inf
454354,1,inf
454681,1,inf
455119,1,inf
455131,1,inf
455249,1,inf
455456,1,inf
456015,1,inf
456203,1,inf
456547,1,inf
457276,1,inf
458436,1,inf
458587,1,inf
459054,1,inf
459214,1,inf
459964,1,inf
460371,1,inf
460670,1,inf
462009,1,inf
462616,1,inf
463076,1,inf
463535,1,inf
463743,1,inf
463894,1,inf
464163,1,inf
464943,1,inf
465138,1,inf
465143,1,inf
465145,1,inf
465275,1,inf
466016,1,inf
466622,1,inf
466943,1,inf
466962,1,inf
466968,1,inf
467566,1,inf
468131,1,inf
469099,1,inf
469150,1,inf
469192,1,inf
469831,1,inf
470229,1,inf
470460,1,inf
470471,1,inf
471046,1,inf
471142,1,inf
471227,1,inf
471569,1,inf
471929,1,inf
472032,1,inf
472314,1,inf
472365,1,inf
472775,1,inf
474047,1,inf
474146,1,inf
474156,1,inf
474312,1,inf
474325,1,inf
474981,1,inf
475078,1,inf
475471,1,inf
475554,1,inf
475632,1,inf
475844,1,inf
476413,1,inf
476530,1,inf
476567,1,inf
477454,1,inf
478348,1,inf
478707,1,inf
478794,1,inf
478798,1,inf
479248,1,inf
479321,1,inf
480116,1,inf
480297,1,inf
480347,1,inf
480464,1,inf
480775,1,inf
481417,1,inf
482745,1,inf
483331,1,inf
483483,1,inf
483683,1,inf
483792,1,inf
485297,1,inf
485406,1,inf
486190,1,inf
486373,1,inf
486854,1,inf
486879,1,inf
486941,1,inf
487218,1,inf
488393,1,inf
489006,1,inf
489116,1,inf
489411,1,inf
489654,1,inf
489992,1,inf
490552,1,inf
490665,1,inf
490777,1,inf
491252,1,inf
491639,1,inf
491776,1,inf
492095,1,inf
492150,1,inf
492446,1,inf
492680,1,inf
492993,1,inf
493110,1,inf
493658,1,inf
493672,1,inf
494038,1,inf
495730,1,inf
495832,1,inf
496725,1,inf
497223,1,inf
497301,1,inf
497389,1,inf
498125,1,inf
498135,1,inf
498202,1,inf
498213,1,inf
498663,1,inf
499011,1,inf
499202,1,inf
499210,1,inf
499248,1,inf
499329,1,inf
499643,1,inf
499833,1,inf
499926,1,inf
500337,1,inf
501722,1,inf
501800,1,inf
502661,1,inf
504624,1,inf
504707,1,inf
505006,1,inf
505457,1,inf
506000,1,inf
506322,1,inf
506771,1,inf
506787,1,inf
507354,1,inf
507458,1,inf
507768,1,inf
508014,1,inf
508149,1,inf
508324,1,inf
509090,1,inf
509240,1,inf
509721,1,inf
510088,1,inf
510493,1,inf
510510,1,inf
510774,1,inf
511552,1,inf
511802,1,inf
511945,1,inf
512283,1,inf
512424,1,inf
512649,1,inf
512895,1,inf
513078,1,inf
513922,1,inf
514178,1,inf
514182,1,inf
514202,1,inf
514331,1,inf
514949,1,inf
515037,1,inf
517309,1,inf
517880,1,inf
518097,1,inf
518197,1,inf
518752,1,inf
519080,1,inf
519120,1,inf
519462,1,inf
519770,1,inf
520162,1,inf
520578,1,inf
520674,1,inf
521116,1,inf
521811,1,inf
522080,1,inf
522492,1,inf
522500,1,inf
522540,1,inf
522551,1,inf
522565,1,inf
523461,1,inf
523605,1,inf
524392,1,inf
524425,1,inf
524729,1,inf
526081,1,inf
526732,1,inf
526902,1,inf
527072,1,inf
527448,1,inf
527594,1,inf
527758,1,inf
527865,1,inf
528041,1,inf
528091,1,inf
528261,1,inf
528507,1,inf
528615,1,inf
529092,1,inf
532239,1,inf
532460,1,inf
532857,1,inf
535244,1,inf
535391,1,inf
535666,1,inf
537268,1,inf
537389,1,inf
537706,1,inf
539072,1,inf
542046,1,inf
542060,1,inf
542794,1,inf
544077,1,inf
544138,1,inf
544903,1,inf
548319,1,inf
549177,1,inf
550417,1,inf
551574,1,inf
554038,1,inf
554382,1,inf
556212,1,inf
557438,1,inf
558480,1,inf
563137,1,inf
564501,1,inf
564626,1,inf
566222,1,inf
566236,1,inf
567678,1,inf
568585,1,inf
568852,1,inf
569015,1,inf
569502,1,inf
570160,1,inf
571426,1,inf
574945,1,inf
576001,1,inf
576460,1,inf
576738,1,inf
577519,1,inf
578400,1,inf
579355,1,inf
580552,1,inf
