382,1,inf
424,1,inf
1837,1,inf
4395,1,inf
4704,1,inf
5130,1,inf
5426,1,inf
5930,1,inf
6460,1,inf
8702,1,inf
8927,1,inf
9513,1,inf
10643,1,inf
12610,1,inf
13448,1,inf
14171,1,inf
14331,1,inf
15241,1,inf
17214,1,inf
17358,1,inf
17905,1,inf
18882,1,inf
19067,1,inf
19115,1,inf
19151,1,inf
19776,1,inf
20413,1,inf
20862,1,inf
21383,1,inf
21508,1,inf
21875,1,inf
22040,1,inf
22100,1,inf
22489,1,inf
22662,1,inf
23641,1,inf
24081,1,inf
24142,1,inf
25167,1,inf
28293,1,inf
28455,1,inf
29143,1,inf
29734,1,inf
30673,1,inf
31168,1,inf
34410,1,inf
34737,1,inf
35272,1,inf
39368,1,inf
41093,1,inf
41104,1,inf
42001,1,inf
42988,1,inf
43159,1,inf
43638,1,inf
43850,1,inf
46235,1,inf
47341,1,inf
48490,1,inf
49057,1,inf
49323,1,inf
49856,1,inf
52546,1,inf
52669,1,inf
53380,1,inf
54062,1,inf
54117,1,inf
54210,1,inf
55182,1,inf
55667,1,inf
55726,1,inf
57577,1,inf
57686,1,inf
58106,1,inf
58984,1,inf
60603,1,inf
63272,1,inf
65664,1,inf
66087,1,inf
66209,1,inf
66457,1,inf
67830,1,inf
68152,1,inf
68298,1,inf
69545,1,inf
70312,1,inf
70648,1,inf
71035,1,inf
71229,1,inf
72042,1,inf
73400,1,inf
73919,1,inf
74297,1,inf
75076,1,inf
75393,1,inf
76150,1,inf
77500,1,inf
79010,1,inf
79074,1,inf
79174,1,inf
81064,1,inf
81579,1,inf
81870,1,inf
82048,1,inf
82557,1,inf
84115,1,inf
84792,1,inf
85707,1,inf
85909,1,inf
86002,1,inf
86909,1,inf
87316,1,inf
88717,1,inf
89901,1,inf
89953,1,inf
90086,1,inf
90199,1,inf
90703,1,inf
90910,1,inf
91132,1,inf
91280,1,inf
92126,1,inf
92204,1,inf
92234,1,inf
92931,1,inf
93140,1,inf
93313,1,inf
93971,1,inf
94159,1,inf
94282,1,inf
94301,1,inf
94438,1,inf
94487,1,inf
95494,1,inf
96106,1,inf
96756,1,inf
96800,1,inf
97380,1,inf
97419,1,inf
97499,1,inf
97960,1,inf
98270,1,inf
98544,1,inf
98818,1,inf
98881,1,inf
99105,1,inf
99118,1,inf
99270,1,inf
99559,1,inf
99826,1,inf
100711,1,inf
100739,1,inf
100840,1,inf
100858,1,inf
101525,1,inf
101785,1,inf
101963,1,inf
102544,1,inf
103189,1,inf
103669,1,inf
103852,1,inf
103866,1,inf
104097,1,inf
104376,1,inf
104431,1,inf
104730,1,inf
104900,1,inf
105268,1,inf
105428,1,inf
105704,1,inf
106626,1,inf
106662,1,inf
106931,1,inf
107185,1,inf
107283,1,inf
107294,1,inf
107513,1,inf
108025,1,inf
108113,1,inf
108220,1,inf
109007,1,inf
109043,1,inf
109050,1,inf
109443,1,inf
109875,1,inf
110049,1,inf
110051,1,inf
110132,1,inf
110331,1,inf
110423,1,inf
110642,1,inf
110738,1,inf
110838,1,inf
111062,1,inf
111606,1,inf
112224,1,inf
112709,1,inf
113055,1,inf
113466,1,inf
114069,1,inf
114275,1,inf
114561,1,inf
114706,1,inf
114722,1,inf
114723,1,inf
115526,1,inf
115904,1,inf
116033,1,inf
116107,1,inf
116613,1,inf
116643,1,inf
116646,1,inf
116853,1,inf
117250,1,inf
117357,1,inf
117396,1,inf
118269,1,inf
118852,1,inf
119060,1,inf
120096,1,inf
120112,1,inf
120155,1,inf
120426,1,inf
120561,1,inf
121086,1,inf
121126,1,inf
121437,1,inf
121696,1,inf
122060,1,inf
122213,1,inf
122276,1,inf
122333,1,inf
122381,1,inf
122602,1,inf
122617,1,inf
122684,1,inf
122773,1,inf
122786,1,inf
122905,1,inf
123431,1,inf
123730,1,inf
124388,1,inf
124446,1,inf
124463,1,inf
124616,1,inf
124838,1,inf
125081,1,inf
125292,1,inf
125455,1,inf
125523,1,inf
125829,1,inf
125837,1,inf
126260,1,inf
126423,1,inf
126461,1,inf
126621,1,inf
126639,1,inf
127098,1,inf
127115,1,inf
127188,1,inf
127337,1,inf
127744,1,inf
127947,1,inf
128170,1,inf
128357,1,inf
128413,1,inf
128638,1,inf
128812,1,inf
129370,1,inf
129687,1,inf
129781,1,inf
129972,1,inf
130244,1,inf
130269,1,inf
130777,1,inf
131187,1,inf
131281,1,inf
131536,1,inf
131844,1,inf
131961,1,inf
132092,1,inf
132131,1,inf
132217,1,inf
132724,1,inf
133016,1,inf
133233,1,inf
133377,1,inf
134432,1,inf
134538,1,inf
134701,1,inf
134985,1,inf
135265,1,inf
135882,1,inf
136318,1,inf
136357,1,inf
136382,1,inf
136408,1,inf
136531,1,inf
136691,1,inf
136778,1,inf
137000,1,inf
137203,1,inf
137322,1,inf
137612,1,inf
137809,1,inf
138045,1,inf
138116,1,inf
138123,1,inf
138151,1,inf
138620,1,inf
138651,1,inf
138882,1,inf
138908,1,inf
139065,1,inf
139092,1,inf
139222,1,inf
139624,1,inf
139758,1,inf
139838,1,inf
140172,1,inf
140219,1,inf
140399,1,inf
140502,1,inf
140613,1,inf
140960,1,inf
141213,1,inf
141413,1,inf
141449,1,inf
141470,1,inf
141500,1,inf
141637,1,inf
141889,1,inf
141916,1,inf
142057,1,inf
142108,1,inf
142610,1,inf
142697,1,inf
142710,1,inf
142830,1,inf
142863,1,inf
142879,1,inf
143017,1,inf
143141,1,inf
143320,1,inf
143362,1,inf
143386,1,inf
143632,1,inf
143946,1,inf
144176,1,inf
144497,1,inf
144811,1,inf
145080,1,inf
145103,1,inf
145177,1,inf
145309,1,inf
145570,1,inf
145739,1,inf
145825,1,inf
145826,1,inf
145959,1,inf
146091,1,inf
146557,1,inf
146585,1,inf
146673,1,inf
146803,1,inf
147047,1,inf
147301,1,inf
147423,1,inf
147617,1,inf
147731,1,inf
147827,1,inf
148019,1,inf
148333,1,inf
148395,1,inf
148501,1,inf
148628,1,inf
148634,1,inf
148674,1,inf
148781,1,inf
149118,1,inf
149241,1,inf
149307,1,inf
149342,1,inf
149893,1,inf
150065,1,inf
150212,1,inf
150625,1,inf
150664,1,inf
150760,1,inf
150959,1,inf
151021,1,inf
151184,1,inf
151628,1,inf
151663,1,inf
151945,1,inf
152065,1,inf
152174,1,inf
152244,1,inf
152624,1,inf
152737,1,inf
152835,1,inf
153627,1,inf
153644,1,inf
153776,1,inf
153903,1,inf
153993,1,inf
154181,1,inf
154240,1,inf
154489,1,inf
154717,1,inf
154859,1,inf
155302,1,inf
155328,1,inf
155585,1,inf
155791,1,inf
155988,1,inf
156048,1,inf
156109,1,inf
156201,1,inf
156437,1,inf
156770,1,inf
156834,1,inf
157247,1,inf
157258,1,inf
157873,1,inf
157947,1,inf
158351,1,inf
158404,1,inf
158408,1,inf
158596,1,inf
158852,1,inf
158908,1,inf
158938,1,inf
159076,1,inf
159864,1,inf
159949,1,inf
160021,1,inf
160025,1,inf
160041,1,inf
160149,1,inf
160337,1,inf
160509,1,inf
160567,1,inf
160690,1,inf
160777,1,inf
161219,1,inf
161255,1,inf
161523,1,inf
161547,1,inf
161564,1,inf
161634,1,inf
161876,1,inf
162023,1,inf
162145,1,inf
162209,1,inf
162259,1,inf
162277,1,inf
162282,1,inf
162321,1,inf
162644,1,inf
162936,1,inf
163319,1,inf
163486,1,inf
163508,1,inf
163849,1,inf
163965,1,inf
163978,1,inf
164331,1,inf
164448,1,inf
164495,1,inf
164499,1,inf
164596,1,inf
164683,1,inf
164883,1,inf
164966,1,inf
165000,1,inf
165019,1,inf
165311,1,inf
165738,1,inf
166095,1,inf
166175,1,inf
166183,1,inf
166187,1,inf
166498,1,inf
166522,1,inf
166574,1,inf
166634,1,inf
166701,1,inf
166815,1,inf
166902,1,inf
167043,1,inf
167305,1,inf
167531,1,inf
167567,1,inf
167788,1,inf
168055,1,inf
168731,1,inf
168740,1,inf
168808,1,inf
168899,1,inf
169010,1,inf
169103,1,inf
169151,1,inf
169266,1,inf
169394,1,inf
169672,1,inf
169762,1,inf
169832,1,inf
169866,1,inf
170192,1,inf
170491,1,inf
170599,1,inf
170651,1,inf
170761,1,inf
170821,1,inf
170931,1,inf
170957,1,inf
170976,1,inf
170986,1,inf
171265,1,inf
171536,1,inf
172049,1,inf
172082,1,inf
172181,1,inf
172222,1,inf
172339,1,inf
172422,1,inf
172588,1,inf
172643,1,inf
173020,1,inf
173050,1,inf
173307,1,inf
173562,1,inf
173748,1,inf
173791,1,inf
173998,1,inf
174095,1,inf
174126,1,inf
174196,1,inf
174370,1,inf
174424,1,inf
174610,1,inf
174771,1,inf
174775,1,inf
174833,1,inf
174958,1,inf
175470,1,inf
175972,1,inf
176032,1,inf
176035,1,inf
176153,1,inf
176159,1,inf
176227,1,inf
176333,1,inf
176423,1,inf
176853,1,inf
176863,1,inf
176948,1,inf
177064,1,inf
177707,1,inf
177880,1,inf
178401,1,inf
178474,1,inf
178727,1,inf
178744,1,inf
178766,1,inf
179107,1,inf
179546,1,inf
179765,1,inf
179925,1,inf
180082,1,inf
180097,1,inf
180284,1,inf
180322,1,inf
180528,1,inf
180701,1,inf
181047,1,inf
181110,1,inf
181315,1,inf
181555,1,inf
181803,1,inf
181819,1,inf
181877,1,inf
182154,1,inf
182352,1,inf
182720,1,inf
183021,1,inf
183067,1,inf
183127,1,inf
183635,1,inf
183651,1,inf
183733,1,inf
184267,1,inf
184348,1,inf
184378,1,inf
184445,1,inf
184651,1,inf
184678,1,inf
184841,1,inf
184868,1,inf
184956,1,inf
184965,1,inf
185819,1,inf
186074,1,inf
186099,1,inf
186190,1,inf
186307,1,inf
186609,1,inf
186726,1,inf
186778,1,inf
187089,1,inf
187232,1,inf
187285,1,inf
187292,1,inf
187325,1,inf
187365,1,inf
187630,1,inf
187717,1,inf
187896,1,inf
188277,1,inf
188297,1,inf
188382,1,inf
188392,1,inf
188420,1,inf
188507,1,inf
188609,1,inf
188960,1,inf
189135,1,inf
189350,1,inf
189452,1,inf
189623,1,inf
189648,1,inf
190058,1,inf
190331,1,inf
190519,1,inf
190526,1,inf
190868,1,inf
190894,1,inf
190963,1,inf
191111,1,inf
191199,1,inf
191437,1,inf
191623,1,inf
191662,1,inf
192057,1,inf
192400,1,inf
192654,1,inf
193246,1,inf
193333,1,inf
193368,1,inf
193417,1,inf
193465,1,inf
193600,1,inf
193636,1,inf
193732,1,inf
193801,1,inf
193832,1,inf
194138,1,inf
194164,1,inf
194728,1,inf
194796,1,inf
194972,1,inf
195166,1,inf
195339,1,inf
195533,1,inf
195602,1,inf
195665,1,inf
195872,1,inf
196218,1,inf
196291,1,inf
196347,1,inf
196543,1,inf
196805,1,inf
197027,1,inf
197111,1,inf
197153,1,inf
197244,1,inf
197445,1,inf
197558,1,inf
197603,1,inf
197648,1,inf
197791,1,inf
198213,1,inf
198226,1,inf
198296,1,inf
198519,1,inf
198541,1,inf
199637,1,inf
199638,1,inf
200038,1,inf
200043,1,inf
200088,1,inf
200169,1,inf
200184,1,inf
200316,1,inf
200329,1,inf
200566,1,inf
200615,1,inf
200633,1,inf
200692,1,inf
200949,1,inf
201022,1,inf
201246,1,inf
201384,1,inf
201413,1,inf
201452,1,inf
201457,1,inf
201882,1,inf
201976,1,inf
202011,1,inf
202230,1,inf
202325,1,inf
202366,1,inf
202369,1,inf
202451,1,inf
202546,1,inf
203316,1,inf
203399,1,inf
203460,1,inf
203724,1,inf
203738,1,inf
203759,1,inf
204230,1,inf
204590,1,inf
204638,1,inf
204687,1,inf
205037,1,inf
205174,1,inf
205861,1,inf
206113,1,inf
206312,1,inf
206342,1,inf
206489,1,inf
206613,1,inf
206660,1,inf
206822,1,inf
206884,1,inf
206925,1,inf
206997,1,inf
207482,1,inf
207530,1,inf
207604,1,inf
207848,1,inf
207848,1,inf
207927,1,inf
208016,1,inf
208215,1,inf
208363,1,inf
208425,1,inf
208798,1,inf
208842,1,inf
208852,1,inf
209009,1,inf
209371,1,inf
209421,1,inf
209447,1,inf
209516,1,inf
209523,1,inf
209604,1,inf
209689,1,inf
209719,1,inf
210051,1,inf
210233,1,inf
210305,1,inf
210330,1,inf
210379,1,inf
210519,1,inf
210542,1,inf
210724,1,inf
211268,1,inf
211348,1,inf
211412,1,inf
211429,1,inf
211620,1,inf
212166,1,inf
212355,1,inf
212493,1,inf
212522,1,inf
213008,1,inf
213031,1,inf
213037,1,inf
213300,1,inf
213606,1,inf
213685,1,inf
214495,1,inf
214616,1,inf
214616,1,inf
214660,1,inf
214693,1,inf
214697,1,inf
214752,1,inf
214850,1,inf
214883,1,inf
215053,1,inf
215076,1,inf
215181,1,inf
215543,1,inf
215822,1,inf
215987,1,inf
216051,1,inf
216209,1,inf
216656,1,inf
216688,1,inf
216703,1,inf
216796,1,inf
216926,1,inf
216980,1,inf
217140,1,inf
217220,1,inf
217331,1,inf
217933,1,inf
217944,1,inf
218194,1,inf
218463,1,inf
218473,1,inf
218496,1,inf
219070,1,inf
219280,1,inf
219420,1,inf
219828,1,inf
220075,1,inf
220156,1,inf
220246,1,inf
220360,1,inf
220459,1,inf
220503,1,inf
220568,1,inf
220613,1,inf
220640,1,inf
221174,1,inf
221578,1,inf
221610,1,inf
222117,1,inf
222391,1,inf
222471,1,inf
222765,1,inf
223197,1,inf
223274,1,inf
223302,1,inf
223307,1,inf
223318,1,inf
223334,1,inf
223627,1,inf
223787,1,inf
224535,1,inf
224691,1,inf
224765,1,inf
225137,1,inf
225367,1,inf
225434,1,inf
225658,1,inf
225682,1,inf
225722,1,inf
226197,1,inf
226459,1,inf
226843,1,inf
226979,1,inf
227059,1,inf
227481,1,inf
227548,1,inf
227813,1,inf
228031,1,inf
228193,1,inf
228401,1,inf
228537,1,inf
228800,1,inf
228996,1,inf
229506,1,inf
229786,1,inf
230530,1,inf
230588,1,inf
230600,1,inf
231369,1,inf
231485,1,inf
231552,1,inf
231841,1,inf
231862,1,inf
231885,1,inf
232005,1,inf
232329,1,inf
232525,1,inf
232547,1,inf
232767,1,inf
233004,1,inf
233469,1,inf
233544,1,inf
233595,1,inf
233769,1,inf
233838,1,inf
234143,1,inf
234277,1,inf
234550,1,inf
234803,1,inf
235377,1,inf
235447,1,inf
235622,1,inf
235689,1,inf
235825,1,inf
236063,1,inf
236070,1,inf
236358,1,inf
236412,1,inf
236455,1,inf
236467,1,inf
238262,1,inf
238410,1,inf
238443,1,inf
238594,1,inf
239228,1,inf
240623,1,inf
240911,1,inf
241162,1,inf
242111,1,inf
242881,1,inf
243008,1,inf
243213,1,inf
244487,1,inf
245033,1,inf
245435,1,inf
245587,1,inf
245590,1,inf
245595,1,inf
245653,1,inf
245882,1,inf
246257,1,inf
246904,1,inf
247263,1,inf
248006,1,inf
248187,1,inf
248524,1,inf
249312,1,inf
249406,1,inf
249610,1,inf
250205,1,inf
250218,1,inf
250845,1,inf
250908,1,inf
251120,1,inf
252635,1,inf
253229,1,inf
253495,1,inf
253521,1,inf
253652,1,inf
253737,1,inf
253834,1,inf
254449,1,inf
254998,1,inf
255483,1,inf
255807,1,inf
256124,1,inf
256473,1,inf
256488,1,inf
256561,1,inf
256693,1,inf
257015,1,inf
257350,1,inf
257452,1,inf
257599,1,inf
258638,1,inf
258902,1,inf
259011,1,inf
259827,1,inf
260202,1,inf
260504,1,inf
261231,1,inf
261303,1,inf
261447,1,inf
261629,1,inf
261760,1,inf
261788,1,inf
263013,1,inf
263595,1,inf
264316,1,inf
264579,1,inf
265008,1,inf
265229,1,inf
265780,1,inf
266271,1,inf
266855,1,inf
267001,1,inf
267140,1,inf
267452,1,inf
267586,1,inf
267861,1,inf
268299,1,inf
269603,1,inf
269780,1,inf
270101,1,inf
270349,1,inf
271220,1,inf
271228,1,inf
271390,1,inf
272483,1,inf
272661,1,inf
273113,1,inf
273518,1,inf
273547,1,inf
274131,1,inf
275308,1,inf
275657,1,inf
275672,1,inf
276205,1,inf
276405,1,inf
276748,1,inf
276794,1,inf
276938,1,inf
277012,1,inf
277376,1,inf
277849,1,inf
278781,1,inf
278813,1,inf
278981,1,inf
279037,1,inf
279651,1,inf
280234,1,inf
281892,1,inf
282340,1,inf
282730,1,inf
283082,1,inf
283194,1,inf
283282,1,inf
283557,1,inf
284595,1,inf
285255,1,inf
286274,1,inf
287005,1,inf
289170,1,inf
290000,1,inf
290402,1,inf
290811,1,inf
291310,1,inf
292376,1,inf
292684,1,inf
293528,1,inf
295277,1,inf
295445,1,inf
295691,1,inf
296259,1,inf
297439,1,inf
298945,1,inf
300360,1,inf
301884,1,inf
302746,1,inf
304080,1,inf
304103,1,inf
304408,1,inf
305098,1,inf
305260,1,inf
305361,1,inf
306219,1,inf
306434,1,inf
306773,1,inf
306815,1,inf
306977,1,inf
307236,1,inf
307468,1,inf
308517,1,inf
308874,1,inf
309158,1,inf
309621,1,inf
309708,1,inf
310741,1,inf
311469,1,inf
312208,1,inf
312783,1,inf
315834,1,inf
316502,1,inf
318570,1,inf
319247,1,inf
319322,1,inf
320497,1,inf
320570,1,inf
321935,1,inf
322615,1,inf
325193,1,inf
325529,1,inf
326023,1,inf
328541,1,inf
328542,1,inf
330053,1,inf
330373,1,inf
330733,1,inf
330964,1,inf
331190,1,inf
331262,1,inf
331727,1,inf
335134,1,inf
335364,1,inf
335563,1,inf
336853,1,inf
337774,1,inf
339335,1,inf
340589,1,inf
340846,1,inf
343501,1,inf
344233,1,inf
345424,1,inf
345821,1,inf
346539,1,inf
346898,1,inf
348104,1,inf
354077,1,inf
354082,1,inf
354268,1,inf
355345,1,inf
357856,1,inf
358256,1,inf
358653,1,inf
360019,1,inf
360398,1,inf
360939,1,inf
363784,1,inf
364251,1,inf
364487,1,inf
365392,1,inf
367008,1,inf
367139,1,inf
369029,1,inf
369186,1,inf
369559,1,inf
369898,1,inf
371176,1,inf
371549,1,inf
372323,1,inf
374067,1,inf
374875,1,inf
375268,1,inf
375497,1,inf
375508,1,inf
376538,1,inf
376840,1,inf
378065,1,inf
378073,1,inf
378223,1,inf
378224,1,inf
378517,1,inf
378936,1,inf
379093,1,inf
379139,1,inf
380224,1,inf
380946,1,inf
381233,1,inf
381406,1,inf
382060,1,inf
382102,1,inf
382205,1,inf
382515,1,inf
383133,1,inf
383715,1,inf
384095,1,inf
387121,1,inf
387769,1,inf
388172,1,inf
388968,1,inf
389018,1,inf
389301,1,inf
389362,1,inf
390120,1,inf
390315,1,inf
393733,1,inf
394334,1,inf
395798,1,inf
397035,1,inf
399663,1,inf
402057,1,inf
402198,1,inf
402587,1,inf
402595,1,inf
402924,1,inf
403123,1,inf
403698,1,inf
403826,1,inf
403870,1,inf
407470,1,inf
408401,1,inf
409056,1,inf
409523,1,inf
411690,1,inf
412523,1,inf
413031,1,inf
413222,1,inf
414208,1,inf
414574,1,inf
415570,1,inf
416550,1,inf
417049,1,inf
417196,1,inf
417640,1,inf
417650,1,inf
417998,1,inf
418449,1,inf
418863,1,inf
421168,1,inf
422180,1,inf
422987,1,inf
423094,1,inf
424509,1,inf
424766,1,inf
424794,1,inf
425320,1,inf
425347,1,inf
425640,1,inf
426225,1,inf
426536,1,inf
426995,1,inf
427855,1,inf
428022,1,inf
429505,1,inf
429609,1,inf
430436,1,inf
430931,1,inf
431151,1,inf
431745,1,inf
434209,1,inf
435887,1,inf
435970,1,inf
436803,1,inf
436985,1,inf
438363,1,inf
438811,1,inf
439224,1,inf
441525,1,inf
441564,1,inf
441721,1,inf
441771,1,inf
443070,1,inf
443073,1,inf
443751,1,inf
444357,1,inf
446029,1,inf
447188,1,inf
447492,1,inf
448378,1,inf
448537,1,inf
449248,1,inf
449291,1,inf
449589,1,inf
450143,1,inf
450154,1,inf
450281,1,inf
450460,1,inf
451096,1,inf
451641,1,inf
451696,1,inf
452659,1,inf
453118,1,inf
453314,1,inf
453979,1,inf
453988,1,inf
454083,1,inf
454448,1,inf
454504,1,inf
454566,1,inf
454607,1,inf
454834,1,inf
454985,1,inf
455130,1,inf
455184,1,inf
455245,1,inf
455906,1,inf
456679,1,inf
457364,1,inf
457673,1,inf
457911,1,inf
457936,1,inf
460299,1,inf
460323,1,inf
460505,1,inf
461415,1,inf
461734,1,inf
462168,1,inf
462346,1,inf
463301,1,inf
463785,1,inf
464705,1,inf
465215,1,inf
465426,1,inf
465625,1,inf
466113,1,inf
466518,1,inf
466789,1,inf
466886,1,inf
467455,1,inf
467720,1,inf
468163,1,inf
468569,1,inf
469220,1,inf
469385,1,inf
469472,1,inf
470073,1,inf
470085,1,inf
471002,1,inf
471484,1,inf
471599,1,inf
472268,1,inf
472540,1,inf
473058,1,inf
473227,1,inf
473262,1,inf
473442,1,inf
474056,1,inf
474217,1,inf
474504,1,inf
474686,1,inf
475363,1,inf
475481,1,inf
475503,1,inf
475765,1,inf
475820,1,inf
476382,1,inf
476791,1,inf
477034,1,inf
477077,1,inf
477829,1,inf
477992,1,inf
478065,1,inf
478260,1,inf
478749,1,inf
479373,1,inf
479603,1,inf
480141,1,inf
480232,1,inf
480269,1,inf
480761,1,inf
481274,1,inf
482540,1,inf
484012,1,inf
484148,1,inf
484865,1,inf
484874,1,inf
485007,1,inf
485600,1,inf
485735,1,inf
486113,1,inf
486686,1,inf
487159,1,inf
487831,1,inf
488181,1,inf
488361,1,inf
488470,1,inf
488524,1,inf
490375,1,inf
491230,1,inf
491882,1,inf
493004,1,inf
493216,1,inf
493309,1,inf
493692,1,inf
494518,1,inf
494840,1,inf
495132,1,inf
495383,1,inf
496926,1,inf
497247,1,inf
498019,1,inf
498038,1,inf
498291,1,inf
498362,1,inf
498570,1,inf
498628,1,inf
498722,1,inf
499063,1,inf
500276,1,inf
500315,1,inf
500394,1,inf
500853,1,inf
501111,1,inf
503063,1,inf
503098,1,inf
504984,1,inf
506310,1,inf
507347,1,inf
507493,1,inf
508160,1,inf
508425,1,inf
509207,1,inf
509913,1,inf
510239,1,inf
510694,1,inf
511038,1,inf
511413,1,inf
511508,1,inf
511564,1,inf
512202,1,inf
512270,1,inf
512658,1,inf
513290,1,inf
513712,1,inf
513781,1,inf
513792,1,inf
513866,1,inf
514180,1,inf
515109,1,inf
516193,1,inf
516531,1,inf
517386,1,inf
517498,1,inf
517950,1,inf
518358,1,inf
518399,1,inf
519597,1,inf
519811,1,inf
520252,1,inf
520421,1,inf
521032,1,inf
521476,1,inf
522266,1,inf
522279,1,inf
523158,1,inf
523220,1,inf
523258,1,inf
523661,1,inf
523812,1,inf
525258,1,inf
526538,1,inf
526878,1,inf
528027,1,inf
528286,1,inf
529143,1,inf
529165,1,inf
529365,1,inf
529512,1,inf
530473,1,inf
531367,1,inf
531468,1,inf
532244,1,inf
533380,1,inf
534407,1,inf
534501,1,inf
535110,1,inf
535178,1,inf
535512,1,inf
536031,1,inf
536409,1,inf
536600,1,inf
540238,1,inf
540793,1,inf
540834,1,inf
540902,1,inf
543063,1,inf
543947,1,inf
546830,1,inf
548188,1,inf
549177,1,inf
550352,1,inf
550370,1,inf
551383,1,inf
551416,1,inf
552681,1,inf
552681,1,inf
552921,1,inf
554015,1,inf
555216,1,inf
555542,1,inf
558182,1,inf
559496,1,inf
563083,1,inf
563548,1,inf
564216,1,inf
564521,1,inf
565432,1,inf
566012,1,inf
566305,1,inf
567037,1,inf
567230,1,inf
569332,1,inf
569433,1,inf
570126,1,inf
570273,1,inf
