362,1,inf
1333,1,inf
3296,1,inf
3451,1,inf
4045,1,inf
4666,1,inf
7215,1,inf
9660,1,inf
13165,1,inf
13574,1,inf
14552,1,inf
14917,1,inf
15339,1,inf
16759,1,inf
17599,1,inf
18398,1,inf
18617,1,inf
19190,1,inf
19413,1,inf
19530,1,inf
19845,1,inf
20187,1,inf
21269,1,inf
21521,1,inf
21983,1,inf
22148,1,inf
22678,1,inf
23638,1,inf
24796,1,inf
25992,1,inf
26080,1,inf
27713,1,inf
33782,1,inf
41822,1,inf
42013,1,inf
42155,1,inf
42224,1,inf
42299,1,inf
42559,1,inf
43424,1,inf
43976,1,inf
44109,1,inf
45179,1,inf
45699,1,inf
47650,1,inf
47902,1,inf
48465,1,inf
48476,1,inf
48783,1,inf
49627,1,inf
49779,1,inf
49889,1,inf
50021,1,inf
50706,1,inf
50723,1,inf
52088,1,inf
54101,1,inf
57551,1,inf
58191,1,inf
58447,1,inf
60234,1,inf
61123,1,inf
62526,1,inf
63969,1,inf
64474,1,inf
66238,1,inf
66369,1,inf
67248,1,inf
69385,1,inf
70168,1,inf
70234,1,inf
70288,1,inf
70880,1,inf
71111,1,inf
73104,1,inf
73578,1,inf
73785,1,inf
75129,1,inf
75149,1,inf
75781,1,inf
75793,1,inf
76550,1,inf
76793,1,inf
77694,1,inf
79000,1,inf
79352,1,inf
79620,1,inf
80497,1,inf
80951,1,inf
81168,1,inf
81513,1,inf
81657,1,inf
82412,1,inf
82703,1,inf
83294,1,inf
83591,1,inf
83669,1,inf
83711,1,inf
84808,1,inf
85115,1,inf
85821,1,inf
86912,1,inf
87257,1,inf
87409,1,inf
87417,1,inf
89875,1,inf
89900,1,inf
90241,1,inf
90267,1,inf
90941,1,inf
91238,1,inf
91367,1,inf
91416,1,inf
91470,1,inf
91519,1,inf
91721,1,inf
91920,1,inf
92155,1,inf
92188,1,inf
92564,1,inf
93378,1,inf
93528,1,inf
93619,1,inf
93836,1,inf
94054,1,inf
96632,1,inf
97023,1,inf
97262,1,inf
97858,1,inf
98275,1,inf
98325,1,inf
98606,1,inf
98640,1,inf
99109,1,inf
99310,1,inf
99828,1,inf
100096,1,inf
100109,1,inf
100465,1,inf
101056,1,inf
101443,1,inf
101726,1,inf
103872,1,inf
103911,1,inf
104388,1,inf
104407,1,inf
104742,1,inf
105326,1,inf
105341,1,inf
105739,1,inf
106743,1,inf
106849,1,inf
107280,1,inf
107451,1,inf
107800,1,inf
108276,1,inf
109535,1,inf
110105,1,inf
110153,1,inf
110154,1,inf
110491,1,inf
110598,1,inf
111119,1,inf
112367,1,inf
112519,1,inf
112555,1,inf
112903,1,inf
113647,1,inf
113694,1,inf
114119,1,inf
114442,1,inf
114779,1,inf
114965,1,inf
115396,1,inf
115726,1,inf
115852,1,inf
116027,1,inf
116172,1,inf
116409,1,inf
116634,1,inf
117152,1,inf
117342,1,inf
117629,1,inf
118923,1,inf
118966,1,inf
118986,1,inf
119153,1,inf
119808,1,inf
120077,1,inf
120288,1,inf
121118,1,inf
121130,1,inf
121751,1,inf
121867,1,inf
122128,1,inf
122498,1,inf
122689,1,inf
122785,1,inf
122991,1,inf
123139,1,inf
123231,1,inf
123254,1,inf
123429,1,inf
124044,1,inf
124442,1,inf
124660,1,inf
124694,1,inf
124971,1,inf
125328,1,inf
125798,1,inf
125841,1,inf
125904,1,inf
126011,1,inf
126420,1,inf
126605,1,inf
127144,1,inf
127212,1,inf
127634,1,inf
128243,1,inf
128560,1,inf
128567,1,inf
128728,1,inf
129512,1,inf
129540,1,inf
129779,1,inf
129837,1,inf
130059,1,inf
130144,1,inf
130248,1,inf
131090,1,inf
131495,1,inf
132100,1,inf
132117,1,inf
132477,1,inf
132589,1,inf
132932,1,inf
132949,1,inf
133011,1,inf
134402,1,inf
134442,1,inf
135106,1,inf
135231,1,inf
136136,1,inf
136178,1,inf
136291,1,inf
136414,1,inf
136708,1,inf
137074,1,inf
137175,1,inf
137295,1,inf
137323,1,inf
137766,1,inf
138257,1,inf
138453,1,inf
138495,1,inf
138613,1,inf
138831,1,inf
138904,1,inf
139157,1,inf
139757,1,inf
140122,1,inf
140373,1,inf
140398,1,inf
140403,1,inf
140700,1,inf
140727,1,inf
140860,1,inf
140907,1,inf
140942,1,inf
141105,1,inf
141187,1,inf
141197,1,inf
141395,1,inf
141495,1,inf
142328,1,inf
142415,1,inf
142741,1,inf
142759,1,inf
142956,1,inf
143229,1,inf
143397,1,inf
143716,1,inf
143804,1,inf
144743,1,inf
144877,1,inf
144921,1,inf
145017,1,inf
145199,1,inf
145205,1,inf
145293,1,inf
145309,1,inf
145373,1,inf
145437,1,inf
145548,1,inf
145606,1,inf
145673,1,inf
145951,1,inf
146077,1,inf
146081,1,inf
146420,1,inf
146505,1,inf
147238,1,inf
147247,1,inf
147255,1,inf
147311,1,inf
147472,1,inf
147525,1,inf
147623,1,inf
148224,1,inf
148266,1,inf
148725,1,inf
148855,1,inf
149097,1,inf
149230,1,inf
149512,1,inf
149838,1,inf
150005,1,inf
150098,1,inf
150568,1,inf
150929,1,inf
151613,1,inf
151784,1,inf
151787,1,inf
152216,1,inf
152524,1,inf
152739,1,inf
153221,1,inf
153706,1,inf
153807,1,inf
154050,1,inf
154286,1,inf
154439,1,inf
154477,1,inf
154517,1,inf
154829,1,inf
154871,1,inf
155038,1,inf
155144,1,inf
155415,1,inf
155505,1,inf
155929,1,inf
156116,1,inf
156168,1,inf
156373,1,inf
156436,1,inf
156648,1,inf
156760,1,inf
156861,1,inf
156928,1,inf
156961,1,inf
157365,1,inf
157692,1,inf
157935,1,inf
158194,1,inf
158213,1,inf
158382,1,inf
159039,1,inf
159303,1,inf
159688,1,inf
159767,1,inf
160012,1,inf
160226,1,inf
161079,1,inf
161411,1,inf
161498,1,inf
161587,1,inf
161842,1,inf
162084,1,inf
162222,1,inf
162451,1,inf
162926,1,inf
163685,1,inf
164078,1,inf
164260,1,inf
164317,1,inf
164558,1,inf
164725,1,inf
164846,1,inf
165122,1,inf
165224,1,inf
165318,1,inf
165409,1,inf
165666,1,inf
165734,1,inf
165859,1,inf
166305,1,inf
166512,1,inf
166621,1,inf
166702,1,inf
166760,1,inf
167245,1,inf
167860,1,inf
168126,1,inf
168129,1,inf
168138,1,inf
168333,1,inf
168738,1,inf
168770,1,inf
168802,1,inf
169166,1,inf
169168,1,inf
169342,1,inf
169401,1,inf
169466,1,inf
169478,1,inf
169542,1,inf
169689,1,inf
169793,1,inf
169869,1,inf
170006,1,inf
170141,1,inf
170226,1,inf
170270,1,inf
170490,1,inf
170580,1,inf
170816,1,inf
170882,1,inf
171186,1,inf
171192,1,inf
171270,1,inf
171476,1,inf
171509,1,inf
171509,1,inf
171598,1,inf
171613,1,inf
171645,1,inf
171758,1,inf
172067,1,inf
172248,1,inf
172451,1,inf
172591,1,inf
172679,1,inf
172749,1,inf
172764,1,inf
172810,1,inf
172944,1,inf
172958,1,inf
172964,1,inf
173252,1,inf
173258,1,inf
173317,1,inf
173622,1,inf
173627,1,inf
173689,1,inf
173732,1,inf
173787,1,inf
173884,1,inf
173978,1,inf
174087,1,inf
174913,1,inf
174920,1,inf
175059,1,inf
175182,1,inf
175221,1,inf
175279,1,inf
175381,1,inf
175444,1,inf
175594,1,inf
175861,1,inf
177086,1,inf
177200,1,inf
177357,1,inf
177447,1,inf
177566,1,inf
177673,1,inf
178141,1,inf
178237,1,inf
178322,1,inf
178323,1,inf
178339,1,inf
178646,1,inf
178787,1,inf
179099,1,inf
179416,1,inf
179461,1,inf
179552,1,inf
179734,1,inf
179816,1,inf
180103,1,inf
180533,1,inf
180543,1,inf
180550,1,inf
180657,1,inf
180659,1,inf
180739,1,inf
180769,1,inf
180947,1,inf
181116,1,inf
181189,1,inf
181373,1,inf
181415,1,inf
181441,1,inf
181674,1,inf
181709,1,inf
182097,1,inf
182224,1,inf
182381,1,inf
182572,1,inf
182637,1,inf
182637,1,inf
182673,1,inf
183084,1,inf
183288,1,inf
183570,1,inf
183598,1,inf
183604,1,inf
183814,1,inf
183891,1,inf
183929,1,inf
183962,1,inf
184003,1,inf
184081,1,inf
184600,1,inf
184827,1,inf
184860,1,inf
185015,1,inf
185122,1,inf
185299,1,inf
185503,1,inf
185603,1,inf
185897,1,inf
185934,1,inf
186010,1,inf
186013,1,inf
186060,1,inf
186270,1,inf
186665,1,inf
186759,1,inf
186764,1,inf
186917,1,inf
187028,1,inf
187100,1,inf
187130,1,inf
187248,1,inf
187256,1,inf
187291,1,inf
187345,1,inf
187417,1,inf
187491,1,inf
187619,1,inf
187797,1,inf
187816,1,inf
188163,1,inf
188189,1,inf
188618,1,inf
188620,1,inf
189110,1,inf
189270,1,inf
189302,1,inf
189518,1,inf
189579,1,inf
190062,1,inf
190125,1,inf
190421,1,inf
190608,1,inf
190624,1,inf
190750,1,inf
190778,1,inf
190796,1,inf
190841,1,inf
190871,1,inf
190880,1,inf
191170,1,inf
191195,1,inf
191476,1,inf
191544,1,inf
191784,1,inf
191852,1,inf
192055,1,inf
192097,1,inf
192653,1,inf
192848,1,inf
193259,1,inf
193405,1,inf
193619,1,inf
193682,1,inf
193957,1,inf
194018,1,inf
194217,1,inf
194359,1,inf
194747,1,inf
194993,1,inf
195132,1,inf
195132,1,inf
195350,1,inf
195492,1,inf
195715,1,inf
196013,1,inf
196286,1,inf
197346,1,inf
197381,1,inf
197483,1,inf
197775,1,inf
197796,1,inf
198168,1,inf
198677,1,inf
198701,1,inf
198765,1,inf
198870,1,inf
198914,1,inf
198936,1,inf
199057,1,inf
199104,1,inf
199333,1,inf
199386,1,inf
199617,1,inf
199807,1,inf
200151,1,inf
200704,1,inf
200870,1,inf
200975,1,inf
201189,1,inf
201200,1,inf
201267,1,inf
201293,1,inf
201815,1,inf
201845,1,inf
201899,1,inf
202416,1,inf
202544,1,inf
202803,1,inf
203006,1,inf
203080,1,inf
203124,1,inf
203367,1,inf
203387,1,inf
203431,1,inf
203725,1,inf
203847,1,inf
204222,1,inf
204548,1,inf
204621,1,inf
204879,1,inf
205022,1,inf
205895,1,inf
205905,1,inf
205961,1,inf
206217,1,inf
206394,1,inf
206662,1,inf
206677,1,inf
206695,1,inf
206822,1,inf
206884,1,inf
207409,1,inf
207489,1,inf
207931,1,inf
207989,1,inf
208002,1,inf
208897,1,inf
209027,1,inf
209039,1,inf
209270,1,inf
209373,1,inf
209381,1,inf
209759,1,inf
209810,1,inf
209975,1,inf
210105,1,inf
210427,1,inf
210619,1,inf
210704,1,inf
211001,1,inf
211357,1,inf
211373,1,inf
211548,1,inf
211564,1,inf
211583,1,inf
211625,1,inf
211681,1,inf
211681,1,inf
211770,1,inf
211917,1,inf
212095,1,inf
212193,1,inf
212279,1,inf
212356,1,inf
212697,1,inf
212819,1,inf
212843,1,inf
213014,1,inf
213080,1,inf
213175,1,inf
213445,1,inf
213472,1,inf
214391,1,inf
214606,1,inf
215184,1,inf
215393,1,inf
215619,1,inf
215917,1,inf
215938,1,inf
216101,1,inf
216367,1,inf
216456,1,inf
216739,1,inf
216794,1,inf
218234,1,inf
218321,1,inf
218684,1,inf
218779,1,inf
218857,1,inf
219403,1,inf
219485,1,inf
219762,1,inf
219996,1,inf
220106,1,inf
220207,1,inf
220280,1,inf
220369,1,inf
220386,1,inf
220578,1,inf
220581,1,inf
220689,1,inf
221038,1,inf
221697,1,inf
221826,1,inf
221845,1,inf
222135,1,inf
222451,1,inf
222641,1,inf
222681,1,inf
222706,1,inf
223187,1,inf
223252,1,inf
223301,1,inf
223388,1,inf
224592,1,inf
224665,1,inf
224745,1,inf
225257,1,inf
225325,1,inf
225489,1,inf
225649,1,inf
225691,1,inf
226284,1,inf
226355,1,inf
226454,1,inf
226744,1,inf
227381,1,inf
227427,1,inf
228039,1,inf
228440,1,inf
229433,1,inf
229475,1,inf
229534,1,inf
229768,1,inf
230119,1,inf
230402,1,inf
231172,1,inf
231547,1,inf
231604,1,inf
232157,1,inf
232372,1,inf
232558,1,inf
232683,1,inf
232934,1,inf
233007,1,inf
233188,1,inf
233754,1,inf
233871,1,inf
234031,1,inf
234073,1,inf
234130,1,inf
234193,1,inf
234300,1,inf
234342,1,inf
234426,1,inf
234868,1,inf
234895,1,inf
234913,1,inf
235335,1,inf
236121,1,inf
236294,1,inf
237195,1,inf
237391,1,inf
237954,1,inf
238212,1,inf
239320,1,inf
239508,1,inf
239785,1,inf
239805,1,inf
240148,1,inf
240476,1,inf
240740,1,inf
240849,1,inf
241655,1,inf
241844,1,inf
241922,1,inf
242208,1,inf
242687,1,inf
242727,1,inf
243332,1,inf
243606,1,inf
243885,1,inf
243906,1,inf
244362,1,inf
245239,1,inf
245336,1,inf
245601,1,inf
245772,1,inf
246074,1,inf
246248,1,inf
246295,1,inf
246563,1,inf
246654,1,inf
247700,1,inf
247803,1,inf
248699,1,inf
248949,1,inf
249083,1,inf
249160,1,inf
249184,1,inf
249457,1,inf
250062,1,inf
250092,1,inf
250264,1,inf
250758,1,inf
251084,1,inf
251088,1,inf
251152,1,inf
251466,1,inf
252024,1,inf
252069,1,inf
252728,1,inf
253130,1,inf
253342,1,inf
253397,1,inf
253754,1,inf
254612,1,inf
255044,1,inf
255193,1,inf
255563,1,inf
256343,1,inf
256531,1,inf
256810,1,inf
256922,1,inf
258363,1,inf
258847,1,inf
258860,1,inf
258909,1,inf
259017,1,inf
259048,1,inf
259312,1,inf
259332,1,inf
259405,1,inf
259530,1,inf
259571,1,inf
259663,1,inf
259716,1,inf
259792,1,inf
260746,1,inf
261207,1,inf
261647,1,inf
262499,1,inf
263340,1,inf
263434,1,inf
263701,1,inf
263860,1,inf
265360,1,inf
266053,1,inf
266069,1,inf
266351,1,inf
266629,1,inf
268394,1,inf
268614,1,inf
269469,1,inf
269549,1,inf
269559,1,inf
270005,1,inf
270850,1,inf
271021,1,inf
271543,1,inf
272020,1,inf
272178,1,inf
272474,1,inf
273430,1,inf
273562,1,inf
273707,1,inf
273796,1,inf
274128,1,inf
275449,1,inf
276690,1,inf
277053,1,inf
277080,1,inf
277190,1,inf
278719,1,inf
278902,1,inf
279812,1,inf
280327,1,inf
280428,1,inf
280627,1,inf
280711,1,inf
280771,1,inf
280837,1,inf
280890,1,inf
281820,1,inf
282890,1,inf
283001,1,inf
283259,1,inf
283302,1,inf
283539,1,inf
283894,1,inf
286278,1,inf
286467,1,inf
289069,1,inf
289251,1,inf
291367,1,inf
291595,1,inf
292447,1,inf
293945,1,inf
296353,1,inf
296453,1,inf
296527,1,inf
297067,1,inf
297243,1,inf
297254,1,inf
298651,1,inf
299575,1,inf
300303,1,inf
300840,1,inf
302461,1,inf
304396,1,inf
307136,1,inf
308041,1,inf
308742,1,inf
309043,1,inf
309047,1,inf
309282,1,inf
309437,1,inf
311016,1,inf
311296,1,inf
311455,1,inf
311616,1,inf
311818,1,inf
312216,1,inf
312556,1,inf
312944,1,inf
313045,1,inf
313510,1,inf
313583,1,inf
314404,1,inf
316934,1,inf
317367,1,inf
317529,1,inf
318043,1,inf
318378,1,inf
318978,1,inf
319164,1,inf
320289,1,inf
321293,1,inf
321309,1,inf
321509,1,inf
321775,1,inf
321916,1,inf
321946,1,inf
322583,1,inf
323874,1,inf
330269,1,inf
334454,1,inf
334510,1,inf
335390,1,inf
336401,1,inf
337490,1,inf
337536,1,inf
338456,1,inf
338923,1,inf
340811,1,inf
340932,1,inf
341082,1,inf
341471,1,inf
341825,1,inf
342643,1,inf
344265,1,inf
344981,1,inf
345534,1,inf
347049,1,inf
347314,1,inf
348758,1,inf
352619,1,inf
353177,1,inf
354056,1,inf
354134,1,inf
354183,1,inf
354257,1,inf
355225,1,inf
355720,1,inf
356974,1,inf
357539,1,inf
358902,1,inf
359018,1,inf
359088,1,inf
359154,1,inf
359690,1,inf
361237,1,inf
361547,1,inf
363688,1,inf
364049,1,inf
365292,1,inf
365382,1,inf
365920,1,inf
367306,1,inf
367666,1,inf
371021,1,inf
372529,1,inf
373563,1,inf
374505,1,inf
375814,1,inf
376614,1,inf
376798,1,inf
378015,1,inf
378314,1,inf
378487,1,inf
379285,1,inf
379607,1,inf
380641,1,inf
382926,1,inf
384114,1,inf
385325,1,inf
386443,1,inf
386542,1,inf
388596,1,inf
389691,1,inf
389814,1,inf
390448,1,inf
390577,1,inf
390657,1,inf
392117,1,inf
393105,1,inf
393517,1,inf
393953,1,inf
393976,1,inf
394754,1,inf
396310,1,inf
399669,1,inf
400496,1,inf
401290,1,inf
402067,1,inf
402125,1,inf
402233,1,inf
402245,1,inf
402302,1,inf
402353,1,inf
403870,1,inf
405259,1,inf
407294,1,inf
407324,1,inf
408432,1,inf
409050,1,inf
409206,1,inf
410521,1,inf
411386,1,inf
412492,1,inf
413459,1,inf
413546,1,inf
413754,1,inf
414395,1,inf
414424,1,inf
415086,1,inf
415611,1,inf
417611,1,inf
417695,1,inf
423006,1,inf
424190,1,inf
426074,1,inf
426644,1,inf
426820,1,inf
426839,1,inf
427271,1,inf
428632,1,inf
428796,1,inf
429028,1,inf
429154,1,inf
429555,1,inf
431920,1,inf
431979,1,inf
433029,1,inf
433086,1,inf
435276,1,inf
435337,1,inf
436062,1,inf
436448,1,inf
440323,1,inf
440442,1,inf
440571,1,inf
440942,1,inf
440950,1,inf
441810,1,inf
442219,1,inf
442395,1,inf
442522,1,inf
443210,1,inf
443719,1,inf
445000,1,inf
445060,1,inf
445368,1,inf
448214,1,inf
449839,1,inf
450438,1,inf
450817,1,inf
450855,1,inf
451052,1,inf
451489,1,inf
451529,1,inf
451639,1,inf
451746,1,inf
452731,1,inf
452989,1,inf
453159,1,inf
453352,1,inf
453821,1,inf
453896,1,inf
454546,1,inf
455153,1,inf
455490,1,inf
455873,1,inf
456132,1,inf
456731,1,inf
457276,1,inf
457463,1,inf
457553,1,inf
458398,1,inf
458955,1,inf
460149,1,inf
461142,1,inf
461378,1,inf
462129,1,inf
462174,1,inf
462463,1,inf
462750,1,inf
462821,1,inf
463053,1,inf
463109,1,inf
463512,1,inf
463513,1,inf
464324,1,inf
464412,1,inf
464511,1,inf
464513,1,inf
464657,1,inf
464845,1,inf
466007,1,inf
466445,1,inf
468304,1,inf
468426,1,inf
468521,1,inf
469248,1,inf
470103,1,inf
470515,1,inf
470549,1,inf
470831,1,inf
471017,1,inf
471092,1,inf
471156,1,inf
474201,1,inf
474777,1,inf
475100,1,inf
475484,1,inf
476472,1,inf
477848,1,inf
478001,1,inf
478382,1,inf
478687,1,inf
479462,1,inf
479541,1,inf
479918,1,inf
480250,1,inf
480352,1,inf
481650,1,inf
481739,1,inf
481754,1,inf
481773,1,inf
481794,1,inf
482656,1,inf
482999,1,inf
483009,1,inf
484039,1,inf
484649,1,inf
485355,1,inf
485695,1,inf
485701,1,inf
486743,1,inf
487527,1,inf
488466,1,inf
488918,1,inf
489312,1,inf
489340,1,inf
489478,1,inf
489525,1,inf
489731,1,inf
489941,1,inf
490074,1,inf
490606,1,inf
490791,1,inf
490903,1,inf
491258,1,inf
491442,1,inf
491482,1,inf
492059,1,inf
492301,1,inf
492751,1,inf
492976,1,inf
492985,1,inf
493614,1,inf
494685,1,inf
494902,1,inf
495419,1,inf
496211,1,inf
496241,1,inf
497342,1,inf
498080,1,inf
498361,1,inf
498876,1,inf
499583,1,inf
499635,1,inf
499944,1,inf
500284,1,inf
500305,1,inf
501024,1,inf
501508,1,inf
501601,1,inf
501741,1,inf
502194,1,inf
502264,1,inf
503320,1,inf
504217,1,inf
504692,1,inf
504981,1,inf
506308,1,inf
506368,1,inf
506495,1,inf
507139,1,inf
507750,1,inf
507907,1,inf
509241,1,inf
510335,1,inf
510524,1,inf
510667,1,inf
512281,1,inf
513330,1,inf
513381,1,inf
513955,1,inf
513986,1,inf
514593,1,inf
514595,1,inf
514751,1,inf
515831,1,inf
516876,1,inf
517023,1,inf
517948,1,inf
518758,1,inf
520205,1,inf
521127,1,inf
521232,1,inf
522001,1,inf
522558,1,inf
523189,1,inf
523749,1,inf
524711,1,inf
525048,1,inf
525113,1,inf
525954,1,inf
526354,1,inf
527018,1,inf
527499,1,inf
527984,1,inf
528791,1,inf
528902,1,inf
529087,1,inf
529346,1,inf
530816,1,inf
532435,1,inf
532590,1,inf
532672,1,inf
532864,1,inf
535131,1,inf
535412,1,inf
536073,1,inf
536082,1,inf
536385,1,inf
537529,1,inf
538764,1,inf
540013,1,inf
542301,1,inf
542480,1,inf
542620,1,inf
542871,1,inf
544242,1,inf
544684,1,inf
544788,1,inf
545177,1,inf
545183,1,inf
546133,1,inf
548752,1,inf
549078,1,inf
549111,1,inf
549147,1,inf
552290,1,inf
552915,1,inf
553792,1,inf
557124,1,inf
559157,1,inf
562007,1,inf
565207,1,inf
565367,1,inf
567888,1,inf
568271,1,inf
569005,1,inf
569732,1,inf
570730,1,inf
570939,1,inf
571480,1,inf
571671,1,inf
573119,1,inf
573319,1,inf
573481,1,inf
575018,1,inf
575146,1,inf
578544,1,inf
580034,1,inf
580094,1,inf
