252,1,inf
1008,1,inf
1384,1,inf
1750,1,inf
3666,1,inf
8753,1,inf
10811,1,inf
14501,1,inf
14752,1,inf
17311,1,inf
18005,1,inf
18307,1,inf
18363,1,inf
19014,1,inf
19401,1,inf
20033,1,inf
20120,1,inf
20136,1,inf
22342,1,inf
22422,1,inf
22497,1,inf
22967,1,inf
23025,1,inf
24193,1,inf
24807,1,inf
25657,1,inf
26666,1,inf
28040,1,inf
29003,1,inf
29779,1,inf
33790,1,inf
36270,1,inf
42195,1,inf
42244,1,inf
42408,1,inf
43102,1,inf
45089,1,inf
45517,1,inf
46222,1,inf
46795,1,inf
47997,1,inf
48545,1,inf
49471,1,inf
50729,1,inf
51803,1,inf
57193,1,inf
57578,1,inf
57682,1,inf
57865,1,inf
58384,1,inf
61212,1,inf
62184,1,inf
62892,1,inf
63256,1,inf
63288,1,inf
64736,1,inf
65672,1,inf
66024,1,inf
66145,1,inf
66149,1,inf
66268,1,inf
66669,1,inf
66882,1,inf
67871,1,inf
68171,1,inf
68174,1,inf
69046,1,inf
70070,1,inf
72746,1,inf
73589,1,inf
74087,1,inf
74586,1,inf
75523,1,inf
77373,1,inf
77598,1,inf
78287,1,inf
78463,1,inf
79283,1,inf
80241,1,inf
81212,1,inf
82846,1,inf
84622,1,inf
86341,1,inf
86630,1,inf
88099,1,inf
90518,1,inf
91112,1,inf
91734,1,inf
91861,1,inf
92327,1,inf
92421,1,inf
92819,1,inf
92891,1,inf
93748,1,inf
94209,1,inf
94459,1,inf
94821,1,inf
94843,1,inf
94897,1,inf
94968,1,inf
97040,1,inf
97122,1,inf
97841,1,inf
98061,1,inf
98654,1,inf
98704,1,inf
99266,1,inf
99391,1,inf
100010,1,inf
100028,1,inf
100058,1,inf
100058,1,inf
100724,1,inf
101009,1,inf
101069,1,inf
103229,1,inf
103316,1,inf
103436,1,inf
103649,1,inf
103714,1,inf
103721,1,inf
104417,1,inf
105345,1,inf
105419,1,inf
105476,1,inf
105984,1,inf
106008,1,inf
107601,1,inf
108338,1,inf
108832,1,inf
109123,1,inf
109713,1,inf
109875,1,inf
109928,1,inf
110071,1,inf
110345,1,inf
110481,1,inf
110775,1,inf
111160,1,inf
112371,1,inf
113586,1,inf
114105,1,inf
114233,1,inf
114674,1,inf
115008,1,inf
115084,1,inf
115117,1,inf
115149,1,inf
115246,1,inf
115307,1,inf
115527,1,inf
115700,1,inf
116334,1,inf
116565,1,inf
116647,1,inf
116876,1,inf
117081,1,inf
117117,1,inf
117485,1,inf
117513,1,inf
117707,1,inf
117758,1,inf
117802,1,inf
118031,1,inf
118425,1,inf
118881,1,inf
118968,1,inf
119157,1,inf
119199,1,inf
119277,1,inf
119429,1,inf
119644,1,inf
119720,1,inf
119794,1,inf
120005,1,inf
120289,1,inf
120415,1,inf
120440,1,inf
121202,1,inf
121355,1,inf
121418,1,inf
121465,1,inf
121576,1,inf
121671,1,inf
123255,1,inf
123326,1,inf
123438,1,inf
123492,1,inf
123679,1,inf
124233,1,inf
124716,1,inf
124750,1,inf
124804,1,inf
125670,1,inf
126033,1,inf
126315,1,inf
126326,1,inf
126565,1,inf
126776,1,inf
126816,1,inf
127239,1,inf
127323,1,inf
127559,1,inf
127761,1,inf
127792,1,inf
128003,1,inf
128330,1,inf
128534,1,inf
128859,1,inf
129454,1,inf
129476,1,inf
129696,1,inf
129712,1,inf
129764,1,inf
129788,1,inf
129802,1,inf
129949,1,inf
130099,1,inf
130217,1,inf
130851,1,inf
131268,1,inf
133039,1,inf
133084,1,inf
133375,1,inf
133393,1,inf
133708,1,inf
133768,1,inf
133852,1,inf
134024,1,inf
134182,1,inf
134358,1,inf
134385,1,inf
136011,1,inf
136025,1,inf
136219,1,inf
136619,1,inf
136690,1,inf
136890,1,inf
137117,1,inf
137433,1,inf
137524,1,inf
137526,1,inf
137618,1,inf
138315,1,inf
138419,1,inf
138471,1,inf
138588,1,inf
138598,1,inf
138718,1,inf
139082,1,inf
139111,1,inf
139282,1,inf
139447,1,inf
139480,1,inf
139494,1,inf
139544,1,inf
139666,1,inf
139966,1,inf
140105,1,inf
140408,1,inf
140411,1,inf
140426,1,inf
140812,1,inf
141195,1,inf
141407,1,inf
141517,1,inf
142751,1,inf
142813,1,inf
143620,1,inf
143718,1,inf
144018,1,inf
144729,1,inf
145012,1,inf
145034,1,inf
145117,1,inf
145145,1,inf
145424,1,inf
145429,1,inf
145470,1,inf
145868,1,inf
145909,1,inf
146253,1,inf
146799,1,inf
147440,1,inf
147642,1,inf
148374,1,inf
148630,1,inf
148716,1,inf
148767,1,inf
148778,1,inf
148802,1,inf
148862,1,inf
149551,1,inf
149583,1,inf
149646,1,inf
149714,1,inf
149735,1,inf
149867,1,inf
150320,1,inf
150678,1,inf
151070,1,inf
151120,1,inf
151235,1,inf
151306,1,inf
151434,1,inf
152418,1,inf
152811,1,inf
153592,1,inf
153827,1,inf
154708,1,inf
154845,1,inf
155090,1,inf
155109,1,inf
155536,1,inf
155962,1,inf
155975,1,inf
156116,1,inf
156264,1,inf
156462,1,inf
156579,1,inf
156623,1,inf
156751,1,inf
156787,1,inf
156804,1,inf
156838,1,inf
157471,1,inf
158284,1,inf
158287,1,inf
158351,1,inf
158380,1,inf
158393,1,inf
158399,1,inf
158598,1,inf
158628,1,inf
158683,1,inf
158761,1,inf
159038,1,inf
159362,1,inf
159800,1,inf
160419,1,inf
160799,1,inf
161066,1,inf
161220,1,inf
161932,1,inf
161964,1,inf
162050,1,inf
162099,1,inf
162473,1,inf
162625,1,inf
162659,1,inf
162852,1,inf
163126,1,inf
163302,1,inf
163367,1,inf
163384,1,inf
163549,1,inf
163873,1,inf
163885,1,inf
163912,1,inf
164122,1,inf
164580,1,inf
164615,1,inf
165020,1,inf
165043,1,inf
165248,1,inf
165325,1,inf
165356,1,inf
165509,1,inf
165677,1,inf
166337,1,inf
166493,1,inf
166774,1,inf
167192,1,inf
167858,1,inf
168115,1,inf
168127,1,inf
168179,1,inf
168976,1,inf
169210,1,inf
169831,1,inf
170020,1,inf
170220,1,inf
170253,1,inf
170290,1,inf
170560,1,inf
171388,1,inf
171457,1,inf
171487,1,inf
172006,1,inf
173240,1,inf
173250,1,inf
173320,1,inf
173809,1,inf
173993,1,inf
174005,1,inf
174018,1,inf
174047,1,inf
174130,1,inf
174233,1,inf
174476,1,inf
174892,1,inf
175139,1,inf
175291,1,inf
175734,1,inf
175779,1,inf
176036,1,inf
176297,1,inf
176547,1,inf
176563,1,inf
176670,1,inf
177119,1,inf
177213,1,inf
177412,1,inf
177846,1,inf
178006,1,inf
178180,1,inf
178192,1,inf
178499,1,inf
178662,1,inf
178864,1,inf
179140,1,inf
179151,1,inf
179326,1,inf
179493,1,inf
179760,1,inf
179760,1,inf
179774,1,inf
179834,1,inf
180027,1,inf
180094,1,inf
180161,1,inf
180322,1,inf
180583,1,inf
180674,1,inf
180904,1,inf
181586,1,inf
181683,1,inf
181773,1,inf
182117,1,inf
182155,1,inf
182230,1,inf
182244,1,inf
182348,1,inf
182698,1,inf
182764,1,inf
183147,1,inf
183608,1,inf
184086,1,inf
184231,1,inf
184932,1,inf
185003,1,inf
185204,1,inf
185472,1,inf
185837,1,inf
186002,1,inf
186034,1,inf
186046,1,inf
186091,1,inf
186212,1,inf
186406,1,inf
186612,1,inf
186811,1,inf
186929,1,inf
187384,1,inf
187492,1,inf
187500,1,inf
187531,1,inf
187619,1,inf
187632,1,inf
187775,1,inf
187837,1,inf
187929,1,inf
188525,1,inf
188732,1,inf
188843,1,inf
189082,1,inf
189169,1,inf
189844,1,inf
190536,1,inf
190569,1,inf
190577,1,inf
190668,1,inf
190778,1,inf
190801,1,inf
190856,1,inf
191025,1,inf
191290,1,inf
191652,1,inf
191760,1,inf
191914,1,inf
191965,1,inf
192051,1,inf
192059,1,inf
192074,1,inf
192193,1,inf
192278,1,inf
192778,1,inf
193286,1,inf
193335,1,inf
193704,1,inf
193731,1,inf
193808,1,inf
194106,1,inf
194143,1,inf
194174,1,inf
194384,1,inf
194577,1,inf
194771,1,inf
195120,1,inf
195429,1,inf
195579,1,inf
195861,1,inf
196329,1,inf
196431,1,inf
197337,1,inf
197504,1,inf
197738,1,inf
197918,1,inf
198263,1,inf
198380,1,inf
198554,1,inf
198627,1,inf
198729,1,inf
198913,1,inf
198960,1,inf
199076,1,inf
199258,1,inf
199265,1,inf
200294,1,inf
200362,1,inf
200368,1,inf
200390,1,inf
200506,1,inf
200747,1,inf
200762,1,inf
201104,1,inf
201125,1,inf
201316,1,inf
201319,1,inf
201694,1,inf
201809,1,inf
202181,1,inf
202722,1,inf
202773,1,inf
203012,1,inf
203080,1,inf
203465,1,inf
203719,1,inf
203792,1,inf
203808,1,inf
203843,1,inf
204157,1,inf
204373,1,inf
204415,1,inf
204724,1,inf
205112,1,inf
206205,1,inf
207012,1,inf
207132,1,inf
207152,1,inf
207570,1,inf
207835,1,inf
208083,1,inf
208632,1,inf
208791,1,inf
209037,1,inf
209040,1,inf
209224,1,inf
209724,1,inf
210038,1,inf
210107,1,inf
210552,1,inf
210725,1,inf
210738,1,inf
210758,1,inf
210891,1,inf
210948,1,inf
211734,1,inf
211854,1,inf
212377,1,inf
212438,1,inf
212543,1,inf
212551,1,inf
212598,1,inf
212716,1,inf
213507,1,inf
213742,1,inf
213770,1,inf
214124,1,inf
215731,1,inf
216198,1,inf
216399,1,inf
216411,1,inf
216476,1,inf
216495,1,inf
216527,1,inf
216659,1,inf
216695,1,inf
216838,1,inf
216846,1,inf
216899,1,inf
218405,1,inf
218815,1,inf
218871,1,inf
218940,1,inf
219197,1,inf
219805,1,inf
220477,1,inf
220719,1,inf
220787,1,inf
221090,1,inf
221227,1,inf
221702,1,inf
222153,1,inf
222640,1,inf
223499,1,inf
223597,1,inf
223709,1,inf
223908,1,inf
224419,1,inf
224851,1,inf
224871,1,inf
225242,1,inf
225654,1,inf
225684,1,inf
226388,1,inf
226428,1,inf
226571,1,inf
226725,1,inf
226817,1,inf
226934,1,inf
227193,1,inf
227756,1,inf
228046,1,inf
228146,1,inf
228266,1,inf
228396,1,inf
229169,1,inf
229778,1,inf
230047,1,inf
230365,1,inf
231090,1,inf
231201,1,inf
231909,1,inf
231954,1,inf
231970,1,inf
232230,1,inf
232329,1,inf
232368,1,inf
232548,1,inf
233375,1,inf
233697,1,inf
233870,1,inf
233874,1,inf
234164,1,inf
234621,1,inf
235072,1,inf
235233,1,inf
235689,1,inf
236386,1,inf
236694,1,inf
236820,1,inf
237036,1,inf
238179,1,inf
238198,1,inf
238331,1,inf
238737,1,inf
238939,1,inf
239028,1,inf
239199,1,inf
239258,1,inf
239734,1,inf
240732,1,inf
241344,1,inf
241822,1,inf
242075,1,inf
242088,1,inf
242307,1,inf
242873,1,inf
244010,1,inf
244023,1,inf
244185,1,inf
244644,1,inf
244777,1,inf
244878,1,inf
245144,1,inf
245871,1,inf
246068,1,inf
246142,1,inf
246332,1,inf
247158,1,inf
247366,1,inf
248372,1,inf
249408,1,inf
249849,1,inf
250398,1,inf
250638,1,inf
250998,1,inf
251216,1,inf
251431,1,inf
251825,1,inf
252390,1,inf
254276,1,inf
254654,1,inf
255088,1,inf
255678,1,inf
256475,1,inf
256536,1,inf
256917,1,inf
258525,1,inf
258883,1,inf
259170,1,inf
260038,1,inf
260733,1,inf
261114,1,inf
261128,1,inf
262398,1,inf
263597,1,inf
264669,1,inf
266081,1,inf
266231,1,inf
267395,1,inf
268262,1,inf
269081,1,inf
270201,1,inf
270761,1,inf
271953,1,inf
272153,1,inf
272331,1,inf
272789,1,inf
272911,1,inf
273113,1,inf
273558,1,inf
274022,1,inf
275069,1,inf
276364,1,inf
277038,1,inf
277131,1,inf
277378,1,inf
277423,1,inf
278756,1,inf
278777,1,inf
279055,1,inf
279070,1,inf
279605,1,inf
281249,1,inf
282177,1,inf
283940,1,inf
284162,1,inf
285758,1,inf
286482,1,inf
287264,1,inf
287920,1,inf
288041,1,inf
289188,1,inf
290377,1,inf
290479,1,inf
291053,1,inf
291060,1,inf
292685,1,inf
293522,1,inf
294913,1,inf
296149,1,inf
297224,1,inf
298936,1,inf
300124,1,inf
300404,1,inf
301514,1,inf
305122,1,inf
306386,1,inf
306625,1,inf
306671,1,inf
306708,1,inf
308011,1,inf
308047,1,inf
308365,1,inf
308965,1,inf
309642,1,inf
310230,1,inf
310542,1,inf
310973,1,inf
314238,1,inf
316077,1,inf
316463,1,inf
317454,1,inf
317839,1,inf
318066,1,inf
318392,1,inf
318604,1,inf
320095,1,inf
320173,1,inf
322079,1,inf
324060,1,inf
324292,1,inf
324661,1,inf
330461,1,inf
331377,1,inf
331390,1,inf
331674,1,inf
332422,1,inf
332848,1,inf
332893,1,inf
333870,1,inf
334132,1,inf
334680,1,inf
334692,1,inf
337834,1,inf
342253,1,inf
344671,1,inf
345051,1,inf
351228,1,inf
351428,1,inf
351746,1,inf
352009,1,inf
352146,1,inf
353085,1,inf
354191,1,inf
354279,1,inf
354404,1,inf
354423,1,inf
354509,1,inf
354576,1,inf
354769,1,inf
356616,1,inf
358676,1,inf
359155,1,inf
360096,1,inf
360557,1,inf
361787,1,inf
362331,1,inf
362340,1,inf
366035,1,inf
366645,1,inf
366993,1,inf
367644,1,inf
367644,1,inf
368133,1,inf
368162,1,inf
368485,1,inf
368528,1,inf
368683,1,inf
369636,1,inf
370174,1,inf
371241,1,inf
373184,1,inf
374883,1,inf
374906,1,inf
378156,1,inf
378291,1,inf
378460,1,inf
378634,1,inf
378919,1,inf
379406,1,inf
379831,1,inf
381736,1,inf
385620,1,inf
387382,1,inf
388716,1,inf
389351,1,inf
391727,1,inf
391915,1,inf
391957,1,inf
392624,1,inf
393358,1,inf
393370,1,inf
394029,1,inf
394770,1,inf
396311,1,inf
397614,1,inf
398052,1,inf
398273,1,inf
398801,1,inf
399478,1,inf
400258,1,inf
402352,1,inf
402415,1,inf
402743,1,inf
403577,1,inf
403582,1,inf
404055,1,inf
404103,1,inf
404340,1,inf
404548,1,inf
405741,1,inf
406572,1,inf
410451,1,inf
412538,1,inf
414545,1,inf
415756,1,inf
417311,1,inf
418028,1,inf
418892,1,inf
421205,1,inf
421603,1,inf
421769,1,inf
422589,1,inf
425326,1,inf
427080,1,inf
427737,1,inf
428775,1,inf
429621,1,inf
429632,1,inf
430012,1,inf
430448,1,inf
430918,1,inf
431705,1,inf
432545,1,inf
432550,1,inf
435832,1,inf
436898,1,inf
436914,1,inf
438089,1,inf
438512,1,inf
438571,1,inf
438667,1,inf
439457,1,inf
439873,1,inf
440202,1,inf
440345,1,inf
440894,1,inf
441101,1,inf
441107,1,inf
441736,1,inf
444035,1,inf
444291,1,inf
445505,1,inf
448302,1,inf
449083,1,inf
450017,1,inf
450280,1,inf
451167,1,inf
451467,1,inf
453035,1,inf
453047,1,inf
453730,1,inf
453761,1,inf
454278,1,inf
454524,1,inf
454631,1,inf
455612,1,inf
456225,1,inf
456326,1,inf
456549,1,inf
456639,1,inf
456640,1,inf
457163,1,inf
457201,1,inf
457412,1,inf
457835,1,inf
458270,1,inf
459556,1,inf
459785,1,inf
460124,1,inf
460912,1,inf
461119,1,inf
462078,1,inf
462273,1,inf
462288,1,inf
462603,1,inf
462747,1,inf
462931,1,inf
463889,1,inf
464427,1,inf
465253,1,inf
466832,1,inf
467987,1,inf
469775,1,inf
470772,1,inf
470904,1,inf
471929,1,inf
472156,1,inf
472159,1,inf
472923,1,inf
473145,1,inf
473430,1,inf
473476,1,inf
473853,1,inf
474028,1,inf
474978,1,inf
475288,1,inf
475370,1,inf
475886,1,inf
477052,1,inf
477243,1,inf
477265,1,inf
477536,1,inf
478209,1,inf
478267,1,inf
478294,1,inf
478309,1,inf
478311,1,inf
478635,1,inf
478720,1,inf
479293,1,inf
479929,1,inf
480167,1,inf
480426,1,inf
480431,1,inf
482006,1,inf
482262,1,inf
482650,1,inf
483159,1,inf
485012,1,inf
485729,1,inf
486467,1,inf
486728,1,inf
486821,1,inf
487245,1,inf
488249,1,inf
488373,1,inf
488386,1,inf
488481,1,inf
488708,1,inf
490037,1,inf
490540,1,inf
490873,1,inf
491022,1,inf
491330,1,inf
491372,1,inf
491445,1,inf
492346,1,inf
493145,1,inf
494153,1,inf
495405,1,inf
495539,1,inf
496065,1,inf
497099,1,inf
497601,1,inf
497960,1,inf
498617,1,inf
498713,1,inf
499807,1,inf
499987,1,inf
500120,1,inf
500560,1,inf
501606,1,inf
501805,1,inf
503192,1,inf
503483,1,inf
504075,1,inf
504311,1,inf
504628,1,inf
504891,1,inf
505013,1,inf
505330,1,inf
505595,1,inf
507645,1,inf
507828,1,inf
508142,1,inf
509391,1,inf
510468,1,inf
510475,1,inf
511282,1,inf
512428,1,inf
512464,1,inf
513436,1,inf
513477,1,inf
513859,1,inf
514367,1,inf
514617,1,inf
515859,1,inf
516850,1,inf
518479,1,inf
520019,1,inf
520564,1,inf
520745,1,inf
520942,1,inf
521036,1,inf
521363,1,inf
522855,1,inf
523746,1,inf
525975,1,inf
526374,1,inf
526708,1,inf
527394,1,inf
528232,1,inf
530034,1,inf
531134,1,inf
532085,1,inf
532544,1,inf
532756,1,inf
533714,1,inf
536858,1,inf
537184,1,inf
537330,1,inf
537415,1,inf
538456,1,inf
540041,1,inf
540510,1,inf
540901,1,inf
542830,1,inf
546429,1,inf
546607,1,inf
547562,1,inf
547727,1,inf
551654,1,inf
554090,1,inf
561938,1,inf
564200,1,inf
564666,1,inf
565701,1,inf
565719,1,inf
566888,1,inf
567381,1,inf
567485,1,inf
567726,1,inf
568531,1,inf
569180,1,inf
569510,1,inf
572063,1,inf
572117,1,inf
573542,1,inf
574600,1,inf
