1422,1,inf
3515,1,inf
3600,1,inf
5234,1,inf
7398,1,inf
7892,1,inf
11329,1,inf
13771,1,inf
14877,1,inf
18372,1,inf
19496,1,inf
22842,1,inf
25369,1,inf
26693,1,inf
27488,1,inf
27678,1,inf
28392,1,inf
29395,1,inf
30721,1,inf
31781,1,inf
34776,1,inf
36578,1,inf
45512,1,inf
46165,1,inf
46727,1,inf
47621,1,inf
50434,1,inf
54437,1,inf
56745,1,inf
58597,1,inf
58674,1,inf
58758,1,inf
59043,1,inf
61248,1,inf
66454,1,inf
69243,1,inf
69549,1,inf
69588,1,inf
69710,1,inf
70310,1,inf
71477,1,inf
73201,1,inf
73404,1,inf
76137,1,inf
76721,1,inf
77497,1,inf
77669,1,inf
77852,1,inf
77928,1,inf
78095,1,inf
78727,1,inf
79775,1,inf
80678,1,inf
81594,1,inf
82886,1,inf
83006,1,inf
83077,1,inf
85006,1,inf
85332,1,inf
86096,1,inf
87511,1,inf
87690,1,inf
87846,1,inf
88233,1,inf
90400,1,inf
90561,1,inf
90736,1,inf
90765,1,inf
91426,1,inf
91736,1,inf
92179,1,inf
92239,1,inf
93545,1,inf
94672,1,inf
94806,1,inf
95692,1,inf
97004,1,inf
97070,1,inf
97471,1,inf
97490,1,inf
97601,1,inf
98181,1,inf
98852,1,inf
99715,1,inf
100203,1,inf
100916,1,inf
101019,1,inf
101961,1,inf
102339,1,inf
102476,1,inf
103000,1,inf
103077,1,inf
103245,1,inf
104384,1,inf
105625,1,inf
105763,1,inf
105806,1,inf
105851,1,inf
106202,1,inf
107914,1,inf
107971,1,inf
108414,1,inf
109317,1,inf
110108,1,inf
110400,1,inf
110868,1,inf
112057,1,inf
112205,1,inf
113519,1,inf
113779,1,inf
114792,1,inf
115041,1,inf
115846,1,inf
116599,1,inf
117366,1,inf
117513,1,inf
117851,1,inf
117910,1,inf
118006,1,inf
118109,1,inf
118569,1,inf
119203,1,inf
119231,1,inf
119489,1,inf
119514,1,inf
119584,1,inf
120103,1,inf
120601,1,inf
122999,1,inf
123159,1,inf
123236,1,inf
123393,1,inf
123578,1,inf
124145,1,inf
125294,1,inf
125307,1,inf
125568,1,inf
125618,1,inf
125914,1,inf
126129,1,inf
126239,1,inf
126292,1,inf
126466,1,inf
126861,1,inf
126883,1,inf
127036,1,inf
127180,1,inf
127942,1,inf
129015,1,inf
129904,1,inf
130017,1,inf
130621,1,inf
130827,1,inf
131010,1,inf
131113,1,inf
132398,1,inf
132645,1,inf
132723,1,inf
133138,1,inf
133713,1,inf
134183,1,inf
134212,1,inf
134275,1,inf
134560,1,inf
135266,1,inf
135464,1,inf
135607,1,inf
136004,1,inf
136243,1,inf
136342,1,inf
136435,1,inf
136794,1,inf
136911,1,inf
137372,1,inf
138030,1,inf
138166,1,inf
138185,1,inf
138200,1,inf
138382,1,inf
138387,1,inf
138919,1,inf
139170,1,inf
139174,1,inf
139269,1,inf
139564,1,inf
139688,1,inf
140277,1,inf
140583,1,inf
140607,1,inf
140808,1,inf
141218,1,inf
142662,1,inf
142721,1,inf
142967,1,inf
143028,1,inf
143113,1,inf
143215,1,inf
143501,1,inf
143524,1,inf
143591,1,inf
143901,1,inf
144297,1,inf
144425,1,inf
145212,1,inf
145317,1,inf
145530,1,inf
145619,1,inf
145820,1,inf
145830,1,inf
146190,1,inf
146555,1,inf
147051,1,inf
147111,1,inf
147240,1,inf
147535,1,inf
147571,1,inf
148298,1,inf
149264,1,inf
149963,1,inf
150003,1,inf
150540,1,inf
150948,1,inf
151112,1,inf
151455,1,inf
151575,1,inf
151597,1,inf
151737,1,inf
151898,1,inf
152240,1,inf
153163,1,inf
153389,1,inf
153602,1,inf
153604,1,inf
153957,1,inf
154013,1,inf
154166,1,inf
154268,1,inf
154720,1,inf
155383,1,inf
155762,1,inf
156062,1,inf
156138,1,inf
156168,1,inf
156475,1,inf
157055,1,inf
157880,1,inf
157948,1,inf
158012,1,inf
158053,1,inf
158238,1,inf
158862,1,inf
159399,1,inf
159877,1,inf
159989,1,inf
160491,1,inf
161152,1,inf
161435,1,inf
161713,1,inf
162084,1,inf
162156,1,inf
162377,1,inf
162671,1,inf
162766,1,inf
163055,1,inf
163296,1,inf
163341,1,inf
163379,1,inf
163435,1,inf
163573,1,inf
163576,1,inf
163793,1,inf
163976,1,inf
164182,1,inf
164371,1,inf
164540,1,inf
164566,1,inf
164615,1,inf
164653,1,inf
164913,1,inf
164997,1,inf
165341,1,inf
166082,1,inf
166465,1,inf
166533,1,inf
166662,1,inf
166731,1,inf
166853,1,inf
167212,1,inf
167237,1,inf
167290,1,inf
168092,1,inf
168266,1,inf
168379,1,inf
168389,1,inf
168655,1,inf
168745,1,inf
168883,1,inf
169263,1,inf
169312,1,inf
169413,1,inf
169469,1,inf
169535,1,inf
170109,1,inf
170251,1,inf
170458,1,inf
170468,1,inf
171177,1,inf
171392,1,inf
171794,1,inf
172017,1,inf
172812,1,inf
173097,1,inf
173147,1,inf
173620,1,inf
174446,1,inf
174603,1,inf
174872,1,inf
175187,1,inf
175362,1,inf
175652,1,inf
175848,1,inf
175979,1,inf
176029,1,inf
176404,1,inf
176533,1,inf
176576,1,inf
176617,1,inf
176873,1,inf
176886,1,inf
177063,1,inf
177151,1,inf
177558,1,inf
177644,1,inf
177679,1,inf
177763,1,inf
177778,1,inf
177834,1,inf
177953,1,inf
178015,1,inf
178117,1,inf
178316,1,inf
178566,1,inf
178709,1,inf
178800,1,inf
178846,1,inf
178865,1,inf
179378,1,inf
179696,1,inf
180102,1,inf
180714,1,inf
180883,1,inf
180893,1,inf
181399,1,inf
181754,1,inf
181770,1,inf
182005,1,inf
182416,1,inf
182451,1,inf
182669,1,inf
183207,1,inf
183654,1,inf
183698,1,inf
183812,1,inf
183926,1,inf
183950,1,inf
184275,1,inf
184312,1,inf
184363,1,inf
184369,1,inf
184890,1,inf
184967,1,inf
185768,1,inf
186058,1,inf
186092,1,inf
186208,1,inf
186274,1,inf
186294,1,inf
186402,1,inf
186795,1,inf
187097,1,inf
187167,1,inf
187318,1,inf
187742,1,inf
188276,1,inf
188369,1,inf
188432,1,inf
188647,1,inf
188728,1,inf
188751,1,inf
188803,1,inf
189066,1,inf
189185,1,inf
189188,1,inf
189352,1,inf
189729,1,inf
189799,1,inf
189967,1,inf
190020,1,inf
190063,1,inf
190214,1,inf
190292,1,inf
190484,1,inf
190703,1,inf
190918,1,inf
191354,1,inf
191447,1,inf
192011,1,inf
192258,1,inf
192296,1,inf
192422,1,inf
192818,1,inf
193125,1,inf
193420,1,inf
193785,1,inf
194073,1,inf
194116,1,inf
194205,1,inf
194242,1,inf
194290,1,inf
194358,1,inf
194573,1,inf
194637,1,inf
194652,1,inf
194674,1,inf
195114,1,inf
195148,1,inf
196227,1,inf
196280,1,inf
196338,1,inf
196426,1,inf
196509,1,inf
196552,1,inf
196612,1,inf
196854,1,inf
196887,1,inf
197073,1,inf
197088,1,inf
197398,1,inf
197641,1,inf
197907,1,inf
198027,1,inf
198381,1,inf
198796,1,inf
199019,1,inf
199258,1,inf
199307,1,inf
199580,1,inf
199693,1,inf
200065,1,inf
200195,1,inf
200282,1,inf
200381,1,inf
200540,1,inf
200615,1,inf
200747,1,inf
200816,1,inf
200873,1,inf
201143,1,inf
201798,1,inf
202598,1,inf
202604,1,inf
202944,1,inf
203007,1,inf
203103,1,inf
203226,1,inf
203464,1,inf
203473,1,inf
203724,1,inf
204133,1,inf
204212,1,inf
204511,1,inf
204569,1,inf
204729,1,inf
205016,1,inf
205766,1,inf
206493,1,inf
207024,1,inf
207063,1,inf
207068,1,inf
207428,1,inf
207835,1,inf
208067,1,inf
208660,1,inf
208696,1,inf
208737,1,inf
208939,1,inf
209244,1,inf
209282,1,inf
209477,1,inf
209619,1,inf
209680,1,inf
209755,1,inf
210043,1,inf
210660,1,inf
210697,1,inf
210707,1,inf
211555,1,inf
211714,1,inf
211789,1,inf
211833,1,inf
212243,1,inf
212400,1,inf
212964,1,inf
213021,1,inf
213039,1,inf
213382,1,inf
213466,1,inf
213619,1,inf
214635,1,inf
214828,1,inf
214866,1,inf
214883,1,inf
215061,1,inf
215207,1,inf
216108,1,inf
216575,1,inf
216924,1,inf
217559,1,inf
217813,1,inf
218109,1,inf
218449,1,inf
218664,1,inf
218883,1,inf
219681,1,inf
220079,1,inf
220151,1,inf
220207,1,inf
220230,1,inf
221659,1,inf
222252,1,inf
222345,1,inf
222812,1,inf
222920,1,inf
223182,1,inf
223314,1,inf
223466,1,inf
223861,1,inf
224050,1,inf
224058,1,inf
224346,1,inf
224588,1,inf
225630,1,inf
225717,1,inf
225879,1,inf
226222,1,inf
226355,1,inf
226435,1,inf
226558,1,inf
227114,1,inf
228029,1,inf
228163,1,inf
228265,1,inf
229360,1,inf
229498,1,inf
230465,1,inf
230519,1,inf
231139,1,inf
231211,1,inf
231337,1,inf
231526,1,inf
231633,1,inf
232243,1,inf
232257,1,inf
232272,1,inf
232510,1,inf
232515,1,inf
233119,1,inf
233336,1,inf
233666,1,inf
234140,1,inf
234181,1,inf
234188,1,inf
234230,1,inf
234292,1,inf
234380,1,inf
234546,1,inf
234683,1,inf
234761,1,inf
234915,1,inf
235228,1,inf
235390,1,inf
236315,1,inf
236804,1,inf
236944,1,inf
237065,1,inf
237196,1,inf
237334,1,inf
237558,1,inf
237825,1,inf
238166,1,inf
238319,1,inf
238861,1,inf
239387,1,inf
240100,1,inf
240362,1,inf
240406,1,inf
240613,1,inf
242071,1,inf
242972,1,inf
243185,1,inf
243725,1,inf
244136,1,inf
244443,1,inf
244541,1,inf
245179,1,inf
245190,1,inf
245213,1,inf
245917,1,inf
246115,1,inf
246463,1,inf
246528,1,inf
246627,1,inf
247690,1,inf
247901,1,inf
248135,1,inf
248199,1,inf
249017,1,inf
249665,1,inf
250021,1,inf
250144,1,inf
250652,1,inf
250677,1,inf
251471,1,inf
252516,1,inf
252584,1,inf
253403,1,inf
253572,1,inf
253822,1,inf
254306,1,inf
254763,1,inf
255042,1,inf
255554,1,inf
255564,1,inf
256441,1,inf
256632,1,inf
257338,1,inf
257967,1,inf
258007,1,inf
258200,1,inf
258647,1,inf
259755,1,inf
259948,1,inf
261610,1,inf
261789,1,inf
261819,1,inf
262680,1,inf
263012,1,inf
263804,1,inf
263921,1,inf
264011,1,inf
264690,1,inf
264691,1,inf
266003,1,inf
267058,1,inf
267819,1,inf
268056,1,inf
268539,1,inf
269759,1,inf
270434,1,inf
270824,1,inf
271900,1,inf
272041,1,inf
272184,1,inf
272878,1,inf
273589,1,inf
273874,1,inf
274727,1,inf
275260,1,inf
276802,1,inf
278680,1,inf
279374,1,inf
279706,1,inf
279816,1,inf
279965,1,inf
280072,1,inf
280820,1,inf
281322,1,inf
282720,1,inf
283372,1,inf
283822,1,inf
284179,1,inf
286925,1,inf
287010,1,inf
287524,1,inf
287644,1,inf
288436,1,inf
289018,1,inf
291931,1,inf
295268,1,inf
296005,1,inf
296031,1,inf
296102,1,inf
297726,1,inf
299392,1,inf
299452,1,inf
299837,1,inf
300765,1,inf
301049,1,inf
302143,1,inf
303504,1,inf
304463,1,inf
306766,1,inf
307991,1,inf
309510,1,inf
309560,1,inf
309934,1,inf
310704,1,inf
311416,1,inf
312784,1,inf
313016,1,inf
313304,1,inf
317242,1,inf
318476,1,inf
321459,1,inf
321727,1,inf
321842,1,inf
323152,1,inf
328008,1,inf
328276,1,inf
329473,1,inf
329854,1,inf
331331,1,inf
334435,1,inf
337379,1,inf
337481,1,inf
337645,1,inf
339899,1,inf
339996,1,inf
340877,1,inf
346227,1,inf
347115,1,inf
347932,1,inf
349927,1,inf
352596,1,inf
352707,1,inf
354100,1,inf
354790,1,inf
354893,1,inf
356513,1,inf
356984,1,inf
357233,1,inf
358033,1,inf
358792,1,inf
359823,1,inf
360348,1,inf
362348,1,inf
362452,1,inf
365197,1,inf
367111,1,inf
368374,1,inf
369531,1,inf
378302,1,inf
378886,1,inf
378907,1,inf
379563,1,inf
381436,1,inf
381471,1,inf
381535,1,inf
382043,1,inf
385044,1,inf
385340,1,inf
391434,1,inf
395083,1,inf
396394,1,inf
396563,1,inf
399846,1,inf
400294,1,inf
402082,1,inf
402667,1,inf
403139,1,inf
403189,1,inf
403239,1,inf
403339,1,inf
403401,1,inf
403429,1,inf
404732,1,inf
404836,1,inf
405662,1,inf
406036,1,inf
406788,1,inf
407013,1,inf
408720,1,inf
409144,1,inf
409184,1,inf
409819,1,inf
411015,1,inf
411197,1,inf
411655,1,inf
412232,1,inf
412528,1,inf
413141,1,inf
414082,1,inf
415571,1,inf
416786,1,inf
418259,1,inf
419021,1,inf
421080,1,inf
424936,1,inf
426702,1,inf
426727,1,inf
427764,1,inf
428553,1,inf
428687,1,inf
429623,1,inf
430521,1,inf
431479,1,inf
432301,1,inf
434957,1,inf
435716,1,inf
436029,1,inf
437432,1,inf
437567,1,inf
437880,1,inf
440883,1,inf
441366,1,inf
442140,1,inf
444885,1,inf
445874,1,inf
446867,1,inf
447000,1,inf
449283,1,inf
450479,1,inf
450522,1,inf
450964,1,inf
452393,1,inf
452718,1,inf
452831,1,inf
452837,1,inf
453582,1,inf
453919,1,inf
454277,1,inf
455274,1,inf
456415,1,inf
456442,1,inf
457444,1,inf
457553,1,inf
457556,1,inf
458414,1,inf
458605,1,inf
459591,1,inf
459886,1,inf
460432,1,inf
461171,1,inf
461502,1,inf
463322,1,inf
463612,1,inf
464549,1,inf
465115,1,inf
466152,1,inf
466861,1,inf
466870,1,inf
467587,1,inf
468009,1,inf
468411,1,inf
468660,1,inf
468889,1,inf
469276,1,inf
469277,1,inf
470296,1,inf
471099,1,inf
471289,1,inf
471919,1,inf
473319,1,inf
474153,1,inf
474843,1,inf
475098,1,inf
475248,1,inf
475745,1,inf
476051,1,inf
476465,1,inf
477147,1,inf
477763,1,inf
478514,1,inf
478837,1,inf
478860,1,inf
478946,1,inf
479019,1,inf
479230,1,inf
479459,1,inf
479892,1,inf
480794,1,inf
481531,1,inf
483678,1,inf
484214,1,inf
484327,1,inf
484676,1,inf
485489,1,inf
486423,1,inf
486694,1,inf
486783,1,inf
487010,1,inf
487273,1,inf
487322,1,inf
487342,1,inf
487765,1,inf
489154,1,inf
489519,1,inf
490105,1,inf
490180,1,inf
490653,1,inf
490960,1,inf
491029,1,inf
491592,1,inf
492254,1,inf
492970,1,inf
492978,1,inf
493223,1,inf
493591,1,inf
494278,1,inf
494810,1,inf
497095,1,inf
497301,1,inf
497634,1,inf
498382,1,inf
499468,1,inf
500024,1,inf
500268,1,inf
500771,1,inf
500853,1,inf
501632,1,inf
501708,1,inf
502628,1,inf
502906,1,inf
504098,1,inf
504612,1,inf
505461,1,inf
507230,1,inf
507403,1,inf
507406,1,inf
509006,1,inf
509293,1,inf
510674,1,inf
510790,1,inf
511104,1,inf
513286,1,inf
513703,1,inf
513797,1,inf
513836,1,inf
514636,1,inf
516334,1,inf
518334,1,inf
518698,1,inf
522008,1,inf
522054,1,inf
522950,1,inf
523326,1,inf
523414,1,inf
523536,1,inf
525174,1,inf
525761,1,inf
526131,1,inf
527863,1,inf
528003,1,inf
528645,1,inf
528770,1,inf
529358,1,inf
530855,1,inf
531533,1,inf
532223,1,inf
533059,1,inf
534733,1,inf
535243,1,inf
536700,1,inf
537862,1,inf
538072,1,inf
541840,1,inf
542352,1,inf
542573,1,inf
542755,1,inf
544128,1,inf
546287,1,inf
549763,1,inf
552288,1,inf
552685,1,inf
554317,1,inf
557568,1,inf
559568,1,inf
562043,1,inf
563347,1,inf
563353,1,inf
566364,1,inf
566797,1,inf
566987,1,inf
568505,1,inf
568886,1,inf
569213,1,inf
574307,1,inf
576111,1,inf
576312,1,inf
579700,1,inf
