1722,1,inf
4603,1,inf
6954,1,inf
8432,1,inf
9558,1,inf
10647,1,inf
11156,1,inf
18182,1,inf
18640,1,inf
21824,1,inf
29368,1,inf
31524,1,inf
35453,1,inf
36836,1,inf
42127,1,inf
43575,1,inf
43929,1,inf
44262,1,inf
47010,1,inf
48595,1,inf
51880,1,inf
55558,1,inf
57131,1,inf
58366,1,inf
59042,1,inf
59678,1,inf
60075,1,inf
63250,1,inf
66718,1,inf
67287,1,inf
67374,1,inf
69198,1,inf
71032,1,inf
72727,1,inf
80060,1,inf
80237,1,inf
80366,1,inf
82218,1,inf
83100,1,inf
83460,1,inf
83515,1,inf
85521,1,inf
88068,1,inf
90050,1,inf
90921,1,inf
90931,1,inf
91485,1,inf
91699,1,inf
92187,1,inf
92329,1,inf
93472,1,inf
93744,1,inf
93890,1,inf
94216,1,inf
94352,1,inf
95028,1,inf
95727,1,inf
96391,1,inf
96408,1,inf
97414,1,inf
97593,1,inf
97648,1,inf
98506,1,inf
98661,1,inf
99428,1,inf
103187,1,inf
105370,1,inf
107315,1,inf
107625,1,inf
107823,1,inf
108004,1,inf
108636,1,inf
109036,1,inf
109212,1,inf
109459,1,inf
112041,1,inf
112139,1,inf
114047,1,inf
114199,1,inf
115220,1,inf
115951,1,inf
116350,1,inf
116501,1,inf
117433,1,inf
118099,1,inf
119397,1,inf
119672,1,inf
123743,1,inf
123909,1,inf
125207,1,inf
127048,1,inf
128008,1,inf
129575,1,inf
130712,1,inf
130834,1,inf
131100,1,inf
131380,1,inf
131537,1,inf
132465,1,inf
132904,1,inf
133421,1,inf
133456,1,inf
134343,1,inf
134415,1,inf
136001,1,inf
136252,1,inf
137839,1,inf
138456,1,inf
138724,1,inf
139206,1,inf
139975,1,inf
140411,1,inf
140642,1,inf
140693,1,inf
140995,1,inf
141011,1,inf
141352,1,inf
142339,1,inf
142857,1,inf
143112,1,inf
143736,1,inf
144542,1,inf
145003,1,inf
145486,1,inf
145514,1,inf
145672,1,inf
146152,1,inf
146386,1,inf
146952,1,inf
146962,1,inf
147170,1,inf
148045,1,inf
148207,1,inf
148258,1,inf
148350,1,inf
148892,1,inf
151045,1,inf
152191,1,inf
152448,1,inf
152611,1,inf
152637,1,inf
152709,1,inf
152814,1,inf
152855,1,inf
153198,1,inf
154704,1,inf
155100,1,inf
155527,1,inf
156462,1,inf
156638,1,inf
157926,1,inf
157989,1,inf
158059,1,inf
158761,1,inf
158874,1,inf
160096,1,inf
160635,1,inf
160813,1,inf
161349,1,inf
161417,1,inf
161661,1,inf
161803,1,inf
162179,1,inf
162561,1,inf
162655,1,inf
162774,1,inf
162910,1,inf
163348,1,inf
163403,1,inf
163883,1,inf
164896,1,inf
166764,1,inf
166786,1,inf
166905,1,inf
167260,1,inf
167561,1,inf
167643,1,inf
168477,1,inf
168704,1,inf
168789,1,inf
168852,1,inf
169608,1,inf
170114,1,inf
170821,1,inf
172109,1,inf
172874,1,inf
173306,1,inf
173356,1,inf
173376,1,inf
173591,1,inf
173994,1,inf
174642,1,inf
174896,1,inf
174994,1,inf
175390,1,inf
175708,1,inf
176265,1,inf
176383,1,inf
176880,1,inf
177336,1,inf
177518,1,inf
178041,1,inf
178493,1,inf
180056,1,inf
180558,1,inf
180588,1,inf
183809,1,inf
184674,1,inf
185691,1,inf
186034,1,inf
186064,1,inf
186097,1,inf
186350,1,inf
186557,1,inf
187063,1,inf
187741,1,inf
188106,1,inf
188524,1,inf
188841,1,inf
188911,1,inf
189172,1,inf
190044,1,inf
190173,1,inf
190785,1,inf
190786,1,inf
191355,1,inf
191708,1,inf
191865,1,inf
192678,1,inf
193555,1,inf
193871,1,inf
193945,1,inf
195016,1,inf
195199,1,inf
195782,1,inf
196401,1,inf
197020,1,inf
197411,1,inf
197652,1,inf
198010,1,inf
198843,1,inf
199730,1,inf
199834,1,inf
200236,1,inf
200562,1,inf
200765,1,inf
201348,1,inf
202509,1,inf
203558,1,inf
203883,1,inf
204088,1,inf
204378,1,inf
204422,1,inf
204500,1,inf
204673,1,inf
204824,1,inf
205219,1,inf
205327,1,inf
205494,1,inf
205943,1,inf
205979,1,inf
207814,1,inf
207977,1,inf
208852,1,inf
208859,1,inf
209241,1,inf
211261,1,inf
211682,1,inf
212486,1,inf
212779,1,inf
213053,1,inf
213231,1,inf
214467,1,inf
214788,1,inf
215232,1,inf
215288,1,inf
215448,1,inf
215886,1,inf
218123,1,inf
219108,1,inf
219549,1,inf
220014,1,inf
220251,1,inf
220475,1,inf
220786,1,inf
221240,1,inf
221958,1,inf
222212,1,inf
223424,1,inf
224018,1,inf
224303,1,inf
224810,1,inf
225442,1,inf
226713,1,inf
226972,1,inf
227800,1,inf
228860,1,inf
229620,1,inf
229729,1,inf
229762,1,inf
230889,1,inf
231225,1,inf
231229,1,inf
231479,1,inf
232034,1,inf
232183,1,inf
232874,1,inf
233468,1,inf
234395,1,inf
234643,1,inf
235046,1,inf
235550,1,inf
235682,1,inf
235727,1,inf
236273,1,inf
236468,1,inf
238717,1,inf
238807,1,inf
239721,1,inf
240449,1,inf
241321,1,inf
241899,1,inf
243233,1,inf
243615,1,inf
244510,1,inf
246616,1,inf
247434,1,inf
248480,1,inf
249191,1,inf
249639,1,inf
249656,1,inf
249739,1,inf
251364,1,inf
251556,1,inf
253710,1,inf
254100,1,inf
254472,1,inf
255327,1,inf
256793,1,inf
257070,1,inf
257404,1,inf
257936,1,inf
259641,1,inf
261597,1,inf
263254,1,inf
264233,1,inf
264726,1,inf
264838,1,inf
264912,1,inf
266252,1,inf
267484,1,inf
269126,1,inf
269138,1,inf
270406,1,inf
270527,1,inf
272722,1,inf
273406,1,inf
274088,1,inf
274593,1,inf
275060,1,inf
275645,1,inf
276739,1,inf
277480,1,inf
277487,1,inf
278056,1,inf
278638,1,inf
279410,1,inf
279469,1,inf
281109,1,inf
282288,1,inf
282317,1,inf
282918,1,inf
283588,1,inf
283701,1,inf
285135,1,inf
285373,1,inf
287397,1,inf
291389,1,inf
291533,1,inf
293840,1,inf
293948,1,inf
296601,1,inf
296616,1,inf
299041,1,inf
299368,1,inf
300023,1,inf
300738,1,inf
302374,1,inf
306716,1,inf
308451,1,inf
309052,1,inf
312389,1,inf
313739,1,inf
318997,1,inf
328457,1,inf
333671,1,inf
333790,1,inf
339852,1,inf
354218,1,inf
354296,1,inf
354925,1,inf
356577,1,inf
357783,1,inf
361157,1,inf
361493,1,inf
365594,1,inf
365632,1,inf
367138,1,inf
369124,1,inf
372004,1,inf
374952,1,inf
375062,1,inf
378371,1,inf
378504,1,inf
378923,1,inf
380631,1,inf
382475,1,inf
385307,1,inf
389563,1,inf
391142,1,inf
395435,1,inf
396186,1,inf
400676,1,inf
402437,1,inf
402730,1,inf
402870,1,inf
403376,1,inf
404729,1,inf
404853,1,inf
405136,1,inf
406681,1,inf
408227,1,inf
408297,1,inf
409266,1,inf
411820,1,inf
412066,1,inf
412783,1,inf
415261,1,inf
417030,1,inf
417196,1,inf
417296,1,inf
424512,1,inf
425565,1,inf
426953,1,inf
429748,1,inf
431533,1,inf
432480,1,inf
436658,1,inf
442030,1,inf
442445,1,inf
442782,1,inf
444411,1,inf
444813,1,inf
445443,1,inf
450177,1,inf
450792,1,inf
452140,1,inf
453660,1,inf
453956,1,inf
454635,1,inf
454680,1,inf
454751,1,inf
456873,1,inf
457749,1,inf
458276,1,inf
458761,1,inf
461007,1,inf
463601,1,inf
466074,1,inf
466573,1,inf
466803,1,inf
468004,1,inf
468066,1,inf
468205,1,inf
470791,1,inf
471020,1,inf
471171,1,inf
471481,1,inf
472280,1,inf
473868,1,inf
473979,1,inf
474027,1,inf
474781,1,inf
474998,1,inf
475043,1,inf
475401,1,inf
476686,1,inf
477010,1,inf
477029,1,inf
477542,1,inf
477977,1,inf
478195,1,inf
478942,1,inf
479602,1,inf
480139,1,inf
480292,1,inf
480561,1,inf
483876,1,inf
486203,1,inf
487106,1,inf
489553,1,inf
489950,1,inf
492336,1,inf
492752,1,inf
492869,1,inf
493205,1,inf
495016,1,inf
495235,1,inf
496642,1,inf
496902,1,inf
498533,1,inf
499120,1,inf
499223,1,inf
499444,1,inf
501519,1,inf
502407,1,inf
503152,1,inf
503897,1,inf
504457,1,inf
504552,1,inf
504706,1,inf
506183,1,inf
506200,1,inf
506224,1,inf
506271,1,inf
511925,1,inf
512791,1,inf
513340,1,inf
514023,1,inf
514228,1,inf
515410,1,inf
515893,1,inf
517662,1,inf
518399,1,inf
518918,1,inf
520365,1,inf
520931,1,inf
520932,1,inf
521893,1,inf
522056,1,inf
522605,1,inf
523511,1,inf
523528,1,inf
524793,1,inf
525126,1,inf
525911,1,inf
526357,1,inf
526381,1,inf
526729,1,inf
528611,1,inf
528758,1,inf
529184,1,inf
531412,1,inf
535679,1,inf
537089,1,inf
538586,1,inf
545318,1,inf
546580,1,inf
547653,1,inf
548364,1,inf
551178,1,inf
563131,1,inf
563564,1,inf
565920,1,inf
568267,1,inf
569786,1,inf
571678,1,inf
572223,1,inf
575368,1,inf
576499,1,inf
577022,1,inf
