950,1,inf
985,1,inf
1085,1,inf
1236,1,inf
2697,1,inf
3005,1,inf
5260,1,inf
5676,1,inf
5685,1,inf
6526,1,inf
8113,1,inf
9190,1,inf
10109,1,inf
10126,1,inf
10239,1,inf
11029,1,inf
12034,1,inf
12237,1,inf
13992,1,inf
14286,1,inf
14624,1,inf
14678,1,inf
15103,1,inf
15283,1,inf
15412,1,inf
15512,1,inf
17138,1,inf
18014,1,inf
18459,1,inf
18612,1,inf
19556,1,inf
19753,1,inf
21208,1,inf
21546,1,inf
22048,1,inf
22246,1,inf
22387,1,inf
22486,1,inf
22822,1,inf
23557,1,inf
23863,1,inf
24662,1,inf
25022,1,inf
25325,1,inf
25499,1,inf
25673,1,inf
26080,1,inf
26239,1,inf
26352,1,inf
27544,1,inf
28363,1,inf
29020,1,inf
30114,1,inf
30351,1,inf
30407,1,inf
31227,1,inf
32172,1,inf
33336,1,inf
34108,1,inf
35599,1,inf
35770,1,inf
36082,1,inf
37743,1,inf
38611,1,inf
39021,1,inf
40392,1,inf
40487,1,inf
40691,1,inf
41684,1,inf
42425,1,inf
44446,1,inf
45311,1,inf
45487,1,inf
46259,1,inf
46466,1,inf
46478,1,inf
46516,1,inf
47036,1,inf
47063,1,inf
47087,1,inf
48109,1,inf
48434,1,inf
50510,1,inf
50541,1,inf
50694,1,inf
50740,1,inf
51747,1,inf
52049,1,inf
52078,1,inf
52555,1,inf
54277,1,inf
54421,1,inf
55207,1,inf
55236,1,inf
55530,1,inf
55858,1,inf
56241,1,inf
56888,1,inf
56996,1,inf
57053,1,inf
57457,1,inf
58347,1,inf
59194,1,inf
60310,1,inf
61301,1,inf
61588,1,inf
61883,1,inf
65200,1,inf
65344,1,inf
65820,1,inf
66689,1,inf
67289,1,inf
69332,1,inf
70405,1,inf
70464,1,inf
70731,1,inf
72110,1,inf
73030,1,inf
74525,1,inf
75012,1,inf
75249,1,inf
75441,1,inf
75546,1,inf
76103,1,inf
76555,1,inf
77583,1,inf
78567,1,inf
78737,1,inf
79669,1,inf
80088,1,inf
80296,1,inf
80476,1,inf
80545,1,inf
81339,1,inf
81379,1,inf
81417,1,inf
82142,1,inf
82186,1,inf
83270,1,inf
84139,1,inf
84631,1,inf
85004,1,inf
85203,1,inf
85209,1,inf
85591,1,inf
85699,1,inf
88569,1,inf
89694,1,inf
91719,1,inf
92060,1,inf
92425,1,inf
92599,1,inf
93627,1,inf
94093,1,inf
94305,1,inf
94802,1,inf
95017,1,inf
95622,1,inf
95731,1,inf
96278,1,inf
97043,1,inf
99101,1,inf
100436,1,inf
100474,1,inf
101069,1,inf
101070,1,inf
101110,1,inf
102227,1,inf
102987,1,inf
105987,1,inf
106280,1,inf
106366,1,inf
106406,1,inf
107404,1,inf
107827,1,inf
108827,1,inf
108834,1,inf
109850,1,inf
110165,1,inf
110215,1,inf
110491,1,inf
110719,1,inf
110857,1,inf
112102,1,inf
112331,1,inf
113033,1,inf
114303,1,inf
114893,1,inf
115054,1,inf
115366,1,inf
115508,1,inf
115982,1,inf
116113,1,inf
116258,1,inf
116280,1,inf
117025,1,inf
117729,1,inf
119133,1,inf
119188,1,inf
119507,1,inf
120670,1,inf
120693,1,inf
120693,1,inf
121034,1,inf
121097,1,inf
121726,1,inf
124682,1,inf
125561,1,inf
127199,1,inf
127647,1,inf
128168,1,inf
129792,1,inf
130247,1,inf
130433,1,inf
130494,1,inf
131000,1,inf
131790,1,inf
132015,1,inf
132415,1,inf
134299,1,inf
135088,1,inf
135113,1,inf
135930,1,inf
136245,1,inf
136928,1,inf
137017,1,inf
138086,1,inf
138377,1,inf
139742,1,inf
140036,1,inf
140051,1,inf
140131,1,inf
140162,1,inf
140353,1,inf
141759,1,inf
143039,1,inf
143180,1,inf
143543,1,inf
144747,1,inf
144950,1,inf
145062,1,inf
145804,1,inf
146002,1,inf
146273,1,inf
147080,1,inf
147128,1,inf
148110,1,inf
148345,1,inf
148604,1,inf
149027,1,inf
150025,1,inf
150278,1,inf
150415,1,inf
150755,1,inf
151325,1,inf
151412,1,inf
152986,1,inf
153147,1,inf
153195,1,inf
153459,1,inf
155200,1,inf
155224,1,inf
155599,1,inf
157497,1,inf
158517,1,inf
158724,1,inf
159318,1,inf
160013,1,inf
160050,1,inf
160233,1,inf
161244,1,inf
162539,1,inf
165043,1,inf
165566,1,inf
166178,1,inf
166186,1,inf
167614,1,inf
167893,1,inf
168086,1,inf
170066,1,inf
170512,1,inf
170729,1,inf
170774,1,inf
172508,1,inf
173177,1,inf
173225,1,inf
173314,1,inf
173431,1,inf
174076,1,inf
174268,1,inf
175234,1,inf
175285,1,inf
175424,1,inf
175522,1,inf
176006,1,inf
176606,1,inf
177331,1,inf
178186,1,inf
178568,1,inf
179299,1,inf
179352,1,inf
180161,1,inf
180311,1,inf
180704,1,inf
180794,1,inf
182675,1,inf
182898,1,inf
183953,1,inf
183988,1,inf
184601,1,inf
185083,1,inf
186182,1,inf
187784,1,inf
188387,1,inf
189138,1,inf
191215,1,inf
191348,1,inf
192181,1,inf
193836,1,inf
194535,1,inf
195197,1,inf
195346,1,inf
196229,1,inf
197156,1,inf
198096,1,inf
198106,1,inf
199851,1,inf
200164,1,inf
200306,1,inf
200665,1,inf
200699,1,inf
201429,1,inf
202004,1,inf
202353,1,inf
202541,1,inf
203287,1,inf
203607,1,inf
204096,1,inf
204453,1,inf
205240,1,inf
205572,1,inf
205830,1,inf
206066,1,inf
206091,1,inf
206196,1,inf
207971,1,inf
208200,1,inf
208828,1,inf
209050,1,inf
209128,1,inf
209786,1,inf
210152,1,inf
210219,1,inf
210585,1,inf
211159,1,inf
211331,1,inf
211360,1,inf
212003,1,inf
212404,1,inf
214268,1,inf
215002,1,inf
215125,1,inf
215178,1,inf
215242,1,inf
215284,1,inf
215879,1,inf
216044,1,inf
216091,1,inf
218382,1,inf
220472,1,inf
220570,1,inf
220628,1,inf
221243,1,inf
222277,1,inf
223327,1,inf
224404,1,inf
226437,1,inf
226903,1,inf
227017,1,inf
227633,1,inf
227778,1,inf
227876,1,inf
228308,1,inf
228900,1,inf
229603,1,inf
229850,1,inf
230248,1,inf
230313,1,inf
230653,1,inf
230769,1,inf
231053,1,inf
231480,1,inf
232015,1,inf
233421,1,inf
233596,1,inf
234458,1,inf
235081,1,inf
235272,1,inf
235629,1,inf
236019,1,inf
236454,1,inf
236483,1,inf
237121,1,inf
237282,1,inf
238350,1,inf
238720,1,inf
239047,1,inf
239358,1,inf
240174,1,inf
240792,1,inf
240854,1,inf
240885,1,inf
241289,1,inf
241557,1,inf
242466,1,inf
243018,1,inf
243316,1,inf
244226,1,inf
244261,1,inf
245170,1,inf
245497,1,inf
245783,1,inf
245885,1,inf
246513,1,inf
247205,1,inf
247233,1,inf
247413,1,inf
248125,1,inf
250189,1,inf
250271,1,inf
250502,1,inf
252368,1,inf
254641,1,inf
255161,1,inf
255231,1,inf
255421,1,inf
256402,1,inf
256657,1,inf
257415,1,inf
257899,1,inf
258189,1,inf
259700,1,inf
261377,1,inf
261734,1,inf
261784,1,inf
262423,1,inf
262502,1,inf
263264,1,inf
263283,1,inf
264056,1,inf
264285,1,inf
265387,1,inf
265510,1,inf
265522,1,inf
265599,1,inf
266419,1,inf
267261,1,inf
268079,1,inf
268460,1,inf
269084,1,inf
269121,1,inf
269513,1,inf
270175,1,inf
270396,1,inf
270569,1,inf
270629,1,inf
271310,1,inf
271980,1,inf
272736,1,inf
273547,1,inf
274478,1,inf
275036,1,inf
275324,1,inf
275480,1,inf
275649,1,inf
275866,1,inf
276768,1,inf
276811,1,inf
278981,1,inf
280192,1,inf
280290,1,inf
280612,1,inf
281185,1,inf
281528,1,inf
282115,1,inf
283372,1,inf
284210,1,inf
285112,1,inf
285276,1,inf
285344,1,inf
286605,1,inf
287703,1,inf
289616,1,inf
290033,1,inf
290521,1,inf
290771,1,inf
292216,1,inf
293277,1,inf
294111,1,inf
294553,1,inf
295140,1,inf
295254,1,inf
295791,1,inf
297795,1,inf
297878,1,inf
298028,1,inf
298411,1,inf
298784,1,inf
299098,1,inf
299317,1,inf
300302,1,inf
300545,1,inf
300962,1,inf
301047,1,inf
301157,1,inf
301260,1,inf
303743,1,inf
303807,1,inf
304181,1,inf
304842,1,inf
305350,1,inf
305637,1,inf
305934,1,inf
306227,1,inf
306227,1,inf
306262,1,inf
307485,1,inf
308250,1,inf
309573,1,inf
310153,1,inf
310178,1,inf
310190,1,inf
310247,1,inf
310444,1,inf
310766,1,inf
311581,1,inf
313229,1,inf
315733,1,inf
315879,1,inf
316021,1,inf
316454,1,inf
317124,1,inf
319915,1,inf
320096,1,inf
320289,1,inf
320925,1,inf
321155,1,inf
322973,1,inf
323782,1,inf
324247,1,inf
324316,1,inf
324910,1,inf
325339,1,inf
327048,1,inf
327173,1,inf
328006,1,inf
328300,1,inf
329122,1,inf
329953,1,inf
330116,1,inf
330283,1,inf
330598,1,inf
330721,1,inf
331424,1,inf
331486,1,inf
332376,1,inf
332706,1,inf
333841,1,inf
334014,1,inf
334079,1,inf
335054,1,inf
335417,1,inf
335552,1,inf
335555,1,inf
336668,1,inf
336960,1,inf
337376,1,inf
337542,1,inf
337728,1,inf
338919,1,inf
339015,1,inf
339084,1,inf
339373,1,inf
339455,1,inf
340009,1,inf
340097,1,inf
340276,1,inf
342506,1,inf
343989,1,inf
344096,1,inf
344528,1,inf
344637,1,inf
345888,1,inf
346190,1,inf
346209,1,inf
347179,1,inf
347862,1,inf
348566,1,inf
349222,1,inf
349672,1,inf
349703,1,inf
351214,1,inf
352056,1,inf
354089,1,inf
354205,1,inf
354298,1,inf
356326,1,inf
358344,1,inf
358442,1,inf
359113,1,inf
359233,1,inf
359362,1,inf
359363,1,inf
360528,1,inf
360797,1,inf
361152,1,inf
361191,1,inf
362145,1,inf
362188,1,inf
363290,1,inf
363609,1,inf
364783,1,inf
365046,1,inf
365218,1,inf
365457,1,inf
365543,1,inf
365596,1,inf
366630,1,inf
366827,1,inf
367085,1,inf
367407,1,inf
368388,1,inf
368452,1,inf
369077,1,inf
369199,1,inf
369331,1,inf
369423,1,inf
371804,1,inf
372242,1,inf
372602,1,inf
373009,1,inf
373056,1,inf
373596,1,inf
374686,1,inf
374950,1,inf
375691,1,inf
377624,1,inf
378095,1,inf
379078,1,inf
379478,1,inf
379630,1,inf
380195,1,inf
381004,1,inf
384150,1,inf
385077,1,inf
385509,1,inf
388963,1,inf
389158,1,inf
389562,1,inf
389803,1,inf
390853,1,inf
390868,1,inf
391504,1,inf
391614,1,inf
391856,1,inf
392234,1,inf
392252,1,inf
392365,1,inf
393854,1,inf
394169,1,inf
394262,1,inf
394321,1,inf
394703,1,inf
394804,1,inf
395140,1,inf
395367,1,inf
396215,1,inf
396742,1,inf
397616,1,inf
399129,1,inf
399597,1,inf
399891,1,inf
400140,1,inf
400388,1,inf
401354,1,inf
401485,1,inf
402695,1,inf
402942,1,inf
403025,1,inf
403306,1,inf
404394,1,inf
404430,1,inf
404548,1,inf
404724,1,inf
405406,1,inf
406032,1,inf
409189,1,inf
409256,1,inf
409973,1,inf
411524,1,inf
412386,1,inf
414049,1,inf
414428,1,inf
414947,1,inf
415218,1,inf
416689,1,inf
417811,1,inf
420506,1,inf
420547,1,inf
420623,1,inf
421552,1,inf
423631,1,inf
423748,1,inf
424266,1,inf
424327,1,inf
424660,1,inf
424686,1,inf
425324,1,inf
425936,1,inf
427014,1,inf
427331,1,inf
429055,1,inf
429229,1,inf
429240,1,inf
429322,1,inf
429400,1,inf
430101,1,inf
430658,1,inf
431450,1,inf
432040,1,inf
432535,1,inf
433065,1,inf
433240,1,inf
433696,1,inf
434307,1,inf
434390,1,inf
434423,1,inf
434441,1,inf
435085,1,inf
435714,1,inf
436047,1,inf
437027,1,inf
437121,1,inf
439248,1,inf
439611,1,inf
439933,1,inf
441673,1,inf
442286,1,inf
444442,1,inf
444568,1,inf
444645,1,inf
445906,1,inf
446125,1,inf
448485,1,inf
449212,1,inf
449345,1,inf
449697,1,inf
453773,1,inf
454021,1,inf
454213,1,inf
454309,1,inf
454359,1,inf
455213,1,inf
455579,1,inf
455943,1,inf
456356,1,inf
457006,1,inf
457256,1,inf
457598,1,inf
457696,1,inf
458197,1,inf
458747,1,inf
459188,1,inf
459321,1,inf
459356,1,inf
459385,1,inf
460631,1,inf
460635,1,inf
461289,1,inf
461554,1,inf
462319,1,inf
463048,1,inf
463081,1,inf
463208,1,inf
464820,1,inf
465019,1,inf
465134,1,inf
465145,1,inf
465501,1,inf
465653,1,inf
466504,1,inf
466761,1,inf
467170,1,inf
467727,1,inf
468128,1,inf
468130,1,inf
469122,1,inf
469551,1,inf
470008,1,inf
471134,1,inf
472865,1,inf
473087,1,inf
474285,1,inf
474318,1,inf
474907,1,inf
475728,1,inf
476574,1,inf
477153,1,inf
478336,1,inf
479026,1,inf
479093,1,inf
479778,1,inf
481627,1,inf
481879,1,inf
482191,1,inf
482258,1,inf
483562,1,inf
484040,1,inf
484273,1,inf
484589,1,inf
484635,1,inf
486400,1,inf
486425,1,inf
486974,1,inf
487735,1,inf
488021,1,inf
488433,1,inf
488721,1,inf
489101,1,inf
489493,1,inf
490266,1,inf
490291,1,inf
490291,1,inf
491405,1,inf
491743,1,inf
492083,1,inf
492413,1,inf
493046,1,inf
493158,1,inf
493249,1,inf
494064,1,inf
494276,1,inf
494985,1,inf
495006,1,inf
495138,1,inf
495192,1,inf
496230,1,inf
496650,1,inf
497683,1,inf
498183,1,inf
498547,1,inf
499016,1,inf
499642,1,inf
500065,1,inf
500183,1,inf
500643,1,inf
502306,1,inf
504156,1,inf
504369,1,inf
504677,1,inf
505166,1,inf
507789,1,inf
509037,1,inf
509434,1,inf
509671,1,inf
511188,1,inf
512448,1,inf
514245,1,inf
514276,1,inf
514347,1,inf
516419,1,inf
516601,1,inf
517126,1,inf
517494,1,inf
518243,1,inf
519017,1,inf
519066,1,inf
519434,1,inf
519561,1,inf
520051,1,inf
520093,1,inf
521287,1,inf
521460,1,inf
522146,1,inf
522524,1,inf
524072,1,inf
524296,1,inf
525023,1,inf
525262,1,inf
525455,1,inf
525570,1,inf
525882,1,inf
526107,1,inf
526296,1,inf
526313,1,inf
527223,1,inf
527512,1,inf
528603,1,inf
528610,1,inf
529326,1,inf
529973,1,inf
530153,1,inf
530282,1,inf
530642,1,inf
530674,1,inf
531077,1,inf
531385,1,inf
533182,1,inf
534798,1,inf
534966,1,inf
535064,1,inf
535109,1,inf
535146,1,inf
536523,1,inf
537062,1,inf
538181,1,inf
539436,1,inf
540172,1,inf
540203,1,inf
541099,1,inf
544134,1,inf
544564,1,inf
544689,1,inf
545482,1,inf
547121,1,inf
547638,1,inf
549027,1,inf
549585,1,inf
549817,1,inf
549838,1,inf
550327,1,inf
551396,1,inf
551634,1,inf
552050,1,inf
552345,1,inf
553073,1,inf
553073,1,inf
553672,1,inf
554166,1,inf
554196,1,inf
554658,1,inf
554749,1,inf
555096,1,inf
555167,1,inf
555622,1,inf
556953,1,inf
557753,1,inf
558349,1,inf
558923,1,inf
559418,1,inf
559463,1,inf
559577,1,inf
559638,1,inf
559885,1,inf
560278,1,inf
561101,1,inf
561889,1,inf
562330,1,inf
562789,1,inf
563152,1,inf
564141,1,inf
564196,1,inf
564222,1,inf
565312,1,inf
567130,1,inf
568996,1,inf
569127,1,inf
569255,1,inf
569315,1,inf
570740,1,inf
573455,1,inf
573455,1,inf
574012,1,inf
574850,1,inf
575218,1,inf
575272,1,inf
577013,1,inf
578197,1,inf
578868,1,inf
579087,1,inf
579239,1,inf
579484,1,inf
579853,1,inf
580274,1,inf
580739,1,inf
581217,1,inf
581434,1,inf
583231,1,inf
583465,1,inf
584126,1,inf
584152,1,inf
584338,1,inf
585113,1,inf
585186,1,inf
586006,1,inf
586384,1,inf
586826,1,inf
587320,1,inf
587396,1,inf
588142,1,inf
588323,1,inf
589121,1,inf
589939,1,inf
590342,1,inf
590560,1,inf
590627,1,inf
590643,1,inf
592766,1,inf
592916,1,inf
593142,1,inf
593368,1,inf
593987,1,inf
594096,1,inf
594245,1,inf
594349,1,inf
594627,1,inf
595904,1,inf
597505,1,inf
598274,1,inf
599266,1,inf
599863,1,inf
599927,1,inf
602458,1,inf
603857,1,inf
604076,1,inf
604418,1,inf
605354,1,inf
607055,1,inf
608103,1,inf
609303,1,inf
610959,1,inf
610990,1,inf
611316,1,inf
611338,1,inf
611837,1,inf
613448,1,inf
613599,1,inf
614056,1,inf
614266,1,inf
614549,1,inf
614604,1,inf
615054,1,inf
615184,1,inf
616284,1,inf
616939,1,inf
617241,1,inf
617259,1,inf
618031,1,inf
618338,1,inf
619164,1,inf
619291,1,inf
619768,1,inf
619981,1,inf
620156,1,inf
620185,1,inf
621799,1,inf
622054,1,inf
622325,1,inf
622653,1,inf
623186,1,inf
624043,1,inf
624383,1,inf
624541,1,inf
624549,1,inf
625573,1,inf
625834,1,inf
626820,1,inf
627101,1,inf
628030,1,inf
629023,1,inf
629182,1,inf
629287,1,inf
630948,1,inf
631026,1,inf
631437,1,inf
632134,1,inf
632145,1,inf
632328,1,inf
633379,1,inf
634228,1,inf
634365,1,inf
634452,1,inf
635102,1,inf
636214,1,inf
639177,1,inf
640465,1,inf
642074,1,inf
642323,1,inf
643171,1,inf
643978,1,inf
644053,1,inf
644127,1,inf
645488,1,inf
645499,1,inf
646192,1,inf
646593,1,inf
647150,1,inf
647424,1,inf
648012,1,inf
648262,1,inf
649216,1,inf
649792,1,inf
649952,1,inf
650069,1,inf
650248,1,inf
650450,1,inf
651745,1,inf
652915,1,inf
653035,1,inf
653061,1,inf
653723,1,inf
654007,1,inf
654379,1,inf
655029,1,inf
655111,1,inf
655642,1,inf
656410,1,inf
656574,1,inf
657063,1,inf
657285,1,inf
658474,1,inf
659307,1,inf
659920,1,inf
659957,1,inf
660364,1,inf
661010,1,inf
662333,1,inf
664283,1,inf
664805,1,inf
665290,1,inf
668071,1,inf
669359,1,inf
669655,1,inf
669782,1,inf
670636,1,inf
673204,1,inf
674039,1,inf
674044,1,inf
674095,1,inf
674098,1,inf
674267,1,inf
675296,1,inf
675373,1,inf
676448,1,inf
676487,1,inf
677069,1,inf
677243,1,inf
678424,1,inf
679380,1,inf
679442,1,inf
679489,1,inf
679624,1,inf
680126,1,inf
681369,1,inf
681768,1,inf
682597,1,inf
683543,1,inf
683686,1,inf
684012,1,inf
684590,1,inf
684906,1,inf
684950,1,inf
684993,1,inf
685318,1,inf
685745,1,inf
686082,1,inf
686980,1,inf
687075,1,inf
687438,1,inf
689097,1,inf
689215,1,inf
689226,1,inf
689345,1,inf
690039,1,inf
691267,1,inf
692234,1,inf
693714,1,inf
693882,1,inf
694112,1,inf
694891,1,inf
694895,1,inf
694898,1,inf
695192,1,inf
695291,1,inf
696966,1,inf
697328,1,inf
698623,1,inf
699181,1,inf
699402,1,inf
700064,1,inf
701859,1,inf
703209,1,inf
704924,1,inf
704994,1,inf
705311,1,inf
705380,1,inf
705387,1,inf
706623,1,inf
706848,1,inf
706924,1,inf
707999,1,inf
708172,1,inf
708290,1,inf
708311,1,inf
709077,1,inf
709799,1,inf
710177,1,inf
710299,1,inf
710733,1,inf
711622,1,inf
712733,1,inf
712971,1,inf
713182,1,inf
714178,1,inf
714335,1,inf
714354,1,inf
714434,1,inf
714919,1,inf
715371,1,inf
715656,1,inf
716458,1,inf
717446,1,inf
718032,1,inf
718333,1,inf
718463,1,inf
719096,1,inf
719137,1,inf
719181,1,inf
719191,1,inf
720266,1,inf
720288,1,inf
721147,1,inf
721317,1,inf
722451,1,inf
723537,1,inf
724869,1,inf
724934,1,inf
725655,1,inf
725701,1,inf
726151,1,inf
727165,1,inf
728896,1,inf
729520,1,inf
729628,1,inf
729681,1,inf
733980,1,inf
734143,1,inf
734204,1,inf
734227,1,inf
735248,1,inf
736381,1,inf
737446,1,inf
738391,1,inf
738532,1,inf
738578,1,inf
739158,1,inf
739257,1,inf
739258,1,inf
739410,1,inf
741039,1,inf
741057,1,inf
741199,1,inf
742499,1,inf
743328,1,inf
743344,1,inf
743851,1,inf
744167,1,inf
744245,1,inf
744281,1,inf
744496,1,inf
745214,1,inf
745366,1,inf
746109,1,inf
746156,1,inf
748193,1,inf
748439,1,inf
749818,1,inf
749890,1,inf
749896,1,inf
750031,1,inf
750063,1,inf
750676,1,inf
752119,1,inf
752174,1,inf
753209,1,inf
753334,1,inf
753365,1,inf
754076,1,inf
754092,1,inf
754095,1,inf
754175,1,inf
757063,1,inf
757362,1,inf
758680,1,inf
759335,1,inf
759495,1,inf
760038,1,inf
761932,1,inf
762328,1,inf
763032,1,inf
764389,1,inf
764571,1,inf
765289,1,inf
765826,1,inf
766948,1,inf
767087,1,inf
768131,1,inf
768189,1,inf
769163,1,inf
769257,1,inf
769497,1,inf
769599,1,inf
770117,1,inf
770132,1,inf
771015,1,inf
771080,1,inf
772005,1,inf
772211,1,inf
773390,1,inf
773746,1,inf
774014,1,inf
774077,1,inf
774377,1,inf
774452,1,inf
775154,1,inf
775344,1,inf
777156,1,inf
777917,1,inf
777943,1,inf
778171,1,inf
778303,1,inf
779094,1,inf
779629,1,inf
779632,1,inf
780100,1,inf
780300,1,inf
781263,1,inf
782082,1,inf
782118,1,inf
783099,1,inf
784063,1,inf
784148,1,inf
784290,1,inf
784511,1,inf
784809,1,inf
785237,1,inf
786281,1,inf
788976,1,inf
789380,1,inf
789586,1,inf
790265,1,inf
790510,1,inf
790619,1,inf
791920,1,inf
794201,1,inf
794587,1,inf
794621,1,inf
795633,1,inf
796181,1,inf
797591,1,inf
799011,1,inf
799022,1,inf
799283,1,inf
800145,1,inf
800499,1,inf
801898,1,inf
802513,1,inf
802532,1,inf
802751,1,inf
803114,1,inf
804000,1,inf
804104,1,inf
804258,1,inf
804441,1,inf
804551,1,inf
805041,1,inf
805255,1,inf
806376,1,inf
806459,1,inf
807627,1,inf
808299,1,inf
808485,1,inf
808759,1,inf
809024,1,inf
809161,1,inf
809261,1,inf
809690,1,inf
811050,1,inf
811143,1,inf
811174,1,inf
812114,1,inf
812557,1,inf
813145,1,inf
813482,1,inf
814580,1,inf
815043,1,inf
815260,1,inf
815396,1,inf
816061,1,inf
816293,1,inf
817679,1,inf
817933,1,inf
818423,1,inf
819657,1,inf
820141,1,inf
820321,1,inf
821409,1,inf
821433,1,inf
822964,1,inf
823086,1,inf
824452,1,inf
824543,1,inf
824603,1,inf
826550,1,inf
827993,1,inf
829106,1,inf
829803,1,inf
829901,1,inf
830304,1,inf
831154,1,inf
831325,1,inf
832196,1,inf
832598,1,inf
833027,1,inf
833052,1,inf
834086,1,inf
834128,1,inf
834336,1,inf
834524,1,inf
835005,1,inf
836813,1,inf
837349,1,inf
837786,1,inf
838032,1,inf
838414,1,inf
839007,1,inf
839056,1,inf
839612,1,inf
839692,1,inf
840277,1,inf
840526,1,inf
841469,1,inf
842843,1,inf
842910,1,inf
843388,1,inf
843709,1,inf
844048,1,inf
844066,1,inf
844417,1,inf
844447,1,inf
846286,1,inf
846626,1,inf
847367,1,inf
847428,1,inf
847529,1,inf
849272,1,inf
849328,1,inf
849466,1,inf
851360,1,inf
852315,1,inf
854938,1,inf
855442,1,inf
855482,1,inf
856505,1,inf
858548,1,inf
859003,1,inf
859513,1,inf
859661,1,inf
860177,1,inf
861832,1,inf
862515,1,inf
864464,1,inf
864743,1,inf
865030,1,inf
865059,1,inf
865239,1,inf
865356,1,inf
865995,1,inf
866223,1,inf
866718,1,inf
867249,1,inf
868386,1,inf
868510,1,inf
869074,1,inf
869092,1,inf
869439,1,inf
869561,1,inf
870043,1,inf
870122,1,inf
871049,1,inf
871188,1,inf
872089,1,inf
873705,1,inf
873758,1,inf
874073,1,inf
874438,1,inf
874509,1,inf
874552,1,inf
875989,1,inf
876134,1,inf
876392,1,inf
876811,1,inf
877160,1,inf
877475,1,inf
877772,1,inf
878288,1,inf
878986,1,inf
880349,1,inf
880981,1,inf
881143,1,inf
882614,1,inf
884550,1,inf
884986,1,inf
885079,1,inf
886779,1,inf
887744,1,inf
889591,1,inf
890108,1,inf
890149,1,inf
890934,1,inf
893472,1,inf
894637,1,inf
895017,1,inf
895046,1,inf
895168,1,inf
895468,1,inf
895888,1,inf
896558,1,inf
896738,1,inf
897537,1,inf
897771,1,inf
898553,1,inf
898857,1,inf
899331,1,inf
899338,1,inf
899447,1,inf
899734,1,inf
900345,1,inf
900539,1,inf
901996,1,inf
902156,1,inf
902210,1,inf
902314,1,inf
903131,1,inf
903409,1,inf
904012,1,inf
904153,1,inf
904433,1,inf
905091,1,inf
905168,1,inf
906434,1,inf
906486,1,inf
907404,1,inf
907496,1,inf
908027,1,inf
909202,1,inf
909330,1,inf
909665,1,inf
910033,1,inf
910441,1,inf
910544,1,inf
912200,1,inf
913065,1,inf
914444,1,inf
914490,1,inf
915075,1,inf
915219,1,inf
915682,1,inf
916200,1,inf
917172,1,inf
919075,1,inf
919353,1,inf
919625,1,inf
920135,1,inf
921859,1,inf
922525,1,inf
923870,1,inf
924027,1,inf
924318,1,inf
924395,1,inf
926220,1,inf
926783,1,inf
927037,1,inf
927135,1,inf
928532,1,inf
928761,1,inf
929333,1,inf
929978,1,inf
930122,1,inf
930237,1,inf
930480,1,inf
930641,1,inf
931205,1,inf
932241,1,inf
932470,1,inf
933398,1,inf
933565,1,inf
934219,1,inf
934414,1,inf
934441,1,inf
934791,1,inf
935786,1,inf
936352,1,inf
936402,1,inf
936887,1,inf
937230,1,inf
937451,1,inf
938292,1,inf
938461,1,inf
939428,1,inf
939560,1,inf
939592,1,inf
940063,1,inf
940312,1,inf
940799,1,inf
940961,1,inf
941753,1,inf
941824,1,inf
942519,1,inf
943041,1,inf
944729,1,inf
944782,1,inf
945940,1,inf
948085,1,inf
949074,1,inf
949235,1,inf
949259,1,inf
950547,1,inf
952137,1,inf
953368,1,inf
954013,1,inf
954286,1,inf
954484,1,inf
956618,1,inf
957687,1,inf
957744,1,inf
958277,1,inf
958295,1,inf
959087,1,inf
959213,1,inf
959243,1,inf
959270,1,inf
960249,1,inf
960464,1,inf
961401,1,inf
961714,1,inf
962170,1,inf
962703,1,inf
963166,1,inf
963919,1,inf
964005,1,inf
964338,1,inf
964350,1,inf
964440,1,inf
964600,1,inf
966648,1,inf
966723,1,inf
967336,1,inf
967369,1,inf
968189,1,inf
968269,1,inf
969332,1,inf
969884,1,inf
970104,1,inf
970119,1,inf
970788,1,inf
970821,1,inf
971061,1,inf
971682,1,inf
972324,1,inf
973069,1,inf
973396,1,inf
974368,1,inf
974863,1,inf
974957,1,inf
978096,1,inf
979437,1,inf
979457,1,inf
979648,1,inf
980321,1,inf
981070,1,inf
982560,1,inf
984448,1,inf
984755,1,inf
984827,1,inf
985994,1,inf
987213,1,inf
988345,1,inf
989163,1,inf
989711,1,inf
990506,1,inf
990591,1,inf
990632,1,inf
990928,1,inf
991325,1,inf
991334,1,inf
992227,1,inf
992532,1,inf
993004,1,inf
993795,1,inf
994145,1,inf
994244,1,inf
994540,1,inf
994634,1,inf
994707,1,inf
994826,1,inf
995002,1,inf
995121,1,inf
995131,1,inf
996483,1,inf
997083,1,inf
997272,1,inf
999343,1,inf
999457,1,inf
1000248,1,inf
1000400,1,inf
1000812,1,inf
1000870,1,inf
1001908,1,inf
1002054,1,inf
1003038,1,inf
1004481,1,inf
1004634,1,inf
1005850,1,inf
1008747,1,inf
1009249,1,inf
1009543,1,inf
1010028,1,inf
1010305,1,inf
1010465,1,inf
1012304,1,inf
1013612,1,inf
1014066,1,inf
1014290,1,inf
1014969,1,inf
1015600,1,inf
1016328,1,inf
1017555,1,inf
1018110,1,inf
1019259,1,inf
1020381,1,inf
1021634,1,inf
1021856,1,inf
1022075,1,inf
1022181,1,inf
1023284,1,inf
1023318,1,inf
1024141,1,inf
1024286,1,inf
1024813,1,inf
1024821,1,inf
1025308,1,inf
1025972,1,inf
1026040,1,inf
1026275,1,inf
1026854,1,inf
1027424,1,inf
1028929,1,inf
1029333,1,inf
1029442,1,inf
1030133,1,inf
1030497,1,inf
1030549,1,inf
1031215,1,inf
1032196,1,inf
1032688,1,inf
1033089,1,inf
1034020,1,inf
1034291,1,inf
1034366,1,inf
1034555,1,inf
1035754,1,inf
1035805,1,inf
1036064,1,inf
1036315,1,inf
1037638,1,inf
1039532,1,inf
1039928,1,inf
1040093,1,inf
1040377,1,inf
1042153,1,inf
1043310,1,inf
1044048,1,inf
1044288,1,inf
1044336,1,inf
1046882,1,inf
1049422,1,inf
1049477,1,inf
1049732,1,inf
1049923,1,inf
1050124,1,inf
1052124,1,inf
1053477,1,inf
1053503,1,inf
1054321,1,inf
1054696,1,inf
1055121,1,inf
1055225,1,inf
1055755,1,inf
1056299,1,inf
1056308,1,inf
1056347,1,inf
1057019,1,inf
1057131,1,inf
1057371,1,inf
1058464,1,inf
1058517,1,inf
1058779,1,inf
1059895,1,inf
1060000,1,inf
1060121,1,inf
1060146,1,inf
1060466,1,inf
1060835,1,inf
1061098,1,inf
1061700,1,inf
1061757,1,inf
1063353,1,inf
1063628,1,inf
1063945,1,inf
1064108,1,inf
1064461,1,inf
1064851,1,inf
1065132,1,inf
1065844,1,inf
1066389,1,inf
1066792,1,inf
1066794,1,inf
1066827,1,inf
1067591,1,inf
1067696,1,inf
1068669,1,inf
1069251,1,inf
1069428,1,inf
1069833,1,inf
1070713,1,inf
1071589,1,inf
1072624,1,inf
1073565,1,inf
1073628,1,inf
1074042,1,inf
1074286,1,inf
1074513,1,inf
1076016,1,inf
1077692,1,inf
1079092,1,inf
1079492,1,inf
1079947,1,inf
1080632,1,inf
1081266,1,inf
1082321,1,inf
1083131,1,inf
1084698,1,inf
1084735,1,inf
1084874,1,inf
1084997,1,inf
1085794,1,inf
1085812,1,inf
1086443,1,inf
1086714,1,inf
1087702,1,inf
1088401,1,inf
1088490,1,inf
1089016,1,inf
1089080,1,inf
1089196,1,inf
1089335,1,inf
1089566,1,inf
1090104,1,inf
1090746,1,inf
1091215,1,inf
1091230,1,inf
1091960,1,inf
1092049,1,inf
1092340,1,inf
1093124,1,inf
1093375,1,inf
1094121,1,inf
1094225,1,inf
1094790,1,inf
1094955,1,inf
1095549,1,inf
1095720,1,inf
1096138,1,inf
1096285,1,inf
1097731,1,inf
1098363,1,inf
1098537,1,inf
1098903,1,inf
1099010,1,inf
1099739,1,inf
1099959,1,inf
1101774,1,inf
1102294,1,inf
1104115,1,inf
1105043,1,inf
1105744,1,inf
1106069,1,inf
1108163,1,inf
1109569,1,inf
1110005,1,inf
1110030,1,inf
1110234,1,inf
1111554,1,inf
1111823,1,inf
1112280,1,inf
1113047,1,inf
1113198,1,inf
1115288,1,inf
1115903,1,inf
1116560,1,inf
1117139,1,inf
1117561,1,inf
1117849,1,inf
1118698,1,inf
1118733,1,inf
1119345,1,inf
1119527,1,inf
1119745,1,inf
1120008,1,inf
1121320,1,inf
1121378,1,inf
1121394,1,inf
1122117,1,inf
1122560,1,inf
1123113,1,inf
1123223,1,inf
1124082,1,inf
1124104,1,inf
1124242,1,inf
1124340,1,inf
1124410,1,inf
1125333,1,inf
1125712,1,inf
1127192,1,inf
1127915,1,inf
1129263,1,inf
1129378,1,inf
1129523,1,inf
1129541,1,inf
1129972,1,inf
1130104,1,inf
1130826,1,inf
1132192,1,inf
1132968,1,inf
1134210,1,inf
1134598,1,inf
1134705,1,inf
1136964,1,inf
1137200,1,inf
1137500,1,inf
1137661,1,inf
1138302,1,inf
1139513,1,inf
1139637,1,inf
1139728,1,inf
1140131,1,inf
1140278,1,inf
1141033,1,inf
1141730,1,inf
1142147,1,inf
1142361,1,inf
1143880,1,inf
1144664,1,inf
1144733,1,inf
1144898,1,inf
1145383,1,inf
1146301,1,inf
1146583,1,inf
1148038,1,inf
1148415,1,inf
1148685,1,inf
1149161,1,inf
1149548,1,inf
1149993,1,inf
1150220,1,inf
1150417,1,inf
1150709,1,inf
1152138,1,inf
1152610,1,inf
1152893,1,inf
1153823,1,inf
1154069,1,inf
1154249,1,inf
1154705,1,inf
1154758,1,inf
1155296,1,inf
1155402,1,inf
1156427,1,inf
1156464,1,inf
1156807,1,inf
1157097,1,inf
1157922,1,inf
1158178,1,inf
1158420,1,inf
1159157,1,inf
1159261,1,inf
1159312,1,inf
1159387,1,inf
1160021,1,inf
1160030,1,inf
1161471,1,inf
1162256,1,inf
1162350,1,inf
1162617,1,inf
1164305,1,inf
1164543,1,inf
1165097,1,inf
1168372,1,inf
1168550,1,inf
1170683,1,inf
1171076,1,inf
1171283,1,inf
1172131,1,inf
1172807,1,inf
1173317,1,inf
1173718,1,inf
1174245,1,inf
1174453,1,inf
1174559,1,inf
1175288,1,inf
1176136,1,inf
1177339,1,inf
1178928,1,inf
1179373,1,inf
1179565,1,inf
1179729,1,inf
1179796,1,inf
1180056,1,inf
1180220,1,inf
1181426,1,inf
1181554,1,inf
1182161,1,inf
1182597,1,inf
1183272,1,inf
1183363,1,inf
1184311,1,inf
1184460,1,inf
1184492,1,inf
1184705,1,inf
1185189,1,inf
1185939,1,inf
1186045,1,inf
1186138,1,inf
1186657,1,inf
1187247,1,inf
1187316,1,inf
1188005,1,inf
1188687,1,inf
1189126,1,inf
1189131,1,inf
1189145,1,inf
1189357,1,inf
1190191,1,inf
1190350,1,inf
1191247,1,inf
1191433,1,inf
1192146,1,inf
1193103,1,inf
1193446,1,inf
1194278,1,inf
1194870,1,inf
1195605,1,inf
1196653,1,inf
1197138,1,inf
1198490,1,inf
1199331,1,inf
1199906,1,inf
1200001,1,inf
1200226,1,inf
1202759,1,inf
1203303,1,inf
1204044,1,inf
1204073,1,inf
1204839,1,inf
1205193,1,inf
1206196,1,inf
1207953,1,inf
1209028,1,inf
1209472,1,inf
1209672,1,inf
1210200,1,inf
1211211,1,inf
1212009,1,inf
1212378,1,inf
1213289,1,inf
1213306,1,inf
1213628,1,inf
1214139,1,inf
1214339,1,inf
1214535,1,inf
1215405,1,inf
1215454,1,inf
1216301,1,inf
1216377,1,inf
1216739,1,inf
1217162,1,inf
1218739,1,inf
1219077,1,inf
1219581,1,inf
1219789,1,inf
1220559,1,inf
1221459,1,inf
1221869,1,inf
1222113,1,inf
1222154,1,inf
1223921,1,inf
1224022,1,inf
1224046,1,inf
1224383,1,inf
1224474,1,inf
1224538,1,inf
1225022,1,inf
1225905,1,inf
1226066,1,inf
1229071,1,inf
1229620,1,inf
1230017,1,inf
1230236,1,inf
1231045,1,inf
1231734,1,inf
1232191,1,inf
1232192,1,inf
1233630,1,inf
1234734,1,inf
1235026,1,inf
1235110,1,inf
1240061,1,inf
1240284,1,inf
1240307,1,inf
1241668,1,inf
1241762,1,inf
1242342,1,inf
1242666,1,inf
1243834,1,inf
1244313,1,inf
1244346,1,inf
1244917,1,inf
1245186,1,inf
1245410,1,inf
1245562,1,inf
1245880,1,inf
1246806,1,inf
1246832,1,inf
1246986,1,inf
1247251,1,inf
1248073,1,inf
1248336,1,inf
1249029,1,inf
1249666,1,inf
1250465,1,inf
1250540,1,inf
1250572,1,inf
1251535,1,inf
1252003,1,inf
1252221,1,inf
1252721,1,inf
1253937,1,inf
1254002,1,inf
1254637,1,inf
1254655,1,inf
1254740,1,inf
1254779,1,inf
1255286,1,inf
1255960,1,inf
1256639,1,inf
1257196,1,inf
1257534,1,inf
1257639,1,inf
1258707,1,inf
1258735,1,inf
1259260,1,inf
1259264,1,inf
1259616,1,inf
1259780,1,inf
1260377,1,inf
1262818,1,inf
1262944,1,inf
1263111,1,inf
1263199,1,inf
1264305,1,inf
1264336,1,inf
1264577,1,inf
1264777,1,inf
1265266,1,inf
1267054,1,inf
1267439,1,inf
1267772,1,inf
1268144,1,inf
1268390,1,inf
1269428,1,inf
1269434,1,inf
1269559,1,inf
1270386,1,inf
1270995,1,inf
1271659,1,inf
1272251,1,inf
1273327,1,inf
1273983,1,inf
1274095,1,inf
1274273,1,inf
1274570,1,inf
1275082,1,inf
1275175,1,inf
1275251,1,inf
1275320,1,inf
1275495,1,inf
1276496,1,inf
1276564,1,inf
1276921,1,inf
1277358,1,inf
1277707,1,inf
1277772,1,inf
1279219,1,inf
1279222,1,inf
1279246,1,inf
1279252,1,inf
1279417,1,inf
1279591,1,inf
1280064,1,inf
1280682,1,inf
1281352,1,inf
1281421,1,inf
1281425,1,inf
1282454,1,inf
1283361,1,inf
1283540,1,inf
1284086,1,inf
1284166,1,inf
1284462,1,inf
1284672,1,inf
1285014,1,inf
1285023,1,inf
1285071,1,inf
1287014,1,inf
1287900,1,inf
1288320,1,inf
1288495,1,inf
1289183,1,inf
1289314,1,inf
1289555,1,inf
1289795,1,inf
1290394,1,inf
1291558,1,inf
1291616,1,inf
1292212,1,inf
1292339,1,inf
1293419,1,inf
1294605,1,inf
1295087,1,inf
1295148,1,inf
1295336,1,inf
1296602,1,inf
1296948,1,inf
1298044,1,inf
1298070,1,inf
1299393,1,inf
1299620,1,inf
1299908,1,inf
1300454,1,inf
1300656,1,inf
1301297,1,inf
1301618,1,inf
1302004,1,inf
1303387,1,inf
1304052,1,inf
1304639,1,inf
1304692,1,inf
1304955,1,inf
1305010,1,inf
1305020,1,inf
1307267,1,inf
1307489,1,inf
1308660,1,inf
1309070,1,inf
1309438,1,inf
1309591,1,inf
1309617,1,inf
1310635,1,inf
1310986,1,inf
1312204,1,inf
1312241,1,inf
1313112,1,inf
1313543,1,inf
1313856,1,inf
1314211,1,inf
1314410,1,inf
1315012,1,inf
1315018,1,inf
1315143,1,inf
1315722,1,inf
1316644,1,inf
1316888,1,inf
1317789,1,inf
1317911,1,inf
1318200,1,inf
1318300,1,inf
1319333,1,inf
1319793,1,inf
1319814,1,inf
1319943,1,inf
1320579,1,inf
1321491,1,inf
1321722,1,inf
1322736,1,inf
1323488,1,inf
1323984,1,inf
1324775,1,inf
1324996,1,inf
1325312,1,inf
1325433,1,inf
1325876,1,inf
1326026,1,inf
1326041,1,inf
1326152,1,inf
1326566,1,inf
1328619,1,inf
1328627,1,inf
1328872,1,inf
1329108,1,inf
1329209,1,inf
1329387,1,inf
1329761,1,inf
1330255,1,inf
1331061,1,inf
1331370,1,inf
1332314,1,inf
1332362,1,inf
1333023,1,inf
1333345,1,inf
1334146,1,inf
1334166,1,inf
1334446,1,inf
1335194,1,inf
1335395,1,inf
1335958,1,inf
1336522,1,inf
1336609,1,inf
1337478,1,inf
1337568,1,inf
1338163,1,inf
1338184,1,inf
1338693,1,inf
1338708,1,inf
1339264,1,inf
1339423,1,inf
1339543,1,inf
1340111,1,inf
1340121,1,inf
1340256,1,inf
1340328,1,inf
1340656,1,inf
1342170,1,inf
1342737,1,inf
1342751,1,inf
1342911,1,inf
1343051,1,inf
1343246,1,inf
1343722,1,inf
1344032,1,inf
1344220,1,inf
1344275,1,inf
1344304,1,inf
1345157,1,inf
1345500,1,inf
1345865,1,inf
1347015,1,inf
1347180,1,inf
1347403,1,inf
1347789,1,inf
1349120,1,inf
1349328,1,inf
1349396,1,inf
1349528,1,inf
1349565,1,inf
1349609,1,inf
1350667,1,inf
1351080,1,inf
1351089,1,inf
1351992,1,inf
1352262,1,inf
1352303,1,inf
1352346,1,inf
1352606,1,inf
1352675,1,inf
1353426,1,inf
1353495,1,inf
1353735,1,inf
1354045,1,inf
1354598,1,inf
1354633,1,inf
1354657,1,inf
1356380,1,inf
1357194,1,inf
1357265,1,inf
1358012,1,inf
1358081,1,inf
1359127,1,inf
1359193,1,inf
1359387,1,inf
1359718,1,inf
1360102,1,inf
1361584,1,inf
1362002,1,inf
1362107,1,inf
1362581,1,inf
1363084,1,inf
1364689,1,inf
1364762,1,inf
1365091,1,inf
1365163,1,inf
1365314,1,inf
1365596,1,inf
1366027,1,inf
1366763,1,inf
1367860,1,inf
1369425,1,inf
1369739,1,inf
1369795,1,inf
1369840,1,inf
1370206,1,inf
1370937,1,inf
1371310,1,inf
1371871,1,inf
1372466,1,inf
1373309,1,inf
1373927,1,inf
1374521,1,inf
1374533,1,inf
1374848,1,inf
1374974,1,inf
1375085,1,inf
1375300,1,inf
1375534,1,inf
1376010,1,inf
1376290,1,inf
1377291,1,inf
1377817,1,inf
1379283,1,inf
1379869,1,inf
1380015,1,inf
1380095,1,inf
1380104,1,inf
1380595,1,inf
1380898,1,inf
1381227,1,inf
1381253,1,inf
1382016,1,inf
1382332,1,inf
1383089,1,inf
1383158,1,inf
1383190,1,inf
1383290,1,inf
1383592,1,inf
1383648,1,inf
1384018,1,inf
1384203,1,inf
1384399,1,inf
1384455,1,inf
1384460,1,inf
1385244,1,inf
1385308,1,inf
1386006,1,inf
1386503,1,inf
1387621,1,inf
1387663,1,inf
1388192,1,inf
1389354,1,inf
1389568,1,inf
1389626,1,inf
1389706,1,inf
1389764,1,inf
1389779,1,inf
1390184,1,inf
1390266,1,inf
1390772,1,inf
1391064,1,inf
1391163,1,inf
1393359,1,inf
1393551,1,inf
1394101,1,inf
1394223,1,inf
1394548,1,inf
1394751,1,inf
1394862,1,inf
1395518,1,inf
1395741,1,inf
1396080,1,inf
1396278,1,inf
1396562,1,inf
1397073,1,inf
1397382,1,inf
1397930,1,inf
1398059,1,inf
1398307,1,inf
1398381,1,inf
1399186,1,inf
1399571,1,inf
1399657,1,inf
1399718,1,inf
1400113,1,inf
1400167,1,inf
1400260,1,inf
1400425,1,inf
1401047,1,inf
1401191,1,inf
1401248,1,inf
1402024,1,inf
1402591,1,inf
1402915,1,inf
1403392,1,inf
1404050,1,inf
1404139,1,inf
1404219,1,inf
1404453,1,inf
1404680,1,inf
1404844,1,inf
1405122,1,inf
1405122,1,inf
1405319,1,inf
1405432,1,inf
1405506,1,inf
1405767,1,inf
1405904,1,inf
1406217,1,inf
1406304,1,inf
1406386,1,inf
1406491,1,inf
1406611,1,inf
1407048,1,inf
1407191,1,inf
1408032,1,inf
1408090,1,inf
1408144,1,inf
1408384,1,inf
1408457,1,inf
1408544,1,inf
1409046,1,inf
1409173,1,inf
1409268,1,inf
1409515,1,inf
1409852,1,inf
1409933,1,inf
1410140,1,inf
1410247,1,inf
1411040,1,inf
1411502,1,inf
1412046,1,inf
1412155,1,inf
1412460,1,inf
1412492,1,inf
1413062,1,inf
1413285,1,inf
1413638,1,inf
1414130,1,inf
1414164,1,inf
1414466,1,inf
1414552,1,inf
1414572,1,inf
1414950,1,inf
1415450,1,inf
1415450,1,inf
1415637,1,inf
1416038,1,inf
1416109,1,inf
1416198,1,inf
1416418,1,inf
1416531,1,inf
1417377,1,inf
1417804,1,inf
1417859,1,inf
1418260,1,inf
1418305,1,inf
1419807,1,inf
1419845,1,inf
1420001,1,inf
1420133,1,inf
1420752,1,inf
1420816,1,inf
1421254,1,inf
1422109,1,inf
1422240,1,inf
1424583,1,inf
1424927,1,inf
1425207,1,inf
1425396,1,inf
1425595,1,inf
1425620,1,inf
1425653,1,inf
1426002,1,inf
1426072,1,inf
1426216,1,inf
1426324,1,inf
1427093,1,inf
1427300,1,inf
1427533,1,inf
1428243,1,inf
1428908,1,inf
1429418,1,inf
1429471,1,inf
1429820,1,inf
1429897,1,inf
1430338,1,inf
1430367,1,inf
1430587,1,inf
1431018,1,inf
1431047,1,inf
1431136,1,inf
1431333,1,inf
1431441,1,inf
1432054,1,inf
1432894,1,inf
1432917,1,inf
1433460,1,inf
1433555,1,inf
1434003,1,inf
1434019,1,inf
1434085,1,inf
1434322,1,inf
1434528,1,inf
1434699,1,inf
1434815,1,inf
1435381,1,inf
1435421,1,inf
1435501,1,inf
1436104,1,inf
1436132,1,inf
1436477,1,inf
1437142,1,inf
1437890,1,inf
1437901,1,inf
1438738,1,inf
1439326,1,inf
1439967,1,inf
