0,1,inf
8,1,inf
8,1,inf
17,1,inf
35,1,inf
91,1,inf
96,1,inf
101,1,inf
113,1,inf
137,1,inf
146,1,inf
194,1,inf
304,1,inf
314,1,inf
367,1,inf
372,1,inf
380,1,inf
388,1,inf
389,1,inf
406,1,inf
414,1,inf
448,1,inf
454,1,inf
455,1,inf
458,1,inf
501,1,inf
506,1,inf
522,1,inf
533,1,inf
541,1,inf
543,1,inf
547,1,inf
604,1,inf
618,1,inf
628,1,inf
635,1,inf
640,1,inf
647,1,inf
665,1,inf
695,1,inf
717,1,inf
736,1,inf
761,1,inf
764,1,inf
802,1,inf
804,1,inf
807,1,inf
852,1,inf
905,1,inf
911,1,inf
940,1,inf
965,1,inf
979,1,inf
1003,1,inf
1008,1,inf
1011,1,inf
1031,1,inf
1037,1,inf
1050,1,inf
1052,1,inf
1076,1,inf
1097,1,inf
1111,1,inf
1117,1,inf
1128,1,inf
1149,1,inf
1159,1,inf
1160,1,inf
1195,1,inf
1208,1,inf
1220,1,inf
1235,1,inf
1239,1,inf
1278,1,inf
1323,1,inf
1383,1,inf
1416,1,inf
1419,1,inf
1428,1,inf
1429,1,inf
1473,1,inf
1498,1,inf
1529,1,inf
1552,1,inf
1561,1,inf
1564,1,inf
1579,1,inf
1637,1,inf
1652,1,inf
1664,1,inf
1680,1,inf
1682,1,inf
1708,1,inf
1728,1,inf
1750,1,inf
1762,1,inf
1766,1,inf
1774,1,inf
1781,1,inf
1802,1,inf
1808,1,inf
1820,1,inf
1841,1,inf
1853,1,inf
1855,1,inf
1860,1,inf
1869,1,inf
1873,1,inf
1877,1,inf
2034,1,inf
2084,1,inf
2136,1,inf
2150,1,inf
2155,1,inf
2169,1,inf
2169,1,inf
2174,1,inf
2187,1,inf
2195,1,inf
2196,1,inf
2199,1,inf
2218,1,inf
2220,1,inf
2262,1,inf
2285,1,inf
2319,1,inf
2340,1,inf
2373,1,inf
2413,1,inf
2413,1,inf
2414,1,inf
2424,1,inf
2433,1,inf
2452,1,inf
2468,1,inf
2502,1,inf
2521,1,inf
2527,1,inf
2548,1,inf
2564,1,inf
2594,1,inf
2657,1,inf
2673,1,inf
2686,1,inf
2693,1,inf
2728,1,inf
2747,1,inf
2766,1,inf
2801,1,inf
2879,1,inf
2934,1,inf
2961,1,inf
2968,1,inf
3005,1,inf
3009,1,inf
3028,1,inf
3036,1,inf
3099,1,inf
3113,1,inf
3152,1,inf
3161,1,inf
3169,1,inf
3169,1,inf
3210,1,inf
3215,1,inf
3220,1,inf
3277,1,inf
3286,1,inf
3290,1,inf
3300,1,inf
3304,1,inf
3312,1,inf
3326,1,inf
3339,1,inf
3355,1,inf
3361,1,inf
3367,1,inf
3396,1,inf
3408,1,inf
3445,1,inf
3449,1,inf
3466,1,inf
3486,1,inf
3496,1,inf
3499,1,inf
3509,1,inf
3525,1,inf
3528,1,inf
3528,1,inf
3541,1,inf
3552,1,inf
3582,1,inf
3619,1,inf
3640,1,inf
3654,1,inf
3661,1,inf
3669,1,inf
3674,1,inf
3709,1,inf
3715,1,inf
3739,1,inf
3749,1,inf
3776,1,inf
3786,1,inf
3800,1,inf
3854,1,inf
3867,1,inf
3881,1,inf
3889,1,inf
3893,1,inf
3896,1,inf
3896,1,inf
3914,1,inf
4003,1,inf
4019,1,inf
4025,1,inf
4044,1,inf
4083,1,inf
4120,1,inf
4121,1,inf
4129,1,inf
4172,1,inf
4296,1,inf
4351,1,inf
4360,1,inf
4365,1,inf
4372,1,inf
4395,1,inf
4414,1,inf
4418,1,inf
4440,1,inf
4512,1,inf
4518,1,inf
4543,1,inf
4618,1,inf
4619,1,inf
4630,1,inf
4664,1,inf
4666,1,inf
4684,1,inf
4714,1,inf
4723,1,inf
4742,1,inf
4792,1,inf
4806,1,inf
4817,1,inf
4820,1,inf
4822,1,inf
4837,1,inf
4887,1,inf
4907,1,inf
4907,1,inf
4938,1,inf
4947,1,inf
4965,1,inf
4973,1,inf
5011,1,inf
5027,1,inf
5060,1,inf
5077,1,inf
5106,1,inf
5109,1,inf
5118,1,inf
5139,1,inf
5143,1,inf
5167,1,inf
5207,1,inf
5222,1,inf
5248,1,inf
5255,1,inf
5256,1,inf
5312,1,inf
5316,1,inf
5319,1,inf
5321,1,inf
5335,1,inf
5382,1,inf
5392,1,inf
5414,1,inf
5431,1,inf
5433,1,inf
5467,1,inf
5488,1,inf
5500,1,inf
5505,1,inf
5521,1,inf
5527,1,inf
5639,1,inf
5663,1,inf
5675,1,inf
5679,1,inf
5695,1,inf
5701,1,inf
5712,1,inf
5724,1,inf
5729,1,inf
5737,1,inf
5773,1,inf
5785,1,inf
5786,1,inf
5798,1,inf
5816,1,inf
5854,1,inf
5883,1,inf
5894,1,inf
5937,1,inf
5979,1,inf
5993,1,inf
6016,1,inf
6019,1,inf
6028,1,inf
6037,1,inf
6047,1,inf
6110,1,inf
6112,1,inf
6143,1,inf
6168,1,inf
6184,1,inf
6187,1,inf
6188,1,inf
6189,1,inf
6200,1,inf
6212,1,inf
6227,1,inf
6232,1,inf
6235,1,inf
6266,1,inf
6278,1,inf
6303,1,inf
6360,1,inf
6370,1,inf
6429,1,inf
6496,1,inf
6522,1,inf
6592,1,inf
6620,1,inf
6635,1,inf
6642,1,inf
6657,1,inf
6665,1,inf
6681,1,inf
6692,1,inf
6724,1,inf
6767,1,inf
6781,1,inf
6800,1,inf
6863,1,inf
6871,1,inf
6882,1,inf
6913,1,inf
7003,1,inf
7062,1,inf
7077,1,inf
7099,1,inf
7114,1,inf
7132,1,inf
7149,1,inf
7163,1,inf
7197,1,inf
7213,1,inf
7246,1,inf
7247,1,inf
7268,1,inf
7271,1,inf
7272,1,inf
7294,1,inf
7294,1,inf
7301,1,inf
7340,1,inf
7381,1,inf
7382,1,inf
7393,1,inf
7400,1,inf
7406,1,inf
7410,1,inf
7450,1,inf
7458,1,inf
7496,1,inf
7513,1,inf
7545,1,inf
7557,1,inf
7568,1,inf
7582,1,inf
7597,1,inf
7719,1,inf
7730,1,inf
7755,1,inf
7756,1,inf
7788,1,inf
7803,1,inf
7806,1,inf
7816,1,inf
7821,1,inf
7837,1,inf
7866,1,inf
7884,1,inf
7925,1,inf
7958,1,inf
7960,1,inf
8001,1,inf
8002,1,inf
8004,1,inf
8007,1,inf
8013,1,inf
8017,1,inf
8026,1,inf
8039,1,inf
8042,1,inf
8042,1,inf
8043,1,inf
8048,1,inf
8066,1,inf
8084,1,inf
8094,1,inf
8137,1,inf
8139,1,inf
8143,1,inf
8151,1,inf
8154,1,inf
8164,1,inf
8200,1,inf
8233,1,inf
8253,1,inf
8259,1,inf
8263,1,inf
8272,1,inf
8360,1,inf
8415,1,inf
8415,1,inf
8416,1,inf
8428,1,inf
8444,1,inf
8471,1,inf
8490,1,inf
8508,1,inf
8513,1,inf
8530,1,inf
8618,1,inf
8622,1,inf
8631,1,inf
8667,1,inf
8701,1,inf
8707,1,inf
8717,1,inf
8728,1,inf
8748,1,inf
8749,1,inf
8764,1,inf
8777,1,inf
8785,1,inf
8789,1,inf
8798,1,inf
8806,1,inf
8814,1,inf
8836,1,inf
8859,1,inf
8892,1,inf
8898,1,inf
8899,1,inf
8908,1,inf
8918,1,inf
8925,1,inf
8930,1,inf
9021,1,inf
9023,1,inf
9032,1,inf
9034,1,inf
9036,1,inf
9042,1,inf
9050,1,inf
9052,1,inf
9088,1,inf
9113,1,inf
9185,1,inf
9190,1,inf
9202,1,inf
9223,1,inf
9223,1,inf
9235,1,inf
9249,1,inf
9252,1,inf
9311,1,inf
9320,1,inf
9344,1,inf
9361,1,inf
9375,1,inf
9385,1,inf
9400,1,inf
9406,1,inf
9421,1,inf
9432,1,inf
9458,1,inf
9483,1,inf
9484,1,inf
9495,1,inf
9500,1,inf
9517,1,inf
9563,1,inf
9573,1,inf
9577,1,inf
9584,1,inf
9600,1,inf
9612,1,inf
9641,1,inf
9650,1,inf
9718,1,inf
9728,1,inf
9811,1,inf
9815,1,inf
9818,1,inf
9841,1,inf
9855,1,inf
10014,1,inf
10049,1,inf
10109,1,inf
10120,1,inf
10126,1,inf
10140,1,inf
10203,1,inf
10211,1,inf
10218,1,inf
10293,1,inf
10368,1,inf
10393,1,inf
10393,1,inf
10399,1,inf
10414,1,inf
10426,1,inf
10473,1,inf
10496,1,inf
10529,1,inf
10549,1,inf
10564,1,inf
10586,1,inf
10589,1,inf
10600,1,inf
10634,1,inf
10638,1,inf
10666,1,inf
10677,1,inf
10683,1,inf
10702,1,inf
10714,1,inf
10728,1,inf
10731,1,inf
10787,1,inf
10802,1,inf
10811,1,inf
10861,1,inf
10886,1,inf
10894,1,inf
11010,1,inf
11030,1,inf
11034,1,inf
11093,1,inf
11105,1,inf
11115,1,inf
11124,1,inf
11151,1,inf
11153,1,inf
11196,1,inf
11231,1,inf
11234,1,inf
11243,1,inf
11269,1,inf
11311,1,inf
11342,1,inf
11403,1,inf
11440,1,inf
11453,1,inf
11489,1,inf
11499,1,inf
11516,1,inf
11519,1,inf
11531,1,inf
11549,1,inf
11556,1,inf
11587,1,inf
11626,1,inf
11633,1,inf
11638,1,inf
11678,1,inf
11688,1,inf
11701,1,inf
11721,1,inf
11748,1,inf
11755,1,inf
11770,1,inf
11776,1,inf
11793,1,inf
11811,1,inf
11893,1,inf
11941,1,inf
11947,1,inf
11959,1,inf
11964,1,inf
11968,1,inf
11979,1,inf
12031,1,inf
12038,1,inf
12053,1,inf
12056,1,inf
12095,1,inf
12097,1,inf
12122,1,inf
12188,1,inf
12257,1,inf
12296,1,inf
12322,1,inf
12354,1,inf
12407,1,inf
12437,1,inf
12456,1,inf
12494,1,inf
12521,1,inf
12525,1,inf
12533,1,inf
12536,1,inf
12536,1,inf
12544,1,inf
12551,1,inf
12559,1,inf
12564,1,inf
12577,1,inf
12587,1,inf
12587,1,inf
12619,1,inf
12625,1,inf
12641,1,inf
12645,1,inf
12661,1,inf
12691,1,inf
12692,1,inf
12693,1,inf
12708,1,inf
12723,1,inf
12753,1,inf
12771,1,inf
12783,1,inf
12788,1,inf
12792,1,inf
12847,1,inf
12850,1,inf
12895,1,inf
12905,1,inf
12915,1,inf
12922,1,inf
12928,1,inf
12954,1,inf
12985,1,inf
13016,1,inf
13017,1,inf
13018,1,inf
13065,1,inf
13077,1,inf
13126,1,inf
13195,1,inf
13198,1,inf
13202,1,inf
13245,1,inf
13262,1,inf
13263,1,inf
13331,1,inf
13364,1,inf
13371,1,inf
13372,1,inf
13420,1,inf
13480,1,inf
13485,1,inf
13487,1,inf
13494,1,inf
13507,1,inf
13549,1,inf
13550,1,inf
13558,1,inf
13569,1,inf
13570,1,inf
13575,1,inf
13577,1,inf
13630,1,inf
13649,1,inf
13668,1,inf
13680,1,inf
13714,1,inf
13748,1,inf
13774,1,inf
13791,1,inf
13795,1,inf
13802,1,inf
13838,1,inf
13866,1,inf
13875,1,inf
13933,1,inf
13938,1,inf
14008,1,inf
14021,1,inf
14030,1,inf
14032,1,inf
14036,1,inf
14037,1,inf
14067,1,inf
14070,1,inf
14105,1,inf
14116,1,inf
14131,1,inf
14132,1,inf
14133,1,inf
14136,1,inf
14139,1,inf
14195,1,inf
14197,1,inf
14237,1,inf
14273,1,inf
14303,1,inf
14318,1,inf
14319,1,inf
14319,1,inf
14368,1,inf
14373,1,inf
14396,1,inf
14478,1,inf
14527,1,inf
14541,1,inf
14555,1,inf
14557,1,inf
14558,1,inf
14588,1,inf
14607,1,inf
14612,1,inf
14612,1,inf
14614,1,inf
14659,1,inf
14669,1,inf
14673,1,inf
14690,1,inf
14691,1,inf
14753,1,inf
14781,1,inf
14794,1,inf
14808,1,inf
14823,1,inf
14824,1,inf
14871,1,inf
14889,1,inf
14893,1,inf
14917,1,inf
14929,1,inf
14935,1,inf
15007,1,inf
15021,1,inf
15044,1,inf
15059,1,inf
15076,1,inf
15078,1,inf
15078,1,inf
15125,1,inf
15217,1,inf
15218,1,inf
15273,1,inf
15316,1,inf
15324,1,inf
15349,1,inf
15374,1,inf
15384,1,inf
15397,1,inf
15400,1,inf
15402,1,inf
15413,1,inf
15413,1,inf
15440,1,inf
15442,1,inf
15497,1,inf
15506,1,inf
15506,1,inf
15513,1,inf
15520,1,inf
15540,1,inf
15558,1,inf
15578,1,inf
15580,1,inf
15608,1,inf
15612,1,inf
15614,1,inf
15640,1,inf
15642,1,inf
15703,1,inf
15732,1,inf
15754,1,inf
15761,1,inf
15775,1,inf
15793,1,inf
15800,1,inf
15803,1,inf
15860,1,inf
15863,1,inf
15882,1,inf
16011,1,inf
16051,1,inf
16069,1,inf
16110,1,inf
16132,1,inf
16169,1,inf
16170,1,inf
16193,1,inf
16201,1,inf
16290,1,inf
16311,1,inf
16325,1,inf
16327,1,inf
16333,1,inf
16409,1,inf
16416,1,inf
16459,1,inf
16486,1,inf
16504,1,inf
16514,1,inf
16550,1,inf
16562,1,inf
16589,1,inf
16603,1,inf
16610,1,inf
16660,1,inf
16675,1,inf
16688,1,inf
16713,1,inf
16735,1,inf
16741,1,inf
16762,1,inf
16803,1,inf
16849,1,inf
16869,1,inf
16879,1,inf
16880,1,inf
16914,1,inf
16915,1,inf
16988,1,inf
17016,1,inf
17019,1,inf
17025,1,inf
17027,1,inf
17061,1,inf
17095,1,inf
17128,1,inf
17152,1,inf
17159,1,inf
17162,1,inf
17176,1,inf
17181,1,inf
17202,1,inf
17264,1,inf
17293,1,inf
17329,1,inf
17357,1,inf
17360,1,inf
17405,1,inf
17424,1,inf
17466,1,inf
17471,1,inf
17478,1,inf
17495,1,inf
17565,1,inf
17566,1,inf
17598,1,inf
17626,1,inf
17654,1,inf
17657,1,inf
17675,1,inf
17688,1,inf
17688,1,inf
17717,1,inf
17735,1,inf
17741,1,inf
17751,1,inf
17754,1,inf
17790,1,inf
17798,1,inf
17873,1,inf
17886,1,inf
17895,1,inf
17910,1,inf
17937,1,inf
18008,1,inf
18012,1,inf
18022,1,inf
18071,1,inf
18083,1,inf
18122,1,inf
18146,1,inf
18147,1,inf
18151,1,inf
18222,1,inf
18249,1,inf
18261,1,inf
18261,1,inf
18276,1,inf
18278,1,inf
18282,1,inf
18282,1,inf
18292,1,inf
18295,1,inf
18318,1,inf
18343,1,inf
18384,1,inf
18395,1,inf
18415,1,inf
18433,1,inf
18441,1,inf
18477,1,inf
18495,1,inf
18500,1,inf
18515,1,inf
18516,1,inf
18544,1,inf
18554,1,inf
18568,1,inf
18571,1,inf
18579,1,inf
18594,1,inf
18617,1,inf
18627,1,inf
18678,1,inf
18680,1,inf
18685,1,inf
18721,1,inf
18728,1,inf
18731,1,inf
18736,1,inf
18755,1,inf
18756,1,inf
18769,1,inf
18780,1,inf
18781,1,inf
18787,1,inf
18802,1,inf
18826,1,inf
18857,1,inf
18872,1,inf
18891,1,inf
18920,1,inf
18954,1,inf
18979,1,inf
18987,1,inf
19001,1,inf
19005,1,inf
19017,1,inf
19044,1,inf
19066,1,inf
19075,1,inf
19079,1,inf
19089,1,inf
19099,1,inf
19197,1,inf
19211,1,inf
19244,1,inf
19290,1,inf
19320,1,inf
19321,1,inf
19333,1,inf
19368,1,inf
19371,1,inf
19408,1,inf
19412,1,inf
19494,1,inf
19512,1,inf
19544,1,inf
19580,1,inf
19630,1,inf
19682,1,inf
19704,1,inf
19711,1,inf
19733,1,inf
19737,1,inf
19738,1,inf
19743,1,inf
19746,1,inf
19779,1,inf
19804,1,inf
19817,1,inf
19840,1,inf
19842,1,inf
19860,1,inf
19880,1,inf
19880,1,inf
19914,1,inf
19931,1,inf
19939,1,inf
19956,1,inf
20001,1,inf
20046,1,inf
20062,1,inf
20087,1,inf
20110,1,inf
20131,1,inf
20131,1,inf
20144,1,inf
20163,1,inf
20186,1,inf
20216,1,inf
20249,1,inf
20265,1,inf
20268,1,inf
20286,1,inf
20295,1,inf
20302,1,inf
20308,1,inf
20340,1,inf
20345,1,inf
20379,1,inf
20407,1,inf
20422,1,inf
20443,1,inf
20446,1,inf
20452,1,inf
20452,1,inf
20518,1,inf
20523,1,inf
20543,1,inf
20569,1,inf
20570,1,inf
20583,1,inf
20592,1,inf
20593,1,inf
20596,1,inf
20606,1,inf
20622,1,inf
20643,1,inf
20651,1,inf
20655,1,inf
20669,1,inf
20699,1,inf
20723,1,inf
20759,1,inf
20774,1,inf
20779,1,inf
20787,1,inf
20795,1,inf
20810,1,inf
20827,1,inf
20850,1,inf
20857,1,inf
20920,1,inf
21008,1,inf
21033,1,inf
21065,1,inf
21077,1,inf
21142,1,inf
21146,1,inf
21164,1,inf
21171,1,inf
21214,1,inf
21216,1,inf
21221,1,inf
21221,1,inf
21242,1,inf
21251,1,inf
21283,1,inf
21292,1,inf
21356,1,inf
21362,1,inf
21367,1,inf
21370,1,inf
21404,1,inf
21465,1,inf
21480,1,inf
21487,1,inf
21517,1,inf
21523,1,inf
21558,1,inf
21560,1,inf
21562,1,inf
21581,1,inf
21582,1,inf
21583,1,inf
21592,1,inf
21647,1,inf
21652,1,inf
21669,1,inf
21671,1,inf
21675,1,inf
21681,1,inf
21683,1,inf
21685,1,inf
21685,1,inf
21701,1,inf
21701,1,inf
21727,1,inf
21733,1,inf
21760,1,inf
21769,1,inf
21778,1,inf
21779,1,inf
21802,1,inf
21819,1,inf
21825,1,inf
21838,1,inf
21868,1,inf
21891,1,inf
21894,1,inf
21921,1,inf
22017,1,inf
22045,1,inf
22052,1,inf
22088,1,inf
22108,1,inf
22163,1,inf
22165,1,inf
22178,1,inf
22179,1,inf
22193,1,inf
22226,1,inf
22255,1,inf
22289,1,inf
22300,1,inf
22320,1,inf
22335,1,inf
22345,1,inf
22350,1,inf
22365,1,inf
22386,1,inf
22386,1,inf
22421,1,inf
22517,1,inf
22521,1,inf
22523,1,inf
22529,1,inf
22623,1,inf
22625,1,inf
22641,1,inf
22732,1,inf
22733,1,inf
22772,1,inf
22773,1,inf
22776,1,inf
22792,1,inf
22814,1,inf
22830,1,inf
22835,1,inf
22840,1,inf
22847,1,inf
22860,1,inf
22871,1,inf
22882,1,inf
22884,1,inf
22893,1,inf
22911,1,inf
22920,1,inf
22939,1,inf
22942,1,inf
22947,1,inf
23005,1,inf
23024,1,inf
23030,1,inf
23059,1,inf
23066,1,inf
23066,1,inf
23098,1,inf
23118,1,inf
23126,1,inf
23139,1,inf
23143,1,inf
23150,1,inf
23196,1,inf
23198,1,inf
23206,1,inf
23244,1,inf
23264,1,inf
23382,1,inf
23384,1,inf
23403,1,inf
23406,1,inf
23409,1,inf
23444,1,inf
23465,1,inf
23471,1,inf
23491,1,inf
23501,1,inf
23586,1,inf
23607,1,inf
23670,1,inf
23674,1,inf
23710,1,inf
23762,1,inf
23763,1,inf
23771,1,inf
23813,1,inf
23849,1,inf
23868,1,inf
23879,1,inf
23890,1,inf
23891,1,inf
23892,1,inf
23900,1,inf
24012,1,inf
24017,1,inf
24070,1,inf
24104,1,inf
24158,1,inf
24170,1,inf
24173,1,inf
24183,1,inf
24198,1,inf
24234,1,inf
24246,1,inf
24297,1,inf
24307,1,inf
24314,1,inf
24318,1,inf
24336,1,inf
24351,1,inf
24467,1,inf
24480,1,inf
24485,1,inf
24493,1,inf
24529,1,inf
24547,1,inf
24619,1,inf
24627,1,inf
24645,1,inf
24645,1,inf
24646,1,inf
24665,1,inf
24675,1,inf
24726,1,inf
24735,1,inf
24768,1,inf
24791,1,inf
24803,1,inf
24807,1,inf
24838,1,inf
24842,1,inf
24848,1,inf
24880,1,inf
24887,1,inf
24931,1,inf
24961,1,inf
24971,1,inf
25011,1,inf
25033,1,inf
25079,1,inf
25088,1,inf
25107,1,inf
25142,1,inf
25167,1,inf
25216,1,inf
25224,1,inf
25281,1,inf
25340,1,inf
25347,1,inf
25353,1,inf
25362,1,inf
25386,1,inf
25420,1,inf
25427,1,inf
25438,1,inf
25463,1,inf
25510,1,inf
25517,1,inf
25538,1,inf
25541,1,inf
25543,1,inf
25585,1,inf
25604,1,inf
25606,1,inf
25607,1,inf
25628,1,inf
25628,1,inf
25639,1,inf
25689,1,inf
25733,1,inf
25733,1,inf
25734,1,inf
25849,1,inf
25852,1,inf
25858,1,inf
25861,1,inf
25899,1,inf
25900,1,inf
25920,1,inf
25944,1,inf
25961,1,inf
25965,1,inf
25978,1,inf
26009,1,inf
26011,1,inf
26016,1,inf
26034,1,inf
26037,1,inf
26037,1,inf
26087,1,inf
26093,1,inf
26096,1,inf
26119,1,inf
26121,1,inf
26141,1,inf
26143,1,inf
26182,1,inf
26185,1,inf
26213,1,inf
26277,1,inf
26298,1,inf
26300,1,inf
26340,1,inf
26348,1,inf
26348,1,inf
26367,1,inf
26374,1,inf
26396,1,inf
26405,1,inf
26425,1,inf
26427,1,inf
26439,1,inf
26448,1,inf
26477,1,inf
26551,1,inf
26564,1,inf
26574,1,inf
26586,1,inf
26590,1,inf
26621,1,inf
26628,1,inf
26629,1,inf
26633,1,inf
26663,1,inf
26665,1,inf
26688,1,inf
26689,1,inf
26711,1,inf
26725,1,inf
26754,1,inf
26804,1,inf
26808,1,inf
26882,1,inf
26902,1,inf
27010,1,inf
27048,1,inf
27063,1,inf
27073,1,inf
27149,1,inf
27181,1,inf
27218,1,inf
27260,1,inf
27296,1,inf
27312,1,inf
27312,1,inf
27312,1,inf
27315,1,inf
27355,1,inf
27359,1,inf
27360,1,inf
27397,1,inf
27427,1,inf
27445,1,inf
27455,1,inf
27472,1,inf
27489,1,inf
27499,1,inf
27509,1,inf
27541,1,inf
27561,1,inf
27589,1,inf
27615,1,inf
27652,1,inf
27675,1,inf
27675,1,inf
27677,1,inf
27723,1,inf
27730,1,inf
27740,1,inf
27741,1,inf
27775,1,inf
27776,1,inf
27779,1,inf
27812,1,inf
27820,1,inf
27826,1,inf
27847,1,inf
27863,1,inf
27891,1,inf
27907,1,inf
27952,1,inf
27954,1,inf
27976,1,inf
27978,1,inf
27980,1,inf
28004,1,inf
28004,1,inf
28020,1,inf
28023,1,inf
28037,1,inf
28049,1,inf
28051,1,inf
28053,1,inf
28077,1,inf
28096,1,inf
28125,1,inf
28130,1,inf
28156,1,inf
28163,1,inf
28163,1,inf
28187,1,inf
28297,1,inf
28329,1,inf
28342,1,inf
28354,1,inf
28355,1,inf
28380,1,inf
28386,1,inf
28406,1,inf
28409,1,inf
28417,1,inf
28468,1,inf
28497,1,inf
28504,1,inf
28521,1,inf
28609,1,inf
28614,1,inf
28622,1,inf
28622,1,inf
28631,1,inf
28643,1,inf
28677,1,inf
28682,1,inf
28750,1,inf
28753,1,inf
28754,1,inf
28770,1,inf
28772,1,inf
28785,1,inf
28823,1,inf
28826,1,inf
28836,1,inf
28850,1,inf
28884,1,inf
28890,1,inf
28925,1,inf
28938,1,inf
29008,1,inf
29009,1,inf
29075,1,inf
29082,1,inf
29094,1,inf
29107,1,inf
29147,1,inf
29153,1,inf
29228,1,inf
29231,1,inf
29232,1,inf
29276,1,inf
29278,1,inf
29300,1,inf
29320,1,inf
29359,1,inf
29370,1,inf
29374,1,inf
29398,1,inf
29420,1,inf
29431,1,inf
29433,1,inf
29446,1,inf
29447,1,inf
29478,1,inf
29482,1,inf
29524,1,inf
29527,1,inf
29551,1,inf
29570,1,inf
29651,1,inf
29663,1,inf
29709,1,inf
29709,1,inf
29728,1,inf
29730,1,inf
29762,1,inf
29763,1,inf
29817,1,inf
29817,1,inf
29821,1,inf
29822,1,inf
29829,1,inf
29839,1,inf
29860,1,inf
29862,1,inf
29875,1,inf
29878,1,inf
29890,1,inf
29902,1,inf
29944,1,inf
29968,1,inf
29983,1,inf
30021,1,inf
30023,1,inf
30059,1,inf
30097,1,inf
30106,1,inf
30137,1,inf
30175,1,inf
30176,1,inf
30204,1,inf
30277,1,inf
30288,1,inf
30305,1,inf
30322,1,inf
30338,1,inf
30349,1,inf
30367,1,inf
30415,1,inf
30417,1,inf
30426,1,inf
30473,1,inf
30478,1,inf
30488,1,inf
30492,1,inf
30517,1,inf
30536,1,inf
30545,1,inf
30565,1,inf
30591,1,inf
30618,1,inf
30668,1,inf
30671,1,inf
30687,1,inf
30688,1,inf
30727,1,inf
30729,1,inf
30776,1,inf
30803,1,inf
30805,1,inf
30833,1,inf
30882,1,inf
30899,1,inf
30909,1,inf
30954,1,inf
31006,1,inf
31021,1,inf
31056,1,inf
31094,1,inf
31137,1,inf
31175,1,inf
31179,1,inf
31186,1,inf
31198,1,inf
31206,1,inf
31226,1,inf
31231,1,inf
31264,1,inf
31264,1,inf
31265,1,inf
31332,1,inf
31344,1,inf
31344,1,inf
31394,1,inf
31413,1,inf
31423,1,inf
31467,1,inf
31467,1,inf
31484,1,inf
31506,1,inf
31519,1,inf
31551,1,inf
31587,1,inf
31605,1,inf
31638,1,inf
31717,1,inf
31735,1,inf
31737,1,inf
31765,1,inf
31779,1,inf
31787,1,inf
31794,1,inf
31796,1,inf
31810,1,inf
31847,1,inf
31882,1,inf
31917,1,inf
31927,1,inf
31957,1,inf
31961,1,inf
31964,1,inf
31970,1,inf
32004,1,inf
32044,1,inf
32052,1,inf
32058,1,inf
32059,1,inf
32061,1,inf
32062,1,inf
32090,1,inf
32106,1,inf
32112,1,inf
32134,1,inf
32138,1,inf
32160,1,inf
32167,1,inf
32237,1,inf
32283,1,inf
32299,1,inf
32306,1,inf
32321,1,inf
32322,1,inf
32370,1,inf
32397,1,inf
32403,1,inf
32406,1,inf
32422,1,inf
32426,1,inf
32454,1,inf
32465,1,inf
32483,1,inf
32498,1,inf
32531,1,inf
32533,1,inf
32539,1,inf
32547,1,inf
32556,1,inf
32572,1,inf
32608,1,inf
32657,1,inf
32667,1,inf
32709,1,inf
32726,1,inf
32741,1,inf
32763,1,inf
32774,1,inf
32779,1,inf
32829,1,inf
32860,1,inf
32886,1,inf
32896,1,inf
32899,1,inf
32903,1,inf
32911,1,inf
32914,1,inf
32928,1,inf
32936,1,inf
33008,1,inf
33036,1,inf
33042,1,inf
33051,1,inf
33053,1,inf
33089,1,inf
33127,1,inf
33177,1,inf
33199,1,inf
33223,1,inf
33229,1,inf
33241,1,inf
33259,1,inf
33298,1,inf
33305,1,inf
33329,1,inf
33378,1,inf
33378,1,inf
33378,1,inf
33428,1,inf
33445,1,inf
33467,1,inf
33491,1,inf
33497,1,inf
33510,1,inf
33527,1,inf
33534,1,inf
33538,1,inf
33556,1,inf
33637,1,inf
33646,1,inf
33658,1,inf
33678,1,inf
33688,1,inf
33712,1,inf
33725,1,inf
33742,1,inf
33757,1,inf
33796,1,inf
33797,1,inf
33812,1,inf
33833,1,inf
33848,1,inf
33849,1,inf
33849,1,inf
33852,1,inf
33910,1,inf
33930,1,inf
34021,1,inf
34023,1,inf
34023,1,inf
34046,1,inf
34057,1,inf
34139,1,inf
34146,1,inf
34154,1,inf
34181,1,inf
34184,1,inf
34203,1,inf
34226,1,inf
34229,1,inf
34230,1,inf
34233,1,inf
34276,1,inf
34285,1,inf
34294,1,inf
34310,1,inf
34333,1,inf
34333,1,inf
34355,1,inf
34400,1,inf
34404,1,inf
34449,1,inf
34465,1,inf
34497,1,inf
34552,1,inf
34564,1,inf
34565,1,inf
34579,1,inf
34590,1,inf
34592,1,inf
34594,1,inf
34605,1,inf
34610,1,inf
34613,1,inf
34632,1,inf
34638,1,inf
34646,1,inf
34648,1,inf
34686,1,inf
34696,1,inf
34701,1,inf
34701,1,inf
34704,1,inf
34718,1,inf
34724,1,inf
34781,1,inf
34785,1,inf
34798,1,inf
34808,1,inf
34810,1,inf
34843,1,inf
34848,1,inf
34909,1,inf
34923,1,inf
34934,1,inf
34941,1,inf
35021,1,inf
35029,1,inf
35035,1,inf
35094,1,inf
35096,1,inf
35109,1,inf
35137,1,inf
35154,1,inf
35171,1,inf
35191,1,inf
35195,1,inf
35196,1,inf
35205,1,inf
35205,1,inf
35215,1,inf
35227,1,inf
35247,1,inf
35314,1,inf
35329,1,inf
35333,1,inf
35351,1,inf
35387,1,inf
35391,1,inf
35454,1,inf
35455,1,inf
35472,1,inf
35476,1,inf
35479,1,inf
35492,1,inf
35517,1,inf
35543,1,inf
35543,1,inf
35551,1,inf
35556,1,inf
35560,1,inf
35566,1,inf
35597,1,inf
35620,1,inf
35667,1,inf
35678,1,inf
35682,1,inf
35683,1,inf
35693,1,inf
35755,1,inf
35765,1,inf
35765,1,inf
35782,1,inf
35786,1,inf
35788,1,inf
35818,1,inf
35832,1,inf
35832,1,inf
35841,1,inf
35852,1,inf
35874,1,inf
35908,1,inf
35920,1,inf
35922,1,inf
35924,1,inf
36017,1,inf
36032,1,inf
36061,1,inf
36087,1,inf
36090,1,inf
36104,1,inf
36134,1,inf
36140,1,inf
36192,1,inf
36206,1,inf
36241,1,inf
36253,1,inf
36264,1,inf
36298,1,inf
36315,1,inf
36322,1,inf
36384,1,inf
36393,1,inf
36408,1,inf
36415,1,inf
36434,1,inf
36458,1,inf
36493,1,inf
36502,1,inf
36518,1,inf
36543,1,inf
36564,1,inf
36564,1,inf
36578,1,inf
36589,1,inf
36592,1,inf
36607,1,inf
36618,1,inf
36639,1,inf
36639,1,inf
36664,1,inf
36679,1,inf
36681,1,inf
36720,1,inf
36788,1,inf
36796,1,inf
36808,1,inf
36815,1,inf
36816,1,inf
36857,1,inf
36865,1,inf
36888,1,inf
36891,1,inf
36891,1,inf
36902,1,inf
36916,1,inf
37036,1,inf
37049,1,inf
37115,1,inf
37117,1,inf
37133,1,inf
37134,1,inf
37184,1,inf
37188,1,inf
37195,1,inf
37210,1,inf
37236,1,inf
37247,1,inf
37248,1,inf
37254,1,inf
37258,1,inf
37269,1,inf
37274,1,inf
37274,1,inf
37290,1,inf
37319,1,inf
37325,1,inf
37352,1,inf
37383,1,inf
37430,1,inf
37453,1,inf
37480,1,inf
37512,1,inf
37568,1,inf
37592,1,inf
37600,1,inf
37610,1,inf
37679,1,inf
37683,1,inf
37704,1,inf
37746,1,inf
37749,1,inf
37757,1,inf
37829,1,inf
37831,1,inf
37839,1,inf
37849,1,inf
37867,1,inf
37882,1,inf
37901,1,inf
37955,1,inf
37957,1,inf
38023,1,inf
38029,1,inf
38036,1,inf
38058,1,inf
38111,1,inf
38117,1,inf
38124,1,inf
38146,1,inf
38163,1,inf
38216,1,inf
38220,1,inf
38250,1,inf
38338,1,inf
38340,1,inf
38366,1,inf
38372,1,inf
38387,1,inf
38401,1,inf
38417,1,inf
38457,1,inf
38517,1,inf
38523,1,inf
38524,1,inf
38551,1,inf
38565,1,inf
38568,1,inf
38573,1,inf
38675,1,inf
38676,1,inf
38717,1,inf
38739,1,inf
38765,1,inf
38766,1,inf
38804,1,inf
38819,1,inf
38834,1,inf
38841,1,inf
39001,1,inf
39024,1,inf
39025,1,inf
39041,1,inf
39046,1,inf
39066,1,inf
39111,1,inf
39117,1,inf
39175,1,inf
39196,1,inf
39204,1,inf
39214,1,inf
39215,1,inf
39241,1,inf
39304,1,inf
39355,1,inf
39371,1,inf
39381,1,inf
39400,1,inf
39426,1,inf
39463,1,inf
39527,1,inf
39554,1,inf
39559,1,inf
39586,1,inf
39596,1,inf
39609,1,inf
39668,1,inf
39692,1,inf
39694,1,inf
39704,1,inf
39747,1,inf
39771,1,inf
39776,1,inf
39780,1,inf
39808,1,inf
39880,1,inf
39921,1,inf
39949,1,inf
40051,1,inf
40116,1,inf
40143,1,inf
40168,1,inf
40197,1,inf
40200,1,inf
40208,1,inf
40237,1,inf
40239,1,inf
40249,1,inf
40249,1,inf
40259,1,inf
40263,1,inf
40288,1,inf
40301,1,inf
40304,1,inf
40306,1,inf
40319,1,inf
40323,1,inf
40335,1,inf
40357,1,inf
40360,1,inf
40399,1,inf
40413,1,inf
40441,1,inf
40456,1,inf
40475,1,inf
40488,1,inf
40490,1,inf
40507,1,inf
40511,1,inf
40544,1,inf
40736,1,inf
40765,1,inf
40780,1,inf
40787,1,inf
40788,1,inf
40808,1,inf
40875,1,inf
40885,1,inf
40895,1,inf
40925,1,inf
40956,1,inf
40961,1,inf
40965,1,inf
41016,1,inf
41017,1,inf
41027,1,inf
41030,1,inf
41031,1,inf
41104,1,inf
41123,1,inf
41129,1,inf
41162,1,inf
41229,1,inf
41230,1,inf
41249,1,inf
41251,1,inf
41320,1,inf
41353,1,inf
41375,1,inf
41396,1,inf
41405,1,inf
41411,1,inf
41462,1,inf
41483,1,inf
41507,1,inf
41517,1,inf
41517,1,inf
41554,1,inf
41569,1,inf
41574,1,inf
41583,1,inf
41612,1,inf
41613,1,inf
41614,1,inf
41621,1,inf
41627,1,inf
41651,1,inf
41675,1,inf
41705,1,inf
41720,1,inf
41740,1,inf
41746,1,inf
41755,1,inf
41758,1,inf
41758,1,inf
41773,1,inf
41784,1,inf
41790,1,inf
41799,1,inf
41810,1,inf
41838,1,inf
41859,1,inf
41862,1,inf
41862,1,inf
41889,1,inf
41894,1,inf
41898,1,inf
41903,1,inf
41927,1,inf
41928,1,inf
41938,1,inf
41946,1,inf
42013,1,inf
42025,1,inf
42036,1,inf
42041,1,inf
42072,1,inf
42139,1,inf
42170,1,inf
42180,1,inf
42188,1,inf
42215,1,inf
42228,1,inf
42246,1,inf
42252,1,inf
42254,1,inf
42280,1,inf
42289,1,inf
42305,1,inf
42306,1,inf
42320,1,inf
42329,1,inf
42341,1,inf
42350,1,inf
42355,1,inf
42360,1,inf
42383,1,inf
42450,1,inf
42456,1,inf
42456,1,inf
42472,1,inf
42516,1,inf
42534,1,inf
42557,1,inf
42570,1,inf
42578,1,inf
42579,1,inf
42599,1,inf
42619,1,inf
42646,1,inf
42661,1,inf
42670,1,inf
42670,1,inf
42683,1,inf
42708,1,inf
42719,1,inf
42726,1,inf
42745,1,inf
42748,1,inf
42768,1,inf
42780,1,inf
42800,1,inf
42807,1,inf
42818,1,inf
42834,1,inf
42835,1,inf
42836,1,inf
42853,1,inf
42866,1,inf
42898,1,inf
42915,1,inf
42930,1,inf
42938,1,inf
42962,1,inf
42981,1,inf
43002,1,inf
43020,1,inf
43029,1,inf
43031,1,inf
43046,1,inf
43058,1,inf
43081,1,inf
43138,1,inf
43151,1,inf
43156,1,inf
43158,1,inf
43179,1,inf
43187,1,inf
43220,1,inf
43221,1,inf
43264,1,inf
43284,1,inf
43318,1,inf
43388,1,inf
43407,1,inf
43426,1,inf
43435,1,inf
43442,1,inf
43479,1,inf
43496,1,inf
43521,1,inf
43536,1,inf
43553,1,inf
43571,1,inf
43575,1,inf
43616,1,inf
43618,1,inf
43623,1,inf
43662,1,inf
43683,1,inf
43692,1,inf
43699,1,inf
43736,1,inf
43742,1,inf
43785,1,inf
43793,1,inf
43797,1,inf
43801,1,inf
43815,1,inf
43859,1,inf
43867,1,inf
43899,1,inf
43917,1,inf
43926,1,inf
43940,1,inf
44001,1,inf
44002,1,inf
44008,1,inf
44016,1,inf
44024,1,inf
44028,1,inf
44059,1,inf
44090,1,inf
44095,1,inf
44119,1,inf
44123,1,inf
44136,1,inf
44137,1,inf
44169,1,inf
44182,1,inf
44209,1,inf
44217,1,inf
44243,1,inf
44251,1,inf
44275,1,inf
44279,1,inf
44286,1,inf
44317,1,inf
44329,1,inf
44333,1,inf
44351,1,inf
44356,1,inf
44362,1,inf
44371,1,inf
44400,1,inf
44410,1,inf
44444,1,inf
44450,1,inf
44473,1,inf
44479,1,inf
44484,1,inf
44495,1,inf
44538,1,inf
44559,1,inf
44570,1,inf
44590,1,inf
44644,1,inf
44647,1,inf
44652,1,inf
44659,1,inf
44663,1,inf
44674,1,inf
44719,1,inf
44766,1,inf
44773,1,inf
44805,1,inf
44860,1,inf
44878,1,inf
44892,1,inf
44899,1,inf
44909,1,inf
45017,1,inf
45019,1,inf
45031,1,inf
45048,1,inf
45052,1,inf
45059,1,inf
45063,1,inf
45096,1,inf
45139,1,inf
45182,1,inf
45216,1,inf
45264,1,inf
45279,1,inf
45284,1,inf
45293,1,inf
45318,1,inf
45326,1,inf
45342,1,inf
45346,1,inf
45369,1,inf
45396,1,inf
45425,1,inf
45425,1,inf
45453,1,inf
45462,1,inf
45465,1,inf
45475,1,inf
45476,1,inf
45525,1,inf
45565,1,inf
45570,1,inf
45621,1,inf
45644,1,inf
45673,1,inf
45705,1,inf
45729,1,inf
45764,1,inf
45790,1,inf
45805,1,inf
45813,1,inf
45814,1,inf
45834,1,inf
45848,1,inf
45848,1,inf
45863,1,inf
45866,1,inf
45890,1,inf
45911,1,inf
45912,1,inf
45944,1,inf
46004,1,inf
46073,1,inf
46074,1,inf
46106,1,inf
46108,1,inf
46121,1,inf
46128,1,inf
46146,1,inf
46154,1,inf
46171,1,inf
46183,1,inf
46208,1,inf
46228,1,inf
46240,1,inf
46246,1,inf
46252,1,inf
46257,1,inf
46279,1,inf
46286,1,inf
46289,1,inf
46335,1,inf
46358,1,inf
46404,1,inf
46412,1,inf
46445,1,inf
46474,1,inf
46483,1,inf
46496,1,inf
46503,1,inf
46547,1,inf
46612,1,inf
46615,1,inf
46676,1,inf
46693,1,inf
46695,1,inf
46695,1,inf
46724,1,inf
46743,1,inf
46769,1,inf
46788,1,inf
46799,1,inf
46830,1,inf
46836,1,inf
46878,1,inf
46880,1,inf
46924,1,inf
46935,1,inf
46959,1,inf
47004,1,inf
47026,1,inf
47036,1,inf
47057,1,inf
47062,1,inf
47077,1,inf
47082,1,inf
47082,1,inf
47113,1,inf
47114,1,inf
47115,1,inf
47127,1,inf
47165,1,inf
47177,1,inf
47182,1,inf
47183,1,inf
47293,1,inf
47309,1,inf
47311,1,inf
47329,1,inf
47349,1,inf
47357,1,inf
47381,1,inf
47385,1,inf
47449,1,inf
47449,1,inf
47484,1,inf
47485,1,inf
47493,1,inf
47530,1,inf
47564,1,inf
47595,1,inf
47603,1,inf
47678,1,inf
47690,1,inf
47691,1,inf
47697,1,inf
47727,1,inf
47733,1,inf
47748,1,inf
47759,1,inf
47760,1,inf
47764,1,inf
47787,1,inf
47856,1,inf
47859,1,inf
47866,1,inf
47869,1,inf
48011,1,inf
48015,1,inf
48039,1,inf
48053,1,inf
48057,1,inf
48071,1,inf
48102,1,inf
48179,1,inf
48182,1,inf
48218,1,inf
48222,1,inf
48224,1,inf
48263,1,inf
48281,1,inf
48298,1,inf
48339,1,inf
48393,1,inf
48436,1,inf
48476,1,inf
48485,1,inf
48513,1,inf
48525,1,inf
48536,1,inf
48556,1,inf
48609,1,inf
48619,1,inf
48674,1,inf
48680,1,inf
48715,1,inf
48721,1,inf
48742,1,inf
48745,1,inf
48756,1,inf
48763,1,inf
48775,1,inf
48788,1,inf
48824,1,inf
48829,1,inf
48839,1,inf
48857,1,inf
48874,1,inf
48876,1,inf
48924,1,inf
48970,1,inf
49075,1,inf
49096,1,inf
49109,1,inf
49122,1,inf
49153,1,inf
49154,1,inf
49204,1,inf
49220,1,inf
49234,1,inf
49261,1,inf
49270,1,inf
49283,1,inf
49302,1,inf
49305,1,inf
49347,1,inf
49365,1,inf
49381,1,inf
49394,1,inf
49394,1,inf
49422,1,inf
49470,1,inf
49514,1,inf
49524,1,inf
49547,1,inf
49561,1,inf
49611,1,inf
49611,1,inf
49614,1,inf
49631,1,inf
49659,1,inf
49667,1,inf
49685,1,inf
49737,1,inf
49741,1,inf
49785,1,inf
49791,1,inf
49792,1,inf
49826,1,inf
49834,1,inf
49842,1,inf
49900,1,inf
49932,1,inf
49932,1,inf
49939,1,inf
50100,1,inf
50155,1,inf
50184,1,inf
50234,1,inf
50236,1,inf
50245,1,inf
50245,1,inf
50263,1,inf
50295,1,inf
50296,1,inf
50309,1,inf
50310,1,inf
50310,1,inf
50314,1,inf
50361,1,inf
50366,1,inf
50371,1,inf
50388,1,inf
50396,1,inf
50405,1,inf
50436,1,inf
50436,1,inf
50446,1,inf
50449,1,inf
50454,1,inf
50493,1,inf
50530,1,inf
50532,1,inf
50540,1,inf
50547,1,inf
50557,1,inf
50559,1,inf
50571,1,inf
50571,1,inf
50593,1,inf
50605,1,inf
50622,1,inf
50652,1,inf
50670,1,inf
50673,1,inf
50688,1,inf
50707,1,inf
50712,1,inf
50735,1,inf
50739,1,inf
50776,1,inf
50793,1,inf
50826,1,inf
50848,1,inf
50849,1,inf
50897,1,inf
50909,1,inf
50918,1,inf
50928,1,inf
50936,1,inf
51035,1,inf
51041,1,inf
51042,1,inf
51143,1,inf
51145,1,inf
51181,1,inf
51187,1,inf
51197,1,inf
51198,1,inf
51199,1,inf
51206,1,inf
51212,1,inf
51234,1,inf
51240,1,inf
51259,1,inf
51276,1,inf
51279,1,inf
51305,1,inf
51322,1,inf
51323,1,inf
51325,1,inf
51325,1,inf
51350,1,inf
51371,1,inf
51384,1,inf
51385,1,inf
51386,1,inf
51474,1,inf
51487,1,inf
51507,1,inf
51522,1,inf
51571,1,inf
51585,1,inf
51587,1,inf
51598,1,inf
51661,1,inf
51672,1,inf
51680,1,inf
51711,1,inf
51712,1,inf
51713,1,inf
51719,1,inf
51747,1,inf
51770,1,inf
51817,1,inf
51833,1,inf
51856,1,inf
51859,1,inf
51870,1,inf
51874,1,inf
52008,1,inf
52028,1,inf
52035,1,inf
52050,1,inf
52075,1,inf
52086,1,inf
52096,1,inf
52115,1,inf
52123,1,inf
52136,1,inf
52202,1,inf
52257,1,inf
52313,1,inf
52350,1,inf
52353,1,inf
52357,1,inf
52368,1,inf
52390,1,inf
52427,1,inf
52443,1,inf
52465,1,inf
52473,1,inf
52484,1,inf
52487,1,inf
52487,1,inf
52514,1,inf
52518,1,inf
52559,1,inf
52562,1,inf
52568,1,inf
52568,1,inf
52572,1,inf
52582,1,inf
52582,1,inf
52589,1,inf
52614,1,inf
52638,1,inf
52658,1,inf
52684,1,inf
52685,1,inf
52689,1,inf
52708,1,inf
52717,1,inf
52760,1,inf
52765,1,inf
52771,1,inf
52779,1,inf
52781,1,inf
52797,1,inf
52801,1,inf
52807,1,inf
52851,1,inf
52854,1,inf
52890,1,inf
52913,1,inf
52919,1,inf
52948,1,inf
52960,1,inf
53012,1,inf
53038,1,inf
53052,1,inf
53061,1,inf
53087,1,inf
53088,1,inf
53093,1,inf
53110,1,inf
53112,1,inf
53113,1,inf
53130,1,inf
53139,1,inf
53149,1,inf
53156,1,inf
53158,1,inf
53165,1,inf
53168,1,inf
53187,1,inf
53189,1,inf
53208,1,inf
53216,1,inf
53244,1,inf
53263,1,inf
53265,1,inf
53277,1,inf
53297,1,inf
53323,1,inf
53325,1,inf
53337,1,inf
53342,1,inf
53375,1,inf
53410,1,inf
53440,1,inf
53448,1,inf
53461,1,inf
53476,1,inf
53502,1,inf
53505,1,inf
53508,1,inf
53546,1,inf
53590,1,inf
53600,1,inf
53614,1,inf
53623,1,inf
53645,1,inf
53646,1,inf
53687,1,inf
53719,1,inf
53752,1,inf
53755,1,inf
53789,1,inf
53817,1,inf
53850,1,inf
53851,1,inf
53870,1,inf
53926,1,inf
53928,1,inf
54039,1,inf
54039,1,inf
54091,1,inf
54102,1,inf
54102,1,inf
54114,1,inf
54117,1,inf
54134,1,inf
54201,1,inf
54203,1,inf
54222,1,inf
54259,1,inf
54299,1,inf
54314,1,inf
54329,1,inf
54344,1,inf
54361,1,inf
54391,1,inf
54395,1,inf
54426,1,inf
54481,1,inf
54484,1,inf
54507,1,inf
54515,1,inf
54531,1,inf
54555,1,inf
54607,1,inf
54640,1,inf
54641,1,inf
54644,1,inf
54663,1,inf
54683,1,inf
54683,1,inf
54692,1,inf
54703,1,inf
54723,1,inf
54723,1,inf
54768,1,inf
54789,1,inf
54793,1,inf
54831,1,inf
54850,1,inf
54855,1,inf
54856,1,inf
54866,1,inf
54912,1,inf
54947,1,inf
55005,1,inf
55006,1,inf
55008,1,inf
55026,1,inf
55027,1,inf
55034,1,inf
55053,1,inf
55089,1,inf
55103,1,inf
55166,1,inf
55182,1,inf
55197,1,inf
55234,1,inf
55238,1,inf
55275,1,inf
55278,1,inf
55313,1,inf
55323,1,inf
55327,1,inf
55330,1,inf
55362,1,inf
55373,1,inf
55409,1,inf
55416,1,inf
55438,1,inf
55465,1,inf
55479,1,inf
55489,1,inf
55500,1,inf
55506,1,inf
55510,1,inf
55526,1,inf
55537,1,inf
55574,1,inf
55575,1,inf
55586,1,inf
55602,1,inf
55613,1,inf
55643,1,inf
55644,1,inf
55648,1,inf
55665,1,inf
55706,1,inf
55727,1,inf
55735,1,inf
55767,1,inf
55771,1,inf
55781,1,inf
55782,1,inf
55803,1,inf
55844,1,inf
55861,1,inf
55882,1,inf
55939,1,inf
55944,1,inf
55952,1,inf
56052,1,inf
56058,1,inf
56098,1,inf
56121,1,inf
56124,1,inf
56135,1,inf
56144,1,inf
56150,1,inf
56168,1,inf
56202,1,inf
56204,1,inf
56228,1,inf
56245,1,inf
56252,1,inf
56280,1,inf
56289,1,inf
56294,1,inf
56320,1,inf
56332,1,inf
56333,1,inf
56342,1,inf
56369,1,inf
56375,1,inf
56405,1,inf
56416,1,inf
56421,1,inf
56443,1,inf
56461,1,inf
56473,1,inf
56483,1,inf
56496,1,inf
56516,1,inf
56611,1,inf
56631,1,inf
56666,1,inf
56680,1,inf
56698,1,inf
56714,1,inf
56720,1,inf
56737,1,inf
56759,1,inf
56772,1,inf
56790,1,inf
56820,1,inf
56846,1,inf
56863,1,inf
56877,1,inf
56878,1,inf
56891,1,inf
56891,1,inf
56901,1,inf
56903,1,inf
56923,1,inf
56942,1,inf
57008,1,inf
57040,1,inf
57058,1,inf
57082,1,inf
57117,1,inf
57120,1,inf
57120,1,inf
57125,1,inf
57127,1,inf
57154,1,inf
57208,1,inf
57218,1,inf
57221,1,inf
57230,1,inf
57236,1,inf
57259,1,inf
57268,1,inf
57273,1,inf
57286,1,inf
57307,1,inf
57316,1,inf
57317,1,inf
57329,1,inf
57329,1,inf
57342,1,inf
57354,1,inf
57367,1,inf
57369,1,inf
57381,1,inf
57416,1,inf
57438,1,inf
57465,1,inf
57479,1,inf
57482,1,inf
57484,1,inf
57488,1,inf
57517,1,inf
57525,1,inf
57544,1,inf
57596,1,inf
57602,1,inf
57611,1,inf
57614,1,inf
57617,1,inf
57628,1,inf
57632,1,inf
57635,1,inf
57636,1,inf
57646,1,inf
57665,1,inf
57666,1,inf
57704,1,inf
57711,1,inf
57719,1,inf
57735,1,inf
57835,1,inf
57847,1,inf
57909,1,inf
57918,1,inf
57942,1,inf
57963,1,inf
58006,1,inf
58008,1,inf
58014,1,inf
58016,1,inf
58027,1,inf
58053,1,inf
58055,1,inf
58064,1,inf
58083,1,inf
58091,1,inf
58101,1,inf
58117,1,inf
58152,1,inf
58167,1,inf
58199,1,inf
58210,1,inf
58228,1,inf
58235,1,inf
58235,1,inf
58252,1,inf
58259,1,inf
58268,1,inf
58269,1,inf
58273,1,inf
58280,1,inf
58365,1,inf
58372,1,inf
58410,1,inf
58429,1,inf
58432,1,inf
58442,1,inf
58472,1,inf
58476,1,inf
58490,1,inf
58497,1,inf
58522,1,inf
58526,1,inf
58550,1,inf
58551,1,inf
58554,1,inf
58555,1,inf
58583,1,inf
58597,1,inf
58607,1,inf
58630,1,inf
58635,1,inf
58638,1,inf
58653,1,inf
58670,1,inf
58677,1,inf
58696,1,inf
58709,1,inf
58739,1,inf
58774,1,inf
58804,1,inf
58826,1,inf
58884,1,inf
58908,1,inf
58950,1,inf
58952,1,inf
58957,1,inf
58979,1,inf
58996,1,inf
59014,1,inf
59026,1,inf
59035,1,inf
59046,1,inf
59052,1,inf
59082,1,inf
59087,1,inf
59112,1,inf
59117,1,inf
59123,1,inf
59124,1,inf
59127,1,inf
59150,1,inf
59175,1,inf
59190,1,inf
59207,1,inf
59238,1,inf
59270,1,inf
59275,1,inf
59277,1,inf
59294,1,inf
59358,1,inf
59377,1,inf
59382,1,inf
59392,1,inf
59402,1,inf
59480,1,inf
59502,1,inf
59543,1,inf
59543,1,inf
59560,1,inf
59564,1,inf
59610,1,inf
59666,1,inf
59673,1,inf
59675,1,inf
59678,1,inf
59688,1,inf
59706,1,inf
59707,1,inf
59753,1,inf
59760,1,inf
59839,1,inf
59883,1,inf
59888,1,inf
59894,1,inf
60005,1,inf
60006,1,inf
60061,1,inf
60078,1,inf
60101,1,inf
60131,1,inf
60137,1,inf
60169,1,inf
60182,1,inf
60216,1,inf
60257,1,inf
60271,1,inf
60274,1,inf
60279,1,inf
60289,1,inf
60299,1,inf
60299,1,inf
60350,1,inf
60409,1,inf
60445,1,inf
60473,1,inf
60540,1,inf
60547,1,inf
60549,1,inf
60559,1,inf
60604,1,inf
60605,1,inf
60622,1,inf
60624,1,inf
60626,1,inf
60630,1,inf
60668,1,inf
60728,1,inf
60729,1,inf
60769,1,inf
60820,1,inf
60833,1,inf
60847,1,inf
60884,1,inf
61003,1,inf
61033,1,inf
61059,1,inf
61099,1,inf
61128,1,inf
61187,1,inf
61191,1,inf
61193,1,inf
61227,1,inf
61239,1,inf
61240,1,inf
61278,1,inf
61283,1,inf
61382,1,inf
61384,1,inf
61402,1,inf
61512,1,inf
61529,1,inf
61544,1,inf
61555,1,inf
61576,1,inf
61595,1,inf
61602,1,inf
61611,1,inf
61623,1,inf
61657,1,inf
61661,1,inf
61670,1,inf
61684,1,inf
61687,1,inf
61703,1,inf
61708,1,inf
61749,1,inf
61752,1,inf
61763,1,inf
61764,1,inf
61773,1,inf
61777,1,inf
61794,1,inf
61794,1,inf
61809,1,inf
61834,1,inf
61901,1,inf
61906,1,inf
61946,1,inf
62024,1,inf
62051,1,inf
62096,1,inf
62110,1,inf
62127,1,inf
62132,1,inf
62142,1,inf
62168,1,inf
62191,1,inf
62193,1,inf
62211,1,inf
62218,1,inf
62232,1,inf
62270,1,inf
62271,1,inf
62272,1,inf
62340,1,inf
62363,1,inf
62391,1,inf
62428,1,inf
62436,1,inf
62479,1,inf
62490,1,inf
62518,1,inf
62570,1,inf
62585,1,inf
62589,1,inf
62704,1,inf
62710,1,inf
62717,1,inf
62726,1,inf
62772,1,inf
62777,1,inf
62825,1,inf
62842,1,inf
62855,1,inf
62871,1,inf
62904,1,inf
62913,1,inf
62918,1,inf
62924,1,inf
62929,1,inf
62969,1,inf
63037,1,inf
63040,1,inf
63097,1,inf
63105,1,inf
63177,1,inf
63179,1,inf
63201,1,inf
63239,1,inf
63264,1,inf
63267,1,inf
63279,1,inf
63283,1,inf
63294,1,inf
63306,1,inf
63327,1,inf
63358,1,inf
63362,1,inf
63363,1,inf
63365,1,inf
63393,1,inf
63401,1,inf
63409,1,inf
63409,1,inf
63413,1,inf
63415,1,inf
63423,1,inf
63433,1,inf
63445,1,inf
63450,1,inf
63454,1,inf
63475,1,inf
63495,1,inf
63501,1,inf
63504,1,inf
63509,1,inf
63542,1,inf
63553,1,inf
63555,1,inf
63572,1,inf
63580,1,inf
63594,1,inf
63600,1,inf
63635,1,inf
63638,1,inf
63651,1,inf
63652,1,inf
63693,1,inf
63693,1,inf
63729,1,inf
63761,1,inf
63766,1,inf
63768,1,inf
63776,1,inf
63794,1,inf
63812,1,inf
63823,1,inf
63831,1,inf
63863,1,inf
63868,1,inf
63937,1,inf
63939,1,inf
64001,1,inf
64036,1,inf
64047,1,inf
64061,1,inf
64063,1,inf
64092,1,inf
64098,1,inf
64114,1,inf
64118,1,inf
64152,1,inf
64186,1,inf
64219,1,inf
64225,1,inf
64273,1,inf
64289,1,inf
64302,1,inf
64324,1,inf
64353,1,inf
64362,1,inf
64375,1,inf
64387,1,inf
64413,1,inf
64454,1,inf
64462,1,inf
64469,1,inf
64469,1,inf
64560,1,inf
64569,1,inf
64582,1,inf
64591,1,inf
64610,1,inf
64624,1,inf
64643,1,inf
64660,1,inf
64664,1,inf
64684,1,inf
64689,1,inf
64710,1,inf
64772,1,inf
64778,1,inf
64804,1,inf
64827,1,inf
64878,1,inf
64887,1,inf
64895,1,inf
64925,1,inf
64936,1,inf
64944,1,inf
64945,1,inf
64973,1,inf
64980,1,inf
64983,1,inf
65032,1,inf
65039,1,inf
65041,1,inf
65117,1,inf
65119,1,inf
65126,1,inf
65152,1,inf
65154,1,inf
65155,1,inf
65162,1,inf
65225,1,inf
65249,1,inf
65270,1,inf
65281,1,inf
65282,1,inf
65290,1,inf
65323,1,inf
65347,1,inf
65360,1,inf
65371,1,inf
65383,1,inf
65384,1,inf
65403,1,inf
65413,1,inf
65438,1,inf
65450,1,inf
65463,1,inf
65464,1,inf
65472,1,inf
65475,1,inf
65491,1,inf
65517,1,inf
65518,1,inf
65523,1,inf
65548,1,inf
65557,1,inf
65574,1,inf
65589,1,inf
65599,1,inf
65633,1,inf
65634,1,inf
65714,1,inf
65757,1,inf
65758,1,inf
65784,1,inf
65850,1,inf
65916,1,inf
65919,1,inf
65921,1,inf
66007,1,inf
66010,1,inf
66022,1,inf
66032,1,inf
66083,1,inf
66102,1,inf
66134,1,inf
66175,1,inf
66177,1,inf
66227,1,inf
66312,1,inf
66332,1,inf
66333,1,inf
66340,1,inf
66357,1,inf
66365,1,inf
66365,1,inf
66377,1,inf
66385,1,inf
66399,1,inf
66440,1,inf
66443,1,inf
66453,1,inf
66459,1,inf
66498,1,inf
66528,1,inf
66532,1,inf
66532,1,inf
66538,1,inf
66613,1,inf
66622,1,inf
66623,1,inf
66626,1,inf
66661,1,inf
66675,1,inf
66675,1,inf
66699,1,inf
66735,1,inf
66741,1,inf
66747,1,inf
66749,1,inf
66764,1,inf
66809,1,inf
66817,1,inf
66820,1,inf
66854,1,inf
66857,1,inf
66861,1,inf
66879,1,inf
66890,1,inf
66931,1,inf
66932,1,inf
66958,1,inf
67018,1,inf
67059,1,inf
67075,1,inf
67083,1,inf
67102,1,inf
67102,1,inf
67118,1,inf
67130,1,inf
67135,1,inf
67136,1,inf
67142,1,inf
67158,1,inf
67177,1,inf
67194,1,inf
67208,1,inf
67209,1,inf
67217,1,inf
67265,1,inf
67272,1,inf
67278,1,inf
67286,1,inf
67302,1,inf
67314,1,inf
67336,1,inf
67345,1,inf
67408,1,inf
67408,1,inf
67410,1,inf
67419,1,inf
67424,1,inf
67430,1,inf
67437,1,inf
67449,1,inf
67450,1,inf
67463,1,inf
67468,1,inf
67477,1,inf
67498,1,inf
67500,1,inf
67591,1,inf
67602,1,inf
67602,1,inf
67611,1,inf
67640,1,inf
67644,1,inf
67689,1,inf
67772,1,inf
67773,1,inf
67790,1,inf
67791,1,inf
67811,1,inf
67822,1,inf
67833,1,inf
67903,1,inf
68046,1,inf
68085,1,inf
68113,1,inf
68118,1,inf
68163,1,inf
68168,1,inf
68173,1,inf
68183,1,inf
68206,1,inf
68208,1,inf
68218,1,inf
68278,1,inf
68370,1,inf
68384,1,inf
68389,1,inf
68395,1,inf
68418,1,inf
68451,1,inf
68461,1,inf
68468,1,inf
68482,1,inf
68484,1,inf
68521,1,inf
68523,1,inf
68525,1,inf
68525,1,inf
68536,1,inf
68585,1,inf
68588,1,inf
68591,1,inf
68593,1,inf
68626,1,inf
68630,1,inf
68661,1,inf
68663,1,inf
68679,1,inf
68679,1,inf
68685,1,inf
68729,1,inf
68732,1,inf
68780,1,inf
68811,1,inf
68811,1,inf
68833,1,inf
68859,1,inf
68861,1,inf
68865,1,inf
68895,1,inf
68899,1,inf
68908,1,inf
69045,1,inf
69119,1,inf
69138,1,inf
69168,1,inf
69173,1,inf
69191,1,inf
69192,1,inf
69216,1,inf
69237,1,inf
69265,1,inf
69322,1,inf
69328,1,inf
69396,1,inf
69427,1,inf
69433,1,inf
69473,1,inf
69482,1,inf
69526,1,inf
69548,1,inf
69579,1,inf
69598,1,inf
69600,1,inf
69605,1,inf
69613,1,inf
69620,1,inf
69623,1,inf
69653,1,inf
69691,1,inf
69694,1,inf
69729,1,inf
69742,1,inf
69751,1,inf
69766,1,inf
69774,1,inf
69814,1,inf
69823,1,inf
69835,1,inf
69847,1,inf
69889,1,inf
69918,1,inf
69947,1,inf
69962,1,inf
69992,1,inf
70003,1,inf
70004,1,inf
70028,1,inf
70097,1,inf
70104,1,inf
70108,1,inf
70140,1,inf
70151,1,inf
70155,1,inf
70156,1,inf
70174,1,inf
70213,1,inf
70215,1,inf
70226,1,inf
70262,1,inf
70269,1,inf
70271,1,inf
70298,1,inf
70303,1,inf
70315,1,inf
70316,1,inf
70319,1,inf
70337,1,inf
70368,1,inf
70377,1,inf
70380,1,inf
70384,1,inf
70393,1,inf
70443,1,inf
70461,1,inf
70487,1,inf
70506,1,inf
70512,1,inf
70527,1,inf
70562,1,inf
70595,1,inf
70621,1,inf
70659,1,inf
70670,1,inf
70686,1,inf
70727,1,inf
70747,1,inf
70747,1,inf
70754,1,inf
70811,1,inf
70845,1,inf
70884,1,inf
70886,1,inf
70891,1,inf
70917,1,inf
70938,1,inf
70975,1,inf
70977,1,inf
71003,1,inf
71020,1,inf
71063,1,inf
71094,1,inf
71095,1,inf
71125,1,inf
71151,1,inf
71155,1,inf
71159,1,inf
71164,1,inf
71202,1,inf
71211,1,inf
71254,1,inf
71277,1,inf
71309,1,inf
71320,1,inf
71321,1,inf
71338,1,inf
71363,1,inf
71364,1,inf
71457,1,inf
71466,1,inf
71471,1,inf
71529,1,inf
71612,1,inf
71614,1,inf
71616,1,inf
71634,1,inf
71691,1,inf
71692,1,inf
71716,1,inf
71767,1,inf
71781,1,inf
71786,1,inf
71788,1,inf
71795,1,inf
71797,1,inf
71825,1,inf
71848,1,inf
71881,1,inf
71906,1,inf
71921,1,inf
71935,1,inf
71941,1,inf
71945,1,inf
71956,1,inf
72008,1,inf
72010,1,inf
72026,1,inf
72028,1,inf
72052,1,inf
72064,1,inf
72079,1,inf
72120,1,inf
72139,1,inf
72155,1,inf
72180,1,inf
72197,1,inf
72212,1,inf
72240,1,inf
72272,1,inf
72274,1,inf
72279,1,inf
72296,1,inf
72320,1,inf
72333,1,inf
72334,1,inf
72337,1,inf
72353,1,inf
72360,1,inf
72387,1,inf
72391,1,inf
72391,1,inf
72407,1,inf
72420,1,inf
72446,1,inf
72452,1,inf
72463,1,inf
72478,1,inf
72502,1,inf
72546,1,inf
72562,1,inf
72564,1,inf
72652,1,inf
72668,1,inf
72683,1,inf
72692,1,inf
72692,1,inf
72703,1,inf
72730,1,inf
72740,1,inf
72773,1,inf
72787,1,inf
72791,1,inf
72798,1,inf
72805,1,inf
72809,1,inf
72813,1,inf
72833,1,inf
72837,1,inf
72838,1,inf
72841,1,inf
72905,1,inf
72912,1,inf
72915,1,inf
73009,1,inf
73022,1,inf
73040,1,inf
73087,1,inf
73094,1,inf
73131,1,inf
73167,1,inf
73206,1,inf
73213,1,inf
73219,1,inf
73232,1,inf
73236,1,inf
73241,1,inf
73261,1,inf
73262,1,inf
73264,1,inf
73272,1,inf
73272,1,inf
73284,1,inf
73311,1,inf
73323,1,inf
73335,1,inf
73380,1,inf
73399,1,inf
73497,1,inf
73513,1,inf
73527,1,inf
73568,1,inf
73569,1,inf
73588,1,inf
73635,1,inf
73653,1,inf
73660,1,inf
73732,1,inf
73743,1,inf
73747,1,inf
73760,1,inf
73775,1,inf
73800,1,inf
73828,1,inf
73830,1,inf
73846,1,inf
73852,1,inf
73862,1,inf
73939,1,inf
73944,1,inf
74084,1,inf
74093,1,inf
74130,1,inf
74136,1,inf
74142,1,inf
74143,1,inf
74149,1,inf
74210,1,inf
74215,1,inf
74242,1,inf
74255,1,inf
74259,1,inf
74275,1,inf
74278,1,inf
74291,1,inf
74300,1,inf
74312,1,inf
74313,1,inf
74428,1,inf
74454,1,inf
74464,1,inf
74517,1,inf
74517,1,inf
74600,1,inf
74610,1,inf
74632,1,inf
74641,1,inf
74655,1,inf
74681,1,inf
74701,1,inf
74702,1,inf
74766,1,inf
74816,1,inf
74834,1,inf
74837,1,inf
74868,1,inf
74899,1,inf
74985,1,inf
74990,1,inf
74994,1,inf
75016,1,inf
75034,1,inf
75036,1,inf
75041,1,inf
75056,1,inf
75057,1,inf
75076,1,inf
75090,1,inf
75106,1,inf
75130,1,inf
75142,1,inf
75166,1,inf
75174,1,inf
75197,1,inf
75212,1,inf
75232,1,inf
75269,1,inf
75285,1,inf
75308,1,inf
75319,1,inf
75344,1,inf
75367,1,inf
75367,1,inf
75371,1,inf
75384,1,inf
75450,1,inf
75481,1,inf
75481,1,inf
75498,1,inf
75525,1,inf
75525,1,inf
75547,1,inf
75561,1,inf
75571,1,inf
75606,1,inf
75612,1,inf
75625,1,inf
75633,1,inf
75645,1,inf
75679,1,inf
75693,1,inf
75700,1,inf
75712,1,inf
75724,1,inf
75748,1,inf
75775,1,inf
75792,1,inf
75792,1,inf
75802,1,inf
75816,1,inf
75833,1,inf
75834,1,inf
75848,1,inf
75873,1,inf
75890,1,inf
76001,1,inf
76031,1,inf
76052,1,inf
76062,1,inf
76083,1,inf
76088,1,inf
76111,1,inf
76111,1,inf
76128,1,inf
76134,1,inf
76134,1,inf
76138,1,inf
76174,1,inf
76235,1,inf
76248,1,inf
76253,1,inf
76255,1,inf
76277,1,inf
76285,1,inf
76293,1,inf
76337,1,inf
76361,1,inf
76365,1,inf
76407,1,inf
76408,1,inf
76413,1,inf
76420,1,inf
76439,1,inf
76499,1,inf
76506,1,inf
76507,1,inf
76509,1,inf
76511,1,inf
76518,1,inf
76528,1,inf
76544,1,inf
76557,1,inf
76567,1,inf
76578,1,inf
76580,1,inf
76585,1,inf
76614,1,inf
76624,1,inf
76635,1,inf
76652,1,inf
76663,1,inf
76720,1,inf
76730,1,inf
76749,1,inf
76753,1,inf
76771,1,inf
76808,1,inf
76837,1,inf
76847,1,inf
76859,1,inf
76860,1,inf
77032,1,inf
77060,1,inf
77060,1,inf
77063,1,inf
77097,1,inf
77098,1,inf
77133,1,inf
77139,1,inf
77141,1,inf
77167,1,inf
77169,1,inf
77208,1,inf
77220,1,inf
77255,1,inf
77278,1,inf
77285,1,inf
77292,1,inf
77295,1,inf
77300,1,inf
77337,1,inf
77355,1,inf
77373,1,inf
77375,1,inf
77397,1,inf
77417,1,inf
77440,1,inf
77490,1,inf
77503,1,inf
77507,1,inf
77542,1,inf
77556,1,inf
77569,1,inf
77574,1,inf
77590,1,inf
77595,1,inf
77595,1,inf
77627,1,inf
77636,1,inf
77654,1,inf
77660,1,inf
77671,1,inf
77671,1,inf
77743,1,inf
77745,1,inf
77745,1,inf
77753,1,inf
77762,1,inf
77778,1,inf
77799,1,inf
77834,1,inf
77847,1,inf
77860,1,inf
77909,1,inf
78007,1,inf
78013,1,inf
78022,1,inf
78034,1,inf
78047,1,inf
78062,1,inf
78077,1,inf
78087,1,inf
78120,1,inf
78136,1,inf
78137,1,inf
78139,1,inf
78146,1,inf
78155,1,inf
78167,1,inf
78181,1,inf
78192,1,inf
78231,1,inf
78235,1,inf
78244,1,inf
78255,1,inf
78284,1,inf
78293,1,inf
78319,1,inf
78326,1,inf
78378,1,inf
78408,1,inf
78413,1,inf
78462,1,inf
78475,1,inf
78478,1,inf
78485,1,inf
78515,1,inf
78566,1,inf
78575,1,inf
78583,1,inf
78589,1,inf
78607,1,inf
78622,1,inf
78624,1,inf
78637,1,inf
78652,1,inf
78654,1,inf
78660,1,inf
78672,1,inf
78679,1,inf
78685,1,inf
78721,1,inf
78722,1,inf
78724,1,inf
78791,1,inf
78824,1,inf
78838,1,inf
78852,1,inf
78889,1,inf
78929,1,inf
78930,1,inf
78942,1,inf
78954,1,inf
78960,1,inf
79006,1,inf
79007,1,inf
79042,1,inf
79049,1,inf
79050,1,inf
79068,1,inf
79079,1,inf
79096,1,inf
79103,1,inf
79116,1,inf
79118,1,inf
79135,1,inf
79143,1,inf
79160,1,inf
79180,1,inf
79199,1,inf
79200,1,inf
79294,1,inf
79312,1,inf
79316,1,inf
79348,1,inf
79361,1,inf
79379,1,inf
79394,1,inf
79458,1,inf
79468,1,inf
79477,1,inf
79488,1,inf
79505,1,inf
79583,1,inf
79584,1,inf
79590,1,inf
79605,1,inf
79611,1,inf
79622,1,inf
79641,1,inf
79659,1,inf
79681,1,inf
79698,1,inf
79738,1,inf
79745,1,inf
79772,1,inf
79784,1,inf
79804,1,inf
79821,1,inf
79907,1,inf
79965,1,inf
79986,1,inf
80005,1,inf
80006,1,inf
80008,1,inf
80013,1,inf
80013,1,inf
80013,1,inf
80018,1,inf
80030,1,inf
80038,1,inf
80046,1,inf
80100,1,inf
80102,1,inf
80118,1,inf
80124,1,inf
80150,1,inf
80157,1,inf
80190,1,inf
80200,1,inf
80251,1,inf
80273,1,inf
80285,1,inf
80300,1,inf
80396,1,inf
80408,1,inf
80410,1,inf
80500,1,inf
80532,1,inf
80550,1,inf
80600,1,inf
80612,1,inf
80629,1,inf
80639,1,inf
80639,1,inf
80668,1,inf
80677,1,inf
80728,1,inf
80797,1,inf
80849,1,inf
80864,1,inf
80868,1,inf
80919,1,inf
80947,1,inf
80969,1,inf
81011,1,inf
81033,1,inf
81054,1,inf
81057,1,inf
81073,1,inf
81095,1,inf
81113,1,inf
81129,1,inf
81130,1,inf
81166,1,inf
81177,1,inf
81179,1,inf
81217,1,inf
81288,1,inf
81308,1,inf
81310,1,inf
81317,1,inf
81335,1,inf
81376,1,inf
81421,1,inf
81430,1,inf
81433,1,inf
81500,1,inf
81513,1,inf
81523,1,inf
81536,1,inf
81538,1,inf
81549,1,inf
81557,1,inf
81562,1,inf
81575,1,inf
81609,1,inf
81636,1,inf
81653,1,inf
81684,1,inf
81687,1,inf
81717,1,inf
81750,1,inf
81751,1,inf
81804,1,inf
81821,1,inf
81830,1,inf
81873,1,inf
81905,1,inf
81929,1,inf
81940,1,inf
81944,1,inf
82027,1,inf
82030,1,inf
82043,1,inf
82078,1,inf
82088,1,inf
82089,1,inf
82120,1,inf
82130,1,inf
82132,1,inf
82143,1,inf
82186,1,inf
82196,1,inf
82211,1,inf
82237,1,inf
82264,1,inf
82285,1,inf
82289,1,inf
82305,1,inf
82337,1,inf
82360,1,inf
82395,1,inf
82400,1,inf
82416,1,inf
82427,1,inf
82457,1,inf
82461,1,inf
82474,1,inf
82493,1,inf
82507,1,inf
82550,1,inf
82561,1,inf
82567,1,inf
82616,1,inf
82619,1,inf
82669,1,inf
82687,1,inf
82703,1,inf
82717,1,inf
82747,1,inf
82749,1,inf
82768,1,inf
82772,1,inf
82819,1,inf
82832,1,inf
82840,1,inf
82925,1,inf
82930,1,inf
83006,1,inf
83035,1,inf
83052,1,inf
83060,1,inf
83068,1,inf
83083,1,inf
83094,1,inf
83126,1,inf
83136,1,inf
83156,1,inf
83160,1,inf
83188,1,inf
83193,1,inf
83199,1,inf
83201,1,inf
83201,1,inf
83210,1,inf
83234,1,inf
83240,1,inf
83260,1,inf
83267,1,inf
83278,1,inf
83278,1,inf
83279,1,inf
83326,1,inf
83335,1,inf
83337,1,inf
83340,1,inf
83341,1,inf
83344,1,inf
83396,1,inf
83406,1,inf
83421,1,inf
83436,1,inf
83438,1,inf
83460,1,inf
83477,1,inf
83491,1,inf
83498,1,inf
83503,1,inf
83504,1,inf
83519,1,inf
83534,1,inf
83552,1,inf
83568,1,inf
83591,1,inf
83599,1,inf
83643,1,inf
83645,1,inf
83654,1,inf
83706,1,inf
83720,1,inf
83723,1,inf
83790,1,inf
83790,1,inf
83800,1,inf
83816,1,inf
83846,1,inf
83888,1,inf
83895,1,inf
83896,1,inf
83904,1,inf
83913,1,inf
83922,1,inf
84006,1,inf
84027,1,inf
84030,1,inf
84034,1,inf
84046,1,inf
84066,1,inf
84082,1,inf
84109,1,inf
84113,1,inf
84116,1,inf
84119,1,inf
84137,1,inf
84162,1,inf
84196,1,inf
84216,1,inf
84245,1,inf
84261,1,inf
84268,1,inf
84278,1,inf
84282,1,inf
84299,1,inf
84303,1,inf
84304,1,inf
84306,1,inf
84334,1,inf
84388,1,inf
84414,1,inf
84431,1,inf
84452,1,inf
84470,1,inf
84472,1,inf
84489,1,inf
84545,1,inf
84570,1,inf
84588,1,inf
84597,1,inf
84601,1,inf
84603,1,inf
84611,1,inf
84634,1,inf
84640,1,inf
84701,1,inf
84703,1,inf
84712,1,inf
84717,1,inf
84736,1,inf
84747,1,inf
84776,1,inf
84787,1,inf
84822,1,inf
84833,1,inf
84870,1,inf
84914,1,inf
84925,1,inf
84953,1,inf
84961,1,inf
84975,1,inf
84992,1,inf
85022,1,inf
85047,1,inf
85048,1,inf
85052,1,inf
85073,1,inf
85097,1,inf
85115,1,inf
85115,1,inf
85124,1,inf
85125,1,inf
85125,1,inf
85232,1,inf
85290,1,inf
85305,1,inf
85327,1,inf
85342,1,inf
85354,1,inf
85407,1,inf
85437,1,inf
85438,1,inf
85442,1,inf
85471,1,inf
85474,1,inf
85490,1,inf
85517,1,inf
85523,1,inf
85539,1,inf
85549,1,inf
85553,1,inf
85570,1,inf
85606,1,inf
85606,1,inf
85614,1,inf
85615,1,inf
85620,1,inf
85653,1,inf
85674,1,inf
85696,1,inf
85729,1,inf
85747,1,inf
85773,1,inf
85789,1,inf
85812,1,inf
85819,1,inf
85839,1,inf
85849,1,inf
85852,1,inf
85881,1,inf
85891,1,inf
85898,1,inf
85920,1,inf
85932,1,inf
86007,1,inf
86017,1,inf
86017,1,inf
86049,1,inf
86062,1,inf
86077,1,inf
86079,1,inf
86085,1,inf
86086,1,inf
86087,1,inf
86130,1,inf
86135,1,inf
86141,1,inf
86153,1,inf
86162,1,inf
86186,1,inf
86198,1,inf
86202,1,inf
86211,1,inf
86249,1,inf
86261,1,inf
86266,1,inf
86274,1,inf
86279,1,inf
86287,1,inf
86304,1,inf
86305,1,inf
86307,1,inf
86323,1,inf
86330,1,inf
86335,1,inf
86360,1,inf
86383,1,inf
86390,1,inf
86439,1,inf
86442,1,inf
86516,1,inf
86545,1,inf
86551,1,inf
86578,1,inf
86590,1,inf
86594,1,inf
86650,1,inf
86661,1,inf
86676,1,inf
86685,1,inf
86777,1,inf
86779,1,inf
86784,1,inf
86790,1,inf
86792,1,inf
86796,1,inf
86822,1,inf
86843,1,inf
86859,1,inf
86870,1,inf
86879,1,inf
86895,1,inf
87113,1,inf
87122,1,inf
87158,1,inf
87167,1,inf
87202,1,inf
87225,1,inf
87247,1,inf
87250,1,inf
87273,1,inf
87339,1,inf
87384,1,inf
87397,1,inf
87400,1,inf
87411,1,inf
87431,1,inf
87433,1,inf
87444,1,inf
87485,1,inf
87490,1,inf
87524,1,inf
87550,1,inf
87552,1,inf
87626,1,inf
87628,1,inf
87672,1,inf
87680,1,inf
87685,1,inf
87692,1,inf
87712,1,inf
87714,1,inf
87719,1,inf
87726,1,inf
87727,1,inf
87763,1,inf
87816,1,inf
87833,1,inf
87846,1,inf
87857,1,inf
87881,1,inf
87932,1,inf
87936,1,inf
87938,1,inf
87961,1,inf
87962,1,inf
87973,1,inf
87986,1,inf
88028,1,inf
88030,1,inf
88033,1,inf
88048,1,inf
88050,1,inf
88053,1,inf
88067,1,inf
88086,1,inf
88108,1,inf
88122,1,inf
88123,1,inf
88125,1,inf
88132,1,inf
88133,1,inf
88155,1,inf
88167,1,inf
88216,1,inf
88241,1,inf
88259,1,inf
88261,1,inf
88292,1,inf
88324,1,inf
88338,1,inf
88339,1,inf
88343,1,inf
88350,1,inf
88359,1,inf
88384,1,inf
88414,1,inf
88434,1,inf
88441,1,inf
88468,1,inf
88487,1,inf
88606,1,inf
88607,1,inf
88615,1,inf
88666,1,inf
88683,1,inf
88684,1,inf
88684,1,inf
88715,1,inf
88736,1,inf
88739,1,inf
88777,1,inf
88794,1,inf
88831,1,inf
88862,1,inf
88874,1,inf
88956,1,inf
88990,1,inf
88991,1,inf
89010,1,inf
89011,1,inf
89012,1,inf
89019,1,inf
89050,1,inf
89056,1,inf
89108,1,inf
89150,1,inf
89198,1,inf
89223,1,inf
89235,1,inf
89238,1,inf
89238,1,inf
89267,1,inf
89272,1,inf
89285,1,inf
89287,1,inf
89306,1,inf
89306,1,inf
89318,1,inf
89318,1,inf
89345,1,inf
89358,1,inf
89388,1,inf
89394,1,inf
89400,1,inf
89417,1,inf
89455,1,inf
89491,1,inf
89502,1,inf
89506,1,inf
89524,1,inf
89543,1,inf
89548,1,inf
89550,1,inf
89554,1,inf
89566,1,inf
89568,1,inf
89606,1,inf
89621,1,inf
89624,1,inf
89635,1,inf
89637,1,inf
89643,1,inf
89656,1,inf
89664,1,inf
89694,1,inf
89709,1,inf
89748,1,inf
89761,1,inf
89761,1,inf
89810,1,inf
89810,1,inf
89814,1,inf
89833,1,inf
89914,1,inf
89936,1,inf
89946,1,inf
89957,1,inf
90029,1,inf
90030,1,inf
90035,1,inf
90040,1,inf
90047,1,inf
90052,1,inf
90075,1,inf
90083,1,inf
90087,1,inf
90092,1,inf
90103,1,inf
90105,1,inf
90117,1,inf
90122,1,inf
90194,1,inf
90194,1,inf
90246,1,inf
90267,1,inf
90290,1,inf
90301,1,inf
90304,1,inf
90310,1,inf
90320,1,inf
90330,1,inf
90334,1,inf
90337,1,inf
90373,1,inf
90379,1,inf
90391,1,inf
90423,1,inf
90423,1,inf
90443,1,inf
90447,1,inf
90447,1,inf
90493,1,inf
90531,1,inf
90531,1,inf
90543,1,inf
90551,1,inf
90607,1,inf
90639,1,inf
90643,1,inf
90659,1,inf
90695,1,inf
90722,1,inf
90735,1,inf
90738,1,inf
90777,1,inf
90778,1,inf
90800,1,inf
90814,1,inf
90833,1,inf
90855,1,inf
90878,1,inf
90881,1,inf
91022,1,inf
91031,1,inf
91040,1,inf
91046,1,inf
91097,1,inf
91133,1,inf
91148,1,inf
91166,1,inf
91168,1,inf
91178,1,inf
91203,1,inf
91210,1,inf
91254,1,inf
91257,1,inf
91259,1,inf
91289,1,inf
91292,1,inf
91297,1,inf
91306,1,inf
91306,1,inf
91308,1,inf
91354,1,inf
91366,1,inf
91431,1,inf
91441,1,inf
91446,1,inf
91470,1,inf
91490,1,inf
91537,1,inf
91551,1,inf
91577,1,inf
91579,1,inf
91584,1,inf
91661,1,inf
91674,1,inf
91689,1,inf
91730,1,inf
91732,1,inf
91762,1,inf
91764,1,inf
91825,1,inf
91892,1,inf
91908,1,inf
91924,1,inf
91934,1,inf
91936,1,inf
91960,1,inf
91962,1,inf
91963,1,inf
92047,1,inf
92070,1,inf
92070,1,inf
92074,1,inf
92104,1,inf
92125,1,inf
92134,1,inf
92148,1,inf
92193,1,inf
92196,1,inf
92204,1,inf
92208,1,inf
92248,1,inf
92248,1,inf
92269,1,inf
92271,1,inf
92283,1,inf
92295,1,inf
92296,1,inf
92299,1,inf
92331,1,inf
92342,1,inf
92390,1,inf
92400,1,inf
92456,1,inf
92483,1,inf
92485,1,inf
92485,1,inf
92542,1,inf
92557,1,inf
92577,1,inf
92579,1,inf
92610,1,inf
92653,1,inf
92654,1,inf
92711,1,inf
92723,1,inf
92727,1,inf
92738,1,inf
92758,1,inf
92777,1,inf
92819,1,inf
92899,1,inf
92901,1,inf
92920,1,inf
92970,1,inf
92974,1,inf
93023,1,inf
93077,1,inf
93080,1,inf
93108,1,inf
93122,1,inf
93124,1,inf
93132,1,inf
93133,1,inf
93139,1,inf
93146,1,inf
93150,1,inf
93185,1,inf
93199,1,inf
93199,1,inf
93203,1,inf
93221,1,inf
93223,1,inf
93241,1,inf
93247,1,inf
93247,1,inf
93249,1,inf
93251,1,inf
93260,1,inf
93262,1,inf
93263,1,inf
93269,1,inf
93274,1,inf
93276,1,inf
93292,1,inf
93326,1,inf
93336,1,inf
93341,1,inf
93358,1,inf
93364,1,inf
93378,1,inf
93379,1,inf
93385,1,inf
93440,1,inf
93449,1,inf
93476,1,inf
93484,1,inf
93489,1,inf
93507,1,inf
93519,1,inf
93529,1,inf
93534,1,inf
93534,1,inf
93559,1,inf
93577,1,inf
93583,1,inf
93585,1,inf
93589,1,inf
93601,1,inf
93619,1,inf
93644,1,inf
93657,1,inf
93675,1,inf
93692,1,inf
93697,1,inf
93734,1,inf
93738,1,inf
93772,1,inf
93795,1,inf
93806,1,inf
93823,1,inf
93829,1,inf
93888,1,inf
93899,1,inf
93915,1,inf
93922,1,inf
94007,1,inf
94022,1,inf
94023,1,inf
94039,1,inf
94065,1,inf
94084,1,inf
94117,1,inf
94188,1,inf
94198,1,inf
94199,1,inf
94210,1,inf
94240,1,inf
94242,1,inf
94300,1,inf
94302,1,inf
94317,1,inf
94333,1,inf
94333,1,inf
94394,1,inf
94406,1,inf
94415,1,inf
94419,1,inf
94424,1,inf
94437,1,inf
94506,1,inf
94511,1,inf
94531,1,inf
94534,1,inf
94553,1,inf
94600,1,inf
94609,1,inf
94616,1,inf
94717,1,inf
94795,1,inf
94797,1,inf
94848,1,inf
94879,1,inf
94882,1,inf
94889,1,inf
94892,1,inf
94916,1,inf
95009,1,inf
95052,1,inf
95069,1,inf
95103,1,inf
95155,1,inf
95165,1,inf
95198,1,inf
95199,1,inf
95209,1,inf
95253,1,inf
95295,1,inf
95300,1,inf
95333,1,inf
95346,1,inf
95353,1,inf
95362,1,inf
95364,1,inf
95421,1,inf
95429,1,inf
95453,1,inf
95454,1,inf
95461,1,inf
95463,1,inf
95478,1,inf
95499,1,inf
95509,1,inf
95528,1,inf
95576,1,inf
95592,1,inf
95646,1,inf
95677,1,inf
95703,1,inf
95721,1,inf
95724,1,inf
95817,1,inf
95872,1,inf
95881,1,inf
95905,1,inf
95966,1,inf
95980,1,inf
95986,1,inf
96001,1,inf
96014,1,inf
96030,1,inf
96031,1,inf
96054,1,inf
96081,1,inf
96091,1,inf
96119,1,inf
96203,1,inf
96257,1,inf
96285,1,inf
96289,1,inf
96312,1,inf
96317,1,inf
96328,1,inf
96363,1,inf
96403,1,inf
96408,1,inf
96438,1,inf
96450,1,inf
96517,1,inf
96546,1,inf
96591,1,inf
96595,1,inf
96599,1,inf
96607,1,inf
96619,1,inf
96634,1,inf
96637,1,inf
96641,1,inf
96654,1,inf
96688,1,inf
96692,1,inf
96696,1,inf
96710,1,inf
96713,1,inf
96723,1,inf
96736,1,inf
96739,1,inf
96744,1,inf
96749,1,inf
96788,1,inf
96809,1,inf
96819,1,inf
96842,1,inf
96843,1,inf
97018,1,inf
97022,1,inf
97047,1,inf
97056,1,inf
97066,1,inf
97091,1,inf
97102,1,inf
97140,1,inf
97163,1,inf
97185,1,inf
97186,1,inf
97239,1,inf
97258,1,inf
97316,1,inf
97325,1,inf
97326,1,inf
97327,1,inf
97353,1,inf
97355,1,inf
97375,1,inf
97403,1,inf
97412,1,inf
97437,1,inf
97452,1,inf
97458,1,inf
97482,1,inf
97518,1,inf
97544,1,inf
97559,1,inf
97576,1,inf
97618,1,inf
97644,1,inf
97705,1,inf
97736,1,inf
97764,1,inf
97783,1,inf
97801,1,inf
97883,1,inf
97889,1,inf
97903,1,inf
97973,1,inf
97978,1,inf
97981,1,inf
97990,1,inf
98000,1,inf
98003,1,inf
98031,1,inf
98036,1,inf
98047,1,inf
98051,1,inf
98069,1,inf
98082,1,inf
98096,1,inf
98097,1,inf
98140,1,inf
98148,1,inf
98157,1,inf
98158,1,inf
98166,1,inf
98192,1,inf
98192,1,inf
98194,1,inf
98215,1,inf
98220,1,inf
98235,1,inf
98237,1,inf
98238,1,inf
98238,1,inf
98242,1,inf
98251,1,inf
98307,1,inf
98341,1,inf
98366,1,inf
98391,1,inf
98397,1,inf
98423,1,inf
98426,1,inf
98430,1,inf
98453,1,inf
98548,1,inf
98561,1,inf
98589,1,inf
98614,1,inf
98655,1,inf
98681,1,inf
98682,1,inf
98698,1,inf
98707,1,inf
98734,1,inf
98745,1,inf
98772,1,inf
98799,1,inf
98820,1,inf
98861,1,inf
98864,1,inf
98869,1,inf
98892,1,inf
98903,1,inf
98909,1,inf
98916,1,inf
98947,1,inf
98954,1,inf
98956,1,inf
98968,1,inf
99014,1,inf
99040,1,inf
99042,1,inf
99042,1,inf
99048,1,inf
99054,1,inf
99054,1,inf
99054,1,inf
99057,1,inf
99095,1,inf
99101,1,inf
99119,1,inf
99125,1,inf
99133,1,inf
99139,1,inf
99140,1,inf
99175,1,inf
99191,1,inf
99196,1,inf
99197,1,inf
99211,1,inf
99217,1,inf
99248,1,inf
99262,1,inf
99293,1,inf
99313,1,inf
99316,1,inf
99322,1,inf
99336,1,inf
99361,1,inf
99365,1,inf
99393,1,inf
99438,1,inf
99462,1,inf
99538,1,inf
99591,1,inf
99601,1,inf
99652,1,inf
99672,1,inf
99695,1,inf
99706,1,inf
99737,1,inf
99742,1,inf
99754,1,inf
99755,1,inf
99782,1,inf
99796,1,inf
99817,1,inf
99821,1,inf
99828,1,inf
99841,1,inf
99867,1,inf
99906,1,inf
99951,1,inf
99991,1,inf
100009,1,inf
100016,1,inf
100023,1,inf
100070,1,inf
100079,1,inf
100095,1,inf
100105,1,inf
100122,1,inf
100134,1,inf
100175,1,inf
100184,1,inf
100215,1,inf
100267,1,inf
100315,1,inf
100322,1,inf
100328,1,inf
100353,1,inf
100361,1,inf
100366,1,inf
100369,1,inf
100380,1,inf
100386,1,inf
100442,1,inf
100449,1,inf
100466,1,inf
100481,1,inf
100487,1,inf
100503,1,inf
100506,1,inf
100508,1,inf
100519,1,inf
100548,1,inf
100568,1,inf
100588,1,inf
100592,1,inf
100635,1,inf
100664,1,inf
100670,1,inf
100701,1,inf
100745,1,inf
100751,1,inf
100765,1,inf
100776,1,inf
100777,1,inf
100846,1,inf
100852,1,inf
100886,1,inf
100892,1,inf
100933,1,inf
100940,1,inf
100996,1,inf
101006,1,inf
101015,1,inf
101017,1,inf
101041,1,inf
101054,1,inf
101055,1,inf
101067,1,inf
101080,1,inf
101119,1,inf
101125,1,inf
101166,1,inf
101216,1,inf
101230,1,inf
101243,1,inf
101244,1,inf
101246,1,inf
101295,1,inf
101322,1,inf
101331,1,inf
101362,1,inf
101391,1,inf
101435,1,inf
101486,1,inf
101493,1,inf
101536,1,inf
101565,1,inf
101578,1,inf
101599,1,inf
101605,1,inf
101615,1,inf
101623,1,inf
101633,1,inf
101659,1,inf
101697,1,inf
101708,1,inf
101741,1,inf
101748,1,inf
101759,1,inf
101791,1,inf
101805,1,inf
101808,1,inf
101840,1,inf
101850,1,inf
101851,1,inf
101859,1,inf
101864,1,inf
101885,1,inf
101891,1,inf
101894,1,inf
101938,1,inf
102011,1,inf
102025,1,inf
102025,1,inf
102051,1,inf
102066,1,inf
102074,1,inf
102124,1,inf
102180,1,inf
102221,1,inf
102233,1,inf
102245,1,inf
102334,1,inf
102360,1,inf
102364,1,inf
102365,1,inf
102365,1,inf
102386,1,inf
102390,1,inf
102424,1,inf
102441,1,inf
102445,1,inf
102449,1,inf
102483,1,inf
102505,1,inf
102512,1,inf
102514,1,inf
102526,1,inf
102554,1,inf
102571,1,inf
102607,1,inf
102657,1,inf
102658,1,inf
102665,1,inf
102670,1,inf
102695,1,inf
102697,1,inf
102701,1,inf
102708,1,inf
102771,1,inf
102793,1,inf
102806,1,inf
102825,1,inf
102841,1,inf
102843,1,inf
102851,1,inf
102898,1,inf
102908,1,inf
102930,1,inf
102955,1,inf
102965,1,inf
103009,1,inf
103034,1,inf
103069,1,inf
103070,1,inf
103071,1,inf
103091,1,inf
103099,1,inf
103101,1,inf
103133,1,inf
103193,1,inf
103207,1,inf
103216,1,inf
103257,1,inf
103297,1,inf
103298,1,inf
103316,1,inf
103319,1,inf
103336,1,inf
103358,1,inf
103386,1,inf
103403,1,inf
103465,1,inf
103571,1,inf
103578,1,inf
103581,1,inf
103613,1,inf
103618,1,inf
103625,1,inf
103637,1,inf
103655,1,inf
103686,1,inf
103692,1,inf
103718,1,inf
103726,1,inf
103751,1,inf
103757,1,inf
103763,1,inf
103771,1,inf
103817,1,inf
103824,1,inf
103860,1,inf
103860,1,inf
103865,1,inf
103871,1,inf
103874,1,inf
103930,1,inf
104004,1,inf
104026,1,inf
104031,1,inf
104077,1,inf
104080,1,inf
104093,1,inf
104154,1,inf
104177,1,inf
104177,1,inf
104180,1,inf
104201,1,inf
104224,1,inf
104256,1,inf
104289,1,inf
104362,1,inf
104373,1,inf
104401,1,inf
104482,1,inf
104491,1,inf
104527,1,inf
104530,1,inf
104560,1,inf
104606,1,inf
104620,1,inf
104622,1,inf
104635,1,inf
104650,1,inf
104672,1,inf
104688,1,inf
104695,1,inf
104705,1,inf
104720,1,inf
104721,1,inf
104734,1,inf
104748,1,inf
104771,1,inf
104772,1,inf
104814,1,inf
104824,1,inf
104828,1,inf
104848,1,inf
104865,1,inf
104888,1,inf
104902,1,inf
104913,1,inf
104916,1,inf
104923,1,inf
104932,1,inf
104937,1,inf
104941,1,inf
104947,1,inf
105040,1,inf
105082,1,inf
105083,1,inf
105110,1,inf
105111,1,inf
105131,1,inf
105144,1,inf
105162,1,inf
105182,1,inf
105255,1,inf
105317,1,inf
105335,1,inf
105352,1,inf
105361,1,inf
105374,1,inf
105415,1,inf
105422,1,inf
105435,1,inf
105438,1,inf
105439,1,inf
105464,1,inf
105489,1,inf
105517,1,inf
105518,1,inf
105531,1,inf
105535,1,inf
105544,1,inf
105544,1,inf
105560,1,inf
105582,1,inf
105626,1,inf
105633,1,inf
105646,1,inf
105692,1,inf
105694,1,inf
105704,1,inf
105772,1,inf
105784,1,inf
105832,1,inf
105834,1,inf
105891,1,inf
105906,1,inf
105923,1,inf
105926,1,inf
105944,1,inf
105948,1,inf
105963,1,inf
106027,1,inf
106075,1,inf
106097,1,inf
106102,1,inf
106132,1,inf
106155,1,inf
106199,1,inf
106219,1,inf
106267,1,inf
106296,1,inf
106312,1,inf
106322,1,inf
106346,1,inf
106373,1,inf
106393,1,inf
106394,1,inf
106438,1,inf
106448,1,inf
106449,1,inf
106450,1,inf
106461,1,inf
106503,1,inf
106523,1,inf
106542,1,inf
106567,1,inf
106572,1,inf
106579,1,inf
106596,1,inf
106601,1,inf
106629,1,inf
106652,1,inf
106724,1,inf
106750,1,inf
106753,1,inf
106774,1,inf
106775,1,inf
106788,1,inf
106811,1,inf
106833,1,inf
106842,1,inf
106850,1,inf
106930,1,inf
106975,1,inf
106984,1,inf
106989,1,inf
107000,1,inf
107005,1,inf
107062,1,inf
107084,1,inf
107113,1,inf
107123,1,inf
107138,1,inf
107143,1,inf
107194,1,inf
107195,1,inf
107234,1,inf
107248,1,inf
107269,1,inf
107274,1,inf
107314,1,inf
107358,1,inf
107359,1,inf
107377,1,inf
107394,1,inf
107395,1,inf
107427,1,inf
107433,1,inf
107463,1,inf
107464,1,inf
107486,1,inf
107513,1,inf
107541,1,inf
107546,1,inf
107561,1,inf
107572,1,inf
107608,1,inf
107624,1,inf
107643,1,inf
107666,1,inf
107731,1,inf
107742,1,inf
107744,1,inf
107745,1,inf
107753,1,inf
107770,1,inf
107814,1,inf
107852,1,inf
107859,1,inf
107862,1,inf
107870,1,inf
107874,1,inf
107933,1,inf
107938,1,inf
108021,1,inf
108027,1,inf
108056,1,inf
108065,1,inf
108083,1,inf
108087,1,inf
108117,1,inf
108140,1,inf
108149,1,inf
108186,1,inf
108225,1,inf
108240,1,inf
108253,1,inf
108258,1,inf
108284,1,inf
108290,1,inf
108311,1,inf
108335,1,inf
108355,1,inf
108394,1,inf
108395,1,inf
108433,1,inf
108438,1,inf
108453,1,inf
108475,1,inf
108519,1,inf
108539,1,inf
108554,1,inf
108602,1,inf
108616,1,inf
108645,1,inf
108659,1,inf
108674,1,inf
108700,1,inf
108712,1,inf
108715,1,inf
108719,1,inf
108776,1,inf
108779,1,inf
108856,1,inf
108880,1,inf
108914,1,inf
108932,1,inf
108947,1,inf
108953,1,inf
108989,1,inf
108993,1,inf
108994,1,inf
108995,1,inf
109005,1,inf
109011,1,inf
109066,1,inf
109072,1,inf
109078,1,inf
109082,1,inf
109087,1,inf
109089,1,inf
109090,1,inf
109166,1,inf
109174,1,inf
109201,1,inf
109226,1,inf
109274,1,inf
109285,1,inf
109296,1,inf
109298,1,inf
109302,1,inf
109319,1,inf
109373,1,inf
109376,1,inf
109393,1,inf
109401,1,inf
109407,1,inf
109428,1,inf
109464,1,inf
109487,1,inf
109504,1,inf
109511,1,inf
109520,1,inf
109546,1,inf
109553,1,inf
109555,1,inf
109556,1,inf
109559,1,inf
109566,1,inf
109569,1,inf
109572,1,inf
109581,1,inf
109586,1,inf
109622,1,inf
109634,1,inf
109637,1,inf
109673,1,inf
109686,1,inf
109701,1,inf
109706,1,inf
109729,1,inf
109732,1,inf
109734,1,inf
109735,1,inf
109746,1,inf
109751,1,inf
109778,1,inf
109804,1,inf
109812,1,inf
109817,1,inf
109837,1,inf
109846,1,inf
109853,1,inf
109854,1,inf
109888,1,inf
109934,1,inf
109934,1,inf
110002,1,inf
110007,1,inf
110070,1,inf
110070,1,inf
110092,1,inf
110093,1,inf
110152,1,inf
110157,1,inf
110197,1,inf
110205,1,inf
110230,1,inf
110246,1,inf
110259,1,inf
110259,1,inf
110276,1,inf
110316,1,inf
110370,1,inf
110373,1,inf
110379,1,inf
110401,1,inf
110420,1,inf
110437,1,inf
110471,1,inf
110471,1,inf
110473,1,inf
110525,1,inf
110529,1,inf
110541,1,inf
110621,1,inf
110635,1,inf
110644,1,inf
110660,1,inf
110666,1,inf
110683,1,inf
110685,1,inf
110710,1,inf
110719,1,inf
110738,1,inf
110745,1,inf
110754,1,inf
110761,1,inf
110764,1,inf
110812,1,inf
110821,1,inf
110832,1,inf
110854,1,inf
110855,1,inf
110858,1,inf
110887,1,inf
110901,1,inf
110918,1,inf
110919,1,inf
110926,1,inf
110927,1,inf
110934,1,inf
110941,1,inf
110945,1,inf
110992,1,inf
111012,1,inf
111028,1,inf
111103,1,inf
111128,1,inf
111142,1,inf
111144,1,inf
111229,1,inf
111251,1,inf
111296,1,inf
111306,1,inf
111352,1,inf
111401,1,inf
111405,1,inf
111441,1,inf
111460,1,inf
111479,1,inf
111591,1,inf
111703,1,inf
111708,1,inf
111736,1,inf
111738,1,inf
111749,1,inf
111755,1,inf
111772,1,inf
111775,1,inf
111808,1,inf
111810,1,inf
111829,1,inf
111866,1,inf
111876,1,inf
111893,1,inf
111902,1,inf
111910,1,inf
111912,1,inf
111930,1,inf
111934,1,inf
111935,1,inf
111962,1,inf
111963,1,inf
111965,1,inf
112002,1,inf
112004,1,inf
112022,1,inf
112022,1,inf
112037,1,inf
112078,1,inf
112105,1,inf
112110,1,inf
112128,1,inf
112155,1,inf
112156,1,inf
112161,1,inf
112185,1,inf
112195,1,inf
112207,1,inf
112210,1,inf
112216,1,inf
112255,1,inf
112280,1,inf
112297,1,inf
112301,1,inf
112311,1,inf
112326,1,inf
112329,1,inf
112333,1,inf
112348,1,inf
112352,1,inf
112359,1,inf
112373,1,inf
112376,1,inf
112379,1,inf
112386,1,inf
112402,1,inf
112437,1,inf
112472,1,inf
112488,1,inf
112505,1,inf
112523,1,inf
112530,1,inf
112566,1,inf
112593,1,inf
112607,1,inf
112609,1,inf
112609,1,inf
112616,1,inf
112618,1,inf
112619,1,inf
112637,1,inf
112654,1,inf
112686,1,inf
112706,1,inf
112709,1,inf
112722,1,inf
112800,1,inf
112827,1,inf
112827,1,inf
112857,1,inf
112920,1,inf
112940,1,inf
112947,1,inf
112948,1,inf
113001,1,inf
113014,1,inf
113020,1,inf
113035,1,inf
113052,1,inf
113057,1,inf
113067,1,inf
113067,1,inf
113082,1,inf
113087,1,inf
113088,1,inf
113132,1,inf
113135,1,inf
113174,1,inf
113184,1,inf
113201,1,inf
113241,1,inf
113257,1,inf
113264,1,inf
113336,1,inf
113347,1,inf
113370,1,inf
113416,1,inf
113416,1,inf
113423,1,inf
113427,1,inf
113444,1,inf
113493,1,inf
113503,1,inf
113506,1,inf
113615,1,inf
113643,1,inf
113647,1,inf
113659,1,inf
113691,1,inf
113719,1,inf
113724,1,inf
113747,1,inf
113753,1,inf
113811,1,inf
113836,1,inf
113885,1,inf
113896,1,inf
113942,1,inf
113955,1,inf
113964,1,inf
114029,1,inf
114036,1,inf
114045,1,inf
114076,1,inf
114086,1,inf
114093,1,inf
114116,1,inf
114127,1,inf
114146,1,inf
114158,1,inf
114166,1,inf
114194,1,inf
114235,1,inf
114324,1,inf
114364,1,inf
114366,1,inf
114377,1,inf
114378,1,inf
114390,1,inf
114422,1,inf
114441,1,inf
114444,1,inf
114452,1,inf
114463,1,inf
114468,1,inf
114514,1,inf
114536,1,inf
114559,1,inf
114562,1,inf
114570,1,inf
114583,1,inf
114617,1,inf
114668,1,inf
114715,1,inf
114723,1,inf
114729,1,inf
114740,1,inf
114753,1,inf
114757,1,inf
114768,1,inf
114770,1,inf
114840,1,inf
114854,1,inf
114880,1,inf
114886,1,inf
114895,1,inf
114918,1,inf
114965,1,inf
114968,1,inf
114994,1,inf
114996,1,inf
115009,1,inf
115012,1,inf
115024,1,inf
115027,1,inf
115036,1,inf
115037,1,inf
115055,1,inf
115085,1,inf
115127,1,inf
115160,1,inf
115222,1,inf
115231,1,inf
115235,1,inf
115259,1,inf
115261,1,inf
115263,1,inf
115277,1,inf
115286,1,inf
115289,1,inf
115326,1,inf
115342,1,inf
115349,1,inf
115355,1,inf
115379,1,inf
115400,1,inf
115452,1,inf
115483,1,inf
115520,1,inf
115525,1,inf
115537,1,inf
115554,1,inf
115561,1,inf
115638,1,inf
115654,1,inf
115723,1,inf
115785,1,inf
115843,1,inf
115866,1,inf
115877,1,inf
115913,1,inf
115934,1,inf
115953,1,inf
115955,1,inf
115960,1,inf
115979,1,inf
115983,1,inf
116017,1,inf
116017,1,inf
116058,1,inf
116135,1,inf
116138,1,inf
116146,1,inf
116181,1,inf
116182,1,inf
116182,1,inf
116186,1,inf
116191,1,inf
116211,1,inf
116226,1,inf
116257,1,inf
116259,1,inf
116263,1,inf
116288,1,inf
116295,1,inf
116325,1,inf
116328,1,inf
116338,1,inf
116348,1,inf
116390,1,inf
116417,1,inf
116444,1,inf
116456,1,inf
116500,1,inf
116504,1,inf
116515,1,inf
116516,1,inf
116530,1,inf
116558,1,inf
116583,1,inf
116595,1,inf
116616,1,inf
116619,1,inf
116633,1,inf
116664,1,inf
116686,1,inf
116697,1,inf
116718,1,inf
116723,1,inf
116733,1,inf
116738,1,inf
116748,1,inf
116749,1,inf
116765,1,inf
116803,1,inf
116805,1,inf
116813,1,inf
116851,1,inf
117003,1,inf
117014,1,inf
117052,1,inf
117057,1,inf
117057,1,inf
117066,1,inf
117073,1,inf
117083,1,inf
117084,1,inf
117099,1,inf
117100,1,inf
117130,1,inf
117135,1,inf
117141,1,inf
117142,1,inf
117144,1,inf
117153,1,inf
117221,1,inf
117224,1,inf
117240,1,inf
117254,1,inf
117278,1,inf
117281,1,inf
117282,1,inf
117287,1,inf
117292,1,inf
117316,1,inf
117341,1,inf
117342,1,inf
117346,1,inf
117346,1,inf
117382,1,inf
117385,1,inf
117391,1,inf
117420,1,inf
117422,1,inf
117433,1,inf
117434,1,inf
117438,1,inf
117457,1,inf
117467,1,inf
117521,1,inf
117524,1,inf
117542,1,inf
117572,1,inf
117584,1,inf
117620,1,inf
117645,1,inf
117659,1,inf
117659,1,inf
117665,1,inf
117675,1,inf
117679,1,inf
117679,1,inf
117694,1,inf
117755,1,inf
117755,1,inf
117773,1,inf
117791,1,inf
117795,1,inf
117832,1,inf
117835,1,inf
117881,1,inf
117887,1,inf
118006,1,inf
118033,1,inf
118037,1,inf
118053,1,inf
118056,1,inf
118059,1,inf
118069,1,inf
118097,1,inf
118125,1,inf
118149,1,inf
118155,1,inf
118158,1,inf
118277,1,inf
118280,1,inf
118282,1,inf
118308,1,inf
118317,1,inf
118324,1,inf
118385,1,inf
118413,1,inf
118417,1,inf
118447,1,inf
118453,1,inf
118454,1,inf
118492,1,inf
118528,1,inf
118551,1,inf
118576,1,inf
118619,1,inf
118624,1,inf
118667,1,inf
118675,1,inf
118687,1,inf
118725,1,inf
118786,1,inf
118792,1,inf
118792,1,inf
118792,1,inf
118812,1,inf
118832,1,inf
118851,1,inf
118864,1,inf
118864,1,inf
118888,1,inf
118941,1,inf
118957,1,inf
118958,1,inf
118959,1,inf
118960,1,inf
118962,1,inf
118967,1,inf
119013,1,inf
119016,1,inf
119032,1,inf
119032,1,inf
119055,1,inf
119065,1,inf
119065,1,inf
119077,1,inf
119108,1,inf
119119,1,inf
119146,1,inf
119150,1,inf
119154,1,inf
119163,1,inf
119180,1,inf
119185,1,inf
119190,1,inf
119204,1,inf
119290,1,inf
119304,1,inf
119309,1,inf
119323,1,inf
119361,1,inf
119374,1,inf
119380,1,inf
119380,1,inf
119381,1,inf
119394,1,inf
119407,1,inf
119426,1,inf
119444,1,inf
119454,1,inf
119483,1,inf
119498,1,inf
119499,1,inf
119505,1,inf
119514,1,inf
119515,1,inf
119520,1,inf
119562,1,inf
119569,1,inf
119600,1,inf
119607,1,inf
119612,1,inf
119621,1,inf
119669,1,inf
119696,1,inf
119726,1,inf
119771,1,inf
119784,1,inf
119812,1,inf
119821,1,inf
119846,1,inf
119862,1,inf
119877,1,inf
119887,1,inf
119894,1,inf
119895,1,inf
119905,1,inf
119913,1,inf
120042,1,inf
120048,1,inf
120069,1,inf
120079,1,inf
120091,1,inf
120101,1,inf
120158,1,inf
120161,1,inf
120163,1,inf
120167,1,inf
120169,1,inf
120184,1,inf
120196,1,inf
120205,1,inf
120222,1,inf
120232,1,inf
120236,1,inf
120298,1,inf
120313,1,inf
120327,1,inf
120332,1,inf
120358,1,inf
120368,1,inf
120372,1,inf
120384,1,inf
120440,1,inf
120444,1,inf
120447,1,inf
120470,1,inf
120489,1,inf
120518,1,inf
120521,1,inf
120527,1,inf
120546,1,inf
120585,1,inf
120647,1,inf
120653,1,inf
120706,1,inf
120707,1,inf
120715,1,inf
120752,1,inf
120801,1,inf
120815,1,inf
120816,1,inf
120836,1,inf
120844,1,inf
120878,1,inf
120901,1,inf
120902,1,inf
120914,1,inf
120916,1,inf
120925,1,inf
121001,1,inf
121011,1,inf
121033,1,inf
121036,1,inf
121055,1,inf
121082,1,inf
121124,1,inf
121138,1,inf
121161,1,inf
121172,1,inf
121174,1,inf
121187,1,inf
121190,1,inf
121195,1,inf
121200,1,inf
121207,1,inf
121218,1,inf
121232,1,inf
121236,1,inf
121240,1,inf
121296,1,inf
121311,1,inf
121360,1,inf
121381,1,inf
121384,1,inf
121388,1,inf
121391,1,inf
121391,1,inf
121423,1,inf
121437,1,inf
121471,1,inf
121473,1,inf
121478,1,inf
121501,1,inf
121558,1,inf
121564,1,inf
121565,1,inf
121593,1,inf
121611,1,inf
121621,1,inf
121641,1,inf
121665,1,inf
121734,1,inf
121746,1,inf
121771,1,inf
121776,1,inf
121810,1,inf
121811,1,inf
121823,1,inf
121840,1,inf
121851,1,inf
121866,1,inf
121867,1,inf
121892,1,inf
121907,1,inf
121925,1,inf
121936,1,inf
122071,1,inf
122075,1,inf
122085,1,inf
122094,1,inf
122103,1,inf
122113,1,inf
122127,1,inf
122134,1,inf
122219,1,inf
122221,1,inf
122263,1,inf
122272,1,inf
122277,1,inf
122280,1,inf
122310,1,inf
122317,1,inf
122325,1,inf
122360,1,inf
122361,1,inf
122380,1,inf
122415,1,inf
122439,1,inf
122447,1,inf
122463,1,inf
122465,1,inf
122474,1,inf
122497,1,inf
122499,1,inf
122502,1,inf
122506,1,inf
122519,1,inf
122575,1,inf
122596,1,inf
122624,1,inf
122626,1,inf
122632,1,inf
122644,1,inf
122660,1,inf
122692,1,inf
122719,1,inf
122722,1,inf
122772,1,inf
122783,1,inf
122811,1,inf
122838,1,inf
122846,1,inf
122868,1,inf
122878,1,inf
122881,1,inf
122887,1,inf
122907,1,inf
123006,1,inf
123012,1,inf
123022,1,inf
123024,1,inf
123041,1,inf
123059,1,inf
123073,1,inf
123132,1,inf
123165,1,inf
123182,1,inf
123195,1,inf
123250,1,inf
123255,1,inf
123300,1,inf
123311,1,inf
123327,1,inf
123329,1,inf
123397,1,inf
123410,1,inf
123423,1,inf
123452,1,inf
123454,1,inf
123472,1,inf
123475,1,inf
123503,1,inf
123508,1,inf
123531,1,inf
123557,1,inf
123576,1,inf
123578,1,inf
123594,1,inf
123598,1,inf
123599,1,inf
123631,1,inf
123647,1,inf
123653,1,inf
123699,1,inf
123704,1,inf
123705,1,inf
123711,1,inf
123723,1,inf
123724,1,inf
123765,1,inf
123780,1,inf
123832,1,inf
123853,1,inf
123860,1,inf
123954,1,inf
124011,1,inf
124028,1,inf
124031,1,inf
124041,1,inf
124106,1,inf
124139,1,inf
124162,1,inf
124182,1,inf
124193,1,inf
124205,1,inf
124265,1,inf
124272,1,inf
124340,1,inf
124366,1,inf
124383,1,inf
124389,1,inf
124400,1,inf
124429,1,inf
124446,1,inf
124455,1,inf
124467,1,inf
124500,1,inf
124506,1,inf
124532,1,inf
124536,1,inf
124552,1,inf
124556,1,inf
124558,1,inf
124586,1,inf
124591,1,inf
124611,1,inf
124639,1,inf
124648,1,inf
124677,1,inf
124680,1,inf
124713,1,inf
124721,1,inf
124725,1,inf
124786,1,inf
124805,1,inf
124807,1,inf
124865,1,inf
124883,1,inf
124897,1,inf
124923,1,inf
124937,1,inf
124947,1,inf
124970,1,inf
124974,1,inf
124978,1,inf
125007,1,inf
125018,1,inf
125052,1,inf
125078,1,inf
125083,1,inf
125100,1,inf
125110,1,inf
125134,1,inf
125146,1,inf
125151,1,inf
125166,1,inf
125193,1,inf
125195,1,inf
125198,1,inf
125199,1,inf
125245,1,inf
125318,1,inf
125332,1,inf
125368,1,inf
125379,1,inf
125387,1,inf
125414,1,inf
125422,1,inf
125424,1,inf
125426,1,inf
125437,1,inf
125470,1,inf
125484,1,inf
125515,1,inf
125519,1,inf
125523,1,inf
125525,1,inf
125530,1,inf
125530,1,inf
125542,1,inf
125545,1,inf
125557,1,inf
125589,1,inf
125627,1,inf
125682,1,inf
125682,1,inf
125693,1,inf
125724,1,inf
125749,1,inf
125749,1,inf
125752,1,inf
125770,1,inf
125786,1,inf
125830,1,inf
125846,1,inf
125856,1,inf
125870,1,inf
125874,1,inf
125878,1,inf
125897,1,inf
125906,1,inf
125937,1,inf
125938,1,inf
125939,1,inf
125989,1,inf
126014,1,inf
126042,1,inf
126093,1,inf
126108,1,inf
126109,1,inf
126134,1,inf
126139,1,inf
126156,1,inf
126181,1,inf
126204,1,inf
126246,1,inf
126258,1,inf
126263,1,inf
126291,1,inf
126300,1,inf
126304,1,inf
126326,1,inf
126331,1,inf
126357,1,inf
126370,1,inf
126371,1,inf
126374,1,inf
126380,1,inf
126383,1,inf
126406,1,inf
126418,1,inf
126492,1,inf
126574,1,inf
126578,1,inf
126587,1,inf
126588,1,inf
126627,1,inf
126717,1,inf
126766,1,inf
126788,1,inf
126818,1,inf
126839,1,inf
126850,1,inf
126873,1,inf
126934,1,inf
126968,1,inf
126969,1,inf
126993,1,inf
127011,1,inf
127023,1,inf
127044,1,inf
127051,1,inf
127077,1,inf
127082,1,inf
127085,1,inf
127119,1,inf
127124,1,inf
127165,1,inf
127183,1,inf
127196,1,inf
127205,1,inf
127231,1,inf
127233,1,inf
127277,1,inf
127304,1,inf
127318,1,inf
127354,1,inf
127384,1,inf
127410,1,inf
127430,1,inf
127456,1,inf
127477,1,inf
127486,1,inf
127492,1,inf
127498,1,inf
127498,1,inf
127507,1,inf
127526,1,inf
127553,1,inf
127573,1,inf
127589,1,inf
127644,1,inf
127645,1,inf
127655,1,inf
127682,1,inf
127686,1,inf
127687,1,inf
127711,1,inf
127714,1,inf
127731,1,inf
127743,1,inf
127754,1,inf
127831,1,inf
127831,1,inf
127852,1,inf
127863,1,inf
127912,1,inf
127914,1,inf
127926,1,inf
127929,1,inf
127976,1,inf
128005,1,inf
128018,1,inf
128020,1,inf
128052,1,inf
128090,1,inf
128109,1,inf
128136,1,inf
128152,1,inf
128153,1,inf
128154,1,inf
128172,1,inf
128180,1,inf
128188,1,inf
128226,1,inf
128236,1,inf
128243,1,inf
128251,1,inf
128260,1,inf
128277,1,inf
128282,1,inf
128301,1,inf
128342,1,inf
128364,1,inf
128364,1,inf
128370,1,inf
128415,1,inf
128419,1,inf
128425,1,inf
128438,1,inf
128454,1,inf
128460,1,inf
128473,1,inf
128477,1,inf
128498,1,inf
128622,1,inf
128630,1,inf
128664,1,inf
128701,1,inf
128719,1,inf
128724,1,inf
128734,1,inf
128762,1,inf
128772,1,inf
128798,1,inf
128806,1,inf
128819,1,inf
128846,1,inf
128866,1,inf
128870,1,inf
128880,1,inf
128885,1,inf
128885,1,inf
128898,1,inf
128947,1,inf
128969,1,inf
128969,1,inf
128984,1,inf
128984,1,inf
128991,1,inf
129001,1,inf
129016,1,inf
129034,1,inf
129058,1,inf
129078,1,inf
129081,1,inf
129107,1,inf
129109,1,inf
129122,1,inf
129131,1,inf
129138,1,inf
129151,1,inf
129176,1,inf
129215,1,inf
129279,1,inf
129306,1,inf
129309,1,inf
129311,1,inf
129320,1,inf
129322,1,inf
129338,1,inf
129385,1,inf
129387,1,inf
129394,1,inf
129402,1,inf
129415,1,inf
129437,1,inf
129442,1,inf
129447,1,inf
129509,1,inf
129524,1,inf
129530,1,inf
129575,1,inf
129623,1,inf
129665,1,inf
129670,1,inf
129717,1,inf
129733,1,inf
129752,1,inf
129793,1,inf
129795,1,inf
129799,1,inf
129831,1,inf
129870,1,inf
129880,1,inf
129896,1,inf
129897,1,inf
129904,1,inf
129915,1,inf
129952,1,inf
129953,1,inf
129960,1,inf
129961,1,inf
129968,1,inf
129968,1,inf
130016,1,inf
130043,1,inf
130080,1,inf
130093,1,inf
130114,1,inf
130138,1,inf
130170,1,inf
130176,1,inf
130218,1,inf
130225,1,inf
130240,1,inf
130280,1,inf
130290,1,inf
130323,1,inf
130327,1,inf
130374,1,inf
130393,1,inf
130440,1,inf
130456,1,inf
130506,1,inf
130528,1,inf
130553,1,inf
130562,1,inf
130641,1,inf
130649,1,inf
130666,1,inf
130692,1,inf
130774,1,inf
130835,1,inf
130839,1,inf
130841,1,inf
130871,1,inf
130908,1,inf
130937,1,inf
131007,1,inf
131041,1,inf
131046,1,inf
131047,1,inf
131051,1,inf
131053,1,inf
131060,1,inf
131075,1,inf
131076,1,inf
131082,1,inf
131099,1,inf
131118,1,inf
131121,1,inf
131145,1,inf
131154,1,inf
131171,1,inf
131216,1,inf
131306,1,inf
131325,1,inf
131343,1,inf
131371,1,inf
131398,1,inf
131412,1,inf
131433,1,inf
131445,1,inf
131445,1,inf
131544,1,inf
131628,1,inf
131663,1,inf
131669,1,inf
131675,1,inf
131677,1,inf
131679,1,inf
131692,1,inf
131714,1,inf
131754,1,inf
131757,1,inf
131780,1,inf
131818,1,inf
131830,1,inf
131849,1,inf
131849,1,inf
131914,1,inf
131915,1,inf
131927,1,inf
131942,1,inf
131985,1,inf
132001,1,inf
132006,1,inf
132008,1,inf
132010,1,inf
132015,1,inf
132017,1,inf
132018,1,inf
132030,1,inf
132063,1,inf
132070,1,inf
132106,1,inf
132106,1,inf
132147,1,inf
132150,1,inf
132189,1,inf
132204,1,inf
132219,1,inf
132220,1,inf
132260,1,inf
132287,1,inf
132327,1,inf
132435,1,inf
132455,1,inf
132459,1,inf
132479,1,inf
132493,1,inf
132522,1,inf
132541,1,inf
132543,1,inf
132567,1,inf
132567,1,inf
132570,1,inf
132612,1,inf
132660,1,inf
132669,1,inf
132669,1,inf
132678,1,inf
132768,1,inf
132805,1,inf
132809,1,inf
132845,1,inf
132857,1,inf
132883,1,inf
132886,1,inf
132895,1,inf
132898,1,inf
132899,1,inf
132900,1,inf
132910,1,inf
132922,1,inf
132927,1,inf
132930,1,inf
132930,1,inf
132937,1,inf
132947,1,inf
132956,1,inf
133010,1,inf
133025,1,inf
133047,1,inf
133058,1,inf
133120,1,inf
133134,1,inf
133175,1,inf
133193,1,inf
133257,1,inf
133259,1,inf
133268,1,inf
133279,1,inf
133288,1,inf
133297,1,inf
133320,1,inf
133340,1,inf
133374,1,inf
133398,1,inf
133406,1,inf
133411,1,inf
133432,1,inf
133443,1,inf
133444,1,inf
133461,1,inf
133463,1,inf
133486,1,inf
133502,1,inf
133567,1,inf
133574,1,inf
133601,1,inf
133655,1,inf
133659,1,inf
133681,1,inf
133700,1,inf
133730,1,inf
133761,1,inf
133775,1,inf
133777,1,inf
133802,1,inf
133813,1,inf
133829,1,inf
133873,1,inf
133921,1,inf
133938,1,inf
133951,1,inf
133954,1,inf
133986,1,inf
133990,1,inf
133992,1,inf
134011,1,inf
134016,1,inf
134034,1,inf
134060,1,inf
134065,1,inf
134086,1,inf
134117,1,inf
134118,1,inf
134123,1,inf
134126,1,inf
134154,1,inf
134200,1,inf
134221,1,inf
134230,1,inf
134239,1,inf
134259,1,inf
134285,1,inf
134297,1,inf
134302,1,inf
134331,1,inf
134336,1,inf
134368,1,inf
134375,1,inf
134409,1,inf
134412,1,inf
134426,1,inf
134431,1,inf
134472,1,inf
134475,1,inf
134486,1,inf
134492,1,inf
134504,1,inf
134519,1,inf
134580,1,inf
134588,1,inf
134607,1,inf
134629,1,inf
134638,1,inf
134660,1,inf
134661,1,inf
134680,1,inf
134686,1,inf
134723,1,inf
134822,1,inf
134845,1,inf
134854,1,inf
134873,1,inf
134890,1,inf
134903,1,inf
134905,1,inf
134909,1,inf
134911,1,inf
134918,1,inf
134928,1,inf
135001,1,inf
135056,1,inf
135074,1,inf
135079,1,inf
135090,1,inf
135161,1,inf
135183,1,inf
135199,1,inf
135201,1,inf
135201,1,inf
135219,1,inf
135225,1,inf
135253,1,inf
135309,1,inf
135326,1,inf
135348,1,inf
135385,1,inf
135394,1,inf
135410,1,inf
135437,1,inf
135478,1,inf
135495,1,inf
135497,1,inf
135521,1,inf
135532,1,inf
135556,1,inf
135598,1,inf
135599,1,inf
135613,1,inf
135688,1,inf
135718,1,inf
135720,1,inf
135747,1,inf
135770,1,inf
135783,1,inf
135805,1,inf
135826,1,inf
135827,1,inf
135855,1,inf
135866,1,inf
135876,1,inf
135891,1,inf
135897,1,inf
135910,1,inf
135918,1,inf
135926,1,inf
135950,1,inf
136002,1,inf
136017,1,inf
136020,1,inf
136020,1,inf
136033,1,inf
136040,1,inf
136052,1,inf
136061,1,inf
136068,1,inf
136077,1,inf
136095,1,inf
136109,1,inf
136126,1,inf
136128,1,inf
136155,1,inf
136181,1,inf
136228,1,inf
136237,1,inf
136248,1,inf
136259,1,inf
136280,1,inf
136284,1,inf
136288,1,inf
136290,1,inf
136297,1,inf
136303,1,inf
136307,1,inf
136340,1,inf
136367,1,inf
136402,1,inf
136410,1,inf
136440,1,inf
136487,1,inf
136496,1,inf
136502,1,inf
136532,1,inf
136539,1,inf
136595,1,inf
136611,1,inf
136613,1,inf
136624,1,inf
136643,1,inf
136651,1,inf
136653,1,inf
136653,1,inf
136663,1,inf
136666,1,inf
136675,1,inf
136677,1,inf
136679,1,inf
136685,1,inf
136689,1,inf
136707,1,inf
136724,1,inf
136732,1,inf
136738,1,inf
136748,1,inf
136761,1,inf
136762,1,inf
136813,1,inf
136850,1,inf
136850,1,inf
136862,1,inf
136877,1,inf
136913,1,inf
136923,1,inf
136945,1,inf
136954,1,inf
136960,1,inf
137058,1,inf
137065,1,inf
137073,1,inf
137085,1,inf
137088,1,inf
137104,1,inf
137184,1,inf
137252,1,inf
137260,1,inf
137263,1,inf
137325,1,inf
137326,1,inf
137380,1,inf
137417,1,inf
137419,1,inf
137438,1,inf
137471,1,inf
137476,1,inf
137478,1,inf
137497,1,inf
137523,1,inf
137564,1,inf
137585,1,inf
137588,1,inf
137651,1,inf
137668,1,inf
137671,1,inf
137671,1,inf
137691,1,inf
137716,1,inf
137718,1,inf
137751,1,inf
137766,1,inf
137782,1,inf
137782,1,inf
137785,1,inf
137816,1,inf
137827,1,inf
137884,1,inf
137886,1,inf
138013,1,inf
138026,1,inf
138027,1,inf
138032,1,inf
138036,1,inf
138070,1,inf
138086,1,inf
138096,1,inf
138109,1,inf
138120,1,inf
138128,1,inf
138133,1,inf
138167,1,inf
138169,1,inf
138178,1,inf
138276,1,inf
138289,1,inf
138309,1,inf
138321,1,inf
138363,1,inf
138370,1,inf
138399,1,inf
138400,1,inf
138425,1,inf
138431,1,inf
138439,1,inf
138448,1,inf
138457,1,inf
138462,1,inf
138466,1,inf
138525,1,inf
138528,1,inf
138558,1,inf
138629,1,inf
138642,1,inf
138644,1,inf
138715,1,inf
138736,1,inf
138743,1,inf
138756,1,inf
138789,1,inf
138790,1,inf
138799,1,inf
138846,1,inf
138851,1,inf
138853,1,inf
138881,1,inf
138896,1,inf
138902,1,inf
138919,1,inf
139015,1,inf
139042,1,inf
139070,1,inf
139089,1,inf
139090,1,inf
139107,1,inf
139107,1,inf
139124,1,inf
139154,1,inf
139155,1,inf
139197,1,inf
139238,1,inf
139246,1,inf
139292,1,inf
139309,1,inf
139334,1,inf
139372,1,inf
139438,1,inf
139482,1,inf
139518,1,inf
139519,1,inf
139536,1,inf
139575,1,inf
139584,1,inf
139614,1,inf
139619,1,inf
139662,1,inf
139668,1,inf
139676,1,inf
139715,1,inf
139717,1,inf
139732,1,inf
139734,1,inf
139744,1,inf
139754,1,inf
139759,1,inf
139760,1,inf
139782,1,inf
139799,1,inf
139806,1,inf
139815,1,inf
139856,1,inf
139864,1,inf
139877,1,inf
139896,1,inf
139904,1,inf
139940,1,inf
139944,1,inf
139946,1,inf
139946,1,inf
139965,1,inf
140010,1,inf
140020,1,inf
140022,1,inf
140031,1,inf
140043,1,inf
140046,1,inf
140053,1,inf
140076,1,inf
140098,1,inf
140111,1,inf
140112,1,inf
140116,1,inf
140140,1,inf
140157,1,inf
140223,1,inf
140238,1,inf
140271,1,inf
140295,1,inf
140311,1,inf
140354,1,inf
140384,1,inf
140411,1,inf
140423,1,inf
140476,1,inf
140510,1,inf
140515,1,inf
140583,1,inf
140609,1,inf
140629,1,inf
140656,1,inf
140705,1,inf
140723,1,inf
140764,1,inf
140813,1,inf
140815,1,inf
140849,1,inf
140854,1,inf
140857,1,inf
140877,1,inf
140880,1,inf
140886,1,inf
140894,1,inf
140925,1,inf
140932,1,inf
140935,1,inf
140944,1,inf
141017,1,inf
141044,1,inf
141056,1,inf
141119,1,inf
141125,1,inf
141126,1,inf
141139,1,inf
141165,1,inf
141165,1,inf
141197,1,inf
141222,1,inf
141229,1,inf
141238,1,inf
141264,1,inf
141278,1,inf
141284,1,inf
141296,1,inf
141336,1,inf
141346,1,inf
141366,1,inf
141401,1,inf
141408,1,inf
141434,1,inf
141476,1,inf
141486,1,inf
141496,1,inf
141547,1,inf
141549,1,inf
141578,1,inf
141625,1,inf
141636,1,inf
141651,1,inf
141672,1,inf
141675,1,inf
141678,1,inf
141690,1,inf
141693,1,inf
141726,1,inf
141727,1,inf
141735,1,inf
141747,1,inf
141791,1,inf
141796,1,inf
141810,1,inf
141830,1,inf
141833,1,inf
141865,1,inf
141870,1,inf
141885,1,inf
141910,1,inf
141926,1,inf
142003,1,inf
142019,1,inf
142027,1,inf
142036,1,inf
142096,1,inf
142119,1,inf
142132,1,inf
142134,1,inf
142142,1,inf
142151,1,inf
142194,1,inf
142197,1,inf
142231,1,inf
142232,1,inf
142235,1,inf
142247,1,inf
142278,1,inf
142302,1,inf
142304,1,inf
142325,1,inf
142326,1,inf
142352,1,inf
142352,1,inf
142379,1,inf
142387,1,inf
142395,1,inf
142396,1,inf
142416,1,inf
142416,1,inf
142448,1,inf
142473,1,inf
142530,1,inf
142531,1,inf
142544,1,inf
142544,1,inf
142552,1,inf
142555,1,inf
142559,1,inf
142582,1,inf
142583,1,inf
142633,1,inf
142650,1,inf
142653,1,inf
142678,1,inf
142699,1,inf
142719,1,inf
142746,1,inf
142746,1,inf
142808,1,inf
142809,1,inf
142811,1,inf
142819,1,inf
142848,1,inf
142877,1,inf
142922,1,inf
142950,1,inf
142951,1,inf
142962,1,inf
143034,1,inf
143059,1,inf
143061,1,inf
143075,1,inf
143084,1,inf
143087,1,inf
143126,1,inf
143129,1,inf
143134,1,inf
143160,1,inf
143161,1,inf
143170,1,inf
143192,1,inf
143194,1,inf
143201,1,inf
143213,1,inf
143234,1,inf
143308,1,inf
143309,1,inf
143321,1,inf
143326,1,inf
143378,1,inf
143405,1,inf
143438,1,inf
143441,1,inf
143444,1,inf
143445,1,inf
143450,1,inf
143450,1,inf
143476,1,inf
143484,1,inf
143525,1,inf
143544,1,inf
143551,1,inf
143572,1,inf
143580,1,inf
143622,1,inf
143631,1,inf
143655,1,inf
143670,1,inf
143682,1,inf
143714,1,inf
143731,1,inf
143732,1,inf
143764,1,inf
143765,1,inf
143787,1,inf
143793,1,inf
143795,1,inf
143797,1,inf
143803,1,inf
143804,1,inf
143814,1,inf
143814,1,inf
143820,1,inf
143834,1,inf
143884,1,inf
143897,1,inf
143905,1,inf
143938,1,inf
143946,1,inf
143948,1,inf
144031,1,inf
144051,1,inf
144072,1,inf
144133,1,inf
144139,1,inf
144191,1,inf
144215,1,inf
144266,1,inf
144274,1,inf
144289,1,inf
144300,1,inf
144304,1,inf
144348,1,inf
144377,1,inf
144394,1,inf
144404,1,inf
144434,1,inf
144464,1,inf
144483,1,inf
144487,1,inf
144531,1,inf
144537,1,inf
144541,1,inf
144589,1,inf
144603,1,inf
144604,1,inf
144607,1,inf
144618,1,inf
144641,1,inf
144644,1,inf
144669,1,inf
144683,1,inf
144729,1,inf
144747,1,inf
144790,1,inf
144796,1,inf
144797,1,inf
144872,1,inf
144872,1,inf
144878,1,inf
144887,1,inf
144897,1,inf
145004,1,inf
145015,1,inf
145017,1,inf
145038,1,inf
145080,1,inf
145102,1,inf
145104,1,inf
145123,1,inf
145143,1,inf
145157,1,inf
145157,1,inf
145165,1,inf
145181,1,inf
145212,1,inf
145235,1,inf
145236,1,inf
145272,1,inf
145287,1,inf
145288,1,inf
145334,1,inf
145437,1,inf
145465,1,inf
145553,1,inf
145559,1,inf
145561,1,inf
145564,1,inf
145635,1,inf
145640,1,inf
145656,1,inf
145659,1,inf
145719,1,inf
145828,1,inf
145841,1,inf
