6,1,inf
30,1,inf
39,1,inf
105,1,inf
124,1,inf
169,1,inf
177,1,inf
204,1,inf
261,1,inf
266,1,inf
278,1,inf
307,1,inf
310,1,inf
318,1,inf
365,1,inf
378,1,inf
397,1,inf
419,1,inf
452,1,inf
501,1,inf
619,1,inf
621,1,inf
664,1,inf
680,1,inf
699,1,inf
719,1,inf
762,1,inf
771,1,inf
797,1,inf
822,1,inf
831,1,inf
834,1,inf
850,1,inf
888,1,inf
926,1,inf
955,1,inf
981,1,inf
1015,1,inf
1028,1,inf
1048,1,inf
1085,1,inf
1159,1,inf
1184,1,inf
1233,1,inf
1304,1,inf
1306,1,inf
1308,1,inf
1324,1,inf
1393,1,inf
1414,1,inf
1424,1,inf
1424,1,inf
1431,1,inf
1441,1,inf
1458,1,inf
1463,1,inf
1493,1,inf
1519,1,inf
1539,1,inf
1583,1,inf
1585,1,inf
1656,1,inf
1656,1,inf
1663,1,inf
1676,1,inf
1707,1,inf
1710,1,inf
1714,1,inf
1720,1,inf
1724,1,inf
1727,1,inf
1729,1,inf
1754,1,inf
1764,1,inf
1800,1,inf
1812,1,inf
1857,1,inf
1867,1,inf
1940,1,inf
1943,1,inf
1947,1,inf
1947,1,inf
2023,1,inf
2026,1,inf
2098,1,inf
2127,1,inf
2131,1,inf
2134,1,inf
2161,1,inf
2211,1,inf
2220,1,inf
2233,1,inf
2260,1,inf
2287,1,inf
2344,1,inf
2352,1,inf
2354,1,inf
2434,1,inf
2463,1,inf
2475,1,inf
2477,1,inf
2485,1,inf
2487,1,inf
2493,1,inf
2502,1,inf
2504,1,inf
2548,1,inf
2551,1,inf
2562,1,inf
2592,1,inf
2597,1,inf
2637,1,inf
2699,1,inf
2702,1,inf
2711,1,inf
2738,1,inf
2792,1,inf
2798,1,inf
2809,1,inf
2820,1,inf
2826,1,inf
2834,1,inf
2840,1,inf
2863,1,inf
2880,1,inf
2900,1,inf
2921,1,inf
2957,1,inf
2979,1,inf
2982,1,inf
2988,1,inf
3001,1,inf
3012,1,inf
3014,1,inf
3040,1,inf
3074,1,inf
3090,1,inf
3094,1,inf
3095,1,inf
3201,1,inf
3207,1,inf
3246,1,inf
3253,1,inf
3268,1,inf
3292,1,inf
3307,1,inf
3329,1,inf
3454,1,inf
3455,1,inf
3498,1,inf
3501,1,inf
3533,1,inf
3539,1,inf
3544,1,inf
3556,1,inf
3602,1,inf
3606,1,inf
3656,1,inf
3672,1,inf
3682,1,inf
3711,1,inf
3714,1,inf
3746,1,inf
3763,1,inf
3765,1,inf
3766,1,inf
3776,1,inf
3782,1,inf
3788,1,inf
3791,1,inf
3858,1,inf
3879,1,inf
3882,1,inf
4024,1,inf
4025,1,inf
4073,1,inf
4083,1,inf
4087,1,inf
4088,1,inf
4104,1,inf
4115,1,inf
4124,1,inf
4153,1,inf
4201,1,inf
4239,1,inf
4247,1,inf
4262,1,inf
4274,1,inf
4281,1,inf
4292,1,inf
4332,1,inf
4347,1,inf
4364,1,inf
4370,1,inf
4419,1,inf
4437,1,inf
4443,1,inf
4450,1,inf
4531,1,inf
4551,1,inf
4589,1,inf
4600,1,inf
4625,1,inf
4626,1,inf
4631,1,inf
4665,1,inf
4686,1,inf
4688,1,inf
4730,1,inf
4741,1,inf
4809,1,inf
4853,1,inf
4857,1,inf
4870,1,inf
4915,1,inf
4918,1,inf
4922,1,inf
4938,1,inf
4945,1,inf
4946,1,inf
4946,1,inf
5022,1,inf
5028,1,inf
5045,1,inf
5071,1,inf
5097,1,inf
5107,1,inf
5112,1,inf
5165,1,inf
5166,1,inf
5191,1,inf
5230,1,inf
5285,1,inf
5307,1,inf
5327,1,inf
5361,1,inf
5388,1,inf
5439,1,inf
5454,1,inf
5461,1,inf
5474,1,inf
5484,1,inf
5530,1,inf
5538,1,inf
5566,1,inf
5587,1,inf
5596,1,inf
5613,1,inf
5662,1,inf
5709,1,inf
5743,1,inf
5755,1,inf
5789,1,inf
5844,1,inf
5849,1,inf
5875,1,inf
5893,1,inf
5902,1,inf
5932,1,inf
5933,1,inf
6016,1,inf
6066,1,inf
6069,1,inf
6091,1,inf
6131,1,inf
6137,1,inf
6164,1,inf
6198,1,inf
6203,1,inf
6204,1,inf
6254,1,inf
6264,1,inf
6290,1,inf
6303,1,inf
6369,1,inf
6426,1,inf
6433,1,inf
6491,1,inf
6499,1,inf
6557,1,inf
6579,1,inf
6580,1,inf
6588,1,inf
6624,1,inf
6627,1,inf
6636,1,inf
6750,1,inf
6766,1,inf
6771,1,inf
6800,1,inf
6826,1,inf
6877,1,inf
7021,1,inf
7058,1,inf
7064,1,inf
7074,1,inf
7089,1,inf
7100,1,inf
7163,1,inf
7183,1,inf
7197,1,inf
7259,1,inf
7271,1,inf
7277,1,inf
7286,1,inf
7287,1,inf
7312,1,inf
7326,1,inf
7329,1,inf
7330,1,inf
7382,1,inf
7394,1,inf
7413,1,inf
7414,1,inf
7467,1,inf
7468,1,inf
7609,1,inf
7710,1,inf
7718,1,inf
7739,1,inf
7779,1,inf
7784,1,inf
7817,1,inf
7833,1,inf
7841,1,inf
7905,1,inf
7985,1,inf
8025,1,inf
8033,1,inf
8033,1,inf
8052,1,inf
8064,1,inf
8092,1,inf
8166,1,inf
8191,1,inf
8252,1,inf
8273,1,inf
8331,1,inf
8348,1,inf
8375,1,inf
8393,1,inf
8426,1,inf
8455,1,inf
8468,1,inf
8472,1,inf
8512,1,inf
8529,1,inf
8544,1,inf
8590,1,inf
8596,1,inf
8614,1,inf
8656,1,inf
8708,1,inf
8719,1,inf
8784,1,inf
8815,1,inf
8871,1,inf
8871,1,inf
8901,1,inf
8942,1,inf
9023,1,inf
9028,1,inf
9048,1,inf
9071,1,inf
9088,1,inf
9104,1,inf
9109,1,inf
9110,1,inf
9128,1,inf
9143,1,inf
9150,1,inf
9153,1,inf
9168,1,inf
9216,1,inf
9231,1,inf
9243,1,inf
9264,1,inf
9265,1,inf
9272,1,inf
9277,1,inf
9283,1,inf
9287,1,inf
9298,1,inf
9319,1,inf
9322,1,inf
9351,1,inf
9365,1,inf
9371,1,inf
9418,1,inf
9450,1,inf
9452,1,inf
9462,1,inf
9466,1,inf
9532,1,inf
9533,1,inf
9537,1,inf
9538,1,inf
9564,1,inf
9568,1,inf
9575,1,inf
9582,1,inf
9618,1,inf
9625,1,inf
9627,1,inf
9641,1,inf
9650,1,inf
9651,1,inf
9667,1,inf
9680,1,inf
9718,1,inf
9739,1,inf
9755,1,inf
9781,1,inf
9784,1,inf
9800,1,inf
9801,1,inf
9822,1,inf
9844,1,inf
9851,1,inf
9854,1,inf
9855,1,inf
9858,1,inf
10024,1,inf
10030,1,inf
10074,1,inf
10082,1,inf
10115,1,inf
10118,1,inf
10124,1,inf
10145,1,inf
10151,1,inf
10211,1,inf
10248,1,inf
10261,1,inf
10355,1,inf
10405,1,inf
10418,1,inf
10423,1,inf
10438,1,inf
10438,1,inf
10479,1,inf
10497,1,inf
10522,1,inf
10531,1,inf
10539,1,inf
10555,1,inf
10568,1,inf
10623,1,inf
10623,1,inf
10623,1,inf
10638,1,inf
10641,1,inf
10643,1,inf
10696,1,inf
10696,1,inf
10700,1,inf
10714,1,inf
10735,1,inf
10783,1,inf
10784,1,inf
10786,1,inf
10839,1,inf
10844,1,inf
10859,1,inf
11028,1,inf
11082,1,inf
11083,1,inf
11088,1,inf
11099,1,inf
11111,1,inf
11120,1,inf
11126,1,inf
11156,1,inf
11178,1,inf
11207,1,inf
11236,1,inf
11280,1,inf
11331,1,inf
11344,1,inf
11345,1,inf
11377,1,inf
11399,1,inf
11403,1,inf
11420,1,inf
11451,1,inf
11520,1,inf
11556,1,inf
11556,1,inf
11560,1,inf
11625,1,inf
11627,1,inf
11628,1,inf
11647,1,inf
11707,1,inf
11717,1,inf
11744,1,inf
11751,1,inf
11753,1,inf
11827,1,inf
11844,1,inf
11848,1,inf
11896,1,inf
11930,1,inf
12010,1,inf
12024,1,inf
12039,1,inf
12044,1,inf
12083,1,inf
12103,1,inf
12130,1,inf
12157,1,inf
12190,1,inf
12190,1,inf
12211,1,inf
12238,1,inf
12265,1,inf
12285,1,inf
12287,1,inf
12357,1,inf
12358,1,inf
12385,1,inf
12423,1,inf
12457,1,inf
12459,1,inf
12480,1,inf
12548,1,inf
12585,1,inf
12615,1,inf
12617,1,inf
12625,1,inf
12630,1,inf
12657,1,inf
12733,1,inf
12860,1,inf
12867,1,inf
12884,1,inf
12886,1,inf
12970,1,inf
12987,1,inf
12989,1,inf
13004,1,inf
13005,1,inf
13013,1,inf
13016,1,inf
13018,1,inf
13034,1,inf
13118,1,inf
13123,1,inf
13164,1,inf
13197,1,inf
13200,1,inf
13241,1,inf
13249,1,inf
13251,1,inf
13259,1,inf
13260,1,inf
13274,1,inf
13279,1,inf
13279,1,inf
13287,1,inf
13293,1,inf
13319,1,inf
13341,1,inf
13346,1,inf
13356,1,inf
13376,1,inf
13403,1,inf
13411,1,inf
13438,1,inf
13454,1,inf
13499,1,inf
13525,1,inf
13545,1,inf
13595,1,inf
13615,1,inf
13680,1,inf
13712,1,inf
13719,1,inf
13855,1,inf
13923,1,inf
13929,1,inf
14008,1,inf
14009,1,inf
14013,1,inf
14029,1,inf
14074,1,inf
14084,1,inf
14098,1,inf
14103,1,inf
14107,1,inf
14112,1,inf
14147,1,inf
14158,1,inf
14168,1,inf
14206,1,inf
14212,1,inf
14215,1,inf
14278,1,inf
14311,1,inf
14336,1,inf
14396,1,inf
14455,1,inf
14472,1,inf
14473,1,inf
14480,1,inf
14492,1,inf
14549,1,inf
14551,1,inf
14563,1,inf
14620,1,inf
14649,1,inf
14671,1,inf
14686,1,inf
14689,1,inf
14695,1,inf
14719,1,inf
14725,1,inf
14844,1,inf
14874,1,inf
14899,1,inf
14905,1,inf
14939,1,inf
14950,1,inf
15006,1,inf
15019,1,inf
15020,1,inf
15078,1,inf
15109,1,inf
15126,1,inf
15131,1,inf
15144,1,inf
15146,1,inf
15224,1,inf
15263,1,inf
15264,1,inf
15309,1,inf
15320,1,inf
15329,1,inf
15334,1,inf
15349,1,inf
15419,1,inf
15495,1,inf
15507,1,inf
15518,1,inf
15606,1,inf
15606,1,inf
15614,1,inf
15643,1,inf
15647,1,inf
15649,1,inf
15662,1,inf
15694,1,inf
15719,1,inf
15743,1,inf
15760,1,inf
15774,1,inf
15803,1,inf
15807,1,inf
15809,1,inf
15829,1,inf
15845,1,inf
15863,1,inf
15879,1,inf
15882,1,inf
16018,1,inf
16025,1,inf
16055,1,inf
16076,1,inf
16100,1,inf
16115,1,inf
16130,1,inf
16201,1,inf
16271,1,inf
16316,1,inf
16320,1,inf
16383,1,inf
16398,1,inf
16438,1,inf
16490,1,inf
16511,1,inf
16565,1,inf
16625,1,inf
16627,1,inf
16643,1,inf
16720,1,inf
16768,1,inf
16777,1,inf
16857,1,inf
16880,1,inf
16901,1,inf
16903,1,inf
16914,1,inf
16950,1,inf
16973,1,inf
16973,1,inf
16975,1,inf
16997,1,inf
17008,1,inf
17013,1,inf
17021,1,inf
17027,1,inf
17031,1,inf
17032,1,inf
17033,1,inf
17079,1,inf
17097,1,inf
17106,1,inf
17109,1,inf
17201,1,inf
17215,1,inf
17223,1,inf
17264,1,inf
17282,1,inf
17305,1,inf
17320,1,inf
17327,1,inf
17368,1,inf
17378,1,inf
17396,1,inf
17450,1,inf
17485,1,inf
17495,1,inf
17501,1,inf
17508,1,inf
17540,1,inf
17545,1,inf
17551,1,inf
17560,1,inf
17564,1,inf
17580,1,inf
17618,1,inf
17654,1,inf
17667,1,inf
17678,1,inf
17704,1,inf
17705,1,inf
17709,1,inf
17721,1,inf
17750,1,inf
17750,1,inf
17772,1,inf
17773,1,inf
17787,1,inf
17791,1,inf
17796,1,inf
17813,1,inf
17839,1,inf
17843,1,inf
17850,1,inf
17883,1,inf
18005,1,inf
18006,1,inf
18010,1,inf
18026,1,inf
18041,1,inf
18044,1,inf
18080,1,inf
18097,1,inf
18140,1,inf
18142,1,inf
18175,1,inf
18186,1,inf
18298,1,inf
18305,1,inf
18308,1,inf
18422,1,inf
18448,1,inf
18513,1,inf
18551,1,inf
18568,1,inf
18569,1,inf
18607,1,inf
18612,1,inf
18674,1,inf
18690,1,inf
18731,1,inf
18747,1,inf
18752,1,inf
18759,1,inf
18862,1,inf
18864,1,inf
18866,1,inf
18869,1,inf
18873,1,inf
18876,1,inf
18877,1,inf
18890,1,inf
18928,1,inf
18933,1,inf
18946,1,inf
18966,1,inf
19030,1,inf
19061,1,inf
19111,1,inf
19121,1,inf
19149,1,inf
19174,1,inf
19182,1,inf
19182,1,inf
19206,1,inf
19208,1,inf
19216,1,inf
19241,1,inf
19281,1,inf
19298,1,inf
19358,1,inf
19427,1,inf
19464,1,inf
19482,1,inf
19518,1,inf
19521,1,inf
19532,1,inf
19554,1,inf
19571,1,inf
19572,1,inf
19573,1,inf
19592,1,inf
19606,1,inf
19607,1,inf
19608,1,inf
19676,1,inf
19709,1,inf
19710,1,inf
19839,1,inf
19865,1,inf
19869,1,inf
19874,1,inf
19915,1,inf
19918,1,inf
19936,1,inf
19943,1,inf
19945,1,inf
20011,1,inf
20016,1,inf
20051,1,inf
20062,1,inf
20084,1,inf
20101,1,inf
20110,1,inf
20157,1,inf
20180,1,inf
20185,1,inf
20246,1,inf
20291,1,inf
20305,1,inf
20330,1,inf
20354,1,inf
20372,1,inf
20381,1,inf
20482,1,inf
20486,1,inf
20492,1,inf
20496,1,inf
20502,1,inf
20585,1,inf
20629,1,inf
20645,1,inf
20675,1,inf
20678,1,inf
20692,1,inf
20705,1,inf
20738,1,inf
20758,1,inf
20762,1,inf
20782,1,inf
20791,1,inf
20823,1,inf
20827,1,inf
20854,1,inf
20868,1,inf
20871,1,inf
20873,1,inf
20880,1,inf
20912,1,inf
20952,1,inf
20954,1,inf
21035,1,inf
21047,1,inf
21085,1,inf
21098,1,inf
21129,1,inf
21129,1,inf
21176,1,inf
21197,1,inf
21203,1,inf
21213,1,inf
21226,1,inf
21243,1,inf
21254,1,inf
21259,1,inf
21285,1,inf
21340,1,inf
21354,1,inf
21356,1,inf
21356,1,inf
21357,1,inf
21361,1,inf
21459,1,inf
21462,1,inf
21465,1,inf
21491,1,inf
21511,1,inf
21521,1,inf
21526,1,inf
21550,1,inf
21606,1,inf
21630,1,inf
21631,1,inf
21646,1,inf
21671,1,inf
21701,1,inf
21701,1,inf
21732,1,inf
21733,1,inf
21749,1,inf
21853,1,inf
21857,1,inf
21865,1,inf
21901,1,inf
21926,1,inf
21929,1,inf
21932,1,inf
21948,1,inf
22027,1,inf
22035,1,inf
22045,1,inf
22061,1,inf
22094,1,inf
22097,1,inf
22102,1,inf
22121,1,inf
22128,1,inf
22129,1,inf
22132,1,inf
22145,1,inf
22173,1,inf
22212,1,inf
22232,1,inf
22245,1,inf
22247,1,inf
22259,1,inf
22272,1,inf
22306,1,inf
22312,1,inf
22315,1,inf
22317,1,inf
22342,1,inf
22365,1,inf
22492,1,inf
22505,1,inf
22526,1,inf
22528,1,inf
22550,1,inf
22552,1,inf
22667,1,inf
22676,1,inf
22716,1,inf
22741,1,inf
22753,1,inf
22760,1,inf
22782,1,inf
22799,1,inf
22800,1,inf
22819,1,inf
22859,1,inf
22860,1,inf
22879,1,inf
22950,1,inf
23001,1,inf
23003,1,inf
23008,1,inf
23032,1,inf
23047,1,inf
23052,1,inf
23061,1,inf
23066,1,inf
23089,1,inf
23115,1,inf
23165,1,inf
23251,1,inf
23292,1,inf
23295,1,inf
23328,1,inf
23332,1,inf
23383,1,inf
23398,1,inf
23408,1,inf
23428,1,inf
23442,1,inf
23474,1,inf
23511,1,inf
23516,1,inf
23526,1,inf
23534,1,inf
23540,1,inf
23583,1,inf
23621,1,inf
23670,1,inf
23686,1,inf
23711,1,inf
23727,1,inf
23738,1,inf
23738,1,inf
23761,1,inf
23765,1,inf
23769,1,inf
23770,1,inf
23806,1,inf
23812,1,inf
23817,1,inf
23828,1,inf
23846,1,inf
23855,1,inf
23870,1,inf
23877,1,inf
24007,1,inf
24042,1,inf
24051,1,inf
24089,1,inf
24130,1,inf
24157,1,inf
24162,1,inf
24188,1,inf
24202,1,inf
24273,1,inf
24277,1,inf
24291,1,inf
24346,1,inf
24362,1,inf
24366,1,inf
24388,1,inf
24455,1,inf
24482,1,inf
24506,1,inf
24518,1,inf
24533,1,inf
24533,1,inf
24557,1,inf
24614,1,inf
24647,1,inf
24746,1,inf
24785,1,inf
24822,1,inf
24823,1,inf
24824,1,inf
24876,1,inf
24879,1,inf
24896,1,inf
24974,1,inf
24977,1,inf
24990,1,inf
25002,1,inf
25003,1,inf
25017,1,inf
25024,1,inf
25025,1,inf
25028,1,inf
25051,1,inf
25067,1,inf
25109,1,inf
25130,1,inf
25139,1,inf
25161,1,inf
25285,1,inf
25406,1,inf
25423,1,inf
25433,1,inf
25455,1,inf
25492,1,inf
25521,1,inf
25522,1,inf
25531,1,inf
25561,1,inf
25587,1,inf
25606,1,inf
25612,1,inf
25615,1,inf
25616,1,inf
25636,1,inf
25646,1,inf
25647,1,inf
25690,1,inf
25732,1,inf
25800,1,inf
25849,1,inf
25918,1,inf
25965,1,inf
25967,1,inf
26054,1,inf
26059,1,inf
26059,1,inf
26117,1,inf
26149,1,inf
26158,1,inf
26164,1,inf
26189,1,inf
26199,1,inf
26215,1,inf
26221,1,inf
26247,1,inf
26260,1,inf
26299,1,inf
26318,1,inf
26324,1,inf
26366,1,inf
26377,1,inf
26430,1,inf
26499,1,inf
26565,1,inf
26570,1,inf
26576,1,inf
26610,1,inf
26623,1,inf
26631,1,inf
26642,1,inf
26670,1,inf
26701,1,inf
26707,1,inf
26726,1,inf
26741,1,inf
26743,1,inf
26743,1,inf
26746,1,inf
26753,1,inf
26830,1,inf
26842,1,inf
26861,1,inf
26870,1,inf
26888,1,inf
26901,1,inf
27016,1,inf
27030,1,inf
27035,1,inf
27048,1,inf
27049,1,inf
27053,1,inf
27073,1,inf
27090,1,inf
27124,1,inf
27131,1,inf
27131,1,inf
27132,1,inf
27155,1,inf
27185,1,inf
27188,1,inf
27299,1,inf
27317,1,inf
27320,1,inf
27337,1,inf
27340,1,inf
27372,1,inf
27381,1,inf
27399,1,inf
27474,1,inf
27484,1,inf
27526,1,inf
27544,1,inf
27546,1,inf
27600,1,inf
27651,1,inf
27668,1,inf
27674,1,inf
27727,1,inf
27798,1,inf
27803,1,inf
27827,1,inf
27855,1,inf
27863,1,inf
27873,1,inf
27877,1,inf
27879,1,inf
27883,1,inf
27892,1,inf
27909,1,inf
27910,1,inf
27913,1,inf
27925,1,inf
27932,1,inf
27937,1,inf
27943,1,inf
27949,1,inf
27963,1,inf
27974,1,inf
27983,1,inf
28001,1,inf
28009,1,inf
28050,1,inf
28115,1,inf
28152,1,inf
28157,1,inf
28168,1,inf
28189,1,inf
28204,1,inf
28220,1,inf
28230,1,inf
28232,1,inf
28232,1,inf
28262,1,inf
28267,1,inf
28313,1,inf
28317,1,inf
28323,1,inf
28331,1,inf
28332,1,inf
28344,1,inf
28352,1,inf
28406,1,inf
28411,1,inf
28427,1,inf
28451,1,inf
28455,1,inf
28457,1,inf
28512,1,inf
28525,1,inf
28545,1,inf
28570,1,inf
28590,1,inf
28648,1,inf
28651,1,inf
28698,1,inf
28730,1,inf
28747,1,inf
28754,1,inf
28766,1,inf
28775,1,inf
28787,1,inf
28795,1,inf
28795,1,inf
28801,1,inf
28805,1,inf
28814,1,inf
28823,1,inf
28839,1,inf
28851,1,inf
28888,1,inf
29000,1,inf
29038,1,inf
29045,1,inf
29077,1,inf
29079,1,inf
29089,1,inf
29100,1,inf
29107,1,inf
29119,1,inf
29143,1,inf
29166,1,inf
29180,1,inf
29204,1,inf
29220,1,inf
29256,1,inf
29268,1,inf
29296,1,inf
29385,1,inf
29407,1,inf
29423,1,inf
29511,1,inf
29560,1,inf
29587,1,inf
29602,1,inf
29611,1,inf
29623,1,inf
29710,1,inf
29741,1,inf
29765,1,inf
29779,1,inf
29779,1,inf
29793,1,inf
29809,1,inf
29815,1,inf
29832,1,inf
29838,1,inf
29865,1,inf
29875,1,inf
29917,1,inf
29964,1,inf
29968,1,inf
29986,1,inf
30012,1,inf
30013,1,inf
30023,1,inf
30031,1,inf
30071,1,inf
30076,1,inf
30089,1,inf
30089,1,inf
30164,1,inf
30168,1,inf
30173,1,inf
30178,1,inf
30185,1,inf
30201,1,inf
30212,1,inf
30226,1,inf
30256,1,inf
30257,1,inf
30267,1,inf
30321,1,inf
30366,1,inf
30377,1,inf
30381,1,inf
30385,1,inf
30443,1,inf
30463,1,inf
30529,1,inf
30564,1,inf
30608,1,inf
30627,1,inf
30648,1,inf
30687,1,inf
30720,1,inf
30739,1,inf
30747,1,inf
30764,1,inf
30813,1,inf
30820,1,inf
30954,1,inf
31002,1,inf
31011,1,inf
31029,1,inf
31035,1,inf
31066,1,inf
31066,1,inf
31078,1,inf
31080,1,inf
31082,1,inf
31101,1,inf
31146,1,inf
31156,1,inf
31159,1,inf
31169,1,inf
31185,1,inf
31215,1,inf
31238,1,inf
31242,1,inf
31246,1,inf
31315,1,inf
31333,1,inf
31396,1,inf
31428,1,inf
31470,1,inf
31477,1,inf
31489,1,inf
31529,1,inf
31530,1,inf
31587,1,inf
31598,1,inf
31621,1,inf
31624,1,inf
31633,1,inf
31637,1,inf
31652,1,inf
31669,1,inf
31675,1,inf
31687,1,inf
31700,1,inf
31720,1,inf
31731,1,inf
31765,1,inf
31831,1,inf
31835,1,inf
31846,1,inf
31894,1,inf
31923,1,inf
31961,1,inf
32082,1,inf
32087,1,inf
32102,1,inf
32139,1,inf
32165,1,inf
32191,1,inf
32244,1,inf
32331,1,inf
32383,1,inf
32420,1,inf
32431,1,inf
32478,1,inf
32509,1,inf
32604,1,inf
32608,1,inf
32612,1,inf
32656,1,inf
32693,1,inf
32706,1,inf
32763,1,inf
32788,1,inf
32853,1,inf
32854,1,inf
32893,1,inf
32898,1,inf
32915,1,inf
32932,1,inf
32935,1,inf
32937,1,inf
33018,1,inf
33028,1,inf
33030,1,inf
33031,1,inf
33045,1,inf
33062,1,inf
33119,1,inf
33143,1,inf
33146,1,inf
33159,1,inf
33191,1,inf
33195,1,inf
33203,1,inf
33255,1,inf
33306,1,inf
33316,1,inf
33327,1,inf
33333,1,inf
33335,1,inf
33359,1,inf
33362,1,inf
33393,1,inf
33394,1,inf
33437,1,inf
33455,1,inf
33492,1,inf
33499,1,inf
33546,1,inf
33619,1,inf
33620,1,inf
33644,1,inf
33658,1,inf
33681,1,inf
33730,1,inf
33757,1,inf
33764,1,inf
33796,1,inf
33829,1,inf
33852,1,inf
33852,1,inf
33864,1,inf
33907,1,inf
33908,1,inf
33946,1,inf
33954,1,inf
33959,1,inf
33967,1,inf
33975,1,inf
34007,1,inf
34029,1,inf
34031,1,inf
34047,1,inf
34094,1,inf
34096,1,inf
34098,1,inf
34108,1,inf
34136,1,inf
34189,1,inf
34215,1,inf
34218,1,inf
34222,1,inf
34259,1,inf
34285,1,inf
34294,1,inf
34316,1,inf
34325,1,inf
34333,1,inf
34346,1,inf
34353,1,inf
34354,1,inf
34357,1,inf
34383,1,inf
34431,1,inf
34432,1,inf
34453,1,inf
34465,1,inf
34480,1,inf
34575,1,inf
34621,1,inf
34662,1,inf
34691,1,inf
34720,1,inf
34726,1,inf
34757,1,inf
34834,1,inf
34871,1,inf
34899,1,inf
35093,1,inf
35111,1,inf
35121,1,inf
35137,1,inf
35140,1,inf
35144,1,inf
35162,1,inf
35169,1,inf
35180,1,inf
35186,1,inf
35200,1,inf
35246,1,inf
35287,1,inf
35309,1,inf
35352,1,inf
35390,1,inf
35401,1,inf
35411,1,inf
35438,1,inf
35476,1,inf
35489,1,inf
35492,1,inf
35542,1,inf
35549,1,inf
35560,1,inf
35573,1,inf
35581,1,inf
35589,1,inf
35627,1,inf
35628,1,inf
35632,1,inf
35668,1,inf
35699,1,inf
35728,1,inf
35735,1,inf
35780,1,inf
35787,1,inf
35801,1,inf
35818,1,inf
35839,1,inf
35862,1,inf
35908,1,inf
35909,1,inf
35928,1,inf
36009,1,inf
36017,1,inf
36020,1,inf
36023,1,inf
36065,1,inf
36092,1,inf
36103,1,inf
36120,1,inf
36174,1,inf
36223,1,inf
36266,1,inf
36287,1,inf
36289,1,inf
36312,1,inf
36321,1,inf
36326,1,inf
36335,1,inf
36341,1,inf
36358,1,inf
36367,1,inf
36377,1,inf
36393,1,inf
36419,1,inf
36572,1,inf
36582,1,inf
36602,1,inf
36625,1,inf
36639,1,inf
36675,1,inf
36675,1,inf
36679,1,inf
36680,1,inf
36685,1,inf
36711,1,inf
36723,1,inf
36732,1,inf
36735,1,inf
36736,1,inf
36759,1,inf
36759,1,inf
36773,1,inf
36790,1,inf
36804,1,inf
36806,1,inf
36837,1,inf
36858,1,inf
36864,1,inf
36903,1,inf
36925,1,inf
37036,1,inf
37044,1,inf
37052,1,inf
37063,1,inf
37075,1,inf
37125,1,inf
37133,1,inf
37143,1,inf
37149,1,inf
37157,1,inf
37201,1,inf
37246,1,inf
37262,1,inf
37286,1,inf
37301,1,inf
37340,1,inf
37385,1,inf
37390,1,inf
37420,1,inf
37430,1,inf
37448,1,inf
37485,1,inf
37508,1,inf
37514,1,inf
37518,1,inf
37543,1,inf
37549,1,inf
37561,1,inf
37583,1,inf
37598,1,inf
37605,1,inf
37610,1,inf
37616,1,inf
37640,1,inf
37640,1,inf
37642,1,inf
37647,1,inf
37692,1,inf
37714,1,inf
37719,1,inf
37760,1,inf
37787,1,inf
37817,1,inf
37817,1,inf
37831,1,inf
37858,1,inf
37877,1,inf
37887,1,inf
37925,1,inf
37928,1,inf
37928,1,inf
37935,1,inf
37936,1,inf
37942,1,inf
38059,1,inf
38074,1,inf
38085,1,inf
38096,1,inf
38098,1,inf
38126,1,inf
38136,1,inf
38141,1,inf
38187,1,inf
38247,1,inf
38252,1,inf
38315,1,inf
38337,1,inf
38345,1,inf
38346,1,inf
38385,1,inf
38438,1,inf
38446,1,inf
38465,1,inf
38490,1,inf
38495,1,inf
38516,1,inf
38523,1,inf
38540,1,inf
38556,1,inf
38567,1,inf
38573,1,inf
38580,1,inf
38584,1,inf
38598,1,inf
38611,1,inf
38688,1,inf
38748,1,inf
38772,1,inf
38801,1,inf
38821,1,inf
38830,1,inf
38853,1,inf
38860,1,inf
38874,1,inf
38905,1,inf
39051,1,inf
39051,1,inf
39061,1,inf
39082,1,inf
39088,1,inf
39137,1,inf
39186,1,inf
39198,1,inf
39227,1,inf
39279,1,inf
39320,1,inf
39358,1,inf
39389,1,inf
39454,1,inf
39564,1,inf
39597,1,inf
39623,1,inf
39650,1,inf
39682,1,inf
39707,1,inf
39734,1,inf
39835,1,inf
39858,1,inf
39897,1,inf
39897,1,inf
39912,1,inf
39956,1,inf
39964,1,inf
40017,1,inf
40036,1,inf
40047,1,inf
40074,1,inf
40096,1,inf
40111,1,inf
40188,1,inf
40199,1,inf
40247,1,inf
40328,1,inf
40335,1,inf
40359,1,inf
40363,1,inf
40374,1,inf
40389,1,inf
40403,1,inf
40404,1,inf
40408,1,inf
40432,1,inf
40441,1,inf
40444,1,inf
40445,1,inf
40500,1,inf
40550,1,inf
40599,1,inf
40687,1,inf
40694,1,inf
40728,1,inf
40733,1,inf
40780,1,inf
40785,1,inf
40802,1,inf
40816,1,inf
40826,1,inf
40879,1,inf
40895,1,inf
40920,1,inf
40944,1,inf
40946,1,inf
40954,1,inf
40967,1,inf
41035,1,inf
41041,1,inf
41076,1,inf
41086,1,inf
41096,1,inf
41100,1,inf
41118,1,inf
41126,1,inf
41129,1,inf
41154,1,inf
41155,1,inf
41160,1,inf
41173,1,inf
41185,1,inf
41217,1,inf
41222,1,inf
41251,1,inf
41288,1,inf
41296,1,inf
41305,1,inf
41347,1,inf
41351,1,inf
41371,1,inf
41394,1,inf
41400,1,inf
41412,1,inf
41427,1,inf
41428,1,inf
41428,1,inf
41436,1,inf
41448,1,inf
41481,1,inf
41507,1,inf
41550,1,inf
41594,1,inf
41641,1,inf
41645,1,inf
41656,1,inf
41687,1,inf
41741,1,inf
41809,1,inf
41844,1,inf
41899,1,inf
41951,1,inf
42020,1,inf
42020,1,inf
42056,1,inf
42083,1,inf
42104,1,inf
42114,1,inf
42144,1,inf
42144,1,inf
42150,1,inf
42181,1,inf
42196,1,inf
42199,1,inf
42208,1,inf
42224,1,inf
42241,1,inf
42255,1,inf
42256,1,inf
42345,1,inf
42371,1,inf
42378,1,inf
42400,1,inf
42413,1,inf
42416,1,inf
42428,1,inf
42469,1,inf
42474,1,inf
42564,1,inf
42583,1,inf
42666,1,inf
42716,1,inf
42730,1,inf
42736,1,inf
42768,1,inf
42808,1,inf
42836,1,inf
42865,1,inf
42933,1,inf
42934,1,inf
42976,1,inf
42985,1,inf
42987,1,inf
43014,1,inf
43015,1,inf
43020,1,inf
43024,1,inf
43033,1,inf
43036,1,inf
43041,1,inf
43051,1,inf
43102,1,inf
43183,1,inf
43210,1,inf
43325,1,inf
43330,1,inf
43368,1,inf
43391,1,inf
43417,1,inf
43425,1,inf
43434,1,inf
43437,1,inf
43469,1,inf
43477,1,inf
43519,1,inf
43548,1,inf
43582,1,inf
43595,1,inf
43601,1,inf
43606,1,inf
43625,1,inf
43656,1,inf
43696,1,inf
43724,1,inf
43789,1,inf
43803,1,inf
43829,1,inf
43844,1,inf
43855,1,inf
43856,1,inf
43867,1,inf
43899,1,inf
43906,1,inf
44053,1,inf
44068,1,inf
44178,1,inf
44237,1,inf
44243,1,inf
44249,1,inf
44274,1,inf
44291,1,inf
44308,1,inf
44327,1,inf
44368,1,inf
44401,1,inf
44423,1,inf
44442,1,inf
44456,1,inf
44475,1,inf
44541,1,inf
44580,1,inf
44596,1,inf
44676,1,inf
44687,1,inf
44695,1,inf
44759,1,inf
44769,1,inf
44778,1,inf
44805,1,inf
44833,1,inf
44866,1,inf
44868,1,inf
44876,1,inf
44883,1,inf
45025,1,inf
45045,1,inf
45068,1,inf
45071,1,inf
45071,1,inf
45088,1,inf
45116,1,inf
45129,1,inf
45133,1,inf
45173,1,inf
45181,1,inf
45226,1,inf
45236,1,inf
45270,1,inf
45271,1,inf
45314,1,inf
45325,1,inf
45329,1,inf
45345,1,inf
45365,1,inf
45374,1,inf
45401,1,inf
45436,1,inf
45444,1,inf
45448,1,inf
45465,1,inf
45506,1,inf
45565,1,inf
45577,1,inf
45593,1,inf
45665,1,inf
45683,1,inf
45689,1,inf
45769,1,inf
45771,1,inf
45852,1,inf
45930,1,inf
46035,1,inf
46040,1,inf
46078,1,inf
46140,1,inf
46183,1,inf
46232,1,inf
46269,1,inf
46275,1,inf
46308,1,inf
46318,1,inf
46320,1,inf
46341,1,inf
46346,1,inf
46358,1,inf
46364,1,inf
46370,1,inf
46387,1,inf
46390,1,inf
46403,1,inf
46432,1,inf
46435,1,inf
46483,1,inf
46511,1,inf
46547,1,inf
46604,1,inf
46624,1,inf
46638,1,inf
46643,1,inf
46645,1,inf
46708,1,inf
46716,1,inf
46730,1,inf
46732,1,inf
46753,1,inf
46805,1,inf
46831,1,inf
46917,1,inf
46924,1,inf
46982,1,inf
47012,1,inf
47051,1,inf
47054,1,inf
47083,1,inf
47114,1,inf
47159,1,inf
47161,1,inf
47162,1,inf
47168,1,inf
47187,1,inf
47196,1,inf
47213,1,inf
47220,1,inf
47271,1,inf
47286,1,inf
47301,1,inf
47319,1,inf
47339,1,inf
47340,1,inf
47345,1,inf
47356,1,inf
47369,1,inf
47402,1,inf
47407,1,inf
47422,1,inf
47430,1,inf
47440,1,inf
47445,1,inf
47468,1,inf
47475,1,inf
47478,1,inf
47519,1,inf
47530,1,inf
47545,1,inf
47609,1,inf
47677,1,inf
47699,1,inf
47719,1,inf
47719,1,inf
47727,1,inf
47760,1,inf
47760,1,inf
47795,1,inf
47797,1,inf
47803,1,inf
47868,1,inf
47869,1,inf
48034,1,inf
48043,1,inf
48058,1,inf
48059,1,inf
48149,1,inf
48186,1,inf
48195,1,inf
48206,1,inf
48210,1,inf
48234,1,inf
48262,1,inf
48292,1,inf
48293,1,inf
48323,1,inf
48323,1,inf
48330,1,inf
48351,1,inf
48386,1,inf
48387,1,inf
48405,1,inf
48439,1,inf
48480,1,inf
48509,1,inf
48534,1,inf
48553,1,inf
48558,1,inf
48624,1,inf
48784,1,inf
48786,1,inf
48789,1,inf
48794,1,inf
48795,1,inf
48801,1,inf
48802,1,inf
48845,1,inf
48856,1,inf
48872,1,inf
48873,1,inf
48875,1,inf
48899,1,inf
48911,1,inf
48942,1,inf
48988,1,inf
49006,1,inf
49067,1,inf
49067,1,inf
49085,1,inf
49109,1,inf
49123,1,inf
49140,1,inf
49171,1,inf
49214,1,inf
49233,1,inf
49295,1,inf
49298,1,inf
49324,1,inf
49365,1,inf
49371,1,inf
49375,1,inf
49384,1,inf
49386,1,inf
49412,1,inf
49432,1,inf
49497,1,inf
49500,1,inf
49518,1,inf
49535,1,inf
49541,1,inf
49553,1,inf
49584,1,inf
49600,1,inf
49618,1,inf
49622,1,inf
49629,1,inf
49630,1,inf
49635,1,inf
49665,1,inf
49667,1,inf
49813,1,inf
49829,1,inf
49839,1,inf
49865,1,inf
49892,1,inf
49923,1,inf
49947,1,inf
49948,1,inf
50004,1,inf
50030,1,inf
50035,1,inf
50081,1,inf
50088,1,inf
50100,1,inf
50101,1,inf
50114,1,inf
50135,1,inf
50139,1,inf
50146,1,inf
50157,1,inf
50164,1,inf
50173,1,inf
50219,1,inf
50257,1,inf
50272,1,inf
50294,1,inf
50322,1,inf
50334,1,inf
50346,1,inf
50352,1,inf
50364,1,inf
50399,1,inf
50442,1,inf
50500,1,inf
50528,1,inf
50585,1,inf
50599,1,inf
50675,1,inf
50739,1,inf
50759,1,inf
50795,1,inf
50798,1,inf
50820,1,inf
50846,1,inf
50874,1,inf
50909,1,inf
50928,1,inf
50934,1,inf
51023,1,inf
51033,1,inf
51054,1,inf
51056,1,inf
51065,1,inf
51178,1,inf
51195,1,inf
51204,1,inf
51207,1,inf
51253,1,inf
51295,1,inf
51297,1,inf
51332,1,inf
51357,1,inf
51376,1,inf
51437,1,inf
51454,1,inf
51481,1,inf
51521,1,inf
51582,1,inf
51583,1,inf
51614,1,inf
51639,1,inf
51651,1,inf
51735,1,inf
51737,1,inf
51756,1,inf
51774,1,inf
51793,1,inf
51828,1,inf
51866,1,inf
51881,1,inf
51888,1,inf
51893,1,inf
52044,1,inf
52050,1,inf
52088,1,inf
52207,1,inf
52210,1,inf
52217,1,inf
52242,1,inf
52252,1,inf
52254,1,inf
52317,1,inf
52370,1,inf
52397,1,inf
52428,1,inf
52446,1,inf
52456,1,inf
52464,1,inf
52486,1,inf
52531,1,inf
52556,1,inf
52561,1,inf
52607,1,inf
52623,1,inf
52720,1,inf
52737,1,inf
52763,1,inf
52792,1,inf
52825,1,inf
52845,1,inf
52901,1,inf
52910,1,inf
53012,1,inf
53027,1,inf
53031,1,inf
53064,1,inf
53071,1,inf
53087,1,inf
53111,1,inf
53148,1,inf
53205,1,inf
53225,1,inf
53225,1,inf
53238,1,inf
53292,1,inf
53293,1,inf
53324,1,inf
53347,1,inf
53412,1,inf
53529,1,inf
53535,1,inf
53582,1,inf
53707,1,inf
53711,1,inf
53750,1,inf
53756,1,inf
53789,1,inf
53790,1,inf
53817,1,inf
53839,1,inf
53851,1,inf
53873,1,inf
53877,1,inf
53880,1,inf
53893,1,inf
54009,1,inf
54041,1,inf
54090,1,inf
54125,1,inf
54126,1,inf
54127,1,inf
54164,1,inf
54184,1,inf
54204,1,inf
54219,1,inf
54239,1,inf
54252,1,inf
54289,1,inf
54311,1,inf
54347,1,inf
54372,1,inf
54392,1,inf
54412,1,inf
54490,1,inf
54497,1,inf
54537,1,inf
54550,1,inf
54577,1,inf
54597,1,inf
54631,1,inf
54689,1,inf
54709,1,inf
54717,1,inf
54723,1,inf
54748,1,inf
54785,1,inf
54833,1,inf
54856,1,inf
54919,1,inf
54933,1,inf
55004,1,inf
55029,1,inf
55048,1,inf
55068,1,inf
55069,1,inf
55069,1,inf
55083,1,inf
55089,1,inf
55089,1,inf
55141,1,inf
55157,1,inf
55177,1,inf
55213,1,inf
55240,1,inf
55312,1,inf
55455,1,inf
55469,1,inf
55549,1,inf
55553,1,inf
55638,1,inf
55663,1,inf
55663,1,inf
55721,1,inf
55770,1,inf
55865,1,inf
55890,1,inf
55895,1,inf
55910,1,inf
55915,1,inf
55917,1,inf
55924,1,inf
55924,1,inf
56018,1,inf
56040,1,inf
56047,1,inf
56075,1,inf
56113,1,inf
56125,1,inf
56127,1,inf
56163,1,inf
56192,1,inf
56193,1,inf
56197,1,inf
56234,1,inf
56245,1,inf
56319,1,inf
56353,1,inf
56370,1,inf
56398,1,inf
56428,1,inf
56435,1,inf
56440,1,inf
56444,1,inf
56485,1,inf
56486,1,inf
56486,1,inf
56487,1,inf
56539,1,inf
56559,1,inf
56565,1,inf
56568,1,inf
56595,1,inf
56596,1,inf
56606,1,inf
56625,1,inf
56642,1,inf
56645,1,inf
56688,1,inf
56690,1,inf
56693,1,inf
56708,1,inf
56714,1,inf
56744,1,inf
56781,1,inf
56783,1,inf
56802,1,inf
56861,1,inf
56865,1,inf
56867,1,inf
56871,1,inf
56878,1,inf
56881,1,inf
56886,1,inf
56892,1,inf
56899,1,inf
56900,1,inf
56916,1,inf
56952,1,inf
57022,1,inf
57022,1,inf
57055,1,inf
57057,1,inf
57125,1,inf
57153,1,inf
57175,1,inf
57220,1,inf
57230,1,inf
57239,1,inf
57257,1,inf
57295,1,inf
57298,1,inf
57308,1,inf
57322,1,inf
57323,1,inf
57365,1,inf
57406,1,inf
57455,1,inf
57470,1,inf
57536,1,inf
57576,1,inf
57640,1,inf
57681,1,inf
57710,1,inf
57739,1,inf
57814,1,inf
57867,1,inf
57882,1,inf
57887,1,inf
57893,1,inf
57937,1,inf
57950,1,inf
57950,1,inf
58005,1,inf
58012,1,inf
58025,1,inf
58073,1,inf
58099,1,inf
58111,1,inf
58114,1,inf
58170,1,inf
58213,1,inf
58224,1,inf
58255,1,inf
58255,1,inf
58259,1,inf
58269,1,inf
58285,1,inf
58304,1,inf
58339,1,inf
58371,1,inf
58379,1,inf
58391,1,inf
58399,1,inf
58405,1,inf
58442,1,inf
58519,1,inf
58520,1,inf
58523,1,inf
58534,1,inf
58545,1,inf
58599,1,inf
58606,1,inf
58611,1,inf
58671,1,inf
58680,1,inf
58701,1,inf
58701,1,inf
58770,1,inf
58800,1,inf
58814,1,inf
58830,1,inf
58845,1,inf
58951,1,inf
58964,1,inf
58987,1,inf
59003,1,inf
59027,1,inf
59061,1,inf
59078,1,inf
59145,1,inf
59189,1,inf
59194,1,inf
59232,1,inf
59233,1,inf
59244,1,inf
59261,1,inf
59313,1,inf
59322,1,inf
59345,1,inf
59395,1,inf
59409,1,inf
59423,1,inf
59427,1,inf
59435,1,inf
59479,1,inf
59502,1,inf
59503,1,inf
59511,1,inf
59581,1,inf
59605,1,inf
59616,1,inf
59631,1,inf
59667,1,inf
59672,1,inf
59689,1,inf
59693,1,inf
59705,1,inf
59738,1,inf
59747,1,inf
59765,1,inf
59790,1,inf
59805,1,inf
59826,1,inf
59836,1,inf
59866,1,inf
59876,1,inf
59877,1,inf
59881,1,inf
59929,1,inf
59930,1,inf
60106,1,inf
60118,1,inf
60121,1,inf
60180,1,inf
60209,1,inf
60228,1,inf
60243,1,inf
60266,1,inf
60282,1,inf
60283,1,inf
60290,1,inf
60293,1,inf
60298,1,inf
60343,1,inf
60346,1,inf
60364,1,inf
60370,1,inf
60397,1,inf
60414,1,inf
60419,1,inf
60432,1,inf
60434,1,inf
60444,1,inf
60462,1,inf
60476,1,inf
60529,1,inf
60589,1,inf
60596,1,inf
60600,1,inf
60639,1,inf
60662,1,inf
60705,1,inf
60740,1,inf
60751,1,inf
60789,1,inf
60791,1,inf
60858,1,inf
60922,1,inf
61035,1,inf
61059,1,inf
61127,1,inf
61135,1,inf
61160,1,inf
61161,1,inf
61175,1,inf
61199,1,inf
61217,1,inf
61279,1,inf
61304,1,inf
61343,1,inf
61345,1,inf
61429,1,inf
61431,1,inf
61484,1,inf
61499,1,inf
61511,1,inf
61583,1,inf
61600,1,inf
61614,1,inf
61639,1,inf
61683,1,inf
61707,1,inf
61716,1,inf
61732,1,inf
61766,1,inf
61768,1,inf
61797,1,inf
61802,1,inf
61808,1,inf
61821,1,inf
61836,1,inf
61845,1,inf
61929,1,inf
61940,1,inf
61946,1,inf
61956,1,inf
61967,1,inf
62004,1,inf
62035,1,inf
62042,1,inf
62045,1,inf
62062,1,inf
62065,1,inf
62098,1,inf
62102,1,inf
62103,1,inf
62124,1,inf
62159,1,inf
62183,1,inf
62201,1,inf
62208,1,inf
62210,1,inf
62225,1,inf
62236,1,inf
62271,1,inf
62294,1,inf
62387,1,inf
62396,1,inf
62411,1,inf
62431,1,inf
62458,1,inf
62487,1,inf
62543,1,inf
62546,1,inf
62565,1,inf
62581,1,inf
62597,1,inf
62603,1,inf
62617,1,inf
62642,1,inf
62675,1,inf
62683,1,inf
62688,1,inf
62733,1,inf
62738,1,inf
62758,1,inf
62804,1,inf
62832,1,inf
62844,1,inf
62861,1,inf
62895,1,inf
62922,1,inf
62928,1,inf
62976,1,inf
62978,1,inf
62980,1,inf
63007,1,inf
63010,1,inf
63026,1,inf
63049,1,inf
63061,1,inf
63072,1,inf
63076,1,inf
63089,1,inf
63093,1,inf
63121,1,inf
63130,1,inf
63154,1,inf
63191,1,inf
63209,1,inf
63239,1,inf
63266,1,inf
63289,1,inf
63297,1,inf
63300,1,inf
63302,1,inf
63303,1,inf
63315,1,inf
63329,1,inf
63342,1,inf
63381,1,inf
63473,1,inf
63512,1,inf
63523,1,inf
63539,1,inf
63549,1,inf
63561,1,inf
63586,1,inf
63602,1,inf
63641,1,inf
63648,1,inf
63658,1,inf
63661,1,inf
63661,1,inf
63683,1,inf
63719,1,inf
63747,1,inf
63767,1,inf
63772,1,inf
63776,1,inf
63797,1,inf
63917,1,inf
63939,1,inf
64016,1,inf
64081,1,inf
64087,1,inf
64104,1,inf
64134,1,inf
64209,1,inf
64215,1,inf
64238,1,inf
64349,1,inf
64372,1,inf
64391,1,inf
64400,1,inf
64435,1,inf
64457,1,inf
64508,1,inf
64510,1,inf
64516,1,inf
64519,1,inf
64520,1,inf
64550,1,inf
64566,1,inf
64569,1,inf
64569,1,inf
64587,1,inf
64596,1,inf
64626,1,inf
64714,1,inf
64738,1,inf
64784,1,inf
64800,1,inf
64810,1,inf
64826,1,inf
64859,1,inf
64863,1,inf
64897,1,inf
64963,1,inf
64986,1,inf
65048,1,inf
65057,1,inf
65057,1,inf
65065,1,inf
65069,1,inf
65072,1,inf
65072,1,inf
65077,1,inf
65091,1,inf
65249,1,inf
65265,1,inf
65383,1,inf
65421,1,inf
65425,1,inf
65445,1,inf
65490,1,inf
65506,1,inf
65510,1,inf
65529,1,inf
65568,1,inf
65594,1,inf
65606,1,inf
65615,1,inf
65616,1,inf
65662,1,inf
65675,1,inf
65677,1,inf
65718,1,inf
65744,1,inf
65771,1,inf
65784,1,inf
65792,1,inf
65859,1,inf
66054,1,inf
66054,1,inf
66075,1,inf
66088,1,inf
66156,1,inf
66185,1,inf
66192,1,inf
66193,1,inf
66232,1,inf
66241,1,inf
66303,1,inf
66316,1,inf
66321,1,inf
66356,1,inf
66360,1,inf
66379,1,inf
66389,1,inf
66426,1,inf
66446,1,inf
66458,1,inf
66488,1,inf
66508,1,inf
66540,1,inf
66547,1,inf
66638,1,inf
66694,1,inf
66700,1,inf
66731,1,inf
66740,1,inf
66817,1,inf
66853,1,inf
66913,1,inf
67044,1,inf
67050,1,inf
67112,1,inf
67114,1,inf
67125,1,inf
67195,1,inf
67261,1,inf
67308,1,inf
67324,1,inf
67344,1,inf
67361,1,inf
67368,1,inf
67387,1,inf
67389,1,inf
67416,1,inf
67424,1,inf
67441,1,inf
67449,1,inf
67457,1,inf
67475,1,inf
67515,1,inf
67547,1,inf
67569,1,inf
67593,1,inf
67623,1,inf
67629,1,inf
67650,1,inf
67650,1,inf
67737,1,inf
67769,1,inf
67781,1,inf
67807,1,inf
67812,1,inf
67835,1,inf
67837,1,inf
67838,1,inf
67861,1,inf
67863,1,inf
67876,1,inf
67899,1,inf
68055,1,inf
68072,1,inf
68082,1,inf
68103,1,inf
68112,1,inf
68119,1,inf
68139,1,inf
68139,1,inf
68154,1,inf
68157,1,inf
68185,1,inf
68188,1,inf
68192,1,inf
68258,1,inf
68289,1,inf
68338,1,inf
68368,1,inf
68375,1,inf
68393,1,inf
68454,1,inf
68457,1,inf
68466,1,inf
68476,1,inf
68486,1,inf
68515,1,inf
68545,1,inf
68624,1,inf
68644,1,inf
68678,1,inf
68699,1,inf
68735,1,inf
68757,1,inf
68758,1,inf
68798,1,inf
68842,1,inf
68854,1,inf
68875,1,inf
68886,1,inf
68909,1,inf
68918,1,inf
69003,1,inf
69005,1,inf
69052,1,inf
69062,1,inf
69078,1,inf
69078,1,inf
69115,1,inf
69117,1,inf
69152,1,inf
69213,1,inf
69231,1,inf
69257,1,inf
69280,1,inf
69299,1,inf
69345,1,inf
69354,1,inf
69364,1,inf
69482,1,inf
69489,1,inf
69509,1,inf
69531,1,inf
69553,1,inf
69556,1,inf
69561,1,inf
69594,1,inf
69705,1,inf
69709,1,inf
69718,1,inf
69755,1,inf
69756,1,inf
69767,1,inf
69800,1,inf
69803,1,inf
69814,1,inf
69829,1,inf
69843,1,inf
69854,1,inf
69856,1,inf
69874,1,inf
69940,1,inf
69942,1,inf
69993,1,inf
69994,1,inf
70061,1,inf
70110,1,inf
70111,1,inf
70124,1,inf
70129,1,inf
70176,1,inf
70200,1,inf
70204,1,inf
70207,1,inf
70253,1,inf
70261,1,inf
70264,1,inf
70311,1,inf
70345,1,inf
70346,1,inf
70361,1,inf
70387,1,inf
70404,1,inf
70448,1,inf
70459,1,inf
70459,1,inf
70478,1,inf
70479,1,inf
70481,1,inf
70545,1,inf
70550,1,inf
70559,1,inf
70564,1,inf
70568,1,inf
70579,1,inf
70602,1,inf
70611,1,inf
70645,1,inf
70649,1,inf
70654,1,inf
70668,1,inf
70682,1,inf
70727,1,inf
70732,1,inf
70733,1,inf
70766,1,inf
70790,1,inf
70827,1,inf
70848,1,inf
70868,1,inf
70919,1,inf
70930,1,inf
70942,1,inf
70965,1,inf
70968,1,inf
71010,1,inf
71017,1,inf
71018,1,inf
71104,1,inf
71145,1,inf
71210,1,inf
71216,1,inf
71241,1,inf
71244,1,inf
71276,1,inf
71277,1,inf
71292,1,inf
71353,1,inf
71365,1,inf
71373,1,inf
71375,1,inf
71400,1,inf
71402,1,inf
71417,1,inf
71437,1,inf
71448,1,inf
71453,1,inf
71479,1,inf
71510,1,inf
71526,1,inf
71572,1,inf
71601,1,inf
71618,1,inf
71640,1,inf
71655,1,inf
71656,1,inf
71658,1,inf
71665,1,inf
71670,1,inf
71720,1,inf
71721,1,inf
71724,1,inf
71773,1,inf
71778,1,inf
71781,1,inf
71819,1,inf
71835,1,inf
71872,1,inf
71886,1,inf
71907,1,inf
71961,1,inf
72001,1,inf
72003,1,inf
72004,1,inf
72010,1,inf
72012,1,inf
72024,1,inf
72028,1,inf
72087,1,inf
72094,1,inf
72111,1,inf
72111,1,inf
72112,1,inf
72113,1,inf
72141,1,inf
72164,1,inf
72169,1,inf
72238,1,inf
72240,1,inf
72248,1,inf
72283,1,inf
72314,1,inf
72332,1,inf
72421,1,inf
72446,1,inf
72468,1,inf
72468,1,inf
72509,1,inf
72569,1,inf
72581,1,inf
72590,1,inf
72656,1,inf
72678,1,inf
72695,1,inf
72716,1,inf
72776,1,inf
72785,1,inf
72851,1,inf
72851,1,inf
72869,1,inf
72901,1,inf
72901,1,inf
72903,1,inf
72905,1,inf
72929,1,inf
73000,1,inf
73019,1,inf
73074,1,inf
73136,1,inf
73188,1,inf
73191,1,inf
73274,1,inf
73281,1,inf
73295,1,inf
73438,1,inf
73452,1,inf
73465,1,inf
73495,1,inf
73507,1,inf
73516,1,inf
73529,1,inf
73531,1,inf
73545,1,inf
73586,1,inf
73590,1,inf
73630,1,inf
73632,1,inf
73646,1,inf
73646,1,inf
73689,1,inf
73737,1,inf
73738,1,inf
73785,1,inf
73787,1,inf
73809,1,inf
73815,1,inf
73848,1,inf
73891,1,inf
73923,1,inf
73950,1,inf
73951,1,inf
74008,1,inf
74016,1,inf
74108,1,inf
74120,1,inf
74120,1,inf
74120,1,inf
74138,1,inf
74164,1,inf
74217,1,inf
74232,1,inf
74260,1,inf
74297,1,inf
74319,1,inf
74367,1,inf
74371,1,inf
74413,1,inf
74428,1,inf
74464,1,inf
74465,1,inf
74545,1,inf
74549,1,inf
74549,1,inf
74582,1,inf
74619,1,inf
74630,1,inf
74631,1,inf
74634,1,inf
74648,1,inf
74710,1,inf
74734,1,inf
74749,1,inf
74751,1,inf
74761,1,inf
74806,1,inf
74812,1,inf
74814,1,inf
74815,1,inf
74817,1,inf
74818,1,inf
74819,1,inf
74820,1,inf
74838,1,inf
74860,1,inf
74892,1,inf
74947,1,inf
74961,1,inf
74974,1,inf
75004,1,inf
75030,1,inf
75055,1,inf
75076,1,inf
75085,1,inf
75101,1,inf
75140,1,inf
75176,1,inf
75185,1,inf
75211,1,inf
75231,1,inf
75242,1,inf
75250,1,inf
75263,1,inf
75289,1,inf
75294,1,inf
75306,1,inf
75306,1,inf
75319,1,inf
75324,1,inf
75334,1,inf
75369,1,inf
75378,1,inf
75382,1,inf
75383,1,inf
75411,1,inf
75418,1,inf
75455,1,inf
75525,1,inf
75554,1,inf
75589,1,inf
75599,1,inf
75603,1,inf
75656,1,inf
75658,1,inf
75672,1,inf
75700,1,inf
75703,1,inf
75707,1,inf
75758,1,inf
75763,1,inf
75781,1,inf
75821,1,inf
75838,1,inf
75872,1,inf
75881,1,inf
75904,1,inf
76006,1,inf
76018,1,inf
76039,1,inf
76047,1,inf
76066,1,inf
76157,1,inf
76179,1,inf
76249,1,inf
76257,1,inf
76270,1,inf
76271,1,inf
76294,1,inf
76324,1,inf
76387,1,inf
76464,1,inf
76465,1,inf
76476,1,inf
76494,1,inf
76544,1,inf
76544,1,inf
76553,1,inf
76557,1,inf
76604,1,inf
76647,1,inf
76696,1,inf
76709,1,inf
76724,1,inf
76728,1,inf
76743,1,inf
76756,1,inf
76786,1,inf
76835,1,inf
76860,1,inf
76871,1,inf
76882,1,inf
76889,1,inf
76907,1,inf
76924,1,inf
77009,1,inf
77010,1,inf
77046,1,inf
77070,1,inf
77074,1,inf
77092,1,inf
77185,1,inf
77208,1,inf
77253,1,inf
77273,1,inf
77327,1,inf
77338,1,inf
77428,1,inf
77437,1,inf
77493,1,inf
77498,1,inf
77524,1,inf
77588,1,inf
77648,1,inf
77650,1,inf
77654,1,inf
77668,1,inf
77695,1,inf
77740,1,inf
77740,1,inf
77772,1,inf
77775,1,inf
77817,1,inf
77818,1,inf
77838,1,inf
77861,1,inf
77892,1,inf
77928,1,inf
78014,1,inf
78028,1,inf
78034,1,inf
78035,1,inf
78090,1,inf
78096,1,inf
78100,1,inf
78130,1,inf
78133,1,inf
78141,1,inf
78187,1,inf
78192,1,inf
78217,1,inf
78228,1,inf
78246,1,inf
78396,1,inf
78398,1,inf
78430,1,inf
78451,1,inf
78465,1,inf
78524,1,inf
78540,1,inf
78562,1,inf
78578,1,inf
78588,1,inf
78603,1,inf
78614,1,inf
78627,1,inf
78684,1,inf
78719,1,inf
78729,1,inf
78778,1,inf
78791,1,inf
78798,1,inf
78801,1,inf
78837,1,inf
78840,1,inf
78875,1,inf
78907,1,inf
78916,1,inf
78952,1,inf
79080,1,inf
79113,1,inf
79165,1,inf
79183,1,inf
79210,1,inf
79251,1,inf
79298,1,inf
79314,1,inf
79377,1,inf
79388,1,inf
79409,1,inf
79419,1,inf
79435,1,inf
79449,1,inf
79454,1,inf
79465,1,inf
79465,1,inf
79537,1,inf
79565,1,inf
79577,1,inf
79596,1,inf
79605,1,inf
79691,1,inf
79698,1,inf
79725,1,inf
79732,1,inf
79774,1,inf
79805,1,inf
79809,1,inf
79811,1,inf
79848,1,inf
79881,1,inf
79886,1,inf
79911,1,inf
79960,1,inf
79966,1,inf
79972,1,inf
79988,1,inf
80013,1,inf
80038,1,inf
80047,1,inf
80092,1,inf
80107,1,inf
80143,1,inf
80160,1,inf
80190,1,inf
80224,1,inf
80293,1,inf
80327,1,inf
80344,1,inf
80363,1,inf
80437,1,inf
80472,1,inf
80508,1,inf
80558,1,inf
80559,1,inf
80584,1,inf
80591,1,inf
80599,1,inf
80603,1,inf
80635,1,inf
80679,1,inf
80684,1,inf
80714,1,inf
80718,1,inf
80738,1,inf
80747,1,inf
80751,1,inf
80783,1,inf
80805,1,inf
80842,1,inf
80893,1,inf
80926,1,inf
80953,1,inf
80953,1,inf
80967,1,inf
81002,1,inf
81014,1,inf
81020,1,inf
81060,1,inf
81060,1,inf
81067,1,inf
81076,1,inf
81115,1,inf
81115,1,inf
81144,1,inf
81153,1,inf
81191,1,inf
81228,1,inf
81236,1,inf
81237,1,inf
81285,1,inf
81287,1,inf
81296,1,inf
81359,1,inf
81368,1,inf
81373,1,inf
81375,1,inf
81376,1,inf
81382,1,inf
81450,1,inf
81496,1,inf
81510,1,inf
81570,1,inf
81576,1,inf
81582,1,inf
81593,1,inf
81601,1,inf
81603,1,inf
81677,1,inf
81690,1,inf
81703,1,inf
81735,1,inf
81752,1,inf
81755,1,inf
81804,1,inf
81820,1,inf
81831,1,inf
81831,1,inf
81835,1,inf
81842,1,inf
81891,1,inf
81902,1,inf
81909,1,inf
82015,1,inf
82041,1,inf
82067,1,inf
82084,1,inf
82128,1,inf
82136,1,inf
82142,1,inf
82152,1,inf
82168,1,inf
82204,1,inf
82211,1,inf
82235,1,inf
82252,1,inf
82257,1,inf
82262,1,inf
82266,1,inf
82309,1,inf
82320,1,inf
82338,1,inf
82377,1,inf
82452,1,inf
82533,1,inf
82535,1,inf
82562,1,inf
82571,1,inf
82636,1,inf
82652,1,inf
82659,1,inf
82684,1,inf
82690,1,inf
82696,1,inf
82735,1,inf
82764,1,inf
82774,1,inf
82778,1,inf
82802,1,inf
82828,1,inf
82896,1,inf
82905,1,inf
82933,1,inf
82936,1,inf
83022,1,inf
83045,1,inf
83053,1,inf
83054,1,inf
83083,1,inf
83085,1,inf
83113,1,inf
83149,1,inf
83215,1,inf
83223,1,inf
83238,1,inf
83240,1,inf
83254,1,inf
83261,1,inf
83264,1,inf
83295,1,inf
83296,1,inf
83301,1,inf
83320,1,inf
83362,1,inf
83363,1,inf
83381,1,inf
83385,1,inf
83397,1,inf
83431,1,inf
83433,1,inf
83439,1,inf
83482,1,inf
83528,1,inf
83562,1,inf
83563,1,inf
83616,1,inf
83647,1,inf
83665,1,inf
83683,1,inf
83690,1,inf
83703,1,inf
83742,1,inf
83745,1,inf
83756,1,inf
83807,1,inf
83837,1,inf
83850,1,inf
84011,1,inf
84022,1,inf
84031,1,inf
84062,1,inf
84145,1,inf
84145,1,inf
84205,1,inf
84210,1,inf
84226,1,inf
84244,1,inf
84261,1,inf
84262,1,inf
84297,1,inf
84316,1,inf
84316,1,inf
84342,1,inf
84371,1,inf
84416,1,inf
84416,1,inf
84460,1,inf
84507,1,inf
84552,1,inf
84589,1,inf
84612,1,inf
84634,1,inf
84688,1,inf
84743,1,inf
84745,1,inf
84752,1,inf
84777,1,inf
84790,1,inf
84806,1,inf
84878,1,inf
84920,1,inf
84927,1,inf
84941,1,inf
84960,1,inf
84964,1,inf
84995,1,inf
85031,1,inf
85059,1,inf
85092,1,inf
85095,1,inf
85125,1,inf
85142,1,inf
85152,1,inf
85167,1,inf
85195,1,inf
85204,1,inf
85236,1,inf
85244,1,inf
85246,1,inf
85253,1,inf
85265,1,inf
85273,1,inf
85283,1,inf
85302,1,inf
85308,1,inf
85311,1,inf
85395,1,inf
85438,1,inf
85465,1,inf
85530,1,inf
85537,1,inf
85545,1,inf
85582,1,inf
85588,1,inf
85605,1,inf
85622,1,inf
85632,1,inf
85712,1,inf
85716,1,inf
85730,1,inf
85808,1,inf
85879,1,inf
85881,1,inf
85888,1,inf
85924,1,inf
85927,1,inf
85933,1,inf
86014,1,inf
86021,1,inf
86025,1,inf
86042,1,inf
86076,1,inf
86104,1,inf
86131,1,inf
86152,1,inf
86164,1,inf
86186,1,inf
86188,1,inf
86191,1,inf
86222,1,inf
86231,1,inf
86236,1,inf
86254,1,inf
86282,1,inf
86292,1,inf
86395,1,inf
86420,1,inf
86421,1,inf
86424,1,inf
86433,1,inf
86435,1,inf
86448,1,inf
86459,1,inf
86464,1,inf
86503,1,inf
86538,1,inf
86581,1,inf
86595,1,inf
86600,1,inf
86609,1,inf
86613,1,inf
86623,1,inf
86647,1,inf
86668,1,inf
86678,1,inf
86697,1,inf
86712,1,inf
86714,1,inf
86717,1,inf
86751,1,inf
86770,1,inf
86774,1,inf
86795,1,inf
86798,1,inf
86814,1,inf
86842,1,inf
86847,1,inf
86859,1,inf
86867,1,inf
86868,1,inf
86899,1,inf
87018,1,inf
87027,1,inf
87050,1,inf
87051,1,inf
87069,1,inf
87073,1,inf
87081,1,inf
87107,1,inf
87116,1,inf
87153,1,inf
87204,1,inf
87209,1,inf
87215,1,inf
87260,1,inf
87273,1,inf
87288,1,inf
87306,1,inf
87317,1,inf
87380,1,inf
87391,1,inf
87391,1,inf
87451,1,inf
87492,1,inf
87496,1,inf
87563,1,inf
87565,1,inf
87692,1,inf
87719,1,inf
87732,1,inf
87736,1,inf
87754,1,inf
87826,1,inf
87836,1,inf
87889,1,inf
87945,1,inf
87948,1,inf
87978,1,inf
87982,1,inf
88013,1,inf
88020,1,inf
88035,1,inf
88120,1,inf
88144,1,inf
88168,1,inf
88194,1,inf
88245,1,inf
88247,1,inf
88348,1,inf
88387,1,inf
88407,1,inf
88412,1,inf
88466,1,inf
88486,1,inf
88503,1,inf
88579,1,inf
88623,1,inf
88640,1,inf
88703,1,inf
88708,1,inf
88737,1,inf
88743,1,inf
88753,1,inf
88788,1,inf
88797,1,inf
88862,1,inf
88881,1,inf
88885,1,inf
88975,1,inf
89037,1,inf
89077,1,inf
89091,1,inf
89108,1,inf
89126,1,inf
89126,1,inf
89130,1,inf
89145,1,inf
89152,1,inf
89172,1,inf
89222,1,inf
89227,1,inf
89245,1,inf
89280,1,inf
89284,1,inf
89286,1,inf
89288,1,inf
89304,1,inf
89304,1,inf
89339,1,inf
89395,1,inf
89406,1,inf
89416,1,inf
89426,1,inf
89456,1,inf
89461,1,inf
89463,1,inf
89463,1,inf
89485,1,inf
89504,1,inf
89547,1,inf
89610,1,inf
89614,1,inf
89667,1,inf
89674,1,inf
89678,1,inf
89680,1,inf
89716,1,inf
89717,1,inf
89746,1,inf
89787,1,inf
89813,1,inf
89814,1,inf
89862,1,inf
89869,1,inf
89873,1,inf
89896,1,inf
89926,1,inf
89958,1,inf
90015,1,inf
90042,1,inf
90060,1,inf
90088,1,inf
90128,1,inf
90251,1,inf
90254,1,inf
90263,1,inf
90310,1,inf
90321,1,inf
90326,1,inf
90347,1,inf
90378,1,inf
90403,1,inf
90405,1,inf
90416,1,inf
90439,1,inf
90442,1,inf
90465,1,inf
90507,1,inf
90525,1,inf
90584,1,inf
90590,1,inf
90594,1,inf
90683,1,inf
90697,1,inf
90729,1,inf
90762,1,inf
90792,1,inf
90847,1,inf
90861,1,inf
90873,1,inf
90875,1,inf
90941,1,inf
90945,1,inf
91017,1,inf
91029,1,inf
91031,1,inf
91066,1,inf
91085,1,inf
91085,1,inf
91128,1,inf
91133,1,inf
91138,1,inf
91165,1,inf
91192,1,inf
91203,1,inf
91231,1,inf
91240,1,inf
91267,1,inf
91278,1,inf
91302,1,inf
91304,1,inf
91343,1,inf
91359,1,inf
91405,1,inf
91409,1,inf
91425,1,inf
91436,1,inf
91453,1,inf
91567,1,inf
91569,1,inf
91585,1,inf
91588,1,inf
91714,1,inf
91747,1,inf
91759,1,inf
91768,1,inf
91790,1,inf
91898,1,inf
91901,1,inf
91954,1,inf
92007,1,inf
92033,1,inf
92059,1,inf
92064,1,inf
92073,1,inf
92085,1,inf
92087,1,inf
92098,1,inf
92106,1,inf
92126,1,inf
92135,1,inf
92169,1,inf
92170,1,inf
92200,1,inf
92233,1,inf
92252,1,inf
92328,1,inf
92329,1,inf
92338,1,inf
92435,1,inf
92448,1,inf
92465,1,inf
92480,1,inf
92515,1,inf
92595,1,inf
92604,1,inf
92621,1,inf
92627,1,inf
92642,1,inf
92656,1,inf
92747,1,inf
92765,1,inf
92838,1,inf
92849,1,inf
92868,1,inf
92874,1,inf
92874,1,inf
92898,1,inf
92925,1,inf
92934,1,inf
92934,1,inf
92944,1,inf
93062,1,inf
93118,1,inf
93134,1,inf
93141,1,inf
93166,1,inf
93203,1,inf
93252,1,inf
93401,1,inf
93402,1,inf
93418,1,inf
93514,1,inf
93541,1,inf
93588,1,inf
93654,1,inf
93662,1,inf
93703,1,inf
93741,1,inf
93754,1,inf
93772,1,inf
93796,1,inf
93816,1,inf
93854,1,inf
93861,1,inf
93892,1,inf
93892,1,inf
93913,1,inf
93929,1,inf
94001,1,inf
94004,1,inf
94012,1,inf
94069,1,inf
94077,1,inf
94080,1,inf
94101,1,inf
94127,1,inf
94196,1,inf
94198,1,inf
94222,1,inf
94245,1,inf
94255,1,inf
94271,1,inf
94313,1,inf
94322,1,inf
94358,1,inf
94369,1,inf
94396,1,inf
94515,1,inf
94521,1,inf
94574,1,inf
94627,1,inf
94630,1,inf
94636,1,inf
94649,1,inf
94655,1,inf
94655,1,inf
94665,1,inf
94740,1,inf
94779,1,inf
94787,1,inf
94845,1,inf
94849,1,inf
94859,1,inf
94860,1,inf
94862,1,inf
94880,1,inf
94882,1,inf
94890,1,inf
94893,1,inf
94933,1,inf
94938,1,inf
95012,1,inf
95020,1,inf
95020,1,inf
95089,1,inf
95090,1,inf
95122,1,inf
95138,1,inf
95219,1,inf
95231,1,inf
95270,1,inf
95303,1,inf
95315,1,inf
95412,1,inf
95413,1,inf
95437,1,inf
95480,1,inf
95564,1,inf
95574,1,inf
95594,1,inf
95631,1,inf
95695,1,inf
95718,1,inf
95745,1,inf
95780,1,inf
95862,1,inf
95866,1,inf
95892,1,inf
95953,1,inf
95969,1,inf
96011,1,inf
96013,1,inf
96026,1,inf
96029,1,inf
96029,1,inf
96054,1,inf
96226,1,inf
96231,1,inf
96233,1,inf
96235,1,inf
96268,1,inf
96281,1,inf
96287,1,inf
96287,1,inf
96308,1,inf
96318,1,inf
96319,1,inf
96332,1,inf
96349,1,inf
96351,1,inf
96353,1,inf
96353,1,inf
96354,1,inf
96381,1,inf
96429,1,inf
96463,1,inf
96519,1,inf
96540,1,inf
96543,1,inf
96567,1,inf
96578,1,inf
96579,1,inf
96581,1,inf
96581,1,inf
96587,1,inf
96589,1,inf
96606,1,inf
96641,1,inf
96660,1,inf
96662,1,inf
96667,1,inf
96694,1,inf
96701,1,inf
96718,1,inf
96749,1,inf
96750,1,inf
96770,1,inf
96772,1,inf
96785,1,inf
96803,1,inf
96820,1,inf
96833,1,inf
96859,1,inf
97012,1,inf
97037,1,inf
97109,1,inf
97135,1,inf
97170,1,inf
97189,1,inf
97189,1,inf
97189,1,inf
97196,1,inf
97196,1,inf
97214,1,inf
97236,1,inf
97260,1,inf
97266,1,inf
97321,1,inf
97361,1,inf
97378,1,inf
97384,1,inf
97407,1,inf
97411,1,inf
97453,1,inf
97466,1,inf
97468,1,inf
97469,1,inf
97477,1,inf
97530,1,inf
97546,1,inf
97556,1,inf
97573,1,inf
97599,1,inf
97619,1,inf
97631,1,inf
97673,1,inf
97679,1,inf
97697,1,inf
97730,1,inf
97751,1,inf
97777,1,inf
97791,1,inf
97834,1,inf
97847,1,inf
97866,1,inf
97884,1,inf
97891,1,inf
97915,1,inf
97925,1,inf
97945,1,inf
97959,1,inf
97985,1,inf
97989,1,inf
97991,1,inf
98000,1,inf
98030,1,inf
98060,1,inf
98063,1,inf
98076,1,inf
98122,1,inf
98132,1,inf
98150,1,inf
98152,1,inf
98154,1,inf
98188,1,inf
98188,1,inf
98255,1,inf
98277,1,inf
98322,1,inf
98337,1,inf
98361,1,inf
98371,1,inf
98392,1,inf
98401,1,inf
98435,1,inf
98438,1,inf
98493,1,inf
98498,1,inf
98506,1,inf
98522,1,inf
98561,1,inf
98567,1,inf
98600,1,inf
98626,1,inf
98629,1,inf
98677,1,inf
98690,1,inf
98740,1,inf
98744,1,inf
98797,1,inf
98801,1,inf
98811,1,inf
98827,1,inf
98834,1,inf
98840,1,inf
98867,1,inf
98875,1,inf
98888,1,inf
98922,1,inf
98937,1,inf
98940,1,inf
98996,1,inf
99018,1,inf
99127,1,inf
99185,1,inf
99216,1,inf
99231,1,inf
99233,1,inf
99244,1,inf
99252,1,inf
99257,1,inf
99302,1,inf
99335,1,inf
99344,1,inf
99390,1,inf
99394,1,inf
99398,1,inf
99406,1,inf
99411,1,inf
99496,1,inf
99511,1,inf
99513,1,inf
99548,1,inf
99550,1,inf
99560,1,inf
99605,1,inf
99614,1,inf
99659,1,inf
99678,1,inf
99684,1,inf
99687,1,inf
99703,1,inf
99729,1,inf
99775,1,inf
99786,1,inf
99851,1,inf
99851,1,inf
99870,1,inf
99871,1,inf
99883,1,inf
99899,1,inf
99915,1,inf
99936,1,inf
99954,1,inf
99977,1,inf
99987,1,inf
100010,1,inf
100049,1,inf
100072,1,inf
100118,1,inf
100229,1,inf
100261,1,inf
100262,1,inf
100281,1,inf
100292,1,inf
100316,1,inf
100338,1,inf
100362,1,inf
100386,1,inf
100402,1,inf
100421,1,inf
100466,1,inf
100467,1,inf
100486,1,inf
100492,1,inf
100523,1,inf
100536,1,inf
100574,1,inf
100578,1,inf
100613,1,inf
100673,1,inf
100687,1,inf
100693,1,inf
100773,1,inf
100783,1,inf
100820,1,inf
100833,1,inf
100864,1,inf
100872,1,inf
100876,1,inf
100933,1,inf
100988,1,inf
101033,1,inf
101034,1,inf
101142,1,inf
101158,1,inf
101171,1,inf
101187,1,inf
101201,1,inf
101233,1,inf
101249,1,inf
101273,1,inf
101294,1,inf
101329,1,inf
101341,1,inf
101344,1,inf
101373,1,inf
101390,1,inf
101415,1,inf
101466,1,inf
101502,1,inf
101556,1,inf
101556,1,inf
101556,1,inf
101562,1,inf
101566,1,inf
101631,1,inf
101642,1,inf
101658,1,inf
101661,1,inf
101671,1,inf
101713,1,inf
101717,1,inf
101739,1,inf
101787,1,inf
101815,1,inf
101817,1,inf
101824,1,inf
102009,1,inf
102013,1,inf
102025,1,inf
102028,1,inf
102045,1,inf
102105,1,inf
102134,1,inf
102151,1,inf
102165,1,inf
102204,1,inf
102240,1,inf
102252,1,inf
102277,1,inf
102289,1,inf
102336,1,inf
102339,1,inf
102365,1,inf
102369,1,inf
102377,1,inf
102418,1,inf
102430,1,inf
102447,1,inf
102466,1,inf
102478,1,inf
102574,1,inf
102621,1,inf
102639,1,inf
102691,1,inf
102704,1,inf
102778,1,inf
102804,1,inf
102842,1,inf
102858,1,inf
102858,1,inf
102871,1,inf
102874,1,inf
102877,1,inf
102898,1,inf
102907,1,inf
102965,1,inf
103013,1,inf
103016,1,inf
103018,1,inf
103019,1,inf
103034,1,inf
103100,1,inf
103106,1,inf
103107,1,inf
103113,1,inf
103114,1,inf
103123,1,inf
103174,1,inf
103185,1,inf
103193,1,inf
103196,1,inf
103275,1,inf
103334,1,inf
103346,1,inf
103358,1,inf
103377,1,inf
103386,1,inf
103394,1,inf
103405,1,inf
103414,1,inf
103437,1,inf
103484,1,inf
103516,1,inf
103528,1,inf
103551,1,inf
103613,1,inf
103615,1,inf
103638,1,inf
103650,1,inf
103665,1,inf
103709,1,inf
103723,1,inf
103724,1,inf
103742,1,inf
103755,1,inf
103818,1,inf
103831,1,inf
103993,1,inf
104005,1,inf
104011,1,inf
104031,1,inf
104043,1,inf
104088,1,inf
104094,1,inf
104121,1,inf
104173,1,inf
104188,1,inf
104198,1,inf
104199,1,inf
104224,1,inf
104233,1,inf
104239,1,inf
104253,1,inf
104257,1,inf
104264,1,inf
104302,1,inf
104353,1,inf
104407,1,inf
104417,1,inf
104447,1,inf
104449,1,inf
104461,1,inf
104477,1,inf
104500,1,inf
104529,1,inf
104557,1,inf
104560,1,inf
104564,1,inf
104586,1,inf
104612,1,inf
104636,1,inf
104643,1,inf
104680,1,inf
104695,1,inf
104705,1,inf
104764,1,inf
104767,1,inf
104782,1,inf
104818,1,inf
104838,1,inf
104876,1,inf
104898,1,inf
104899,1,inf
104924,1,inf
104943,1,inf
104947,1,inf
104948,1,inf
104949,1,inf
105009,1,inf
105050,1,inf
105059,1,inf
105061,1,inf
105065,1,inf
105068,1,inf
105102,1,inf
105108,1,inf
105116,1,inf
105130,1,inf
105131,1,inf
105133,1,inf
105173,1,inf
105173,1,inf
105196,1,inf
105237,1,inf
105247,1,inf
105252,1,inf
105287,1,inf
105298,1,inf
105355,1,inf
105404,1,inf
105430,1,inf
105470,1,inf
105495,1,inf
105545,1,inf
105548,1,inf
105554,1,inf
105555,1,inf
105595,1,inf
105601,1,inf
105636,1,inf
105646,1,inf
105675,1,inf
105692,1,inf
105719,1,inf
105736,1,inf
105768,1,inf
105821,1,inf
105829,1,inf
105869,1,inf
105874,1,inf
105896,1,inf
105903,1,inf
105907,1,inf
105920,1,inf
105971,1,inf
105986,1,inf
106012,1,inf
106052,1,inf
106063,1,inf
106065,1,inf
106095,1,inf
106111,1,inf
106181,1,inf
106205,1,inf
106212,1,inf
106255,1,inf
106281,1,inf
106299,1,inf
106370,1,inf
106391,1,inf
106404,1,inf
106423,1,inf
106429,1,inf
106440,1,inf
106448,1,inf
106545,1,inf
106555,1,inf
106602,1,inf
106632,1,inf
106659,1,inf
106679,1,inf
106710,1,inf
106732,1,inf
106766,1,inf
106797,1,inf
106856,1,inf
106859,1,inf
106863,1,inf
106872,1,inf
106918,1,inf
106941,1,inf
106943,1,inf
106959,1,inf
106970,1,inf
106989,1,inf
107007,1,inf
107008,1,inf
107013,1,inf
107037,1,inf
107038,1,inf
107047,1,inf
107057,1,inf
107058,1,inf
107080,1,inf
107111,1,inf
107143,1,inf
107166,1,inf
107223,1,inf
107247,1,inf
107260,1,inf
107273,1,inf
107301,1,inf
107339,1,inf
107339,1,inf
107371,1,inf
107424,1,inf
107444,1,inf
107472,1,inf
107483,1,inf
107490,1,inf
107490,1,inf
107533,1,inf
107545,1,inf
107558,1,inf
107561,1,inf
107651,1,inf
107674,1,inf
107680,1,inf
107693,1,inf
107698,1,inf
107717,1,inf
107741,1,inf
107751,1,inf
107761,1,inf
107770,1,inf
107790,1,inf
107794,1,inf
107817,1,inf
107820,1,inf
107848,1,inf
107866,1,inf
107890,1,inf
107914,1,inf
108061,1,inf
108070,1,inf
108100,1,inf
108113,1,inf
108155,1,inf
108172,1,inf
108175,1,inf
108190,1,inf
108233,1,inf
108266,1,inf
108289,1,inf
108305,1,inf
108320,1,inf
108323,1,inf
108332,1,inf
108348,1,inf
108361,1,inf
108377,1,inf
108389,1,inf
108413,1,inf
108413,1,inf
108417,1,inf
108417,1,inf
108454,1,inf
108512,1,inf
108518,1,inf
108534,1,inf
108537,1,inf
108554,1,inf
108593,1,inf
108673,1,inf
108686,1,inf
108708,1,inf
108715,1,inf
108769,1,inf
108770,1,inf
108785,1,inf
108795,1,inf
108841,1,inf
108864,1,inf
108894,1,inf
108944,1,inf
108976,1,inf
109003,1,inf
109005,1,inf
109021,1,inf
109030,1,inf
109038,1,inf
109039,1,inf
109078,1,inf
109086,1,inf
109104,1,inf
109143,1,inf
109174,1,inf
109189,1,inf
109190,1,inf
109305,1,inf
109319,1,inf
109321,1,inf
109342,1,inf
109346,1,inf
109356,1,inf
109383,1,inf
109406,1,inf
109409,1,inf
109411,1,inf
109477,1,inf
109520,1,inf
109534,1,inf
109560,1,inf
109617,1,inf
109706,1,inf
109720,1,inf
109761,1,inf
109773,1,inf
109786,1,inf
109802,1,inf
109803,1,inf
109809,1,inf
109809,1,inf
109812,1,inf
109846,1,inf
109857,1,inf
109870,1,inf
109931,1,inf
110008,1,inf
110008,1,inf
110032,1,inf
110036,1,inf
110047,1,inf
110066,1,inf
110073,1,inf
110094,1,inf
110099,1,inf
110108,1,inf
110112,1,inf
110130,1,inf
110190,1,inf
110222,1,inf
110281,1,inf
110294,1,inf
110357,1,inf
110367,1,inf
110370,1,inf
110380,1,inf
110430,1,inf
110438,1,inf
110451,1,inf
110458,1,inf
110484,1,inf
110489,1,inf
110497,1,inf
110517,1,inf
110521,1,inf
110524,1,inf
110541,1,inf
110553,1,inf
110644,1,inf
110693,1,inf
110825,1,inf
110828,1,inf
110845,1,inf
110860,1,inf
110874,1,inf
110874,1,inf
110880,1,inf
110880,1,inf
110902,1,inf
110917,1,inf
110955,1,inf
111041,1,inf
111043,1,inf
111045,1,inf
111062,1,inf
111093,1,inf
111094,1,inf
111114,1,inf
111135,1,inf
111168,1,inf
111168,1,inf
111200,1,inf
111225,1,inf
111286,1,inf
111328,1,inf
111341,1,inf
111352,1,inf
111358,1,inf
111363,1,inf
111380,1,inf
111407,1,inf
111460,1,inf
111479,1,inf
111483,1,inf
111550,1,inf
111581,1,inf
111597,1,inf
111607,1,inf
111631,1,inf
111635,1,inf
111643,1,inf
111669,1,inf
111674,1,inf
111681,1,inf
111728,1,inf
111763,1,inf
111785,1,inf
111793,1,inf
111813,1,inf
111817,1,inf
111829,1,inf
111838,1,inf
111857,1,inf
111912,1,inf
112006,1,inf
112023,1,inf
112029,1,inf
112037,1,inf
112053,1,inf
112109,1,inf
112143,1,inf
112162,1,inf
112168,1,inf
112168,1,inf
112261,1,inf
112266,1,inf
112272,1,inf
112295,1,inf
112317,1,inf
112350,1,inf
112413,1,inf
112460,1,inf
112511,1,inf
112545,1,inf
112571,1,inf
112595,1,inf
112616,1,inf
112617,1,inf
112628,1,inf
112631,1,inf
112673,1,inf
112700,1,inf
112701,1,inf
112711,1,inf
112722,1,inf
112724,1,inf
112728,1,inf
112752,1,inf
112770,1,inf
112852,1,inf
112879,1,inf
112881,1,inf
112950,1,inf
112958,1,inf
113111,1,inf
113133,1,inf
113177,1,inf
113183,1,inf
113198,1,inf
113246,1,inf
113256,1,inf
113258,1,inf
113262,1,inf
113332,1,inf
113340,1,inf
113372,1,inf
113429,1,inf
113436,1,inf
113498,1,inf
113523,1,inf
113593,1,inf
113624,1,inf
113649,1,inf
113669,1,inf
113702,1,inf
113712,1,inf
113717,1,inf
113737,1,inf
113747,1,inf
113752,1,inf
113770,1,inf
113773,1,inf
113780,1,inf
113786,1,inf
113811,1,inf
113897,1,inf
113904,1,inf
113966,1,inf
114012,1,inf
114024,1,inf
114027,1,inf
114091,1,inf
114130,1,inf
114136,1,inf
114151,1,inf
114168,1,inf
114173,1,inf
114195,1,inf
114201,1,inf
114324,1,inf
114333,1,inf
114338,1,inf
114351,1,inf
114416,1,inf
114431,1,inf
114478,1,inf
114487,1,inf
114516,1,inf
114533,1,inf
114540,1,inf
114541,1,inf
114557,1,inf
114562,1,inf
114663,1,inf
114667,1,inf
114691,1,inf
114693,1,inf
114713,1,inf
114755,1,inf
114783,1,inf
114801,1,inf
114814,1,inf
114835,1,inf
114862,1,inf
114870,1,inf
114914,1,inf
114942,1,inf
114943,1,inf
114992,1,inf
114998,1,inf
115006,1,inf
115017,1,inf
115023,1,inf
115024,1,inf
115045,1,inf
115142,1,inf
115153,1,inf
115201,1,inf
115208,1,inf
115226,1,inf
115259,1,inf
115275,1,inf
115285,1,inf
115315,1,inf
115320,1,inf
115321,1,inf
115321,1,inf
115326,1,inf
115335,1,inf
115340,1,inf
115348,1,inf
115365,1,inf
115399,1,inf
115424,1,inf
115427,1,inf
115465,1,inf
115470,1,inf
115480,1,inf
115498,1,inf
115506,1,inf
115553,1,inf
115567,1,inf
115606,1,inf
115637,1,inf
115676,1,inf
115680,1,inf
115708,1,inf
115718,1,inf
115787,1,inf
115789,1,inf
115792,1,inf
115798,1,inf
115802,1,inf
115807,1,inf
115830,1,inf
115848,1,inf
115905,1,inf
115911,1,inf
115950,1,inf
115951,1,inf
115965,1,inf
115978,1,inf
116016,1,inf
116017,1,inf
116026,1,inf
116032,1,inf
116036,1,inf
116052,1,inf
116071,1,inf
116072,1,inf
116118,1,inf
116218,1,inf
116224,1,inf
116239,1,inf
116243,1,inf
116271,1,inf
116281,1,inf
116322,1,inf
116327,1,inf
116344,1,inf
116355,1,inf
116357,1,inf
116366,1,inf
116366,1,inf
116387,1,inf
116416,1,inf
116475,1,inf
116480,1,inf
116484,1,inf
116493,1,inf
116508,1,inf
116518,1,inf
116537,1,inf
116648,1,inf
116648,1,inf
116650,1,inf
116651,1,inf
116677,1,inf
116680,1,inf
116734,1,inf
116757,1,inf
116781,1,inf
116844,1,inf
116862,1,inf
116865,1,inf
117075,1,inf
117093,1,inf
117093,1,inf
117129,1,inf
117130,1,inf
117172,1,inf
117246,1,inf
117271,1,inf
117336,1,inf
117353,1,inf
117353,1,inf
117376,1,inf
117377,1,inf
117382,1,inf
117411,1,inf
117420,1,inf
117426,1,inf
117440,1,inf
117454,1,inf
117503,1,inf
117525,1,inf
117541,1,inf
117548,1,inf
117550,1,inf
117566,1,inf
117619,1,inf
117622,1,inf
117639,1,inf
117648,1,inf
117703,1,inf
117735,1,inf
117736,1,inf
117840,1,inf
117864,1,inf
117869,1,inf
117875,1,inf
117882,1,inf
118003,1,inf
118024,1,inf
118059,1,inf
118062,1,inf
118065,1,inf
118069,1,inf
118090,1,inf
118096,1,inf
118112,1,inf
118133,1,inf
118134,1,inf
118193,1,inf
118199,1,inf
118206,1,inf
118210,1,inf
118218,1,inf
118226,1,inf
118227,1,inf
118266,1,inf
118284,1,inf
118285,1,inf
118287,1,inf
118294,1,inf
118304,1,inf
118388,1,inf
118424,1,inf
118466,1,inf
118481,1,inf
118499,1,inf
118521,1,inf
118579,1,inf
118599,1,inf
118634,1,inf
118654,1,inf
118685,1,inf
118731,1,inf
118733,1,inf
118767,1,inf
118780,1,inf
118784,1,inf
118793,1,inf
118839,1,inf
118847,1,inf
118905,1,inf
119026,1,inf
119098,1,inf
119150,1,inf
119190,1,inf
119194,1,inf
119216,1,inf
119247,1,inf
119296,1,inf
119297,1,inf
119309,1,inf
119319,1,inf
119393,1,inf
119437,1,inf
119450,1,inf
119450,1,inf
119541,1,inf
119550,1,inf
119557,1,inf
119566,1,inf
119620,1,inf
119731,1,inf
119775,1,inf
119780,1,inf
119782,1,inf
119793,1,inf
119803,1,inf
119848,1,inf
119886,1,inf
119886,1,inf
119909,1,inf
120028,1,inf
120083,1,inf
120095,1,inf
120106,1,inf
120108,1,inf
120122,1,inf
120168,1,inf
120236,1,inf
120241,1,inf
120247,1,inf
120363,1,inf
120377,1,inf
120394,1,inf
120422,1,inf
120427,1,inf
120438,1,inf
120439,1,inf
120448,1,inf
120460,1,inf
120494,1,inf
120537,1,inf
120571,1,inf
120597,1,inf
120719,1,inf
120726,1,inf
120741,1,inf
120764,1,inf
120769,1,inf
120783,1,inf
120784,1,inf
120799,1,inf
120804,1,inf
120826,1,inf
120831,1,inf
120932,1,inf
120943,1,inf
120948,1,inf
120982,1,inf
121004,1,inf
121010,1,inf
121051,1,inf
121130,1,inf
121156,1,inf
121194,1,inf
121201,1,inf
121218,1,inf
121265,1,inf
121270,1,inf
121275,1,inf
121317,1,inf
121326,1,inf
121331,1,inf
121351,1,inf
121363,1,inf
121410,1,inf
121436,1,inf
121438,1,inf
121444,1,inf
121448,1,inf
121455,1,inf
121492,1,inf
121503,1,inf
121506,1,inf
121511,1,inf
121519,1,inf
121536,1,inf
121586,1,inf
121624,1,inf
121664,1,inf
121675,1,inf
121698,1,inf
121702,1,inf
121750,1,inf
121761,1,inf
121776,1,inf
121822,1,inf
121823,1,inf
121834,1,inf
121865,1,inf
121881,1,inf
121897,1,inf
121899,1,inf
122023,1,inf
122033,1,inf
122043,1,inf
122072,1,inf
122082,1,inf
122086,1,inf
122106,1,inf
122130,1,inf
122133,1,inf
122172,1,inf
122191,1,inf
122220,1,inf
122246,1,inf
122278,1,inf
122366,1,inf
122382,1,inf
122420,1,inf
122423,1,inf
122423,1,inf
122432,1,inf
122465,1,inf
122479,1,inf
122483,1,inf
122485,1,inf
122487,1,inf
122490,1,inf
122494,1,inf
122513,1,inf
122574,1,inf
122581,1,inf
122596,1,inf
122599,1,inf
122614,1,inf
122616,1,inf
122620,1,inf
122624,1,inf
122627,1,inf
122628,1,inf
122670,1,inf
122743,1,inf
122748,1,inf
122766,1,inf
122781,1,inf
122808,1,inf
122814,1,inf
123010,1,inf
123141,1,inf
123158,1,inf
123176,1,inf
123178,1,inf
123182,1,inf
123218,1,inf
123231,1,inf
123234,1,inf
123248,1,inf
123251,1,inf
123308,1,inf
123323,1,inf
123362,1,inf
123413,1,inf
123421,1,inf
123421,1,inf
123436,1,inf
123451,1,inf
123459,1,inf
123481,1,inf
123496,1,inf
123514,1,inf
123578,1,inf
123678,1,inf
123684,1,inf
123719,1,inf
123843,1,inf
123873,1,inf
123896,1,inf
123896,1,inf
123916,1,inf
123918,1,inf
123934,1,inf
124013,1,inf
124028,1,inf
124029,1,inf
124111,1,inf
124125,1,inf
124146,1,inf
124147,1,inf
124161,1,inf
124306,1,inf
124321,1,inf
124338,1,inf
124349,1,inf
124357,1,inf
124382,1,inf
124388,1,inf
124426,1,inf
124437,1,inf
124455,1,inf
124462,1,inf
124475,1,inf
124489,1,inf
124550,1,inf
124550,1,inf
124561,1,inf
124568,1,inf
124571,1,inf
124599,1,inf
124642,1,inf
124665,1,inf
124671,1,inf
124675,1,inf
124687,1,inf
124698,1,inf
124731,1,inf
124732,1,inf
124742,1,inf
124815,1,inf
124835,1,inf
124918,1,inf
124960,1,inf
124969,1,inf
124973,1,inf
125002,1,inf
125028,1,inf
125061,1,inf
125124,1,inf
125297,1,inf
125307,1,inf
125376,1,inf
125401,1,inf
125412,1,inf
125422,1,inf
125429,1,inf
125433,1,inf
125438,1,inf
125440,1,inf
125447,1,inf
125475,1,inf
125553,1,inf
125560,1,inf
125561,1,inf
125585,1,inf
125661,1,inf
125665,1,inf
125723,1,inf
125761,1,inf
125794,1,inf
125796,1,inf
125849,1,inf
125851,1,inf
125875,1,inf
125920,1,inf
126011,1,inf
126022,1,inf
126035,1,inf
126044,1,inf
126047,1,inf
126056,1,inf
126065,1,inf
126076,1,inf
126076,1,inf
126118,1,inf
126135,1,inf
126136,1,inf
126147,1,inf
126152,1,inf
126200,1,inf
126206,1,inf
126263,1,inf
126275,1,inf
126308,1,inf
126316,1,inf
126324,1,inf
126358,1,inf
126443,1,inf
126523,1,inf
126535,1,inf
126573,1,inf
126653,1,inf
126662,1,inf
126803,1,inf
126887,1,inf
126905,1,inf
126923,1,inf
126951,1,inf
127026,1,inf
127042,1,inf
127064,1,inf
127079,1,inf
127091,1,inf
127095,1,inf
127138,1,inf
127176,1,inf
127199,1,inf
127217,1,inf
127225,1,inf
127236,1,inf
127243,1,inf
127270,1,inf
127279,1,inf
127301,1,inf
127317,1,inf
127334,1,inf
127371,1,inf
127377,1,inf
127397,1,inf
127478,1,inf
127494,1,inf
127500,1,inf
127502,1,inf
127510,1,inf
127522,1,inf
127636,1,inf
127658,1,inf
127791,1,inf
127807,1,inf
127846,1,inf
127879,1,inf
127894,1,inf
127919,1,inf
127929,1,inf
127939,1,inf
127954,1,inf
127979,1,inf
127981,1,inf
128008,1,inf
128014,1,inf
128032,1,inf
128054,1,inf
128087,1,inf
128093,1,inf
128126,1,inf
128190,1,inf
128215,1,inf
128216,1,inf
128243,1,inf
128304,1,inf
128310,1,inf
128347,1,inf
128388,1,inf
128411,1,inf
128423,1,inf
128440,1,inf
128483,1,inf
128562,1,inf
128568,1,inf
128582,1,inf
128595,1,inf
128654,1,inf
128657,1,inf
128682,1,inf
128684,1,inf
128696,1,inf
128811,1,inf
128820,1,inf
128862,1,inf
128866,1,inf
128875,1,inf
128881,1,inf
128890,1,inf
128944,1,inf
128958,1,inf
128970,1,inf
128985,1,inf
129002,1,inf
129029,1,inf
129036,1,inf
129048,1,inf
129107,1,inf
129114,1,inf
129176,1,inf
129220,1,inf
129242,1,inf
129244,1,inf
129249,1,inf
129295,1,inf
129318,1,inf
129327,1,inf
129343,1,inf
129380,1,inf
129381,1,inf
129390,1,inf
129406,1,inf
129437,1,inf
129452,1,inf
129476,1,inf
129479,1,inf
129497,1,inf
129516,1,inf
129542,1,inf
129557,1,inf
129610,1,inf
129656,1,inf
129662,1,inf
129670,1,inf
129672,1,inf
129692,1,inf
129698,1,inf
129707,1,inf
129751,1,inf
129803,1,inf
129820,1,inf
129823,1,inf
129825,1,inf
129834,1,inf
129850,1,inf
129894,1,inf
129927,1,inf
130003,1,inf
130027,1,inf
130035,1,inf
130056,1,inf
130107,1,inf
130131,1,inf
130140,1,inf
130165,1,inf
130191,1,inf
130198,1,inf
130203,1,inf
130239,1,inf
130252,1,inf
130276,1,inf
130279,1,inf
130356,1,inf
130425,1,inf
130425,1,inf
130437,1,inf
130443,1,inf
130444,1,inf
130510,1,inf
130525,1,inf
130560,1,inf
130567,1,inf
130581,1,inf
130617,1,inf
130634,1,inf
130656,1,inf
130673,1,inf
130677,1,inf
130684,1,inf
130770,1,inf
130804,1,inf
130809,1,inf
130833,1,inf
130867,1,inf
130888,1,inf
130924,1,inf
130933,1,inf
131022,1,inf
131057,1,inf
131066,1,inf
131076,1,inf
131090,1,inf
131094,1,inf
131097,1,inf
131151,1,inf
131162,1,inf
131196,1,inf
131206,1,inf
131214,1,inf
131225,1,inf
131226,1,inf
131228,1,inf
131257,1,inf
131310,1,inf
131367,1,inf
131382,1,inf
131400,1,inf
131401,1,inf
131414,1,inf
131432,1,inf
131452,1,inf
131455,1,inf
131504,1,inf
131512,1,inf
131512,1,inf
131564,1,inf
131577,1,inf
131608,1,inf
131614,1,inf
131622,1,inf
131625,1,inf
131633,1,inf
131651,1,inf
131690,1,inf
131692,1,inf
131724,1,inf
131767,1,inf
131815,1,inf
131839,1,inf
131856,1,inf
131894,1,inf
131936,1,inf
131958,1,inf
131998,1,inf
132099,1,inf
132128,1,inf
132128,1,inf
132130,1,inf
132132,1,inf
132157,1,inf
132164,1,inf
132185,1,inf
132217,1,inf
132230,1,inf
132247,1,inf
132261,1,inf
132284,1,inf
132289,1,inf
132297,1,inf
132304,1,inf
132331,1,inf
132363,1,inf
132370,1,inf
132382,1,inf
132396,1,inf
132452,1,inf
132464,1,inf
132470,1,inf
132490,1,inf
132495,1,inf
132502,1,inf
132516,1,inf
132517,1,inf
132558,1,inf
132567,1,inf
132580,1,inf
132588,1,inf
132625,1,inf
132653,1,inf
132664,1,inf
132685,1,inf
132718,1,inf
132736,1,inf
132746,1,inf
132776,1,inf
132778,1,inf
132789,1,inf
132803,1,inf
132854,1,inf
132881,1,inf
132900,1,inf
132924,1,inf
132930,1,inf
132931,1,inf
132943,1,inf
132945,1,inf
132950,1,inf
133034,1,inf
133039,1,inf
133047,1,inf
133056,1,inf
133064,1,inf
133069,1,inf
133077,1,inf
133132,1,inf
133143,1,inf
133155,1,inf
133166,1,inf
133171,1,inf
133171,1,inf
133226,1,inf
133244,1,inf
133297,1,inf
133306,1,inf
133308,1,inf
133312,1,inf
133322,1,inf
133348,1,inf
133436,1,inf
133458,1,inf
133459,1,inf
133484,1,inf
133538,1,inf
133563,1,inf
133621,1,inf
133648,1,inf
133658,1,inf
133694,1,inf
133706,1,inf
133708,1,inf
133733,1,inf
133737,1,inf
133748,1,inf
133749,1,inf
133770,1,inf
133785,1,inf
133829,1,inf
133852,1,inf
133863,1,inf
133867,1,inf
133912,1,inf
133915,1,inf
133933,1,inf
133940,1,inf
133952,1,inf
133957,1,inf
134038,1,inf
134039,1,inf
134062,1,inf
134062,1,inf
134083,1,inf
134090,1,inf
134094,1,inf
134107,1,inf
134122,1,inf
134148,1,inf
134175,1,inf
134193,1,inf
134209,1,inf
134228,1,inf
134228,1,inf
134231,1,inf
134240,1,inf
134245,1,inf
134249,1,inf
134345,1,inf
134345,1,inf
134368,1,inf
134390,1,inf
134471,1,inf
134534,1,inf
134556,1,inf
134558,1,inf
134560,1,inf
134560,1,inf
134575,1,inf
134578,1,inf
134609,1,inf
134621,1,inf
134660,1,inf
134663,1,inf
134697,1,inf
134720,1,inf
134732,1,inf
134755,1,inf
134797,1,inf
134866,1,inf
134893,1,inf
134904,1,inf
134918,1,inf
134918,1,inf
134922,1,inf
134932,1,inf
134953,1,inf
135001,1,inf
135013,1,inf
135019,1,inf
135059,1,inf
135067,1,inf
135106,1,inf
135122,1,inf
135122,1,inf
135126,1,inf
135133,1,inf
135139,1,inf
135188,1,inf
135196,1,inf
135213,1,inf
135233,1,inf
135263,1,inf
135274,1,inf
135284,1,inf
135322,1,inf
135343,1,inf
135354,1,inf
135367,1,inf
135384,1,inf
135400,1,inf
135401,1,inf
135419,1,inf
135435,1,inf
135447,1,inf
135506,1,inf
135527,1,inf
135536,1,inf
135545,1,inf
135573,1,inf
135598,1,inf
135598,1,inf
135631,1,inf
135695,1,inf
135711,1,inf
135714,1,inf
135735,1,inf
135752,1,inf
135754,1,inf
135816,1,inf
135817,1,inf
135838,1,inf
135892,1,inf
135893,1,inf
135913,1,inf
135925,1,inf
135948,1,inf
135950,1,inf
135950,1,inf
136006,1,inf
136015,1,inf
136051,1,inf
136053,1,inf
136075,1,inf
136104,1,inf
136109,1,inf
136115,1,inf
136191,1,inf
136215,1,inf
136247,1,inf
136250,1,inf
136308,1,inf
136323,1,inf
136343,1,inf
136353,1,inf
136365,1,inf
136369,1,inf
136373,1,inf
136416,1,inf
136432,1,inf
136454,1,inf
136461,1,inf
136498,1,inf
136548,1,inf
136556,1,inf
136577,1,inf
136606,1,inf
136645,1,inf
136714,1,inf
136733,1,inf
136750,1,inf
136788,1,inf
136833,1,inf
136877,1,inf
136889,1,inf
136894,1,inf
136908,1,inf
136911,1,inf
136941,1,inf
136955,1,inf
136958,1,inf
137008,1,inf
137037,1,inf
137091,1,inf
137100,1,inf
137102,1,inf
137147,1,inf
137166,1,inf
137170,1,inf
137187,1,inf
137203,1,inf
137246,1,inf
137251,1,inf
137262,1,inf
137263,1,inf
137273,1,inf
137309,1,inf
137336,1,inf
137382,1,inf
137404,1,inf
137412,1,inf
137413,1,inf
137457,1,inf
137469,1,inf
137477,1,inf
137490,1,inf
137491,1,inf
137495,1,inf
137513,1,inf
137526,1,inf
137603,1,inf
137630,1,inf
137633,1,inf
137709,1,inf
137720,1,inf
137768,1,inf
137786,1,inf
137788,1,inf
137796,1,inf
137796,1,inf
137801,1,inf
137807,1,inf
137808,1,inf
137832,1,inf
137872,1,inf
137886,1,inf
137899,1,inf
137906,1,inf
138036,1,inf
138048,1,inf
138074,1,inf
138076,1,inf
138082,1,inf
138112,1,inf
138122,1,inf
138126,1,inf
138163,1,inf
138227,1,inf
138229,1,inf
138242,1,inf
138253,1,inf
138261,1,inf
138277,1,inf
138282,1,inf
138352,1,inf
138364,1,inf
138370,1,inf
138400,1,inf
138402,1,inf
138419,1,inf
138420,1,inf
138448,1,inf
138453,1,inf
138470,1,inf
138471,1,inf
138478,1,inf
138525,1,inf
138565,1,inf
138580,1,inf
138601,1,inf
138654,1,inf
138677,1,inf
138681,1,inf
138726,1,inf
138751,1,inf
138770,1,inf
138804,1,inf
138806,1,inf
138830,1,inf
138839,1,inf
138885,1,inf
138900,1,inf
138921,1,inf
138950,1,inf
139010,1,inf
139042,1,inf
139089,1,inf
139120,1,inf
139125,1,inf
139132,1,inf
139200,1,inf
139208,1,inf
139212,1,inf
139216,1,inf
139259,1,inf
139262,1,inf
139269,1,inf
139292,1,inf
139327,1,inf
139380,1,inf
139395,1,inf
139404,1,inf
139418,1,inf
139446,1,inf
139464,1,inf
139471,1,inf
139502,1,inf
139507,1,inf
139517,1,inf
139530,1,inf
139532,1,inf
139554,1,inf
139555,1,inf
139560,1,inf
139565,1,inf
139569,1,inf
139572,1,inf
139573,1,inf
139649,1,inf
139693,1,inf
139724,1,inf
139729,1,inf
139734,1,inf
139763,1,inf
139765,1,inf
139804,1,inf
139807,1,inf
139844,1,inf
139859,1,inf
139888,1,inf
139895,1,inf
139910,1,inf
139937,1,inf
139948,1,inf
140055,1,inf
140074,1,inf
140078,1,inf
140148,1,inf
140156,1,inf
140160,1,inf
140172,1,inf
140186,1,inf
140186,1,inf
140204,1,inf
140237,1,inf
140248,1,inf
140278,1,inf
140291,1,inf
140313,1,inf
140385,1,inf
140387,1,inf
140398,1,inf
140411,1,inf
140417,1,inf
140433,1,inf
140473,1,inf
140480,1,inf
140515,1,inf
140532,1,inf
140534,1,inf
140542,1,inf
140546,1,inf
140598,1,inf
140613,1,inf
140615,1,inf
140623,1,inf
140652,1,inf
140688,1,inf
140705,1,inf
140745,1,inf
140776,1,inf
140823,1,inf
140849,1,inf
140849,1,inf
140858,1,inf
140923,1,inf
141044,1,inf
141048,1,inf
141069,1,inf
141080,1,inf
141101,1,inf
141102,1,inf
141162,1,inf
141166,1,inf
141181,1,inf
141209,1,inf
141219,1,inf
141232,1,inf
141248,1,inf
141309,1,inf
141335,1,inf
141373,1,inf
141395,1,inf
141405,1,inf
141406,1,inf
141408,1,inf
141416,1,inf
141419,1,inf
141444,1,inf
141457,1,inf
141459,1,inf
141498,1,inf
141507,1,inf
141528,1,inf
141559,1,inf
141581,1,inf
141596,1,inf
141603,1,inf
141624,1,inf
141690,1,inf
141759,1,inf
141798,1,inf
141800,1,inf
141804,1,inf
141827,1,inf
141829,1,inf
141869,1,inf
141879,1,inf
141921,1,inf
141924,1,inf
141926,1,inf
142037,1,inf
142064,1,inf
142087,1,inf
142121,1,inf
142154,1,inf
142154,1,inf
142171,1,inf
142182,1,inf
142188,1,inf
142195,1,inf
142204,1,inf
142243,1,inf
142263,1,inf
142289,1,inf
142312,1,inf
142423,1,inf
142425,1,inf
142460,1,inf
142484,1,inf
142511,1,inf
142517,1,inf
142575,1,inf
142602,1,inf
142616,1,inf
142620,1,inf
142627,1,inf
142630,1,inf
142642,1,inf
142663,1,inf
142680,1,inf
142699,1,inf
142737,1,inf
142778,1,inf
142846,1,inf
142846,1,inf
142866,1,inf
142880,1,inf
142896,1,inf
142928,1,inf
142935,1,inf
142943,1,inf
142951,1,inf
142954,1,inf
142955,1,inf
142955,1,inf
142969,1,inf
143019,1,inf
143084,1,inf
143100,1,inf
143123,1,inf
143130,1,inf
143139,1,inf
143144,1,inf
143149,1,inf
143172,1,inf
143188,1,inf
143195,1,inf
143221,1,inf
143267,1,inf
143301,1,inf
143308,1,inf
143315,1,inf
143316,1,inf
143318,1,inf
143394,1,inf
143397,1,inf
143418,1,inf
143430,1,inf
143434,1,inf
143439,1,inf
143447,1,inf
143471,1,inf
143484,1,inf
143545,1,inf
143587,1,inf
143690,1,inf
143705,1,inf
143725,1,inf
143740,1,inf
143788,1,inf
143818,1,inf
143822,1,inf
143826,1,inf
143854,1,inf
143862,1,inf
143872,1,inf
143901,1,inf
143930,1,inf
144030,1,inf
144062,1,inf
144068,1,inf
144069,1,inf
144076,1,inf
144102,1,inf
144102,1,inf
144109,1,inf
144123,1,inf
144136,1,inf
144178,1,inf
144205,1,inf
144274,1,inf
144314,1,inf
144318,1,inf
144363,1,inf
144424,1,inf
144427,1,inf
144460,1,inf
144460,1,inf
144486,1,inf
144505,1,inf
144551,1,inf
144563,1,inf
144603,1,inf
144663,1,inf
144701,1,inf
144754,1,inf
144770,1,inf
144806,1,inf
144816,1,inf
144831,1,inf
144844,1,inf
144860,1,inf
144862,1,inf
144873,1,inf
145002,1,inf
145046,1,inf
145080,1,inf
145092,1,inf
145111,1,inf
145119,1,inf
145136,1,inf
145139,1,inf
145149,1,inf
145150,1,inf
145170,1,inf
145186,1,inf
145195,1,inf
145216,1,inf
145287,1,inf
145302,1,inf
145378,1,inf
145380,1,inf
145404,1,inf
145429,1,inf
145461,1,inf
145564,1,inf
145590,1,inf
145594,1,inf
145689,1,inf
145710,1,inf
145724,1,inf
145731,1,inf
145787,1,inf
145791,1,inf
145792,1,inf
145811,1,inf
145839,1,inf
