35,1,inf
78,1,inf
79,1,inf
116,1,inf
223,1,inf
235,1,inf
236,1,inf
251,1,inf
270,1,inf
342,1,inf
366,1,inf
381,1,inf
386,1,inf
387,1,inf
418,1,inf
443,1,inf
508,1,inf
562,1,inf
591,1,inf
595,1,inf
640,1,inf
649,1,inf
688,1,inf
721,1,inf
743,1,inf
786,1,inf
814,1,inf
822,1,inf
928,1,inf
938,1,inf
1020,1,inf
1034,1,inf
1043,1,inf
1086,1,inf
1103,1,inf
1159,1,inf
1177,1,inf
1227,1,inf
1252,1,inf
1267,1,inf
1379,1,inf
1423,1,inf
1457,1,inf
1500,1,inf
1559,1,inf
1624,1,inf
1694,1,inf
1714,1,inf
1720,1,inf
1746,1,inf
1785,1,inf
1811,1,inf
1812,1,inf
1832,1,inf
1851,1,inf
1867,1,inf
1920,1,inf
1937,1,inf
2062,1,inf
2072,1,inf
2083,1,inf
2122,1,inf
2133,1,inf
2152,1,inf
2154,1,inf
2286,1,inf
2323,1,inf
2337,1,inf
2341,1,inf
2376,1,inf
2407,1,inf
2413,1,inf
2450,1,inf
2526,1,inf
2544,1,inf
2545,1,inf
2581,1,inf
2601,1,inf
2616,1,inf
2639,1,inf
2666,1,inf
2680,1,inf
2725,1,inf
2757,1,inf
2808,1,inf
2869,1,inf
2872,1,inf
2876,1,inf
2899,1,inf
2905,1,inf
2937,1,inf
2945,1,inf
2947,1,inf
2948,1,inf
2957,1,inf
2958,1,inf
2980,1,inf
3058,1,inf
3104,1,inf
3115,1,inf
3115,1,inf
3156,1,inf
3222,1,inf
3248,1,inf
3262,1,inf
3288,1,inf
3312,1,inf
3369,1,inf
3371,1,inf
3449,1,inf
3481,1,inf
3489,1,inf
3526,1,inf
3579,1,inf
3599,1,inf
3670,1,inf
3674,1,inf
3737,1,inf
3787,1,inf
3815,1,inf
3823,1,inf
3843,1,inf
3845,1,inf
3857,1,inf
3867,1,inf
3879,1,inf
3888,1,inf
3902,1,inf
3944,1,inf
4029,1,inf
4032,1,inf
4051,1,inf
4055,1,inf
4071,1,inf
4080,1,inf
4081,1,inf
4124,1,inf
4151,1,inf
4157,1,inf
4221,1,inf
4239,1,inf
4239,1,inf
4245,1,inf
4261,1,inf
4268,1,inf
4307,1,inf
4315,1,inf
4330,1,inf
4347,1,inf
4380,1,inf
4458,1,inf
4478,1,inf
4499,1,inf
4549,1,inf
4631,1,inf
4631,1,inf
4649,1,inf
4682,1,inf
4706,1,inf
4727,1,inf
4733,1,inf
4781,1,inf
4794,1,inf
4828,1,inf
4883,1,inf
4955,1,inf
5000,1,inf
5016,1,inf
5024,1,inf
5033,1,inf
5044,1,inf
5053,1,inf
5060,1,inf
5103,1,inf
5128,1,inf
5185,1,inf
5202,1,inf
5217,1,inf
5281,1,inf
5286,1,inf
5355,1,inf
5370,1,inf
5417,1,inf
5438,1,inf
5453,1,inf
5455,1,inf
5476,1,inf
5500,1,inf
5501,1,inf
5592,1,inf
5594,1,inf
5636,1,inf
5648,1,inf
5650,1,inf
5650,1,inf
5651,1,inf
5666,1,inf
5668,1,inf
5674,1,inf
5701,1,inf
5718,1,inf
5872,1,inf
5875,1,inf
5908,1,inf
5916,1,inf
5934,1,inf
5974,1,inf
5982,1,inf
6002,1,inf
6004,1,inf
6033,1,inf
6046,1,inf
6057,1,inf
6070,1,inf
6079,1,inf
6085,1,inf
6206,1,inf
6217,1,inf
6225,1,inf
6245,1,inf
6248,1,inf
6266,1,inf
6267,1,inf
6277,1,inf
6283,1,inf
6288,1,inf
6301,1,inf
6303,1,inf
6333,1,inf
6366,1,inf
6396,1,inf
6408,1,inf
6447,1,inf
6460,1,inf
6473,1,inf
6473,1,inf
6486,1,inf
6491,1,inf
6510,1,inf
6549,1,inf
6553,1,inf
6571,1,inf
6593,1,inf
6653,1,inf
6666,1,inf
6675,1,inf
6678,1,inf
6705,1,inf
6717,1,inf
6769,1,inf
6786,1,inf
6787,1,inf
6797,1,inf
6891,1,inf
7043,1,inf
7093,1,inf
7104,1,inf
7137,1,inf
7142,1,inf
7152,1,inf
7162,1,inf
7197,1,inf
7265,1,inf
7311,1,inf
7356,1,inf
7364,1,inf
7368,1,inf
7374,1,inf
7376,1,inf
7394,1,inf
7405,1,inf
7406,1,inf
7451,1,inf
7487,1,inf
7491,1,inf
7510,1,inf
7542,1,inf
7552,1,inf
7593,1,inf
7638,1,inf
7640,1,inf
7643,1,inf
7654,1,inf
7697,1,inf
7737,1,inf
7740,1,inf
7761,1,inf
7763,1,inf
7784,1,inf
7788,1,inf
7811,1,inf
7851,1,inf
7889,1,inf
7893,1,inf
7940,1,inf
7949,1,inf
8001,1,inf
8001,1,inf
8007,1,inf
8034,1,inf
8036,1,inf
8050,1,inf
8066,1,inf
8075,1,inf
8077,1,inf
8116,1,inf
8126,1,inf
8136,1,inf
8160,1,inf
8183,1,inf
8214,1,inf
8220,1,inf
8277,1,inf
8283,1,inf
8287,1,inf
8302,1,inf
8316,1,inf
8350,1,inf
8399,1,inf
8406,1,inf
8414,1,inf
8416,1,inf
8438,1,inf
8469,1,inf
8598,1,inf
8641,1,inf
8711,1,inf
8712,1,inf
8742,1,inf
8743,1,inf
8751,1,inf
8760,1,inf
8764,1,inf
8807,1,inf
8817,1,inf
8819,1,inf
8820,1,inf
8853,1,inf
8854,1,inf
8921,1,inf
9039,1,inf
9052,1,inf
9078,1,inf
9081,1,inf
9093,1,inf
9104,1,inf
9113,1,inf
9118,1,inf
9139,1,inf
9143,1,inf
9159,1,inf
9167,1,inf
9169,1,inf
9182,1,inf
9206,1,inf
9210,1,inf
9236,1,inf
9243,1,inf
9267,1,inf
9296,1,inf
9320,1,inf
9342,1,inf
9348,1,inf
9385,1,inf
9392,1,inf
9417,1,inf
9443,1,inf
9443,1,inf
9452,1,inf
9487,1,inf
9516,1,inf
9530,1,inf
9559,1,inf
9572,1,inf
9575,1,inf
9584,1,inf
9597,1,inf
9599,1,inf
9636,1,inf
9644,1,inf
9659,1,inf
9685,1,inf
9719,1,inf
9769,1,inf
9793,1,inf
9814,1,inf
9882,1,inf
9886,1,inf
10010,1,inf
10019,1,inf
10066,1,inf
10083,1,inf
10134,1,inf
10164,1,inf
10165,1,inf
10166,1,inf
10171,1,inf
10202,1,inf
10206,1,inf
10238,1,inf
10252,1,inf
10304,1,inf
10321,1,inf
10348,1,inf
10358,1,inf
10364,1,inf
10394,1,inf
10422,1,inf
10423,1,inf
10446,1,inf
10470,1,inf
10513,1,inf
10545,1,inf
10555,1,inf
10592,1,inf
10599,1,inf
10665,1,inf
10693,1,inf
10719,1,inf
10722,1,inf
10748,1,inf
10761,1,inf
10777,1,inf
10890,1,inf
10899,1,inf
10904,1,inf
10910,1,inf
10915,1,inf
11030,1,inf
11044,1,inf
11046,1,inf
11048,1,inf
11061,1,inf
11089,1,inf
11093,1,inf
11118,1,inf
11119,1,inf
11173,1,inf
11198,1,inf
11198,1,inf
11228,1,inf
11228,1,inf
11265,1,inf
11374,1,inf
11380,1,inf
11399,1,inf
11459,1,inf
11477,1,inf
11520,1,inf
11605,1,inf
11624,1,inf
11644,1,inf
11675,1,inf
11676,1,inf
11682,1,inf
11692,1,inf
11752,1,inf
11818,1,inf
11829,1,inf
11830,1,inf
11905,1,inf
11953,1,inf
11960,1,inf
11978,1,inf
12183,1,inf
12211,1,inf
12222,1,inf
12252,1,inf
12263,1,inf
12365,1,inf
12411,1,inf
12423,1,inf
12442,1,inf
12455,1,inf
12525,1,inf
12555,1,inf
12592,1,inf
12596,1,inf
12650,1,inf
12786,1,inf
12808,1,inf
12824,1,inf
12847,1,inf
12884,1,inf
12928,1,inf
12940,1,inf
12948,1,inf
12958,1,inf
12971,1,inf
12985,1,inf
13007,1,inf
13013,1,inf
13030,1,inf
13038,1,inf
13080,1,inf
13167,1,inf
13178,1,inf
13181,1,inf
13230,1,inf
13236,1,inf
13240,1,inf
13267,1,inf
13294,1,inf
13311,1,inf
13328,1,inf
13342,1,inf
13386,1,inf
13398,1,inf
13431,1,inf
13434,1,inf
13498,1,inf
13527,1,inf
13528,1,inf
13535,1,inf
13541,1,inf
13549,1,inf
13549,1,inf
13644,1,inf
13646,1,inf
13715,1,inf
13721,1,inf
13753,1,inf
13783,1,inf
13824,1,inf
13826,1,inf
13851,1,inf
13863,1,inf
13873,1,inf
13877,1,inf
14023,1,inf
14032,1,inf
14063,1,inf
14134,1,inf
14157,1,inf
14209,1,inf
14250,1,inf
14258,1,inf
14265,1,inf
14267,1,inf
14272,1,inf
14305,1,inf
14317,1,inf
14342,1,inf
14360,1,inf
14384,1,inf
14406,1,inf
14419,1,inf
14430,1,inf
14430,1,inf
14495,1,inf
14506,1,inf
14531,1,inf
14539,1,inf
14593,1,inf
14634,1,inf
14666,1,inf
14669,1,inf
14673,1,inf
14677,1,inf
14690,1,inf
14738,1,inf
14805,1,inf
14857,1,inf
14879,1,inf
14879,1,inf
14946,1,inf
15004,1,inf
15026,1,inf
15038,1,inf
15043,1,inf
15069,1,inf
15123,1,inf
15168,1,inf
15209,1,inf
15213,1,inf
15305,1,inf
15306,1,inf
15336,1,inf
15341,1,inf
15349,1,inf
15418,1,inf
15507,1,inf
15578,1,inf
15602,1,inf
15611,1,inf
15614,1,inf
15614,1,inf
15649,1,inf
15677,1,inf
15697,1,inf
15714,1,inf
15720,1,inf
15748,1,inf
15775,1,inf
15800,1,inf
15847,1,inf
16107,1,inf
16147,1,inf
16177,1,inf
16195,1,inf
16209,1,inf
16213,1,inf
16246,1,inf
16268,1,inf
16372,1,inf
16391,1,inf
16428,1,inf
16463,1,inf
16485,1,inf
16500,1,inf
16505,1,inf
16505,1,inf
16592,1,inf
16601,1,inf
16648,1,inf
16659,1,inf
16672,1,inf
16720,1,inf
16723,1,inf
16743,1,inf
16757,1,inf
16758,1,inf
16764,1,inf
16798,1,inf
16799,1,inf
16822,1,inf
16840,1,inf
16863,1,inf
16871,1,inf
16877,1,inf
16897,1,inf
16912,1,inf
16925,1,inf
16946,1,inf
16949,1,inf
16994,1,inf
17007,1,inf
17010,1,inf
17013,1,inf
17021,1,inf
17068,1,inf
17074,1,inf
17090,1,inf
17101,1,inf
17133,1,inf
17143,1,inf
17143,1,inf
17223,1,inf
17225,1,inf
17230,1,inf
17245,1,inf
17261,1,inf
17273,1,inf
17284,1,inf
17332,1,inf
17339,1,inf
17360,1,inf
17383,1,inf
17388,1,inf
17390,1,inf
17403,1,inf
17427,1,inf
17432,1,inf
17451,1,inf
17461,1,inf
17479,1,inf
17496,1,inf
17525,1,inf
17527,1,inf
17542,1,inf
17554,1,inf
17611,1,inf
17613,1,inf
17627,1,inf
17687,1,inf
17728,1,inf
17784,1,inf
17811,1,inf
17812,1,inf
18078,1,inf
18097,1,inf
18136,1,inf
18173,1,inf
18206,1,inf
18234,1,inf
18245,1,inf
18268,1,inf
18312,1,inf
18328,1,inf
18368,1,inf
18382,1,inf
18415,1,inf
18415,1,inf
18522,1,inf
18551,1,inf
18561,1,inf
18599,1,inf
18604,1,inf
18605,1,inf
18612,1,inf
18740,1,inf
18747,1,inf
18802,1,inf
18855,1,inf
18867,1,inf
19005,1,inf
19008,1,inf
19013,1,inf
19057,1,inf
19071,1,inf
19100,1,inf
19100,1,inf
19115,1,inf
19123,1,inf
19188,1,inf
19198,1,inf
19230,1,inf
19241,1,inf
19276,1,inf
19291,1,inf
19362,1,inf
19381,1,inf
19403,1,inf
19443,1,inf
19649,1,inf
19658,1,inf
19754,1,inf
19763,1,inf
19791,1,inf
19818,1,inf
19833,1,inf
19838,1,inf
19874,1,inf
19882,1,inf
19907,1,inf
19914,1,inf
20000,1,inf
20007,1,inf
20031,1,inf
20041,1,inf
20119,1,inf
20169,1,inf
20202,1,inf
20206,1,inf
20327,1,inf
20337,1,inf
20476,1,inf
20482,1,inf
20530,1,inf
20559,1,inf
20574,1,inf
20580,1,inf
20606,1,inf
20662,1,inf
20719,1,inf
20731,1,inf
20807,1,inf
20832,1,inf
20833,1,inf
20844,1,inf
20874,1,inf
20945,1,inf
21017,1,inf
21068,1,inf
21086,1,inf
21097,1,inf
21118,1,inf
21138,1,inf
21163,1,inf
21190,1,inf
21229,1,inf
21254,1,inf
21260,1,inf
21269,1,inf
21301,1,inf
21302,1,inf
21346,1,inf
21362,1,inf
21366,1,inf
21382,1,inf
21403,1,inf
21473,1,inf
21475,1,inf
21502,1,inf
21549,1,inf
21550,1,inf
21551,1,inf
21558,1,inf
21577,1,inf
21607,1,inf
21636,1,inf
21662,1,inf
21712,1,inf
21759,1,inf
21770,1,inf
21782,1,inf
21816,1,inf
21823,1,inf
21858,1,inf
21888,1,inf
21900,1,inf
21911,1,inf
21944,1,inf
22023,1,inf
22033,1,inf
22036,1,inf
22055,1,inf
22058,1,inf
22098,1,inf
22112,1,inf
22157,1,inf
22192,1,inf
22279,1,inf
22310,1,inf
22322,1,inf
22361,1,inf
22410,1,inf
22444,1,inf
22461,1,inf
22509,1,inf
22647,1,inf
22665,1,inf
22704,1,inf
22707,1,inf
22713,1,inf
22720,1,inf
22738,1,inf
22749,1,inf
22761,1,inf
22831,1,inf
22832,1,inf
22835,1,inf
22860,1,inf
22886,1,inf
22925,1,inf
22926,1,inf
23005,1,inf
23013,1,inf
23048,1,inf
23078,1,inf
23086,1,inf
23120,1,inf
23141,1,inf
23149,1,inf
23152,1,inf
23170,1,inf
23180,1,inf
23188,1,inf
23190,1,inf
23202,1,inf
23239,1,inf
23262,1,inf
23284,1,inf
23319,1,inf
23355,1,inf
23378,1,inf
23406,1,inf
23409,1,inf
23442,1,inf
23471,1,inf
23500,1,inf
23562,1,inf
23584,1,inf
23587,1,inf
23605,1,inf
23631,1,inf
23642,1,inf
23657,1,inf
23675,1,inf
23677,1,inf
23685,1,inf
23697,1,inf
23714,1,inf
23731,1,inf
23735,1,inf
23738,1,inf
23768,1,inf
23820,1,inf
23840,1,inf
23844,1,inf
23858,1,inf
23862,1,inf
23883,1,inf
24035,1,inf
24060,1,inf
24087,1,inf
24103,1,inf
24147,1,inf
24160,1,inf
24162,1,inf
24214,1,inf
24232,1,inf
24245,1,inf
24254,1,inf
24260,1,inf
24297,1,inf
24314,1,inf
24390,1,inf
24481,1,inf
24496,1,inf
24576,1,inf
24616,1,inf
24675,1,inf
24717,1,inf
24735,1,inf
24750,1,inf
24780,1,inf
24781,1,inf
24840,1,inf
24923,1,inf
24954,1,inf
24977,1,inf
24997,1,inf
25007,1,inf
25025,1,inf
25046,1,inf
25065,1,inf
25102,1,inf
25133,1,inf
25175,1,inf
25176,1,inf
25192,1,inf
25198,1,inf
25204,1,inf
25228,1,inf
25249,1,inf
25296,1,inf
25304,1,inf
25421,1,inf
25422,1,inf
25455,1,inf
25606,1,inf
25643,1,inf
25714,1,inf
25733,1,inf
25826,1,inf
25876,1,inf
25903,1,inf
25909,1,inf
26003,1,inf
26025,1,inf
26111,1,inf
26119,1,inf
26132,1,inf
26133,1,inf
26153,1,inf
26280,1,inf
26304,1,inf
26330,1,inf
26333,1,inf
26355,1,inf
26372,1,inf
26378,1,inf
26390,1,inf
26390,1,inf
26441,1,inf
26475,1,inf
26481,1,inf
26522,1,inf
26532,1,inf
26544,1,inf
26550,1,inf
26552,1,inf
26563,1,inf
26585,1,inf
26590,1,inf
26598,1,inf
26620,1,inf
26632,1,inf
26637,1,inf
26651,1,inf
26720,1,inf
26796,1,inf
26798,1,inf
26854,1,inf
26864,1,inf
26889,1,inf
26900,1,inf
27008,1,inf
27010,1,inf
27029,1,inf
27035,1,inf
27059,1,inf
27113,1,inf
27116,1,inf
27133,1,inf
27232,1,inf
27246,1,inf
27318,1,inf
27392,1,inf
27454,1,inf
27458,1,inf
27462,1,inf
27479,1,inf
27493,1,inf
27511,1,inf
27516,1,inf
27540,1,inf
27562,1,inf
27593,1,inf
27605,1,inf
27638,1,inf
27652,1,inf
27660,1,inf
27671,1,inf
27757,1,inf
27764,1,inf
27791,1,inf
27810,1,inf
27827,1,inf
27844,1,inf
27875,1,inf
27890,1,inf
27898,1,inf
27967,1,inf
28026,1,inf
28056,1,inf
28058,1,inf
28061,1,inf
28072,1,inf
28097,1,inf
28098,1,inf
28104,1,inf
28148,1,inf
28180,1,inf
28194,1,inf
28355,1,inf
28383,1,inf
28444,1,inf
28453,1,inf
28465,1,inf
28467,1,inf
28501,1,inf
28524,1,inf
28527,1,inf
28531,1,inf
28532,1,inf
28539,1,inf
28549,1,inf
28638,1,inf
28704,1,inf
28713,1,inf
28732,1,inf
28734,1,inf
28867,1,inf
28868,1,inf
28902,1,inf
28921,1,inf
28941,1,inf
29002,1,inf
29013,1,inf
29021,1,inf
29041,1,inf
29041,1,inf
29061,1,inf
29073,1,inf
29090,1,inf
29108,1,inf
29162,1,inf
29178,1,inf
29180,1,inf
29192,1,inf
29197,1,inf
29206,1,inf
29251,1,inf
29282,1,inf
29300,1,inf
29358,1,inf
29363,1,inf
29381,1,inf
29406,1,inf
29416,1,inf
29428,1,inf
29439,1,inf
29482,1,inf
29517,1,inf
29536,1,inf
29536,1,inf
29538,1,inf
29555,1,inf
29576,1,inf
29590,1,inf
29594,1,inf
29616,1,inf
29660,1,inf
29677,1,inf
29680,1,inf
29699,1,inf
29701,1,inf
29742,1,inf
29745,1,inf
29765,1,inf
29858,1,inf
29867,1,inf
29911,1,inf
29954,1,inf
29975,1,inf
30006,1,inf
30029,1,inf
30033,1,inf
30064,1,inf
30143,1,inf
30144,1,inf
30190,1,inf
30196,1,inf
30238,1,inf
30249,1,inf
30267,1,inf
30268,1,inf
30282,1,inf
30294,1,inf
30373,1,inf
30383,1,inf
30445,1,inf
30458,1,inf
30476,1,inf
30487,1,inf
30514,1,inf
30516,1,inf
30537,1,inf
30553,1,inf
30573,1,inf
30587,1,inf
30606,1,inf
30622,1,inf
30670,1,inf
30696,1,inf
30727,1,inf
30752,1,inf
30761,1,inf
30808,1,inf
30812,1,inf
30897,1,inf
30953,1,inf
31066,1,inf
31093,1,inf
31096,1,inf
31100,1,inf
31106,1,inf
31153,1,inf
31179,1,inf
31200,1,inf
31231,1,inf
31255,1,inf
31255,1,inf
31258,1,inf
31303,1,inf
31327,1,inf
31352,1,inf
31387,1,inf
31394,1,inf
31417,1,inf
31505,1,inf
31510,1,inf
31566,1,inf
31573,1,inf
31615,1,inf
31634,1,inf
31648,1,inf
31655,1,inf
31716,1,inf
31726,1,inf
31803,1,inf
31815,1,inf
31824,1,inf
31826,1,inf
31906,1,inf
32018,1,inf
32018,1,inf
32043,1,inf
32045,1,inf
32123,1,inf
32126,1,inf
32135,1,inf
32136,1,inf
32187,1,inf
32205,1,inf
32219,1,inf
32226,1,inf
32229,1,inf
32245,1,inf
32255,1,inf
32370,1,inf
32389,1,inf
32406,1,inf
32416,1,inf
32423,1,inf
32485,1,inf
32524,1,inf
32524,1,inf
32544,1,inf
32658,1,inf
32705,1,inf
32718,1,inf
32756,1,inf
32777,1,inf
32782,1,inf
32800,1,inf
32816,1,inf
32838,1,inf
32842,1,inf
32843,1,inf
32853,1,inf
32865,1,inf
33035,1,inf
33061,1,inf
33095,1,inf
33125,1,inf
33139,1,inf
33143,1,inf
33161,1,inf
33230,1,inf
33237,1,inf
33240,1,inf
33316,1,inf
33396,1,inf
33435,1,inf
33436,1,inf
33474,1,inf
33503,1,inf
33526,1,inf
33614,1,inf
33652,1,inf
33657,1,inf
33681,1,inf
33696,1,inf
33701,1,inf
33709,1,inf
33721,1,inf
33762,1,inf
33778,1,inf
33779,1,inf
33860,1,inf
33896,1,inf
33916,1,inf
34020,1,inf
34085,1,inf
34116,1,inf
34194,1,inf
34247,1,inf
34254,1,inf
34280,1,inf
34290,1,inf
34294,1,inf
34314,1,inf
34358,1,inf
34383,1,inf
34393,1,inf
34398,1,inf
34425,1,inf
34465,1,inf
34522,1,inf
34525,1,inf
34569,1,inf
34582,1,inf
34609,1,inf
34635,1,inf
34732,1,inf
34778,1,inf
34814,1,inf
34940,1,inf
35021,1,inf
35047,1,inf
35095,1,inf
35105,1,inf
35109,1,inf
35125,1,inf
35164,1,inf
35209,1,inf
35224,1,inf
35232,1,inf
35264,1,inf
35330,1,inf
35434,1,inf
35438,1,inf
35473,1,inf
35502,1,inf
35513,1,inf
35526,1,inf
35543,1,inf
35546,1,inf
35592,1,inf
35633,1,inf
35673,1,inf
35711,1,inf
35773,1,inf
35786,1,inf
35828,1,inf
35863,1,inf
35864,1,inf
35891,1,inf
35893,1,inf
35908,1,inf
35917,1,inf
36039,1,inf
36052,1,inf
36102,1,inf
36108,1,inf
36119,1,inf
36161,1,inf
36175,1,inf
36258,1,inf
36275,1,inf
36292,1,inf
36294,1,inf
36295,1,inf
36322,1,inf
36331,1,inf
36336,1,inf
36339,1,inf
36395,1,inf
36480,1,inf
36488,1,inf
36490,1,inf
36532,1,inf
36536,1,inf
36539,1,inf
36563,1,inf
36594,1,inf
36644,1,inf
36672,1,inf
36674,1,inf
36700,1,inf
36732,1,inf
36751,1,inf
36761,1,inf
36788,1,inf
36801,1,inf
36853,1,inf
36863,1,inf
36903,1,inf
36927,1,inf
37019,1,inf
37039,1,inf
37114,1,inf
37163,1,inf
37177,1,inf
37276,1,inf
37299,1,inf
37309,1,inf
37357,1,inf
37378,1,inf
37453,1,inf
37458,1,inf
37462,1,inf
37488,1,inf
37506,1,inf
37523,1,inf
37557,1,inf
37644,1,inf
37648,1,inf
37653,1,inf
37664,1,inf
37675,1,inf
37691,1,inf
37709,1,inf
37752,1,inf
37777,1,inf
37785,1,inf
37856,1,inf
37876,1,inf
37879,1,inf
37904,1,inf
37934,1,inf
37935,1,inf
37953,1,inf
38001,1,inf
38095,1,inf
38099,1,inf
38119,1,inf
38129,1,inf
38143,1,inf
38163,1,inf
38186,1,inf
38219,1,inf
38241,1,inf
38263,1,inf
38271,1,inf
38316,1,inf
38323,1,inf
38325,1,inf
38335,1,inf
38373,1,inf
38433,1,inf
38457,1,inf
38528,1,inf
38553,1,inf
38566,1,inf
38581,1,inf
38584,1,inf
38602,1,inf
38624,1,inf
38628,1,inf
38660,1,inf
38690,1,inf
38701,1,inf
38729,1,inf
38733,1,inf
38738,1,inf
38757,1,inf
38784,1,inf
38795,1,inf
38826,1,inf
38852,1,inf
38901,1,inf
39017,1,inf
39026,1,inf
39056,1,inf
39088,1,inf
39095,1,inf
39184,1,inf
39191,1,inf
39192,1,inf
39209,1,inf
39215,1,inf
39218,1,inf
39221,1,inf
39237,1,inf
39287,1,inf
39294,1,inf
39320,1,inf
39352,1,inf
39371,1,inf
39422,1,inf
39424,1,inf
39429,1,inf
39444,1,inf
39506,1,inf
39583,1,inf
39632,1,inf
39636,1,inf
39653,1,inf
39684,1,inf
39690,1,inf
39711,1,inf
39787,1,inf
39790,1,inf
39821,1,inf
39857,1,inf
39903,1,inf
39942,1,inf
39953,1,inf
40186,1,inf
40192,1,inf
40206,1,inf
40222,1,inf
40246,1,inf
40296,1,inf
40400,1,inf
40409,1,inf
40437,1,inf
40451,1,inf
40473,1,inf
40491,1,inf
40501,1,inf
40521,1,inf
40575,1,inf
40588,1,inf
40657,1,inf
40676,1,inf
40677,1,inf
40705,1,inf
40723,1,inf
40746,1,inf
40771,1,inf
40806,1,inf
40834,1,inf
40859,1,inf
40896,1,inf
40898,1,inf
40901,1,inf
40912,1,inf
40927,1,inf
41010,1,inf
41042,1,inf
41047,1,inf
41111,1,inf
41112,1,inf
41113,1,inf
41115,1,inf
41158,1,inf
41160,1,inf
41250,1,inf
41255,1,inf
41347,1,inf
41350,1,inf
41410,1,inf
41523,1,inf
41570,1,inf
41572,1,inf
41581,1,inf
41590,1,inf
41624,1,inf
41634,1,inf
41733,1,inf
41773,1,inf
41774,1,inf
41789,1,inf
41794,1,inf
41805,1,inf
41821,1,inf
41831,1,inf
41841,1,inf
41869,1,inf
41886,1,inf
41937,1,inf
41955,1,inf
42009,1,inf
42034,1,inf
42045,1,inf
42050,1,inf
42130,1,inf
42132,1,inf
42146,1,inf
42162,1,inf
42162,1,inf
42187,1,inf
42319,1,inf
42321,1,inf
42350,1,inf
42354,1,inf
42357,1,inf
42449,1,inf
42451,1,inf
42504,1,inf
42541,1,inf
42580,1,inf
42584,1,inf
42611,1,inf
42634,1,inf
42638,1,inf
42644,1,inf
42670,1,inf
42673,1,inf
42675,1,inf
42681,1,inf
42694,1,inf
42765,1,inf
42789,1,inf
42836,1,inf
42855,1,inf
42867,1,inf
42886,1,inf
42965,1,inf
42991,1,inf
43005,1,inf
43006,1,inf
43064,1,inf
43080,1,inf
43122,1,inf
43122,1,inf
43157,1,inf
43182,1,inf
43191,1,inf
43205,1,inf
43240,1,inf
43302,1,inf
43311,1,inf
43325,1,inf
43331,1,inf
43344,1,inf
43371,1,inf
43424,1,inf
43426,1,inf
43463,1,inf
43481,1,inf
43604,1,inf
43616,1,inf
43628,1,inf
43634,1,inf
43651,1,inf
43675,1,inf
43753,1,inf
43764,1,inf
43769,1,inf
43795,1,inf
43818,1,inf
43827,1,inf
43830,1,inf
43859,1,inf
43917,1,inf
43934,1,inf
43940,1,inf
44003,1,inf
44022,1,inf
44028,1,inf
44056,1,inf
44067,1,inf
44068,1,inf
44099,1,inf
44107,1,inf
44123,1,inf
44136,1,inf
44136,1,inf
44179,1,inf
44189,1,inf
44208,1,inf
44213,1,inf
44262,1,inf
44265,1,inf
44266,1,inf
44291,1,inf
44398,1,inf
44433,1,inf
44447,1,inf
44463,1,inf
44464,1,inf
44476,1,inf
44498,1,inf
44547,1,inf
44626,1,inf
44629,1,inf
44697,1,inf
44736,1,inf
44738,1,inf
44809,1,inf
44823,1,inf
44830,1,inf
44868,1,inf
45035,1,inf
45093,1,inf
45132,1,inf
45151,1,inf
45152,1,inf
45154,1,inf
45156,1,inf
45161,1,inf
45230,1,inf
45250,1,inf
45255,1,inf
45277,1,inf
45282,1,inf
45324,1,inf
45362,1,inf
45390,1,inf
45407,1,inf
45418,1,inf
45469,1,inf
45512,1,inf
45519,1,inf
45524,1,inf
45530,1,inf
45530,1,inf
45565,1,inf
45570,1,inf
45669,1,inf
45680,1,inf
45689,1,inf
45700,1,inf
45746,1,inf
45762,1,inf
45771,1,inf
45785,1,inf
45792,1,inf
45830,1,inf
45860,1,inf
45861,1,inf
45878,1,inf
45905,1,inf
45914,1,inf
45929,1,inf
45931,1,inf
46009,1,inf
46010,1,inf
46030,1,inf
46065,1,inf
46073,1,inf
46076,1,inf
46089,1,inf
46098,1,inf
46107,1,inf
46115,1,inf
46167,1,inf
46212,1,inf
46221,1,inf
46240,1,inf
46255,1,inf
46301,1,inf
46307,1,inf
46337,1,inf
46349,1,inf
46371,1,inf
46450,1,inf
46466,1,inf
46511,1,inf
46521,1,inf
46633,1,inf
46644,1,inf
46686,1,inf
46695,1,inf
46698,1,inf
46711,1,inf
46753,1,inf
46767,1,inf
46767,1,inf
46776,1,inf
46812,1,inf
46835,1,inf
46846,1,inf
46864,1,inf
46888,1,inf
46914,1,inf
46946,1,inf
46977,1,inf
46979,1,inf
47005,1,inf
47006,1,inf
47008,1,inf
47009,1,inf
47037,1,inf
47040,1,inf
47059,1,inf
47109,1,inf
47239,1,inf
47290,1,inf
47307,1,inf
47332,1,inf
47363,1,inf
47368,1,inf
47403,1,inf
47419,1,inf
47423,1,inf
47424,1,inf
47427,1,inf
47442,1,inf
47455,1,inf
47599,1,inf
47666,1,inf
47667,1,inf
47707,1,inf
47799,1,inf
47810,1,inf
47814,1,inf
47818,1,inf
47835,1,inf
47851,1,inf
48015,1,inf
48027,1,inf
48040,1,inf
48088,1,inf
48107,1,inf
48175,1,inf
48231,1,inf
48261,1,inf
48267,1,inf
48300,1,inf
48321,1,inf
48369,1,inf
48374,1,inf
48444,1,inf
48447,1,inf
48487,1,inf
48536,1,inf
48579,1,inf
48634,1,inf
48645,1,inf
48665,1,inf
48685,1,inf
48703,1,inf
48766,1,inf
48801,1,inf
48857,1,inf
48963,1,inf
49008,1,inf
49014,1,inf
49026,1,inf
49038,1,inf
49076,1,inf
49099,1,inf
49101,1,inf
49163,1,inf
49195,1,inf
49226,1,inf
49343,1,inf
49381,1,inf
49384,1,inf
49402,1,inf
49407,1,inf
49414,1,inf
49435,1,inf
49441,1,inf
49452,1,inf
49507,1,inf
49536,1,inf
49542,1,inf
49555,1,inf
49574,1,inf
49584,1,inf
49648,1,inf
49659,1,inf
49679,1,inf
49735,1,inf
49768,1,inf
49799,1,inf
49817,1,inf
49832,1,inf
49892,1,inf
49895,1,inf
49906,1,inf
49940,1,inf
50003,1,inf
50019,1,inf
50035,1,inf
50055,1,inf
50082,1,inf
50114,1,inf
50118,1,inf
50175,1,inf
50198,1,inf
50204,1,inf
50210,1,inf
50239,1,inf
50290,1,inf
50314,1,inf
50339,1,inf
50340,1,inf
50341,1,inf
50366,1,inf
50385,1,inf
50389,1,inf
50395,1,inf
50422,1,inf
50465,1,inf
50482,1,inf
50511,1,inf
50541,1,inf
50543,1,inf
50586,1,inf
50611,1,inf
50642,1,inf
50669,1,inf
50707,1,inf
50707,1,inf
50762,1,inf
50785,1,inf
50853,1,inf
51011,1,inf
51036,1,inf
51048,1,inf
51070,1,inf
51075,1,inf
51084,1,inf
51160,1,inf
51187,1,inf
51200,1,inf
51205,1,inf
51251,1,inf
51285,1,inf
51298,1,inf
51308,1,inf
51308,1,inf
51332,1,inf
51333,1,inf
51358,1,inf
51370,1,inf
51392,1,inf
51425,1,inf
51425,1,inf
51432,1,inf
51461,1,inf
51470,1,inf
51510,1,inf
51576,1,inf
51578,1,inf
51657,1,inf
51660,1,inf
51664,1,inf
51711,1,inf
51720,1,inf
51795,1,inf
51797,1,inf
51802,1,inf
51827,1,inf
52010,1,inf
52024,1,inf
52034,1,inf
52066,1,inf
52069,1,inf
52171,1,inf
52190,1,inf
52190,1,inf
52212,1,inf
52244,1,inf
52350,1,inf
52387,1,inf
52401,1,inf
52504,1,inf
52542,1,inf
52554,1,inf
52585,1,inf
52602,1,inf
52603,1,inf
52617,1,inf
52617,1,inf
52642,1,inf
52651,1,inf
52670,1,inf
52686,1,inf
52709,1,inf
52716,1,inf
52760,1,inf
52762,1,inf
52778,1,inf
52828,1,inf
52835,1,inf
52839,1,inf
52883,1,inf
52913,1,inf
52924,1,inf
52950,1,inf
52958,1,inf
53014,1,inf
53088,1,inf
53100,1,inf
53170,1,inf
53234,1,inf
53242,1,inf
53253,1,inf
53257,1,inf
53287,1,inf
53317,1,inf
53321,1,inf
53323,1,inf
53326,1,inf
53339,1,inf
53339,1,inf
53385,1,inf
53386,1,inf
53388,1,inf
53394,1,inf
53436,1,inf
53438,1,inf
53509,1,inf
53519,1,inf
53544,1,inf
53546,1,inf
53574,1,inf
53620,1,inf
53622,1,inf
53626,1,inf
53631,1,inf
53690,1,inf
53708,1,inf
53711,1,inf
53723,1,inf
53740,1,inf
53751,1,inf
53800,1,inf
53815,1,inf
53831,1,inf
53834,1,inf
53864,1,inf
53903,1,inf
53909,1,inf
53923,1,inf
53925,1,inf
53948,1,inf
54011,1,inf
54066,1,inf
54076,1,inf
54116,1,inf
54124,1,inf
54129,1,inf
54175,1,inf
54222,1,inf
54243,1,inf
54287,1,inf
54309,1,inf
54331,1,inf
54352,1,inf
54357,1,inf
54433,1,inf
54461,1,inf
54467,1,inf
54596,1,inf
54647,1,inf
54719,1,inf
54719,1,inf
54837,1,inf
54859,1,inf
54867,1,inf
54877,1,inf
54879,1,inf
54936,1,inf
54981,1,inf
55010,1,inf
55024,1,inf
55028,1,inf
55033,1,inf
55047,1,inf
55109,1,inf
55114,1,inf
55169,1,inf
55222,1,inf
55233,1,inf
55241,1,inf
55279,1,inf
55286,1,inf
55392,1,inf
55395,1,inf
55430,1,inf
55431,1,inf
55533,1,inf
55583,1,inf
55649,1,inf
55680,1,inf
55683,1,inf
55728,1,inf
55796,1,inf
55825,1,inf
55921,1,inf
55934,1,inf
56022,1,inf
56091,1,inf
56092,1,inf
56144,1,inf
56182,1,inf
56188,1,inf
56194,1,inf
56214,1,inf
56222,1,inf
56229,1,inf
56236,1,inf
56238,1,inf
56262,1,inf
56275,1,inf
56289,1,inf
56299,1,inf
56303,1,inf
56344,1,inf
56359,1,inf
56378,1,inf
56391,1,inf
56418,1,inf
56538,1,inf
56579,1,inf
56636,1,inf
56640,1,inf
56646,1,inf
56667,1,inf
56669,1,inf
56671,1,inf
56682,1,inf
56690,1,inf
56708,1,inf
56737,1,inf
56785,1,inf
56811,1,inf
56839,1,inf
56909,1,inf
56919,1,inf
56931,1,inf
57008,1,inf
57009,1,inf
57018,1,inf
57049,1,inf
57055,1,inf
57087,1,inf
57096,1,inf
57113,1,inf
57168,1,inf
57198,1,inf
57253,1,inf
57272,1,inf
57363,1,inf
57368,1,inf
57375,1,inf
57425,1,inf
57439,1,inf
57491,1,inf
57492,1,inf
57496,1,inf
57509,1,inf
57516,1,inf
57553,1,inf
57555,1,inf
57574,1,inf
57601,1,inf
57606,1,inf
57686,1,inf
57695,1,inf
57715,1,inf
57723,1,inf
57737,1,inf
57766,1,inf
57782,1,inf
57827,1,inf
57834,1,inf
57907,1,inf
57938,1,inf
57947,1,inf
58016,1,inf
58060,1,inf
58061,1,inf
58062,1,inf
58107,1,inf
58135,1,inf
58154,1,inf
58160,1,inf
58237,1,inf
58246,1,inf
58279,1,inf
58371,1,inf
58383,1,inf
58385,1,inf
58439,1,inf
58445,1,inf
58495,1,inf
58499,1,inf
58566,1,inf
58587,1,inf
58622,1,inf
58682,1,inf
58708,1,inf
58768,1,inf
58770,1,inf
58784,1,inf
58809,1,inf
58844,1,inf
58844,1,inf
59010,1,inf
59011,1,inf
59020,1,inf
59023,1,inf
59070,1,inf
59092,1,inf
59109,1,inf
59110,1,inf
59122,1,inf
59145,1,inf
59154,1,inf
59157,1,inf
59167,1,inf
59178,1,inf
59214,1,inf
59243,1,inf
59243,1,inf
59247,1,inf
59253,1,inf
59289,1,inf
59289,1,inf
59347,1,inf
59393,1,inf
59416,1,inf
59416,1,inf
59514,1,inf
59541,1,inf
59583,1,inf
59594,1,inf
59616,1,inf
59637,1,inf
59704,1,inf
59778,1,inf
59790,1,inf
59859,1,inf
59868,1,inf
59876,1,inf
59924,1,inf
59934,1,inf
59947,1,inf
60010,1,inf
60022,1,inf
60096,1,inf
60118,1,inf
60127,1,inf
60128,1,inf
60176,1,inf
60205,1,inf
60298,1,inf
60314,1,inf
60317,1,inf
60334,1,inf
60380,1,inf
60403,1,inf
60458,1,inf
60532,1,inf
60541,1,inf
60623,1,inf
60624,1,inf
60661,1,inf
60683,1,inf
60719,1,inf
60725,1,inf
60727,1,inf
60742,1,inf
60755,1,inf
60771,1,inf
60772,1,inf
60775,1,inf
60797,1,inf
60800,1,inf
60802,1,inf
60813,1,inf
60829,1,inf
60853,1,inf
60881,1,inf
60882,1,inf
60896,1,inf
61016,1,inf
61086,1,inf
61089,1,inf
61109,1,inf
61125,1,inf
61127,1,inf
61185,1,inf
61186,1,inf
61204,1,inf
61274,1,inf
61275,1,inf
61295,1,inf
61419,1,inf
61420,1,inf
61429,1,inf
61457,1,inf
61479,1,inf
61481,1,inf
61497,1,inf
61511,1,inf
61515,1,inf
61520,1,inf
61521,1,inf
61540,1,inf
61559,1,inf
61577,1,inf
61605,1,inf
61631,1,inf
61684,1,inf
61688,1,inf
61735,1,inf
61832,1,inf
61855,1,inf
61921,1,inf
61922,1,inf
61964,1,inf
62003,1,inf
62057,1,inf
62084,1,inf
62085,1,inf
62089,1,inf
62346,1,inf
62376,1,inf
62381,1,inf
62417,1,inf
62433,1,inf
62449,1,inf
62450,1,inf
62478,1,inf
62488,1,inf
62492,1,inf
62500,1,inf
62554,1,inf
62561,1,inf
62565,1,inf
62592,1,inf
62651,1,inf
62695,1,inf
62707,1,inf
62723,1,inf
62734,1,inf
62752,1,inf
62793,1,inf
62814,1,inf
62821,1,inf
62842,1,inf
62888,1,inf
62928,1,inf
62940,1,inf
62964,1,inf
63008,1,inf
63068,1,inf
63090,1,inf
63136,1,inf
63183,1,inf
63187,1,inf
63252,1,inf
63264,1,inf
63279,1,inf
63307,1,inf
63312,1,inf
63339,1,inf
63387,1,inf
63411,1,inf
63454,1,inf
63559,1,inf
63567,1,inf
63567,1,inf
63595,1,inf
63597,1,inf
63607,1,inf
63650,1,inf
63670,1,inf
63693,1,inf
63726,1,inf
63745,1,inf
63765,1,inf
63824,1,inf
63868,1,inf
63876,1,inf
64018,1,inf
64026,1,inf
64031,1,inf
64048,1,inf
64073,1,inf
64073,1,inf
64091,1,inf
64184,1,inf
64252,1,inf
64299,1,inf
64324,1,inf
64368,1,inf
64403,1,inf
64448,1,inf
64453,1,inf
64506,1,inf
64530,1,inf
64548,1,inf
64644,1,inf
64656,1,inf
64656,1,inf
64689,1,inf
64716,1,inf
64723,1,inf
64773,1,inf
64791,1,inf
64832,1,inf
64837,1,inf
64840,1,inf
64843,1,inf
64950,1,inf
64971,1,inf
65017,1,inf
65032,1,inf
65126,1,inf
65143,1,inf
65168,1,inf
65246,1,inf
65300,1,inf
65338,1,inf
65344,1,inf
65363,1,inf
65378,1,inf
65381,1,inf
65462,1,inf
65503,1,inf
65503,1,inf
65519,1,inf
65535,1,inf
65539,1,inf
65587,1,inf
65611,1,inf
65629,1,inf
65661,1,inf
65669,1,inf
65697,1,inf
65718,1,inf
65751,1,inf
65780,1,inf
65781,1,inf
65855,1,inf
65857,1,inf
65869,1,inf
65892,1,inf
65898,1,inf
66092,1,inf
66104,1,inf
66167,1,inf
66224,1,inf
66236,1,inf
66264,1,inf
66271,1,inf
66460,1,inf
66475,1,inf
66592,1,inf
66607,1,inf
66690,1,inf
66690,1,inf
66717,1,inf
66733,1,inf
66826,1,inf
66855,1,inf
66886,1,inf
66916,1,inf
66917,1,inf
66925,1,inf
66972,1,inf
67015,1,inf
67065,1,inf
67097,1,inf
67099,1,inf
67110,1,inf
67117,1,inf
67138,1,inf
67225,1,inf
67299,1,inf
67306,1,inf
67338,1,inf
67338,1,inf
67347,1,inf
67352,1,inf
67382,1,inf
67403,1,inf
67419,1,inf
67422,1,inf
67469,1,inf
67521,1,inf
67537,1,inf
67553,1,inf
67572,1,inf
67577,1,inf
67638,1,inf
67639,1,inf
67670,1,inf
67735,1,inf
67766,1,inf
67789,1,inf
67797,1,inf
67899,1,inf
67910,1,inf
68025,1,inf
68026,1,inf
68065,1,inf
68069,1,inf
68071,1,inf
68154,1,inf
68191,1,inf
68201,1,inf
68281,1,inf
68319,1,inf
68324,1,inf
68357,1,inf
68423,1,inf
68449,1,inf
68464,1,inf
68489,1,inf
68553,1,inf
68566,1,inf
68596,1,inf
68596,1,inf
68600,1,inf
68615,1,inf
68618,1,inf
68631,1,inf
68634,1,inf
68648,1,inf
68708,1,inf
68712,1,inf
68729,1,inf
68747,1,inf
68756,1,inf
68764,1,inf
68797,1,inf
68797,1,inf
68807,1,inf
68842,1,inf
68854,1,inf
68856,1,inf
68859,1,inf
68900,1,inf
68912,1,inf
68914,1,inf
69004,1,inf
69011,1,inf
69039,1,inf
69072,1,inf
69080,1,inf
69107,1,inf
69132,1,inf
69152,1,inf
69178,1,inf
69229,1,inf
69251,1,inf
69270,1,inf
69303,1,inf
69334,1,inf
69373,1,inf
69390,1,inf
69390,1,inf
69397,1,inf
69409,1,inf
69414,1,inf
69429,1,inf
69453,1,inf
69548,1,inf
69552,1,inf
69573,1,inf
69603,1,inf
69643,1,inf
69664,1,inf
69668,1,inf
69678,1,inf
69695,1,inf
69730,1,inf
69734,1,inf
69751,1,inf
69767,1,inf
69773,1,inf
69782,1,inf
69831,1,inf
69865,1,inf
69874,1,inf
69904,1,inf
69908,1,inf
69944,1,inf
69968,1,inf
69991,1,inf
70100,1,inf
70121,1,inf
70160,1,inf
70171,1,inf
70202,1,inf
70229,1,inf
70422,1,inf
70431,1,inf
70443,1,inf
70443,1,inf
70547,1,inf
70636,1,inf
70643,1,inf
70774,1,inf
70776,1,inf
70778,1,inf
70811,1,inf
70862,1,inf
70864,1,inf
70899,1,inf
70939,1,inf
70952,1,inf
71028,1,inf
71060,1,inf
71075,1,inf
71089,1,inf
71152,1,inf
71157,1,inf
71223,1,inf
71227,1,inf
71382,1,inf
71396,1,inf
71413,1,inf
71471,1,inf
71475,1,inf
71482,1,inf
71497,1,inf
71506,1,inf
71548,1,inf
71575,1,inf
71653,1,inf
71662,1,inf
71745,1,inf
71750,1,inf
71761,1,inf
71767,1,inf
71784,1,inf
71790,1,inf
71797,1,inf
71861,1,inf
71881,1,inf
71881,1,inf
71920,1,inf
71984,1,inf
72040,1,inf
72046,1,inf
72050,1,inf
72091,1,inf
72107,1,inf
72171,1,inf
72316,1,inf
72337,1,inf
72351,1,inf
72360,1,inf
72384,1,inf
72405,1,inf
72418,1,inf
72437,1,inf
72451,1,inf
72465,1,inf
72490,1,inf
72491,1,inf
72493,1,inf
72560,1,inf
72591,1,inf
72612,1,inf
72612,1,inf
72658,1,inf
72680,1,inf
72683,1,inf
72685,1,inf
72733,1,inf
72743,1,inf
72748,1,inf
72749,1,inf
72831,1,inf
72842,1,inf
72887,1,inf
72904,1,inf
72921,1,inf
72928,1,inf
73014,1,inf
73022,1,inf
73038,1,inf
73060,1,inf
73072,1,inf
73116,1,inf
73119,1,inf
73145,1,inf
73161,1,inf
73163,1,inf
73166,1,inf
73198,1,inf
73203,1,inf
73231,1,inf
73261,1,inf
73349,1,inf
73404,1,inf
73428,1,inf
73442,1,inf
73458,1,inf
73483,1,inf
73493,1,inf
73536,1,inf
73641,1,inf
73672,1,inf
73736,1,inf
73741,1,inf
73770,1,inf
73825,1,inf
73833,1,inf
73876,1,inf
73905,1,inf
73950,1,inf
74018,1,inf
74055,1,inf
74068,1,inf
74113,1,inf
74117,1,inf
74186,1,inf
74187,1,inf
74214,1,inf
74257,1,inf
74267,1,inf
74278,1,inf
74279,1,inf
74337,1,inf
74404,1,inf
74421,1,inf
74447,1,inf
74465,1,inf
74473,1,inf
74518,1,inf
74590,1,inf
74599,1,inf
74647,1,inf
74692,1,inf
74710,1,inf
74711,1,inf
74729,1,inf
74768,1,inf
74798,1,inf
74878,1,inf
74880,1,inf
74893,1,inf
74916,1,inf
74985,1,inf
75018,1,inf
75074,1,inf
75096,1,inf
75119,1,inf
75177,1,inf
75217,1,inf
75219,1,inf
75240,1,inf
75274,1,inf
75294,1,inf
75296,1,inf
75327,1,inf
75328,1,inf
75381,1,inf
75400,1,inf
75406,1,inf
75411,1,inf
75464,1,inf
75505,1,inf
75530,1,inf
75601,1,inf
75617,1,inf
75651,1,inf
75729,1,inf
75788,1,inf
75795,1,inf
75795,1,inf
75800,1,inf
75835,1,inf
75860,1,inf
75878,1,inf
75889,1,inf
75894,1,inf
75903,1,inf
76033,1,inf
76036,1,inf
76041,1,inf
76060,1,inf
76093,1,inf
76096,1,inf
76211,1,inf
76226,1,inf
76245,1,inf
76258,1,inf
76273,1,inf
76385,1,inf
76417,1,inf
76428,1,inf
76453,1,inf
76458,1,inf
76490,1,inf
76503,1,inf
76507,1,inf
76522,1,inf
76529,1,inf
76592,1,inf
76596,1,inf
76606,1,inf
76672,1,inf
76681,1,inf
76689,1,inf
76706,1,inf
76717,1,inf
76731,1,inf
76747,1,inf
76803,1,inf
76807,1,inf
76821,1,inf
76863,1,inf
76880,1,inf
76881,1,inf
76882,1,inf
76891,1,inf
76894,1,inf
76906,1,inf
77005,1,inf
77114,1,inf
77163,1,inf
77180,1,inf
77188,1,inf
77222,1,inf
77222,1,inf
77244,1,inf
77264,1,inf
77327,1,inf
77331,1,inf
77355,1,inf
77361,1,inf
77363,1,inf
77384,1,inf
77435,1,inf
77440,1,inf
77460,1,inf
77467,1,inf
77477,1,inf
77481,1,inf
77494,1,inf
77621,1,inf
77685,1,inf
77686,1,inf
77691,1,inf
77691,1,inf
77720,1,inf
77722,1,inf
77765,1,inf
77777,1,inf
77777,1,inf
77783,1,inf
77811,1,inf
77876,1,inf
77898,1,inf
78034,1,inf
78079,1,inf
78083,1,inf
78112,1,inf
78163,1,inf
78187,1,inf
78231,1,inf
78255,1,inf
78354,1,inf
78371,1,inf
78382,1,inf
78482,1,inf
78542,1,inf
78554,1,inf
78626,1,inf
78637,1,inf
78658,1,inf
78688,1,inf
78724,1,inf
78730,1,inf
78761,1,inf
78814,1,inf
78891,1,inf
78909,1,inf
78912,1,inf
78915,1,inf
78953,1,inf
79002,1,inf
79007,1,inf
79008,1,inf
79082,1,inf
79116,1,inf
79136,1,inf
79178,1,inf
79186,1,inf
79196,1,inf
79226,1,inf
79227,1,inf
79253,1,inf
79265,1,inf
79280,1,inf
79331,1,inf
79366,1,inf
79392,1,inf
79393,1,inf
79401,1,inf
79410,1,inf
79416,1,inf
79489,1,inf
79489,1,inf
79507,1,inf
79539,1,inf
79592,1,inf
79635,1,inf
79656,1,inf
79694,1,inf
79735,1,inf
79750,1,inf
79756,1,inf
79757,1,inf
79772,1,inf
79778,1,inf
79783,1,inf
79801,1,inf
79832,1,inf
79883,1,inf
79963,1,inf
79972,1,inf
79983,1,inf
79985,1,inf
79988,1,inf
79991,1,inf
80009,1,inf
80013,1,inf
80020,1,inf
80033,1,inf
80034,1,inf
80042,1,inf
80095,1,inf
80118,1,inf
80199,1,inf
80340,1,inf
80375,1,inf
80378,1,inf
80378,1,inf
80432,1,inf
80445,1,inf
80461,1,inf
80496,1,inf
80547,1,inf
80590,1,inf
80602,1,inf
80614,1,inf
80622,1,inf
80646,1,inf
80652,1,inf
80691,1,inf
80703,1,inf
80703,1,inf
80705,1,inf
80738,1,inf
80811,1,inf
80875,1,inf
80875,1,inf
80930,1,inf
80945,1,inf
81000,1,inf
81008,1,inf
81051,1,inf
81058,1,inf
81058,1,inf
81094,1,inf
81101,1,inf
81104,1,inf
81158,1,inf
81276,1,inf
81335,1,inf
81447,1,inf
81631,1,inf
81650,1,inf
81675,1,inf
81689,1,inf
81699,1,inf
81728,1,inf
81730,1,inf
81732,1,inf
81765,1,inf
81868,1,inf
82053,1,inf
82057,1,inf
82078,1,inf
82149,1,inf
82150,1,inf
82186,1,inf
82218,1,inf
82223,1,inf
82251,1,inf
82320,1,inf
82415,1,inf
82426,1,inf
82449,1,inf
82468,1,inf
82470,1,inf
82484,1,inf
82486,1,inf
82496,1,inf
82516,1,inf
82518,1,inf
82530,1,inf
82558,1,inf
82562,1,inf
82568,1,inf
82581,1,inf
82584,1,inf
82585,1,inf
82600,1,inf
82615,1,inf
82629,1,inf
82711,1,inf
82726,1,inf
82737,1,inf
82738,1,inf
82763,1,inf
82763,1,inf
82789,1,inf
82835,1,inf
82844,1,inf
82894,1,inf
82899,1,inf
82905,1,inf
82910,1,inf
83029,1,inf
83165,1,inf
83195,1,inf
83199,1,inf
83224,1,inf
83233,1,inf
83254,1,inf
83265,1,inf
83375,1,inf
83377,1,inf
83403,1,inf
83445,1,inf
83474,1,inf
83511,1,inf
83523,1,inf
83526,1,inf
83537,1,inf
83538,1,inf
83551,1,inf
83563,1,inf
83574,1,inf
83599,1,inf
83651,1,inf
83652,1,inf
83654,1,inf
83664,1,inf
83666,1,inf
83680,1,inf
83699,1,inf
83712,1,inf
83738,1,inf
83741,1,inf
83741,1,inf
83807,1,inf
83833,1,inf
83841,1,inf
83923,1,inf
83925,1,inf
83928,1,inf
83934,1,inf
84020,1,inf
84098,1,inf
84110,1,inf
84142,1,inf
84182,1,inf
84184,1,inf
84200,1,inf
84220,1,inf
84250,1,inf
84261,1,inf
84298,1,inf
84312,1,inf
84336,1,inf
84341,1,inf
84376,1,inf
84404,1,inf
84440,1,inf
84462,1,inf
84486,1,inf
84496,1,inf
84529,1,inf
84544,1,inf
84550,1,inf
84552,1,inf
84553,1,inf
84601,1,inf
84610,1,inf
84623,1,inf
84624,1,inf
84626,1,inf
84646,1,inf
84663,1,inf
84697,1,inf
84750,1,inf
84759,1,inf
84797,1,inf
84809,1,inf
84833,1,inf
84856,1,inf
84870,1,inf
84926,1,inf
84992,1,inf
85001,1,inf
85004,1,inf
85004,1,inf
85005,1,inf
85010,1,inf
85054,1,inf
85082,1,inf
85088,1,inf
85107,1,inf
85145,1,inf
85166,1,inf
85203,1,inf
85219,1,inf
85220,1,inf
85223,1,inf
85238,1,inf
85288,1,inf
85294,1,inf
85399,1,inf
85440,1,inf
85443,1,inf
85461,1,inf
85473,1,inf
85474,1,inf
85528,1,inf
85541,1,inf
85547,1,inf
85614,1,inf
85639,1,inf
85649,1,inf
85671,1,inf
85725,1,inf
85737,1,inf
85745,1,inf
85773,1,inf
85904,1,inf
85921,1,inf
86002,1,inf
86027,1,inf
86028,1,inf
86069,1,inf
86076,1,inf
86078,1,inf
86085,1,inf
86090,1,inf
86103,1,inf
86158,1,inf
86178,1,inf
86222,1,inf
86227,1,inf
86246,1,inf
86270,1,inf
86316,1,inf
86417,1,inf
86430,1,inf
86459,1,inf
86485,1,inf
86488,1,inf
86661,1,inf
86666,1,inf
86673,1,inf
86677,1,inf
86680,1,inf
86698,1,inf
86700,1,inf
86732,1,inf
86745,1,inf
86753,1,inf
86797,1,inf
86805,1,inf
86850,1,inf
86874,1,inf
86887,1,inf
86908,1,inf
86908,1,inf
86912,1,inf
87013,1,inf
87031,1,inf
87037,1,inf
87077,1,inf
87169,1,inf
87178,1,inf
87204,1,inf
87277,1,inf
87290,1,inf
87295,1,inf
87298,1,inf
87303,1,inf
87325,1,inf
87374,1,inf
87393,1,inf
87446,1,inf
87495,1,inf
87507,1,inf
87508,1,inf
87509,1,inf
87540,1,inf
87584,1,inf
87589,1,inf
87595,1,inf
87600,1,inf
87608,1,inf
87640,1,inf
87643,1,inf
87729,1,inf
87750,1,inf
87782,1,inf
87817,1,inf
87831,1,inf
87856,1,inf
87861,1,inf
87904,1,inf
87916,1,inf
87923,1,inf
87946,1,inf
87958,1,inf
87971,1,inf
87988,1,inf
88013,1,inf
88017,1,inf
88024,1,inf
88053,1,inf
88054,1,inf
88064,1,inf
88067,1,inf
88107,1,inf
88127,1,inf
88140,1,inf
88181,1,inf
88217,1,inf
88222,1,inf
88223,1,inf
88251,1,inf
88260,1,inf
88269,1,inf
88286,1,inf
88287,1,inf
88315,1,inf
88326,1,inf
88355,1,inf
88370,1,inf
88451,1,inf
88469,1,inf
88483,1,inf
88491,1,inf
88572,1,inf
88618,1,inf
88666,1,inf
88667,1,inf
88756,1,inf
88816,1,inf
88822,1,inf
88862,1,inf
88871,1,inf
88889,1,inf
88951,1,inf
88985,1,inf
89006,1,inf
89145,1,inf
89150,1,inf
89157,1,inf
89159,1,inf
89195,1,inf
89216,1,inf
89254,1,inf
89264,1,inf
89356,1,inf
89361,1,inf
89363,1,inf
89418,1,inf
89429,1,inf
89460,1,inf
89552,1,inf
89563,1,inf
89609,1,inf
89612,1,inf
89624,1,inf
89644,1,inf
89731,1,inf
89738,1,inf
89788,1,inf
89793,1,inf
89804,1,inf
89847,1,inf
89866,1,inf
89919,1,inf
89923,1,inf
89925,1,inf
90031,1,inf
90144,1,inf
90144,1,inf
90183,1,inf
90264,1,inf
90271,1,inf
90308,1,inf
90340,1,inf
90360,1,inf
90364,1,inf
90367,1,inf
90442,1,inf
90480,1,inf
90489,1,inf
90493,1,inf
90494,1,inf
90529,1,inf
90544,1,inf
90561,1,inf
90599,1,inf
90623,1,inf
90637,1,inf
90653,1,inf
90655,1,inf
90656,1,inf
90751,1,inf
90753,1,inf
90825,1,inf
90888,1,inf
90897,1,inf
90899,1,inf
90930,1,inf
90933,1,inf
91048,1,inf
91105,1,inf
91145,1,inf
91146,1,inf
91159,1,inf
91201,1,inf
91224,1,inf
91260,1,inf
91262,1,inf
91274,1,inf
91351,1,inf
91430,1,inf
91438,1,inf
91469,1,inf
91482,1,inf
91494,1,inf
91587,1,inf
91591,1,inf
91655,1,inf
91657,1,inf
91657,1,inf
91664,1,inf
91665,1,inf
91810,1,inf
91825,1,inf
91828,1,inf
91887,1,inf
91907,1,inf
91918,1,inf
91920,1,inf
91955,1,inf
92001,1,inf
92021,1,inf
92071,1,inf
92108,1,inf
92117,1,inf
92235,1,inf
92351,1,inf
92351,1,inf
92358,1,inf
92403,1,inf
92417,1,inf
92473,1,inf
92531,1,inf
92545,1,inf
92557,1,inf
92578,1,inf
92618,1,inf
92624,1,inf
92640,1,inf
92656,1,inf
92662,1,inf
92709,1,inf
92738,1,inf
92746,1,inf
92748,1,inf
92765,1,inf
92805,1,inf
92842,1,inf
92865,1,inf
92928,1,inf
92960,1,inf
92971,1,inf
93030,1,inf
93049,1,inf
93077,1,inf
93154,1,inf
93158,1,inf
93177,1,inf
93212,1,inf
93221,1,inf
93237,1,inf
93340,1,inf
93405,1,inf
93414,1,inf
93452,1,inf
93464,1,inf
93492,1,inf
93503,1,inf
93527,1,inf
93550,1,inf
93553,1,inf
93554,1,inf
93567,1,inf
93585,1,inf
93588,1,inf
93617,1,inf
93657,1,inf
93679,1,inf
93750,1,inf
93753,1,inf
93785,1,inf
93799,1,inf
93817,1,inf
93819,1,inf
93829,1,inf
93851,1,inf
93882,1,inf
93906,1,inf
93933,1,inf
93941,1,inf
94023,1,inf
94050,1,inf
94077,1,inf
94101,1,inf
94116,1,inf
94242,1,inf
94267,1,inf
94313,1,inf
94323,1,inf
94330,1,inf
94350,1,inf
94361,1,inf
94362,1,inf
94378,1,inf
94382,1,inf
94393,1,inf
94406,1,inf
94408,1,inf
94423,1,inf
94479,1,inf
94511,1,inf
94519,1,inf
94546,1,inf
94605,1,inf
94616,1,inf
94627,1,inf
94653,1,inf
94676,1,inf
94706,1,inf
94761,1,inf
94766,1,inf
94795,1,inf
94803,1,inf
94826,1,inf
94839,1,inf
94887,1,inf
95134,1,inf
95149,1,inf
95157,1,inf
95243,1,inf
95255,1,inf
95286,1,inf
95289,1,inf
95308,1,inf
95325,1,inf
95380,1,inf
95431,1,inf
95438,1,inf
95444,1,inf
95463,1,inf
95493,1,inf
95497,1,inf
95543,1,inf
95680,1,inf
95718,1,inf
95725,1,inf
95749,1,inf
95783,1,inf
95798,1,inf
95830,1,inf
95841,1,inf
95851,1,inf
95872,1,inf
95882,1,inf
95910,1,inf
95945,1,inf
95966,1,inf
95970,1,inf
95970,1,inf
95999,1,inf
96000,1,inf
96000,1,inf
96006,1,inf
96007,1,inf
96023,1,inf
96032,1,inf
96048,1,inf
96080,1,inf
96107,1,inf
96114,1,inf
96121,1,inf
96163,1,inf
96186,1,inf
96211,1,inf
96242,1,inf
96259,1,inf
96290,1,inf
96304,1,inf
96340,1,inf
96357,1,inf
96385,1,inf
96395,1,inf
96531,1,inf
96558,1,inf
96571,1,inf
96590,1,inf
96597,1,inf
96616,1,inf
96634,1,inf
96661,1,inf
96668,1,inf
96690,1,inf
96725,1,inf
96775,1,inf
96861,1,inf
97008,1,inf
97044,1,inf
97096,1,inf
97119,1,inf
97126,1,inf
97199,1,inf
97205,1,inf
97226,1,inf
97233,1,inf
97234,1,inf
97262,1,inf
97335,1,inf
97402,1,inf
97412,1,inf
97457,1,inf
97490,1,inf
97513,1,inf
97560,1,inf
97573,1,inf
97573,1,inf
97585,1,inf
97605,1,inf
97607,1,inf
97616,1,inf
97673,1,inf
97675,1,inf
97695,1,inf
97708,1,inf
97737,1,inf
97777,1,inf
97782,1,inf
97840,1,inf
97847,1,inf
97873,1,inf
97877,1,inf
97881,1,inf
97910,1,inf
97922,1,inf
97948,1,inf
97952,1,inf
97964,1,inf
97971,1,inf
98011,1,inf
98037,1,inf
98052,1,inf
98067,1,inf
98092,1,inf
98096,1,inf
98129,1,inf
98152,1,inf
98163,1,inf
98164,1,inf
98208,1,inf
98210,1,inf
98213,1,inf
98221,1,inf
98234,1,inf
98258,1,inf
98288,1,inf
98395,1,inf
98396,1,inf
98430,1,inf
98475,1,inf
98489,1,inf
98491,1,inf
98511,1,inf
98521,1,inf
98625,1,inf
98638,1,inf
98676,1,inf
98686,1,inf
98736,1,inf
98736,1,inf
98755,1,inf
98776,1,inf
98793,1,inf
98805,1,inf
98841,1,inf
98883,1,inf
98905,1,inf
98967,1,inf
98971,1,inf
99030,1,inf
99041,1,inf
99063,1,inf
99087,1,inf
99093,1,inf
99103,1,inf
99114,1,inf
99152,1,inf
99178,1,inf
99233,1,inf
99247,1,inf
99253,1,inf
99262,1,inf
99296,1,inf
99357,1,inf
99432,1,inf
99439,1,inf
99459,1,inf
99491,1,inf
99494,1,inf
99522,1,inf
99570,1,inf
99607,1,inf
99607,1,inf
99619,1,inf
99627,1,inf
99630,1,inf
99674,1,inf
99687,1,inf
99755,1,inf
99782,1,inf
99854,1,inf
99873,1,inf
99889,1,inf
99914,1,inf
99931,1,inf
99993,1,inf
99994,1,inf
100022,1,inf
100041,1,inf
100100,1,inf
100233,1,inf
100265,1,inf
100281,1,inf
100290,1,inf
100389,1,inf
100402,1,inf
100424,1,inf
100428,1,inf
100453,1,inf
100460,1,inf
100487,1,inf
100522,1,inf
100551,1,inf
100561,1,inf
100582,1,inf
100585,1,inf
100589,1,inf
100589,1,inf
100591,1,inf
100619,1,inf
100684,1,inf
100685,1,inf
100715,1,inf
100741,1,inf
100769,1,inf
100772,1,inf
100818,1,inf
100831,1,inf
100833,1,inf
100928,1,inf
100957,1,inf
100959,1,inf
100969,1,inf
101018,1,inf
101038,1,inf
101092,1,inf
101111,1,inf
101218,1,inf
101231,1,inf
101235,1,inf
101278,1,inf
101307,1,inf
101332,1,inf
101346,1,inf
101380,1,inf
101381,1,inf
101386,1,inf
101391,1,inf
101394,1,inf
101400,1,inf
101414,1,inf
101424,1,inf
101449,1,inf
101490,1,inf
101502,1,inf
101526,1,inf
101545,1,inf
101769,1,inf
101793,1,inf
101824,1,inf
101824,1,inf
101829,1,inf
101850,1,inf
101895,1,inf
101946,1,inf
102014,1,inf
102018,1,inf
102028,1,inf
102056,1,inf
102103,1,inf
102112,1,inf
102120,1,inf
102165,1,inf
102220,1,inf
102223,1,inf
102261,1,inf
102321,1,inf
102334,1,inf
102337,1,inf
102398,1,inf
102419,1,inf
102434,1,inf
102441,1,inf
102464,1,inf
102499,1,inf
102505,1,inf
102525,1,inf
102594,1,inf
102603,1,inf
102678,1,inf
102746,1,inf
102794,1,inf
102806,1,inf
102863,1,inf
102892,1,inf
102893,1,inf
102903,1,inf
102903,1,inf
102912,1,inf
102942,1,inf
103013,1,inf
103017,1,inf
103026,1,inf
103052,1,inf
103144,1,inf
103156,1,inf
103200,1,inf
103201,1,inf
103221,1,inf
103264,1,inf
103287,1,inf
103295,1,inf
103302,1,inf
103334,1,inf
103388,1,inf
103428,1,inf
103449,1,inf
103538,1,inf
103557,1,inf
103560,1,inf
103561,1,inf
103735,1,inf
103810,1,inf
103839,1,inf
103921,1,inf
103950,1,inf
103995,1,inf
104009,1,inf
104018,1,inf
104019,1,inf
104033,1,inf
104056,1,inf
104079,1,inf
104116,1,inf
104126,1,inf
104178,1,inf
104196,1,inf
104227,1,inf
104251,1,inf
104259,1,inf
104297,1,inf
104307,1,inf
104392,1,inf
104402,1,inf
104426,1,inf
104440,1,inf
104550,1,inf
104634,1,inf
104671,1,inf
104680,1,inf
104708,1,inf
104790,1,inf
104791,1,inf
104792,1,inf
104814,1,inf
104833,1,inf
104864,1,inf
104869,1,inf
104897,1,inf
104903,1,inf
104913,1,inf
104917,1,inf
104937,1,inf
104939,1,inf
104954,1,inf
105085,1,inf
105112,1,inf
105125,1,inf
105130,1,inf
105139,1,inf
105173,1,inf
105205,1,inf
105209,1,inf
105237,1,inf
105267,1,inf
105270,1,inf
105271,1,inf
105281,1,inf
105285,1,inf
105309,1,inf
105322,1,inf
105323,1,inf
105402,1,inf
105417,1,inf
105426,1,inf
105458,1,inf
105501,1,inf
105505,1,inf
105510,1,inf
105532,1,inf
105533,1,inf
105578,1,inf
105584,1,inf
105610,1,inf
105625,1,inf
105635,1,inf
105647,1,inf
105648,1,inf
105730,1,inf
105798,1,inf
105811,1,inf
105853,1,inf
105863,1,inf
106015,1,inf
106022,1,inf
106042,1,inf
106069,1,inf
106075,1,inf
106090,1,inf
106095,1,inf
106147,1,inf
106166,1,inf
106171,1,inf
106172,1,inf
106177,1,inf
106192,1,inf
106280,1,inf
106311,1,inf
106325,1,inf
106327,1,inf
106339,1,inf
106343,1,inf
106361,1,inf
106403,1,inf
106417,1,inf
106470,1,inf
106492,1,inf
106511,1,inf
106545,1,inf
106552,1,inf
106615,1,inf
106645,1,inf
106656,1,inf
106675,1,inf
106675,1,inf
106707,1,inf
106725,1,inf
106728,1,inf
106745,1,inf
106750,1,inf
106792,1,inf
106807,1,inf
106912,1,inf
106932,1,inf
107016,1,inf
107024,1,inf
107114,1,inf
107115,1,inf
107133,1,inf
107151,1,inf
107155,1,inf
107230,1,inf
107234,1,inf
107274,1,inf
107310,1,inf
107335,1,inf
107352,1,inf
107472,1,inf
107474,1,inf
107478,1,inf
107514,1,inf
107514,1,inf
107526,1,inf
107565,1,inf
107570,1,inf
107617,1,inf
107680,1,inf
107681,1,inf
107705,1,inf
107722,1,inf
107789,1,inf
107818,1,inf
107849,1,inf
107883,1,inf
107890,1,inf
107903,1,inf
107909,1,inf
107936,1,inf
108011,1,inf
108076,1,inf
108102,1,inf
108149,1,inf
108166,1,inf
108168,1,inf
108176,1,inf
108258,1,inf
108319,1,inf
108336,1,inf
108336,1,inf
108340,1,inf
108361,1,inf
108373,1,inf
108376,1,inf
108376,1,inf
108396,1,inf
108413,1,inf
108471,1,inf
108523,1,inf
108573,1,inf
108588,1,inf
108630,1,inf
108712,1,inf
108716,1,inf
108747,1,inf
108766,1,inf
108875,1,inf
108951,1,inf
108963,1,inf
109000,1,inf
109006,1,inf
109015,1,inf
109017,1,inf
109018,1,inf
109049,1,inf
109074,1,inf
109114,1,inf
109136,1,inf
109144,1,inf
109145,1,inf
109153,1,inf
109182,1,inf
109185,1,inf
109206,1,inf
109224,1,inf
109285,1,inf
109307,1,inf
109328,1,inf
109342,1,inf
109366,1,inf
109421,1,inf
109426,1,inf
109433,1,inf
109459,1,inf
109470,1,inf
109516,1,inf
109532,1,inf
109544,1,inf
109553,1,inf
109559,1,inf
109588,1,inf
109596,1,inf
109603,1,inf
109634,1,inf
109635,1,inf
109652,1,inf
109663,1,inf
109675,1,inf
109692,1,inf
109709,1,inf
109723,1,inf
109730,1,inf
109733,1,inf
109749,1,inf
109757,1,inf
109773,1,inf
109775,1,inf
109788,1,inf
109816,1,inf
109833,1,inf
109870,1,inf
109880,1,inf
109910,1,inf
110078,1,inf
110110,1,inf
110163,1,inf
110184,1,inf
110218,1,inf
110234,1,inf
110238,1,inf
110248,1,inf
110263,1,inf
110287,1,inf
110321,1,inf
110329,1,inf
110333,1,inf
110357,1,inf
110365,1,inf
110379,1,inf
110382,1,inf
110437,1,inf
110457,1,inf
110462,1,inf
110820,1,inf
110836,1,inf
110848,1,inf
110854,1,inf
110889,1,inf
110910,1,inf
110915,1,inf
110925,1,inf
110927,1,inf
110934,1,inf
110962,1,inf
111029,1,inf
111060,1,inf
111069,1,inf
111113,1,inf
111124,1,inf
111127,1,inf
111145,1,inf
111165,1,inf
111251,1,inf
111253,1,inf
111253,1,inf
111270,1,inf
111303,1,inf
111307,1,inf
111317,1,inf
111328,1,inf
111421,1,inf
111430,1,inf
111515,1,inf
111549,1,inf
111560,1,inf
111577,1,inf
111590,1,inf
111667,1,inf
111673,1,inf
111714,1,inf
111730,1,inf
111774,1,inf
111776,1,inf
111779,1,inf
111780,1,inf
111782,1,inf
111787,1,inf
111789,1,inf
111888,1,inf
111903,1,inf
111912,1,inf
111915,1,inf
111916,1,inf
111922,1,inf
111952,1,inf
111977,1,inf
112094,1,inf
112123,1,inf
112154,1,inf
112172,1,inf
112182,1,inf
112188,1,inf
112196,1,inf
112198,1,inf
112280,1,inf
112302,1,inf
112310,1,inf
112319,1,inf
112324,1,inf
112327,1,inf
112341,1,inf
112388,1,inf
112417,1,inf
112427,1,inf
112478,1,inf
112515,1,inf
112581,1,inf
112590,1,inf
112640,1,inf
112694,1,inf
112734,1,inf
112792,1,inf
112871,1,inf
112875,1,inf
112877,1,inf
112882,1,inf
112956,1,inf
112965,1,inf
113009,1,inf
113016,1,inf
113032,1,inf
113043,1,inf
113072,1,inf
113135,1,inf
113146,1,inf
113157,1,inf
113206,1,inf
113246,1,inf
113252,1,inf
113286,1,inf
113298,1,inf
113477,1,inf
113478,1,inf
113482,1,inf
113488,1,inf
113515,1,inf
113573,1,inf
113589,1,inf
113630,1,inf
113653,1,inf
113775,1,inf
113813,1,inf
113861,1,inf
113890,1,inf
113894,1,inf
113894,1,inf
113896,1,inf
113957,1,inf
114032,1,inf
114042,1,inf
114054,1,inf
114065,1,inf
114077,1,inf
114116,1,inf
114189,1,inf
114212,1,inf
114213,1,inf
114275,1,inf
114284,1,inf
114288,1,inf
114422,1,inf
114424,1,inf
114435,1,inf
114472,1,inf
114478,1,inf
114505,1,inf
114533,1,inf
114630,1,inf
114678,1,inf
114688,1,inf
114710,1,inf
114768,1,inf
114775,1,inf
114811,1,inf
114845,1,inf
114869,1,inf
114945,1,inf
115002,1,inf
115024,1,inf
115037,1,inf
115041,1,inf
115081,1,inf
115088,1,inf
115153,1,inf
115155,1,inf
115207,1,inf
115209,1,inf
115219,1,inf
115224,1,inf
115340,1,inf
115392,1,inf
115413,1,inf
115414,1,inf
115415,1,inf
115433,1,inf
115453,1,inf
115507,1,inf
115561,1,inf
115575,1,inf
115585,1,inf
115622,1,inf
115623,1,inf
115653,1,inf
115669,1,inf
115722,1,inf
115738,1,inf
115853,1,inf
115899,1,inf
115928,1,inf
115932,1,inf
116018,1,inf
116029,1,inf
116042,1,inf
116043,1,inf
116043,1,inf
116098,1,inf
116146,1,inf
116235,1,inf
116255,1,inf
116257,1,inf
116309,1,inf
116317,1,inf
116334,1,inf
116352,1,inf
116379,1,inf
116427,1,inf
116429,1,inf
116439,1,inf
116462,1,inf
116464,1,inf
116466,1,inf
116485,1,inf
116570,1,inf
116625,1,inf
116654,1,inf
116658,1,inf
116672,1,inf
116681,1,inf
116687,1,inf
116722,1,inf
116727,1,inf
116733,1,inf
116741,1,inf
116804,1,inf
116828,1,inf
116839,1,inf
117015,1,inf
117052,1,inf
117071,1,inf
117077,1,inf
117085,1,inf
117094,1,inf
117100,1,inf
117105,1,inf
117105,1,inf
117144,1,inf
117146,1,inf
117227,1,inf
117285,1,inf
117292,1,inf
117331,1,inf
117365,1,inf
117372,1,inf
117412,1,inf
117473,1,inf
117500,1,inf
117526,1,inf
117531,1,inf
117539,1,inf
117569,1,inf
117573,1,inf
117656,1,inf
117675,1,inf
117705,1,inf
117742,1,inf
117747,1,inf
117786,1,inf
117802,1,inf
117874,1,inf
118004,1,inf
118040,1,inf
118103,1,inf
118154,1,inf
118181,1,inf
118193,1,inf
118203,1,inf
118298,1,inf
118298,1,inf
118314,1,inf
118316,1,inf
118319,1,inf
118321,1,inf
118349,1,inf
118483,1,inf
118492,1,inf
118544,1,inf
118554,1,inf
118558,1,inf
118574,1,inf
118605,1,inf
118614,1,inf
118653,1,inf
118658,1,inf
118704,1,inf
118739,1,inf
118741,1,inf
118751,1,inf
118773,1,inf
118773,1,inf
118889,1,inf
118937,1,inf
118967,1,inf
119025,1,inf
119027,1,inf
119032,1,inf
119155,1,inf
119186,1,inf
119186,1,inf
119235,1,inf
119247,1,inf
119248,1,inf
119283,1,inf
119333,1,inf
119370,1,inf
119379,1,inf
119393,1,inf
119445,1,inf
119549,1,inf
119583,1,inf
119585,1,inf
119600,1,inf
119601,1,inf
119602,1,inf
119614,1,inf
119672,1,inf
119688,1,inf
119706,1,inf
119773,1,inf
119782,1,inf
119837,1,inf
119844,1,inf
119866,1,inf
119882,1,inf
119909,1,inf
119949,1,inf
120023,1,inf
120047,1,inf
120049,1,inf
120057,1,inf
120086,1,inf
120097,1,inf
120101,1,inf
120106,1,inf
120139,1,inf
120140,1,inf
120146,1,inf
120161,1,inf
120168,1,inf
120175,1,inf
120178,1,inf
120199,1,inf
120208,1,inf
120312,1,inf
120326,1,inf
120347,1,inf
120356,1,inf
120371,1,inf
120388,1,inf
120393,1,inf
120437,1,inf
120459,1,inf
120478,1,inf
120481,1,inf
120487,1,inf
120490,1,inf
120529,1,inf
120561,1,inf
120573,1,inf
120587,1,inf
120592,1,inf
120601,1,inf
120609,1,inf
120623,1,inf
120634,1,inf
120637,1,inf
120684,1,inf
120732,1,inf
120765,1,inf
120786,1,inf
120803,1,inf
120848,1,inf
120859,1,inf
120864,1,inf
120867,1,inf
120868,1,inf
120885,1,inf
120935,1,inf
120941,1,inf
120966,1,inf
121007,1,inf
121048,1,inf
121054,1,inf
121067,1,inf
121123,1,inf
121145,1,inf
121156,1,inf
121198,1,inf
121207,1,inf
121214,1,inf
121231,1,inf
121332,1,inf
121343,1,inf
121358,1,inf
121368,1,inf
121400,1,inf
121413,1,inf
121420,1,inf
121541,1,inf
121565,1,inf
121577,1,inf
121631,1,inf
121634,1,inf
121674,1,inf
121716,1,inf
121724,1,inf
121784,1,inf
121805,1,inf
121920,1,inf
121939,1,inf
122097,1,inf
122106,1,inf
122210,1,inf
122219,1,inf
122223,1,inf
122269,1,inf
122274,1,inf
122299,1,inf
122318,1,inf
122357,1,inf
122372,1,inf
122382,1,inf
122424,1,inf
122458,1,inf
122460,1,inf
122485,1,inf
122485,1,inf
122527,1,inf
122535,1,inf
122594,1,inf
122599,1,inf
122655,1,inf
122670,1,inf
122677,1,inf
122704,1,inf
122705,1,inf
122732,1,inf
122741,1,inf
122786,1,inf
122809,1,inf
123004,1,inf
123018,1,inf
123033,1,inf
123046,1,inf
123058,1,inf
123134,1,inf
123137,1,inf
123158,1,inf
123178,1,inf
123204,1,inf
123213,1,inf
123235,1,inf
123238,1,inf
123303,1,inf
123310,1,inf
123323,1,inf
123327,1,inf
123339,1,inf
123355,1,inf
123358,1,inf
123366,1,inf
123382,1,inf
123386,1,inf
123391,1,inf
123424,1,inf
123470,1,inf
123493,1,inf
123497,1,inf
123514,1,inf
123542,1,inf
123553,1,inf
123577,1,inf
123578,1,inf
123606,1,inf
123624,1,inf
123627,1,inf
123650,1,inf
123674,1,inf
123677,1,inf
123750,1,inf
123752,1,inf
123857,1,inf
123888,1,inf
123931,1,inf
123955,1,inf
124003,1,inf
124087,1,inf
124096,1,inf
124099,1,inf
124117,1,inf
124145,1,inf
124167,1,inf
124194,1,inf
124199,1,inf
124212,1,inf
124217,1,inf
124219,1,inf
124303,1,inf
124372,1,inf
124379,1,inf
124454,1,inf
124465,1,inf
124478,1,inf
124489,1,inf
124521,1,inf
124567,1,inf
124632,1,inf
124655,1,inf
124665,1,inf
124689,1,inf
124721,1,inf
124732,1,inf
124745,1,inf
124750,1,inf
124768,1,inf
124775,1,inf
124787,1,inf
124896,1,inf
124950,1,inf
124954,1,inf
124968,1,inf
124969,1,inf
124976,1,inf
125013,1,inf
125040,1,inf
125049,1,inf
125068,1,inf
125069,1,inf
125149,1,inf
125179,1,inf
125209,1,inf
125230,1,inf
125277,1,inf
125339,1,inf
125382,1,inf
125389,1,inf
125406,1,inf
125431,1,inf
125432,1,inf
125469,1,inf
125474,1,inf
125493,1,inf
125497,1,inf
125501,1,inf
125553,1,inf
125584,1,inf
125594,1,inf
125617,1,inf
125629,1,inf
125629,1,inf
125631,1,inf
125653,1,inf
125746,1,inf
125776,1,inf
125778,1,inf
125854,1,inf
125899,1,inf
125949,1,inf
125950,1,inf
125964,1,inf
126012,1,inf
126012,1,inf
126046,1,inf
126147,1,inf
126161,1,inf
126270,1,inf
126278,1,inf
126304,1,inf
126329,1,inf
126370,1,inf
126386,1,inf
126387,1,inf
126390,1,inf
126393,1,inf
126421,1,inf
126448,1,inf
126472,1,inf
126507,1,inf
126528,1,inf
126555,1,inf
126579,1,inf
126723,1,inf
126728,1,inf
126769,1,inf
126770,1,inf
126786,1,inf
126806,1,inf
126823,1,inf
126870,1,inf
126884,1,inf
126913,1,inf
127018,1,inf
127068,1,inf
127237,1,inf
127244,1,inf
127303,1,inf
127304,1,inf
127307,1,inf
127400,1,inf
127406,1,inf
127413,1,inf
127426,1,inf
127453,1,inf
127469,1,inf
127509,1,inf
127563,1,inf
127593,1,inf
127656,1,inf
127704,1,inf
127738,1,inf
127739,1,inf
127758,1,inf
127791,1,inf
127797,1,inf
127830,1,inf
127837,1,inf
127842,1,inf
127883,1,inf
127895,1,inf
127916,1,inf
127941,1,inf
128005,1,inf
128043,1,inf
128099,1,inf
128101,1,inf
128103,1,inf
128128,1,inf
128141,1,inf
128164,1,inf
128247,1,inf
128259,1,inf
128266,1,inf
128295,1,inf
128317,1,inf
128340,1,inf
128364,1,inf
128408,1,inf
128427,1,inf
128437,1,inf
128484,1,inf
128562,1,inf
128582,1,inf
128587,1,inf
128626,1,inf
128650,1,inf
128665,1,inf
128739,1,inf
128748,1,inf
128791,1,inf
128801,1,inf
128833,1,inf
128837,1,inf
128842,1,inf
128842,1,inf
128873,1,inf
128880,1,inf
128926,1,inf
128944,1,inf
128951,1,inf
128974,1,inf
128985,1,inf
128986,1,inf
128997,1,inf
129047,1,inf
129083,1,inf
129093,1,inf
129118,1,inf
129136,1,inf
129141,1,inf
129143,1,inf
129150,1,inf
129156,1,inf
129236,1,inf
129258,1,inf
129271,1,inf
129281,1,inf
129283,1,inf
129285,1,inf
129335,1,inf
129416,1,inf
129471,1,inf
129502,1,inf
129529,1,inf
129538,1,inf
129553,1,inf
129580,1,inf
129586,1,inf
129602,1,inf
129602,1,inf
129632,1,inf
129658,1,inf
129664,1,inf
129669,1,inf
129673,1,inf
129698,1,inf
129706,1,inf
129789,1,inf
129831,1,inf
129925,1,inf
129933,1,inf
129945,1,inf
129949,1,inf
129959,1,inf
130014,1,inf
130019,1,inf
130032,1,inf
130085,1,inf
130199,1,inf
130201,1,inf
130219,1,inf
130265,1,inf
130314,1,inf
130324,1,inf
130378,1,inf
130393,1,inf
130393,1,inf
130410,1,inf
130420,1,inf
130425,1,inf
130451,1,inf
130487,1,inf
130543,1,inf
130616,1,inf
130639,1,inf
130750,1,inf
130770,1,inf
130782,1,inf
130784,1,inf
130830,1,inf
130853,1,inf
130861,1,inf
130872,1,inf
130874,1,inf
130914,1,inf
130915,1,inf
130928,1,inf
131086,1,inf
131116,1,inf
131164,1,inf
131194,1,inf
131302,1,inf
131303,1,inf
131305,1,inf
131331,1,inf
131346,1,inf
131356,1,inf
131417,1,inf
131432,1,inf
131452,1,inf
131495,1,inf
131511,1,inf
131553,1,inf
131558,1,inf
131562,1,inf
131564,1,inf
131577,1,inf
131578,1,inf
131618,1,inf
131634,1,inf
131657,1,inf
131674,1,inf
131692,1,inf
131705,1,inf
131714,1,inf
131733,1,inf
131745,1,inf
131770,1,inf
131799,1,inf
131810,1,inf
131816,1,inf
131849,1,inf
131891,1,inf
131930,1,inf
131935,1,inf
131950,1,inf
131956,1,inf
131960,1,inf
132030,1,inf
132095,1,inf
132178,1,inf
132184,1,inf
132231,1,inf
132232,1,inf
132232,1,inf
132233,1,inf
132237,1,inf
132312,1,inf
132355,1,inf
132382,1,inf
132415,1,inf
132441,1,inf
132531,1,inf
132531,1,inf
132568,1,inf
132580,1,inf
132584,1,inf
132631,1,inf
132769,1,inf
132781,1,inf
132785,1,inf
132792,1,inf
132796,1,inf
132828,1,inf
132854,1,inf
132875,1,inf
132885,1,inf
132914,1,inf
132920,1,inf
133031,1,inf
133034,1,inf
133036,1,inf
133046,1,inf
133071,1,inf
133145,1,inf
133198,1,inf
133221,1,inf
133229,1,inf
133241,1,inf
133323,1,inf
133461,1,inf
133500,1,inf
133535,1,inf
133593,1,inf
133715,1,inf
133856,1,inf
133867,1,inf
133936,1,inf
133961,1,inf
133979,1,inf
133997,1,inf
133997,1,inf
133999,1,inf
134018,1,inf
134054,1,inf
134073,1,inf
134088,1,inf
134147,1,inf
134150,1,inf
134176,1,inf
134187,1,inf
134258,1,inf
134271,1,inf
134289,1,inf
134300,1,inf
134358,1,inf
134362,1,inf
134377,1,inf
134428,1,inf
134450,1,inf
134450,1,inf
134458,1,inf
134459,1,inf
134533,1,inf
134551,1,inf
134564,1,inf
134598,1,inf
134601,1,inf
134624,1,inf
134627,1,inf
134660,1,inf
134768,1,inf
134826,1,inf
134847,1,inf
134859,1,inf
134861,1,inf
134866,1,inf
134905,1,inf
134933,1,inf
134962,1,inf
135015,1,inf
135026,1,inf
135059,1,inf
135063,1,inf
135074,1,inf
135144,1,inf
135220,1,inf
135235,1,inf
135235,1,inf
135247,1,inf
135260,1,inf
135292,1,inf
135303,1,inf
135371,1,inf
135483,1,inf
135654,1,inf
135676,1,inf
135717,1,inf
135742,1,inf
135812,1,inf
135821,1,inf
135828,1,inf
135839,1,inf
135848,1,inf
135870,1,inf
135888,1,inf
135893,1,inf
135973,1,inf
136066,1,inf
136092,1,inf
136101,1,inf
136124,1,inf
136147,1,inf
136203,1,inf
136204,1,inf
136214,1,inf
136221,1,inf
136227,1,inf
136242,1,inf
136257,1,inf
136262,1,inf
136269,1,inf
136315,1,inf
136332,1,inf
136378,1,inf
136378,1,inf
136418,1,inf
136491,1,inf
136508,1,inf
136546,1,inf
136561,1,inf
136568,1,inf
136576,1,inf
136597,1,inf
136669,1,inf
136683,1,inf
136731,1,inf
136754,1,inf
136769,1,inf
136791,1,inf
136800,1,inf
136909,1,inf
136963,1,inf
137049,1,inf
137051,1,inf
137078,1,inf
137109,1,inf
137110,1,inf
137130,1,inf
137189,1,inf
137221,1,inf
137273,1,inf
137273,1,inf
137300,1,inf
137321,1,inf
137329,1,inf
137365,1,inf
137370,1,inf
137403,1,inf
137459,1,inf
137464,1,inf
137477,1,inf
137494,1,inf
137517,1,inf
137591,1,inf
137596,1,inf
137614,1,inf
137629,1,inf
137676,1,inf
137683,1,inf
137734,1,inf
137750,1,inf
137796,1,inf
137825,1,inf
137874,1,inf
137875,1,inf
137881,1,inf
138046,1,inf
138074,1,inf
138083,1,inf
138089,1,inf
138097,1,inf
138132,1,inf
138197,1,inf
138211,1,inf
138214,1,inf
138230,1,inf
138329,1,inf
138342,1,inf
138355,1,inf
138358,1,inf
138375,1,inf
138380,1,inf
138410,1,inf
138413,1,inf
138423,1,inf
138440,1,inf
138446,1,inf
138448,1,inf
138451,1,inf
138461,1,inf
138499,1,inf
138526,1,inf
138579,1,inf
138629,1,inf
138631,1,inf
138668,1,inf
138756,1,inf
138822,1,inf
138855,1,inf
138870,1,inf
138873,1,inf
138920,1,inf
138925,1,inf
139011,1,inf
139013,1,inf
139064,1,inf
139096,1,inf
139109,1,inf
139172,1,inf
139172,1,inf
139179,1,inf
139182,1,inf
139189,1,inf
139247,1,inf
139253,1,inf
139264,1,inf
139267,1,inf
139292,1,inf
139293,1,inf
139331,1,inf
139368,1,inf
139373,1,inf
139377,1,inf
139378,1,inf
139396,1,inf
139437,1,inf
139463,1,inf
139465,1,inf
139503,1,inf
139511,1,inf
139531,1,inf
139567,1,inf
139587,1,inf
139588,1,inf
139597,1,inf
139632,1,inf
139662,1,inf
139671,1,inf
139673,1,inf
139683,1,inf
139742,1,inf
139768,1,inf
139881,1,inf
139938,1,inf
139961,1,inf
140044,1,inf
140123,1,inf
140170,1,inf
140176,1,inf
140189,1,inf
140205,1,inf
140230,1,inf
140261,1,inf
140301,1,inf
140355,1,inf
140415,1,inf
140435,1,inf
140444,1,inf
140446,1,inf
140494,1,inf
140617,1,inf
140648,1,inf
140659,1,inf
140685,1,inf
140690,1,inf
140709,1,inf
140730,1,inf
140732,1,inf
140735,1,inf
140750,1,inf
140769,1,inf
140833,1,inf
140853,1,inf
140862,1,inf
140900,1,inf
140932,1,inf
140951,1,inf
141023,1,inf
141028,1,inf
141030,1,inf
141031,1,inf
141036,1,inf
141046,1,inf
141064,1,inf
141074,1,inf
141140,1,inf
141164,1,inf
141175,1,inf
141205,1,inf
141218,1,inf
141232,1,inf
141288,1,inf
141332,1,inf
141374,1,inf
141374,1,inf
141434,1,inf
141470,1,inf
141473,1,inf
141529,1,inf
141573,1,inf
141603,1,inf
141608,1,inf
141631,1,inf
141644,1,inf
141657,1,inf
141765,1,inf
141768,1,inf
141805,1,inf
141814,1,inf
141855,1,inf
141883,1,inf
141895,1,inf
141922,1,inf
141929,1,inf
141939,1,inf
141946,1,inf
141953,1,inf
142068,1,inf
142077,1,inf
142081,1,inf
142134,1,inf
142146,1,inf
142154,1,inf
142174,1,inf
142206,1,inf
142208,1,inf
142221,1,inf
142265,1,inf
142320,1,inf
142442,1,inf
142458,1,inf
142496,1,inf
142514,1,inf
142528,1,inf
142550,1,inf
142562,1,inf
142605,1,inf
142624,1,inf
142652,1,inf
142669,1,inf
142675,1,inf
142696,1,inf
142726,1,inf
142778,1,inf
142787,1,inf
142813,1,inf
142861,1,inf
142896,1,inf
142935,1,inf
142945,1,inf
143092,1,inf
143131,1,inf
143152,1,inf
143225,1,inf
143235,1,inf
143236,1,inf
143246,1,inf
143299,1,inf
143322,1,inf
143338,1,inf
143369,1,inf
143370,1,inf
143381,1,inf
143401,1,inf
143409,1,inf
143420,1,inf
143473,1,inf
143573,1,inf
143584,1,inf
143692,1,inf
143695,1,inf
143714,1,inf
143733,1,inf
143737,1,inf
143821,1,inf
143839,1,inf
143845,1,inf
143847,1,inf
143870,1,inf
144022,1,inf
144024,1,inf
144035,1,inf
144036,1,inf
144038,1,inf
144160,1,inf
144183,1,inf
144205,1,inf
144254,1,inf
144259,1,inf
144261,1,inf
144268,1,inf
144280,1,inf
144334,1,inf
144355,1,inf
144362,1,inf
144389,1,inf
144398,1,inf
144479,1,inf
144487,1,inf
144535,1,inf
144545,1,inf
144566,1,inf
144585,1,inf
144588,1,inf
144601,1,inf
144711,1,inf
144735,1,inf
144744,1,inf
144746,1,inf
144850,1,inf
144855,1,inf
144861,1,inf
144873,1,inf
145011,1,inf
145026,1,inf
145028,1,inf
145038,1,inf
145053,1,inf
145078,1,inf
145155,1,inf
145186,1,inf
145188,1,inf
145235,1,inf
145260,1,inf
145307,1,inf
145320,1,inf
145365,1,inf
145371,1,inf
145392,1,inf
145410,1,inf
145414,1,inf
145455,1,inf
145480,1,inf
145486,1,inf
145502,1,inf
145533,1,inf
145552,1,inf
145560,1,inf
145570,1,inf
145603,1,inf
145650,1,inf
145735,1,inf
145739,1,inf
145764,1,inf
145778,1,inf
145798,1,inf
145821,1,inf
