45,1,inf
53,1,inf
69,1,inf
85,1,inf
103,1,inf
134,1,inf
137,1,inf
148,1,inf
158,1,inf
181,1,inf
184,1,inf
240,1,inf
286,1,inf
304,1,inf
307,1,inf
348,1,inf
440,1,inf
471,1,inf
513,1,inf
548,1,inf
561,1,inf
564,1,inf
565,1,inf
581,1,inf
626,1,inf
698,1,inf
731,1,inf
734,1,inf
842,1,inf
864,1,inf
944,1,inf
975,1,inf
998,1,inf
1006,1,inf
1018,1,inf
1024,1,inf
1028,1,inf
1051,1,inf
1072,1,inf
1081,1,inf
1084,1,inf
1089,1,inf
1101,1,inf
1210,1,inf
1229,1,inf
1251,1,inf
1282,1,inf
1286,1,inf
1288,1,inf
1290,1,inf
1296,1,inf
1412,1,inf
1442,1,inf
1482,1,inf
1483,1,inf
1484,1,inf
1538,1,inf
1540,1,inf
1579,1,inf
1620,1,inf
1627,1,inf
1674,1,inf
1702,1,inf
1757,1,inf
1837,1,inf
1853,1,inf
1857,1,inf
1914,1,inf
2002,1,inf
2004,1,inf
2032,1,inf
2056,1,inf
2146,1,inf
2146,1,inf
2159,1,inf
2181,1,inf
2185,1,inf
2203,1,inf
2320,1,inf
2328,1,inf
2360,1,inf
2361,1,inf
2369,1,inf
2495,1,inf
2520,1,inf
2545,1,inf
2573,1,inf
2594,1,inf
2692,1,inf
2693,1,inf
2721,1,inf
2765,1,inf
2775,1,inf
2778,1,inf
2795,1,inf
2845,1,inf
2882,1,inf
2897,1,inf
2959,1,inf
2966,1,inf
3024,1,inf
3037,1,inf
3051,1,inf
3077,1,inf
3097,1,inf
3167,1,inf
3210,1,inf
3300,1,inf
3324,1,inf
3326,1,inf
3331,1,inf
3372,1,inf
3402,1,inf
3414,1,inf
3416,1,inf
3446,1,inf
3488,1,inf
3519,1,inf
3583,1,inf
3662,1,inf
3669,1,inf
3687,1,inf
3730,1,inf
3758,1,inf
3761,1,inf
3777,1,inf
3785,1,inf
3821,1,inf
3832,1,inf
3837,1,inf
3838,1,inf
3853,1,inf
3884,1,inf
3895,1,inf
3908,1,inf
3922,1,inf
3925,1,inf
4011,1,inf
4148,1,inf
4191,1,inf
4208,1,inf
4218,1,inf
4220,1,inf
4228,1,inf
4295,1,inf
4296,1,inf
4328,1,inf
4339,1,inf
4378,1,inf
4422,1,inf
4465,1,inf
4468,1,inf
4498,1,inf
4544,1,inf
4569,1,inf
4576,1,inf
4580,1,inf
4582,1,inf
4613,1,inf
4638,1,inf
4640,1,inf
4647,1,inf
4668,1,inf
4733,1,inf
4836,1,inf
4851,1,inf
4856,1,inf
4861,1,inf
4873,1,inf
4892,1,inf
4924,1,inf
4928,1,inf
5019,1,inf
5026,1,inf
5067,1,inf
5100,1,inf
5110,1,inf
5141,1,inf
5161,1,inf
5178,1,inf
5195,1,inf
5241,1,inf
5261,1,inf
5283,1,inf
5297,1,inf
5310,1,inf
5441,1,inf
5442,1,inf
5464,1,inf
5474,1,inf
5511,1,inf
5558,1,inf
5591,1,inf
5618,1,inf
5710,1,inf
5724,1,inf
5724,1,inf
5726,1,inf
5744,1,inf
5771,1,inf
5810,1,inf
5854,1,inf
5933,1,inf
5937,1,inf
6007,1,inf
6046,1,inf
6064,1,inf
6074,1,inf
6083,1,inf
6097,1,inf
6107,1,inf
6125,1,inf
6145,1,inf
6194,1,inf
6210,1,inf
6221,1,inf
6258,1,inf
6269,1,inf
6309,1,inf
6385,1,inf
6396,1,inf
6418,1,inf
6422,1,inf
6438,1,inf
6479,1,inf
6517,1,inf
6543,1,inf
6564,1,inf
6586,1,inf
6600,1,inf
6605,1,inf
6607,1,inf
6656,1,inf
6665,1,inf
6667,1,inf
6689,1,inf
6748,1,inf
6752,1,inf
6755,1,inf
6894,1,inf
7046,1,inf
7053,1,inf
7170,1,inf
7292,1,inf
7339,1,inf
7347,1,inf
7347,1,inf
7369,1,inf
7383,1,inf
7394,1,inf
7406,1,inf
7441,1,inf
7463,1,inf
7655,1,inf
7682,1,inf
7683,1,inf
7688,1,inf
7707,1,inf
7772,1,inf
7843,1,inf
7990,1,inf
8011,1,inf
8013,1,inf
8037,1,inf
8052,1,inf
8171,1,inf
8182,1,inf
8188,1,inf
8251,1,inf
8262,1,inf
8292,1,inf
8294,1,inf
8295,1,inf
8334,1,inf
8369,1,inf
8386,1,inf
8402,1,inf
8406,1,inf
8448,1,inf
8522,1,inf
8566,1,inf
8587,1,inf
8676,1,inf
8716,1,inf
8725,1,inf
8752,1,inf
8847,1,inf
8866,1,inf
8872,1,inf
8875,1,inf
8898,1,inf
8902,1,inf
8913,1,inf
8939,1,inf
8940,1,inf
9021,1,inf
9034,1,inf
9036,1,inf
9041,1,inf
9109,1,inf
9122,1,inf
9138,1,inf
9139,1,inf
9147,1,inf
9150,1,inf
9154,1,inf
9183,1,inf
9202,1,inf
9214,1,inf
9238,1,inf
9255,1,inf
9255,1,inf
9291,1,inf
9294,1,inf
9328,1,inf
9340,1,inf
9360,1,inf
9408,1,inf
9420,1,inf
9484,1,inf
9496,1,inf
9501,1,inf
9536,1,inf
9561,1,inf
9575,1,inf
9584,1,inf
9586,1,inf
9605,1,inf
9660,1,inf
9663,1,inf
9665,1,inf
9711,1,inf
9718,1,inf
9721,1,inf
9727,1,inf
9779,1,inf
9798,1,inf
9813,1,inf
9814,1,inf
10003,1,inf
10028,1,inf
10047,1,inf
10056,1,inf
10071,1,inf
10075,1,inf
10084,1,inf
10131,1,inf
10131,1,inf
10281,1,inf
10424,1,inf
10440,1,inf
10482,1,inf
10485,1,inf
10535,1,inf
10554,1,inf
10591,1,inf
10597,1,inf
10638,1,inf
10642,1,inf
10645,1,inf
10703,1,inf
10708,1,inf
10745,1,inf
10748,1,inf
10750,1,inf
10754,1,inf
10845,1,inf
10857,1,inf
10883,1,inf
10892,1,inf
10899,1,inf
10940,1,inf
11024,1,inf
11031,1,inf
11045,1,inf
11050,1,inf
11075,1,inf
11104,1,inf
11104,1,inf
11203,1,inf
11203,1,inf
11221,1,inf
11306,1,inf
11344,1,inf
11445,1,inf
11470,1,inf
11601,1,inf
11638,1,inf
11673,1,inf
11675,1,inf
11690,1,inf
11727,1,inf
11727,1,inf
11727,1,inf
11730,1,inf
11741,1,inf
11753,1,inf
11776,1,inf
11830,1,inf
11833,1,inf
11899,1,inf
11909,1,inf
11930,1,inf
11954,1,inf
12009,1,inf
12010,1,inf
12026,1,inf
12092,1,inf
12110,1,inf
12163,1,inf
12187,1,inf
12190,1,inf
12195,1,inf
12250,1,inf
12269,1,inf
12319,1,inf
12348,1,inf
12355,1,inf
12370,1,inf
12391,1,inf
12394,1,inf
12442,1,inf
12459,1,inf
12463,1,inf
12528,1,inf
12537,1,inf
12566,1,inf
12592,1,inf
12618,1,inf
12667,1,inf
12675,1,inf
12697,1,inf
12698,1,inf
12734,1,inf
12753,1,inf
12768,1,inf
12786,1,inf
12799,1,inf
12808,1,inf
12818,1,inf
12832,1,inf
12843,1,inf
12884,1,inf
12897,1,inf
12985,1,inf
12987,1,inf
13026,1,inf
13040,1,inf
13048,1,inf
13078,1,inf
13138,1,inf
13189,1,inf
13207,1,inf
13218,1,inf
13239,1,inf
13252,1,inf
13277,1,inf
13301,1,inf
13341,1,inf
13419,1,inf
13431,1,inf
13456,1,inf
13463,1,inf
13502,1,inf
13510,1,inf
13515,1,inf
13547,1,inf
13578,1,inf
13643,1,inf
13745,1,inf
13747,1,inf
13783,1,inf
13833,1,inf
13833,1,inf
13885,1,inf
13891,1,inf
14043,1,inf
14090,1,inf
14140,1,inf
14153,1,inf
14158,1,inf
14169,1,inf
14210,1,inf
14213,1,inf
14232,1,inf
14330,1,inf
14347,1,inf
14375,1,inf
14444,1,inf
14566,1,inf
14602,1,inf
14603,1,inf
14608,1,inf
14694,1,inf
14737,1,inf
14737,1,inf
14754,1,inf
14825,1,inf
15016,1,inf
15057,1,inf
15096,1,inf
15130,1,inf
15146,1,inf
15148,1,inf
15168,1,inf
15170,1,inf
15273,1,inf
15277,1,inf
15325,1,inf
15336,1,inf
15352,1,inf
15406,1,inf
15439,1,inf
15462,1,inf
15464,1,inf
15478,1,inf
15481,1,inf
15492,1,inf
15529,1,inf
15606,1,inf
15642,1,inf
15642,1,inf
15671,1,inf
15732,1,inf
15743,1,inf
15777,1,inf
15813,1,inf
15861,1,inf
15883,1,inf
15888,1,inf
16022,1,inf
16048,1,inf
16102,1,inf
16103,1,inf
16127,1,inf
16129,1,inf
16164,1,inf
16188,1,inf
16202,1,inf
16257,1,inf
16267,1,inf
16287,1,inf
16321,1,inf
16346,1,inf
16368,1,inf
16419,1,inf
16425,1,inf
16441,1,inf
16479,1,inf
16519,1,inf
16594,1,inf
16638,1,inf
16650,1,inf
16673,1,inf
16690,1,inf
16691,1,inf
16756,1,inf
16827,1,inf
16842,1,inf
16850,1,inf
16949,1,inf
17241,1,inf
17293,1,inf
17295,1,inf
17302,1,inf
17376,1,inf
17398,1,inf
17406,1,inf
17425,1,inf
17478,1,inf
17568,1,inf
17604,1,inf
17650,1,inf
17701,1,inf
17713,1,inf
17742,1,inf
17762,1,inf
17766,1,inf
17771,1,inf
17780,1,inf
17793,1,inf
17793,1,inf
17849,1,inf
17857,1,inf
17945,1,inf
18028,1,inf
18032,1,inf
18041,1,inf
18053,1,inf
18132,1,inf
18154,1,inf
18206,1,inf
18235,1,inf
18283,1,inf
18287,1,inf
18358,1,inf
18379,1,inf
18392,1,inf
18403,1,inf
18443,1,inf
18478,1,inf
18560,1,inf
18608,1,inf
18647,1,inf
18699,1,inf
18745,1,inf
18747,1,inf
18779,1,inf
18788,1,inf
18809,1,inf
18883,1,inf
18918,1,inf
18925,1,inf
18931,1,inf
18935,1,inf
18952,1,inf
19084,1,inf
19157,1,inf
19164,1,inf
19176,1,inf
19182,1,inf
19186,1,inf
19197,1,inf
19295,1,inf
19304,1,inf
19324,1,inf
19350,1,inf
19405,1,inf
19409,1,inf
19479,1,inf
19486,1,inf
19616,1,inf
19646,1,inf
19662,1,inf
19750,1,inf
19767,1,inf
19815,1,inf
19850,1,inf
19855,1,inf
19924,1,inf
19961,1,inf
19967,1,inf
19969,1,inf
20001,1,inf
20011,1,inf
20038,1,inf
20063,1,inf
20079,1,inf
20106,1,inf
20251,1,inf
20254,1,inf
20268,1,inf
20275,1,inf
20287,1,inf
20296,1,inf
20300,1,inf
20300,1,inf
20338,1,inf
20378,1,inf
20388,1,inf
20449,1,inf
20500,1,inf
20500,1,inf
20512,1,inf
20538,1,inf
20538,1,inf
20540,1,inf
20584,1,inf
20587,1,inf
20594,1,inf
20653,1,inf
20665,1,inf
20674,1,inf
20693,1,inf
20699,1,inf
20727,1,inf
20731,1,inf
20955,1,inf
21126,1,inf
21133,1,inf
21135,1,inf
21147,1,inf
21178,1,inf
21206,1,inf
21251,1,inf
21256,1,inf
21258,1,inf
21321,1,inf
21379,1,inf
21410,1,inf
21410,1,inf
21470,1,inf
21489,1,inf
21522,1,inf
21586,1,inf
21604,1,inf
21649,1,inf
21725,1,inf
21746,1,inf
21897,1,inf
21917,1,inf
21930,1,inf
22011,1,inf
22011,1,inf
22056,1,inf
22152,1,inf
22156,1,inf
22178,1,inf
22200,1,inf
22226,1,inf
22296,1,inf
22313,1,inf
22317,1,inf
22324,1,inf
22328,1,inf
22387,1,inf
22414,1,inf
22423,1,inf
22437,1,inf
22455,1,inf
22483,1,inf
22485,1,inf
22495,1,inf
22501,1,inf
22504,1,inf
22541,1,inf
22575,1,inf
22586,1,inf
22594,1,inf
22595,1,inf
22614,1,inf
22615,1,inf
22677,1,inf
22698,1,inf
22709,1,inf
22723,1,inf
22732,1,inf
22798,1,inf
22872,1,inf
22876,1,inf
22880,1,inf
22908,1,inf
22947,1,inf
23009,1,inf
23068,1,inf
23095,1,inf
23117,1,inf
23192,1,inf
23193,1,inf
23197,1,inf
23221,1,inf
23239,1,inf
23280,1,inf
23288,1,inf
23296,1,inf
23377,1,inf
23401,1,inf
23483,1,inf
23491,1,inf
23511,1,inf
23585,1,inf
23667,1,inf
23723,1,inf
23737,1,inf
23738,1,inf
23818,1,inf
23885,1,inf
24015,1,inf
24037,1,inf
24044,1,inf
24109,1,inf
24126,1,inf
24140,1,inf
24144,1,inf
24178,1,inf
24308,1,inf
24308,1,inf
24330,1,inf
24406,1,inf
24424,1,inf
24428,1,inf
24439,1,inf
24447,1,inf
24452,1,inf
24511,1,inf
24635,1,inf
24673,1,inf
24709,1,inf
24717,1,inf
24718,1,inf
24761,1,inf
24768,1,inf
24780,1,inf
24793,1,inf
24793,1,inf
24856,1,inf
24873,1,inf
24906,1,inf
24914,1,inf
24975,1,inf
25030,1,inf
25111,1,inf
25114,1,inf
25119,1,inf
25130,1,inf
25170,1,inf
25199,1,inf
25290,1,inf
25315,1,inf
25366,1,inf
25406,1,inf
25511,1,inf
25570,1,inf
25635,1,inf
25716,1,inf
25736,1,inf
25741,1,inf
25764,1,inf
25768,1,inf
25796,1,inf
25837,1,inf
25868,1,inf
25908,1,inf
25966,1,inf
26043,1,inf
26045,1,inf
26052,1,inf
26063,1,inf
26115,1,inf
26132,1,inf
26154,1,inf
26177,1,inf
26202,1,inf
26219,1,inf
26229,1,inf
26255,1,inf
26267,1,inf
26312,1,inf
26313,1,inf
26335,1,inf
26354,1,inf
26373,1,inf
26423,1,inf
26436,1,inf
26533,1,inf
26545,1,inf
26605,1,inf
26610,1,inf
26631,1,inf
26680,1,inf
26714,1,inf
26742,1,inf
26751,1,inf
26775,1,inf
26903,1,inf
26904,1,inf
27037,1,inf
27122,1,inf
27212,1,inf
27231,1,inf
27264,1,inf
27274,1,inf
27305,1,inf
27309,1,inf
27316,1,inf
27340,1,inf
27376,1,inf
27387,1,inf
27411,1,inf
27436,1,inf
27476,1,inf
27495,1,inf
27511,1,inf
27512,1,inf
27531,1,inf
27548,1,inf
27568,1,inf
27570,1,inf
27579,1,inf
27579,1,inf
27672,1,inf
27674,1,inf
27689,1,inf
27696,1,inf
27708,1,inf
27895,1,inf
27901,1,inf
27914,1,inf
28002,1,inf
28007,1,inf
28018,1,inf
28023,1,inf
28025,1,inf
28029,1,inf
28042,1,inf
28050,1,inf
28058,1,inf
28069,1,inf
28077,1,inf
28097,1,inf
28146,1,inf
28152,1,inf
28152,1,inf
28159,1,inf
28163,1,inf
28165,1,inf
28186,1,inf
28189,1,inf
28280,1,inf
28360,1,inf
28400,1,inf
28413,1,inf
28427,1,inf
28456,1,inf
28484,1,inf
28513,1,inf
28534,1,inf
28581,1,inf
28614,1,inf
28624,1,inf
28655,1,inf
28693,1,inf
28739,1,inf
28741,1,inf
28768,1,inf
28776,1,inf
28792,1,inf
28801,1,inf
28876,1,inf
28882,1,inf
28933,1,inf
28934,1,inf
29005,1,inf
29056,1,inf
29072,1,inf
29079,1,inf
29110,1,inf
29149,1,inf
29184,1,inf
29203,1,inf
29225,1,inf
29302,1,inf
29400,1,inf
29450,1,inf
29455,1,inf
29492,1,inf
29510,1,inf
29522,1,inf
29554,1,inf
29617,1,inf
29657,1,inf
29678,1,inf
29685,1,inf
29690,1,inf
29695,1,inf
29704,1,inf
29722,1,inf
29743,1,inf
29795,1,inf
29798,1,inf
29809,1,inf
29854,1,inf
29880,1,inf
29882,1,inf
29923,1,inf
29946,1,inf
29970,1,inf
29990,1,inf
30006,1,inf
30009,1,inf
30010,1,inf
30017,1,inf
30022,1,inf
30036,1,inf
30082,1,inf
30201,1,inf
30202,1,inf
30214,1,inf
30262,1,inf
30332,1,inf
30383,1,inf
30409,1,inf
30439,1,inf
30496,1,inf
30541,1,inf
30547,1,inf
30614,1,inf
30625,1,inf
30647,1,inf
30659,1,inf
30681,1,inf
30708,1,inf
30710,1,inf
30748,1,inf
30785,1,inf
30823,1,inf
30828,1,inf
30932,1,inf
30949,1,inf
31059,1,inf
31064,1,inf
31124,1,inf
31141,1,inf
31195,1,inf
31202,1,inf
31217,1,inf
31248,1,inf
31264,1,inf
31359,1,inf
31370,1,inf
31402,1,inf
31405,1,inf
31441,1,inf
31445,1,inf
31467,1,inf
31556,1,inf
31614,1,inf
31659,1,inf
31664,1,inf
31676,1,inf
31728,1,inf
31749,1,inf
31790,1,inf
31856,1,inf
31877,1,inf
31883,1,inf
31912,1,inf
31919,1,inf
31942,1,inf
31957,1,inf
31959,1,inf
31973,1,inf
32033,1,inf
32053,1,inf
32066,1,inf
32148,1,inf
32152,1,inf
32244,1,inf
32298,1,inf
32317,1,inf
32334,1,inf
32360,1,inf
32392,1,inf
32393,1,inf
32425,1,inf
32429,1,inf
32443,1,inf
32447,1,inf
32521,1,inf
32529,1,inf
32563,1,inf
32585,1,inf
32602,1,inf
32607,1,inf
32612,1,inf
32634,1,inf
32683,1,inf
32705,1,inf
32709,1,inf
32725,1,inf
32747,1,inf
32755,1,inf
32762,1,inf
32781,1,inf
32817,1,inf
32829,1,inf
32872,1,inf
32876,1,inf
32881,1,inf
32894,1,inf
32914,1,inf
32948,1,inf
33033,1,inf
33041,1,inf
33095,1,inf
33128,1,inf
33165,1,inf
33188,1,inf
33256,1,inf
33300,1,inf
33305,1,inf
33376,1,inf
33379,1,inf
33416,1,inf
33506,1,inf
33507,1,inf
33514,1,inf
33598,1,inf
33603,1,inf
33606,1,inf
33609,1,inf
33752,1,inf
33760,1,inf
33773,1,inf
33786,1,inf
33805,1,inf
33827,1,inf
33860,1,inf
33864,1,inf
33887,1,inf
33902,1,inf
33924,1,inf
33955,1,inf
33969,1,inf
34004,1,inf
34007,1,inf
34036,1,inf
34085,1,inf
34140,1,inf
34169,1,inf
34177,1,inf
34198,1,inf
34200,1,inf
34203,1,inf
34215,1,inf
34217,1,inf
34305,1,inf
34315,1,inf
34351,1,inf
34376,1,inf
34378,1,inf
34424,1,inf
34521,1,inf
34532,1,inf
34551,1,inf
34651,1,inf
34688,1,inf
34704,1,inf
34724,1,inf
34821,1,inf
34873,1,inf
34913,1,inf
35017,1,inf
35029,1,inf
35046,1,inf
35062,1,inf
35065,1,inf
35067,1,inf
35073,1,inf
35080,1,inf
35102,1,inf
35164,1,inf
35238,1,inf
35266,1,inf
35283,1,inf
35304,1,inf
35318,1,inf
35350,1,inf
35385,1,inf
35526,1,inf
35572,1,inf
35581,1,inf
35620,1,inf
35642,1,inf
35663,1,inf
35672,1,inf
35672,1,inf
35714,1,inf
35715,1,inf
35869,1,inf
36072,1,inf
36101,1,inf
36111,1,inf
36177,1,inf
36270,1,inf
36288,1,inf
36303,1,inf
36303,1,inf
36357,1,inf
36458,1,inf
36458,1,inf
36517,1,inf
36568,1,inf
36571,1,inf
36599,1,inf
36706,1,inf
36731,1,inf
36777,1,inf
36800,1,inf
36812,1,inf
36855,1,inf
36882,1,inf
36882,1,inf
36905,1,inf
37021,1,inf
37029,1,inf
37042,1,inf
37044,1,inf
37249,1,inf
37273,1,inf
37314,1,inf
37332,1,inf
37355,1,inf
37420,1,inf
37421,1,inf
37437,1,inf
37452,1,inf
37496,1,inf
37499,1,inf
37636,1,inf
37658,1,inf
37666,1,inf
37702,1,inf
37736,1,inf
37765,1,inf
37797,1,inf
37833,1,inf
37845,1,inf
37852,1,inf
37875,1,inf
37895,1,inf
37914,1,inf
37923,1,inf
37935,1,inf
38010,1,inf
38027,1,inf
38043,1,inf
38066,1,inf
38100,1,inf
38140,1,inf
38143,1,inf
38156,1,inf
38255,1,inf
38264,1,inf
38274,1,inf
38290,1,inf
38308,1,inf
38355,1,inf
38412,1,inf
38418,1,inf
38427,1,inf
38445,1,inf
38460,1,inf
38464,1,inf
38513,1,inf
38525,1,inf
38550,1,inf
38564,1,inf
38608,1,inf
38620,1,inf
38623,1,inf
38632,1,inf
38654,1,inf
38668,1,inf
38674,1,inf
38732,1,inf
38733,1,inf
38735,1,inf
38765,1,inf
38780,1,inf
38786,1,inf
38789,1,inf
38790,1,inf
38796,1,inf
38836,1,inf
38866,1,inf
38872,1,inf
38896,1,inf
38896,1,inf
39014,1,inf
39034,1,inf
39118,1,inf
39174,1,inf
39201,1,inf
39287,1,inf
39308,1,inf
39417,1,inf
39444,1,inf
39491,1,inf
39511,1,inf
39568,1,inf
39604,1,inf
39635,1,inf
39642,1,inf
39686,1,inf
39708,1,inf
39717,1,inf
39737,1,inf
39774,1,inf
39776,1,inf
39826,1,inf
39830,1,inf
39845,1,inf
39905,1,inf
39961,1,inf
40013,1,inf
40045,1,inf
40051,1,inf
40083,1,inf
40122,1,inf
40160,1,inf
40187,1,inf
40189,1,inf
40238,1,inf
40241,1,inf
40242,1,inf
40259,1,inf
40293,1,inf
40303,1,inf
40319,1,inf
40358,1,inf
40372,1,inf
40380,1,inf
40398,1,inf
40439,1,inf
40497,1,inf
40580,1,inf
40646,1,inf
40663,1,inf
40692,1,inf
40701,1,inf
40735,1,inf
40754,1,inf
40788,1,inf
40810,1,inf
40864,1,inf
40867,1,inf
40920,1,inf
40971,1,inf
41037,1,inf
41127,1,inf
41171,1,inf
41185,1,inf
41306,1,inf
41348,1,inf
41358,1,inf
41502,1,inf
41510,1,inf
41518,1,inf
41531,1,inf
41584,1,inf
41589,1,inf
41593,1,inf
41614,1,inf
41634,1,inf
41653,1,inf
41668,1,inf
41760,1,inf
41817,1,inf
41832,1,inf
41864,1,inf
41933,1,inf
42018,1,inf
42041,1,inf
42057,1,inf
42115,1,inf
42223,1,inf
42299,1,inf
42343,1,inf
42372,1,inf
42406,1,inf
42413,1,inf
42529,1,inf
42548,1,inf
42612,1,inf
42687,1,inf
42714,1,inf
42737,1,inf
42766,1,inf
42776,1,inf
42783,1,inf
42799,1,inf
42856,1,inf
42863,1,inf
42963,1,inf
43005,1,inf
43096,1,inf
43122,1,inf
43155,1,inf
43221,1,inf
43234,1,inf
43239,1,inf
43295,1,inf
43306,1,inf
43381,1,inf
43400,1,inf
43426,1,inf
43437,1,inf
43444,1,inf
43472,1,inf
43522,1,inf
43557,1,inf
43565,1,inf
43617,1,inf
43662,1,inf
43678,1,inf
43720,1,inf
43722,1,inf
43781,1,inf
43796,1,inf
43801,1,inf
43809,1,inf
43852,1,inf
43859,1,inf
43882,1,inf
44014,1,inf
44030,1,inf
44045,1,inf
44049,1,inf
44068,1,inf
44096,1,inf
44105,1,inf
44119,1,inf
44157,1,inf
44175,1,inf
44216,1,inf
44250,1,inf
44267,1,inf
44286,1,inf
44366,1,inf
44366,1,inf
44366,1,inf
44381,1,inf
44387,1,inf
44393,1,inf
44393,1,inf
44489,1,inf
44492,1,inf
44626,1,inf
44627,1,inf
44647,1,inf
44685,1,inf
44695,1,inf
44712,1,inf
44731,1,inf
44762,1,inf
44785,1,inf
44790,1,inf
44797,1,inf
44819,1,inf
44860,1,inf
44885,1,inf
44890,1,inf
44904,1,inf
45003,1,inf
45011,1,inf
45047,1,inf
45061,1,inf
45096,1,inf
45107,1,inf
45143,1,inf
45147,1,inf
45151,1,inf
45178,1,inf
45183,1,inf
45240,1,inf
45243,1,inf
45268,1,inf
45303,1,inf
45317,1,inf
45337,1,inf
45352,1,inf
45387,1,inf
45390,1,inf
45438,1,inf
45452,1,inf
45487,1,inf
45501,1,inf
45536,1,inf
45594,1,inf
45610,1,inf
45648,1,inf
45662,1,inf
45693,1,inf
45759,1,inf
45833,1,inf
45938,1,inf
45942,1,inf
46010,1,inf
46097,1,inf
46112,1,inf
46117,1,inf
46119,1,inf
46148,1,inf
46211,1,inf
46262,1,inf
46275,1,inf
46283,1,inf
46298,1,inf
46321,1,inf
46332,1,inf
46356,1,inf
46357,1,inf
46362,1,inf
46450,1,inf
46456,1,inf
46496,1,inf
46515,1,inf
46543,1,inf
46559,1,inf
46570,1,inf
46616,1,inf
46626,1,inf
46631,1,inf
46747,1,inf
46777,1,inf
46826,1,inf
46827,1,inf
46827,1,inf
46963,1,inf
46982,1,inf
47005,1,inf
47014,1,inf
47077,1,inf
47102,1,inf
47184,1,inf
47187,1,inf
47207,1,inf
47249,1,inf
47284,1,inf
47316,1,inf
47383,1,inf
47384,1,inf
47442,1,inf
47509,1,inf
47513,1,inf
47528,1,inf
47550,1,inf
47587,1,inf
47596,1,inf
47655,1,inf
47729,1,inf
47805,1,inf
47851,1,inf
47876,1,inf
47893,1,inf
48032,1,inf
48041,1,inf
48064,1,inf
48076,1,inf
48095,1,inf
48135,1,inf
48138,1,inf
48164,1,inf
48200,1,inf
48203,1,inf
48301,1,inf
48368,1,inf
48393,1,inf
48394,1,inf
48403,1,inf
48426,1,inf
48459,1,inf
48577,1,inf
48598,1,inf
48599,1,inf
48655,1,inf
48659,1,inf
48677,1,inf
48685,1,inf
48688,1,inf
48744,1,inf
48770,1,inf
48862,1,inf
48882,1,inf
48895,1,inf
48916,1,inf
48937,1,inf
48964,1,inf
48967,1,inf
49034,1,inf
49050,1,inf
49079,1,inf
49099,1,inf
49174,1,inf
49188,1,inf
49191,1,inf
49215,1,inf
49280,1,inf
49288,1,inf
49292,1,inf
49337,1,inf
49382,1,inf
49456,1,inf
49461,1,inf
49482,1,inf
49498,1,inf
49544,1,inf
49556,1,inf
49572,1,inf
49576,1,inf
49581,1,inf
49597,1,inf
49620,1,inf
49623,1,inf
49662,1,inf
49681,1,inf
49820,1,inf
49826,1,inf
49918,1,inf
50058,1,inf
50074,1,inf
50099,1,inf
50108,1,inf
50196,1,inf
50214,1,inf
50247,1,inf
50268,1,inf
50287,1,inf
50302,1,inf
50306,1,inf
50308,1,inf
50328,1,inf
50336,1,inf
50372,1,inf
50417,1,inf
50430,1,inf
50432,1,inf
50448,1,inf
50453,1,inf
50459,1,inf
50468,1,inf
50471,1,inf
50542,1,inf
50543,1,inf
50566,1,inf
50573,1,inf
50580,1,inf
50605,1,inf
50609,1,inf
50618,1,inf
50749,1,inf
50771,1,inf
50774,1,inf
50857,1,inf
50868,1,inf
50877,1,inf
50933,1,inf
51002,1,inf
51017,1,inf
51070,1,inf
51070,1,inf
51115,1,inf
51147,1,inf
51149,1,inf
51160,1,inf
51193,1,inf
51217,1,inf
51225,1,inf
51278,1,inf
51294,1,inf
51302,1,inf
51316,1,inf
51322,1,inf
51325,1,inf
51398,1,inf
51411,1,inf
51417,1,inf
51452,1,inf
51488,1,inf
51492,1,inf
51645,1,inf
51672,1,inf
51672,1,inf
51737,1,inf
51809,1,inf
51812,1,inf
51812,1,inf
51865,1,inf
52021,1,inf
52060,1,inf
52117,1,inf
52151,1,inf
52152,1,inf
52202,1,inf
52230,1,inf
52369,1,inf
52375,1,inf
52463,1,inf
52512,1,inf
52514,1,inf
52543,1,inf
52547,1,inf
52547,1,inf
52591,1,inf
52591,1,inf
52625,1,inf
52648,1,inf
52730,1,inf
52734,1,inf
52769,1,inf
52865,1,inf
52866,1,inf
52883,1,inf
52932,1,inf
52950,1,inf
53007,1,inf
53031,1,inf
53047,1,inf
53088,1,inf
53089,1,inf
53116,1,inf
53138,1,inf
53163,1,inf
53244,1,inf
53245,1,inf
53310,1,inf
53354,1,inf
53411,1,inf
53438,1,inf
53469,1,inf
53499,1,inf
53503,1,inf
53527,1,inf
53530,1,inf
53537,1,inf
53544,1,inf
53565,1,inf
53578,1,inf
53679,1,inf
53736,1,inf
53749,1,inf
53826,1,inf
53849,1,inf
53872,1,inf
53876,1,inf
53887,1,inf
53893,1,inf
53916,1,inf
54024,1,inf
54148,1,inf
54149,1,inf
54189,1,inf
54207,1,inf
54229,1,inf
54254,1,inf
54382,1,inf
54395,1,inf
54408,1,inf
54478,1,inf
54515,1,inf
54572,1,inf
54588,1,inf
54597,1,inf
54653,1,inf
54658,1,inf
54735,1,inf
54782,1,inf
54826,1,inf
54835,1,inf
54838,1,inf
54896,1,inf
55031,1,inf
55040,1,inf
55048,1,inf
55051,1,inf
55052,1,inf
55067,1,inf
55125,1,inf
55196,1,inf
55286,1,inf
55293,1,inf
55339,1,inf
55424,1,inf
55430,1,inf
55485,1,inf
55497,1,inf
55539,1,inf
55545,1,inf
55563,1,inf
55574,1,inf
55599,1,inf
55625,1,inf
55660,1,inf
55673,1,inf
55691,1,inf
55724,1,inf
55784,1,inf
55796,1,inf
55800,1,inf
55835,1,inf
55841,1,inf
55900,1,inf
55913,1,inf
55923,1,inf
55930,1,inf
56013,1,inf
56019,1,inf
56075,1,inf
56083,1,inf
56086,1,inf
56169,1,inf
56180,1,inf
56196,1,inf
56223,1,inf
56336,1,inf
56341,1,inf
56367,1,inf
56385,1,inf
56430,1,inf
56459,1,inf
56498,1,inf
56519,1,inf
56525,1,inf
56563,1,inf
56618,1,inf
56649,1,inf
56656,1,inf
56665,1,inf
56680,1,inf
56748,1,inf
56752,1,inf
56754,1,inf
56758,1,inf
56778,1,inf
56827,1,inf
56839,1,inf
56910,1,inf
56934,1,inf
56944,1,inf
57008,1,inf
57022,1,inf
57038,1,inf
57166,1,inf
57190,1,inf
57208,1,inf
57227,1,inf
57236,1,inf
57241,1,inf
57258,1,inf
57260,1,inf
57263,1,inf
57304,1,inf
57315,1,inf
57330,1,inf
57389,1,inf
57422,1,inf
57437,1,inf
57439,1,inf
57473,1,inf
57479,1,inf
57485,1,inf
57493,1,inf
57550,1,inf
57552,1,inf
57641,1,inf
57646,1,inf
57694,1,inf
57802,1,inf
57809,1,inf
57873,1,inf
58054,1,inf
58095,1,inf
58097,1,inf
58133,1,inf
58137,1,inf
58255,1,inf
58258,1,inf
58277,1,inf
58346,1,inf
58401,1,inf
58418,1,inf
58421,1,inf
58503,1,inf
58605,1,inf
58609,1,inf
58617,1,inf
58716,1,inf
58738,1,inf
58780,1,inf
58808,1,inf
58817,1,inf
58827,1,inf
58843,1,inf
58910,1,inf
58946,1,inf
59006,1,inf
59020,1,inf
59050,1,inf
59108,1,inf
59145,1,inf
59187,1,inf
59192,1,inf
59234,1,inf
59241,1,inf
59253,1,inf
59296,1,inf
59307,1,inf
59436,1,inf
59622,1,inf
59627,1,inf
59638,1,inf
59666,1,inf
59692,1,inf
59700,1,inf
59729,1,inf
59752,1,inf
59808,1,inf
59847,1,inf
59912,1,inf
60045,1,inf
60052,1,inf
60136,1,inf
60158,1,inf
60186,1,inf
60294,1,inf
60295,1,inf
60323,1,inf
60336,1,inf
60516,1,inf
60541,1,inf
60585,1,inf
60628,1,inf
60640,1,inf
60656,1,inf
60656,1,inf
60669,1,inf
60756,1,inf
60805,1,inf
60860,1,inf
60876,1,inf
60935,1,inf
60946,1,inf
61017,1,inf
61078,1,inf
61091,1,inf
61115,1,inf
61167,1,inf
61197,1,inf
61243,1,inf
61244,1,inf
61317,1,inf
61380,1,inf
61389,1,inf
61428,1,inf
61443,1,inf
61483,1,inf
61518,1,inf
61575,1,inf
61678,1,inf
61707,1,inf
61719,1,inf
61731,1,inf
61821,1,inf
61854,1,inf
61856,1,inf
61864,1,inf
61885,1,inf
61896,1,inf
61924,1,inf
61940,1,inf
61942,1,inf
62001,1,inf
62001,1,inf
62030,1,inf
62156,1,inf
62167,1,inf
62282,1,inf
62318,1,inf
62325,1,inf
62335,1,inf
62376,1,inf
62378,1,inf
62394,1,inf
62428,1,inf
62437,1,inf
62499,1,inf
62578,1,inf
62578,1,inf
62604,1,inf
62653,1,inf
62674,1,inf
62683,1,inf
62691,1,inf
62699,1,inf
62757,1,inf
62780,1,inf
62781,1,inf
62786,1,inf
62815,1,inf
62834,1,inf
62855,1,inf
62941,1,inf
62976,1,inf
63004,1,inf
63014,1,inf
63092,1,inf
63164,1,inf
63254,1,inf
63258,1,inf
63264,1,inf
63302,1,inf
63316,1,inf
63418,1,inf
63481,1,inf
63521,1,inf
63579,1,inf
63675,1,inf
63692,1,inf
63718,1,inf
63724,1,inf
63739,1,inf
63740,1,inf
63746,1,inf
63772,1,inf
63810,1,inf
63893,1,inf
63919,1,inf
64001,1,inf
64007,1,inf
64027,1,inf
64083,1,inf
64112,1,inf
64141,1,inf
64147,1,inf
64163,1,inf
64220,1,inf
64238,1,inf
64309,1,inf
64415,1,inf
64464,1,inf
64478,1,inf
64522,1,inf
64544,1,inf
64623,1,inf
64647,1,inf
64648,1,inf
64658,1,inf
64726,1,inf
64738,1,inf
64779,1,inf
64796,1,inf
64834,1,inf
64914,1,inf
64946,1,inf
65001,1,inf
65016,1,inf
65024,1,inf
65043,1,inf
65065,1,inf
65071,1,inf
65097,1,inf
65097,1,inf
65190,1,inf
65257,1,inf
65282,1,inf
65292,1,inf
65378,1,inf
65439,1,inf
65450,1,inf
65483,1,inf
65496,1,inf
65514,1,inf
65551,1,inf
65553,1,inf
65569,1,inf
65596,1,inf
65629,1,inf
65679,1,inf
65696,1,inf
65745,1,inf
65767,1,inf
65839,1,inf
65874,1,inf
65930,1,inf
66005,1,inf
66036,1,inf
66043,1,inf
66052,1,inf
66082,1,inf
66216,1,inf
66256,1,inf
66312,1,inf
66376,1,inf
66382,1,inf
66391,1,inf
66516,1,inf
66526,1,inf
66538,1,inf
66602,1,inf
66610,1,inf
66631,1,inf
66662,1,inf
66686,1,inf
66689,1,inf
66700,1,inf
66712,1,inf
66719,1,inf
66725,1,inf
66753,1,inf
66787,1,inf
66821,1,inf
66823,1,inf
66830,1,inf
66859,1,inf
66862,1,inf
66879,1,inf
66955,1,inf
67042,1,inf
67128,1,inf
67137,1,inf
67176,1,inf
67178,1,inf
67224,1,inf
67233,1,inf
67293,1,inf
67335,1,inf
67384,1,inf
67392,1,inf
67404,1,inf
67406,1,inf
67407,1,inf
67412,1,inf
67429,1,inf
67429,1,inf
67445,1,inf
67463,1,inf
67486,1,inf
67503,1,inf
67586,1,inf
67595,1,inf
67610,1,inf
67644,1,inf
67756,1,inf
67796,1,inf
67799,1,inf
67805,1,inf
67844,1,inf
67858,1,inf
67876,1,inf
68019,1,inf
68052,1,inf
68073,1,inf
68080,1,inf
68117,1,inf
68264,1,inf
68311,1,inf
68321,1,inf
68338,1,inf
68351,1,inf
68371,1,inf
68419,1,inf
68457,1,inf
68465,1,inf
68589,1,inf
68636,1,inf
68717,1,inf
68800,1,inf
68811,1,inf
68817,1,inf
68821,1,inf
68850,1,inf
68856,1,inf
68858,1,inf
68911,1,inf
68922,1,inf
69052,1,inf
69172,1,inf
69178,1,inf
69200,1,inf
69211,1,inf
69211,1,inf
69218,1,inf
69229,1,inf
69232,1,inf
69274,1,inf
69312,1,inf
69337,1,inf
69358,1,inf
69408,1,inf
69542,1,inf
69590,1,inf
69595,1,inf
69601,1,inf
69668,1,inf
69726,1,inf
69728,1,inf
69729,1,inf
69745,1,inf
69804,1,inf
69812,1,inf
69924,1,inf
69952,1,inf
69959,1,inf
69964,1,inf
69968,1,inf
70017,1,inf
70038,1,inf
70056,1,inf
70136,1,inf
70155,1,inf
70195,1,inf
70203,1,inf
70204,1,inf
70222,1,inf
70309,1,inf
70316,1,inf
70362,1,inf
70373,1,inf
70392,1,inf
70416,1,inf
70446,1,inf
70459,1,inf
70484,1,inf
70512,1,inf
70614,1,inf
70667,1,inf
70682,1,inf
70724,1,inf
70732,1,inf
70745,1,inf
70763,1,inf
70816,1,inf
70825,1,inf
70862,1,inf
70901,1,inf
70909,1,inf
71094,1,inf
71096,1,inf
71111,1,inf
71143,1,inf
71239,1,inf
71325,1,inf
71334,1,inf
71418,1,inf
71423,1,inf
71499,1,inf
71507,1,inf
71538,1,inf
71589,1,inf
71593,1,inf
71627,1,inf
71651,1,inf
71668,1,inf
71680,1,inf
71687,1,inf
71692,1,inf
71853,1,inf
71867,1,inf
71871,1,inf
71877,1,inf
71879,1,inf
71915,1,inf
72021,1,inf
72084,1,inf
72139,1,inf
72139,1,inf
72177,1,inf
72202,1,inf
72207,1,inf
72210,1,inf
72217,1,inf
72293,1,inf
72391,1,inf
72394,1,inf
72431,1,inf
72443,1,inf
72453,1,inf
72460,1,inf
72473,1,inf
72484,1,inf
72499,1,inf
72551,1,inf
72564,1,inf
72615,1,inf
72615,1,inf
72622,1,inf
72647,1,inf
72650,1,inf
72730,1,inf
72741,1,inf
72786,1,inf
72798,1,inf
72798,1,inf
72815,1,inf
72829,1,inf
72879,1,inf
72901,1,inf
72918,1,inf
72925,1,inf
73055,1,inf
73163,1,inf
73180,1,inf
73193,1,inf
73225,1,inf
73226,1,inf
73251,1,inf
73273,1,inf
73301,1,inf
73318,1,inf
73383,1,inf
73387,1,inf
73412,1,inf
73417,1,inf
73473,1,inf
73555,1,inf
73600,1,inf
73617,1,inf
73683,1,inf
73738,1,inf
73808,1,inf
73819,1,inf
73880,1,inf
73908,1,inf
73947,1,inf
73964,1,inf
74013,1,inf
74068,1,inf
74156,1,inf
74162,1,inf
74265,1,inf
74283,1,inf
74310,1,inf
74317,1,inf
74317,1,inf
74434,1,inf
74547,1,inf
74592,1,inf
74642,1,inf
74755,1,inf
74798,1,inf
74860,1,inf
74908,1,inf
74960,1,inf
74988,1,inf
75022,1,inf
75049,1,inf
75191,1,inf
75193,1,inf
75197,1,inf
75278,1,inf
75289,1,inf
75301,1,inf
75315,1,inf
75327,1,inf
75446,1,inf
75523,1,inf
75583,1,inf
75605,1,inf
75612,1,inf
75638,1,inf
75660,1,inf
75661,1,inf
75701,1,inf
75744,1,inf
75756,1,inf
75763,1,inf
75777,1,inf
75789,1,inf
75803,1,inf
75831,1,inf
75855,1,inf
75869,1,inf
76002,1,inf
76025,1,inf
76033,1,inf
76098,1,inf
76101,1,inf
76130,1,inf
76170,1,inf
76188,1,inf
76212,1,inf
76249,1,inf
76303,1,inf
76417,1,inf
76470,1,inf
76483,1,inf
76488,1,inf
76520,1,inf
76546,1,inf
76561,1,inf
76592,1,inf
76622,1,inf
76626,1,inf
76632,1,inf
76649,1,inf
76652,1,inf
76662,1,inf
76693,1,inf
76790,1,inf
76874,1,inf
76927,1,inf
77025,1,inf
77088,1,inf
77106,1,inf
77112,1,inf
77132,1,inf
77145,1,inf
77199,1,inf
77203,1,inf
77217,1,inf
77241,1,inf
77265,1,inf
77275,1,inf
77279,1,inf
77282,1,inf
77353,1,inf
77451,1,inf
77457,1,inf
77478,1,inf
77488,1,inf
77498,1,inf
77510,1,inf
77523,1,inf
77526,1,inf
77542,1,inf
77544,1,inf
77548,1,inf
77556,1,inf
77586,1,inf
77595,1,inf
77671,1,inf
77676,1,inf
77720,1,inf
77739,1,inf
77746,1,inf
77820,1,inf
77835,1,inf
77917,1,inf
77919,1,inf
77928,1,inf
77929,1,inf
77935,1,inf
78004,1,inf
78008,1,inf
78012,1,inf
78053,1,inf
78091,1,inf
78113,1,inf
78212,1,inf
78221,1,inf
78232,1,inf
78274,1,inf
78306,1,inf
78343,1,inf
78387,1,inf
78404,1,inf
78408,1,inf
78511,1,inf
78544,1,inf
78574,1,inf
78636,1,inf
78707,1,inf
78730,1,inf
78752,1,inf
78770,1,inf
78822,1,inf
78832,1,inf
78855,1,inf
78916,1,inf
78927,1,inf
78928,1,inf
79108,1,inf
79121,1,inf
79127,1,inf
79129,1,inf
79214,1,inf
79218,1,inf
79264,1,inf
79361,1,inf
79408,1,inf
79412,1,inf
79432,1,inf
79481,1,inf
79498,1,inf
79507,1,inf
79508,1,inf
79546,1,inf
79550,1,inf
79569,1,inf
79661,1,inf
79715,1,inf
79852,1,inf
79893,1,inf
79912,1,inf
79931,1,inf
79933,1,inf
79982,1,inf
79990,1,inf
80014,1,inf
80017,1,inf
80037,1,inf
80092,1,inf
80097,1,inf
80100,1,inf
80141,1,inf
80192,1,inf
80210,1,inf
80228,1,inf
80245,1,inf
80251,1,inf
80265,1,inf
80293,1,inf
80293,1,inf
80397,1,inf
80401,1,inf
80425,1,inf
80434,1,inf
80475,1,inf
80540,1,inf
80603,1,inf
80629,1,inf
80686,1,inf
80696,1,inf
80699,1,inf
80708,1,inf
80714,1,inf
80746,1,inf
80770,1,inf
80785,1,inf
80787,1,inf
80903,1,inf
80928,1,inf
80953,1,inf
81071,1,inf
81105,1,inf
81126,1,inf
81137,1,inf
81158,1,inf
81177,1,inf
81180,1,inf
81190,1,inf
81201,1,inf
81235,1,inf
81241,1,inf
81243,1,inf
81272,1,inf
81281,1,inf
81330,1,inf
81390,1,inf
81402,1,inf
81416,1,inf
81459,1,inf
81591,1,inf
81596,1,inf
81628,1,inf
81636,1,inf
81657,1,inf
81689,1,inf
81689,1,inf
81690,1,inf
81705,1,inf
81725,1,inf
81755,1,inf
81781,1,inf
81795,1,inf
81826,1,inf
81826,1,inf
82005,1,inf
82017,1,inf
82038,1,inf
82066,1,inf
82078,1,inf
82145,1,inf
82242,1,inf
82278,1,inf
82298,1,inf
82336,1,inf
82346,1,inf
82379,1,inf
82387,1,inf
82490,1,inf
82491,1,inf
82518,1,inf
82576,1,inf
82581,1,inf
82583,1,inf
82608,1,inf
82636,1,inf
82650,1,inf
82690,1,inf
82705,1,inf
82751,1,inf
82757,1,inf
82804,1,inf
82809,1,inf
82834,1,inf
82857,1,inf
82858,1,inf
82901,1,inf
82904,1,inf
83023,1,inf
83041,1,inf
83074,1,inf
83085,1,inf
83103,1,inf
83150,1,inf
83168,1,inf
83176,1,inf
83191,1,inf
83202,1,inf
83221,1,inf
83237,1,inf
83253,1,inf
83267,1,inf
83269,1,inf
83291,1,inf
83312,1,inf
83336,1,inf
83358,1,inf
83366,1,inf
83368,1,inf
83383,1,inf
83386,1,inf
83437,1,inf
83473,1,inf
83500,1,inf
83504,1,inf
83545,1,inf
83618,1,inf
83626,1,inf
83656,1,inf
83680,1,inf
83792,1,inf
83861,1,inf
83880,1,inf
83896,1,inf
83929,1,inf
83932,1,inf
84002,1,inf
84031,1,inf
84036,1,inf
84094,1,inf
84101,1,inf
84138,1,inf
84159,1,inf
84203,1,inf
84284,1,inf
84305,1,inf
84306,1,inf
84331,1,inf
84386,1,inf
84478,1,inf
84500,1,inf
84521,1,inf
84590,1,inf
84616,1,inf
84644,1,inf
84685,1,inf
84709,1,inf
84732,1,inf
84739,1,inf
84807,1,inf
84896,1,inf
84905,1,inf
84939,1,inf
84940,1,inf
84976,1,inf
85007,1,inf
85032,1,inf
85035,1,inf
85041,1,inf
85046,1,inf
85070,1,inf
85085,1,inf
85131,1,inf
85155,1,inf
85169,1,inf
85219,1,inf
85239,1,inf
85248,1,inf
85251,1,inf
85252,1,inf
85299,1,inf
85361,1,inf
85377,1,inf
85412,1,inf
85420,1,inf
85434,1,inf
85479,1,inf
85487,1,inf
85489,1,inf
85547,1,inf
85553,1,inf
85558,1,inf
85566,1,inf
85612,1,inf
85614,1,inf
85618,1,inf
85633,1,inf
85641,1,inf
85696,1,inf
85708,1,inf
85734,1,inf
85750,1,inf
85755,1,inf
85782,1,inf
85834,1,inf
85884,1,inf
85931,1,inf
86016,1,inf
86037,1,inf
86062,1,inf
86064,1,inf
86087,1,inf
86096,1,inf
86101,1,inf
86112,1,inf
86121,1,inf
86132,1,inf
86158,1,inf
86178,1,inf
86207,1,inf
86281,1,inf
86301,1,inf
86323,1,inf
86345,1,inf
86383,1,inf
86387,1,inf
86409,1,inf
86448,1,inf
86452,1,inf
86460,1,inf
86466,1,inf
86469,1,inf
86518,1,inf
86532,1,inf
86540,1,inf
86546,1,inf
86579,1,inf
86600,1,inf
86612,1,inf
86622,1,inf
86637,1,inf
86656,1,inf
86665,1,inf
86667,1,inf
86667,1,inf
86741,1,inf
86784,1,inf
86798,1,inf
86823,1,inf
86831,1,inf
86900,1,inf
87104,1,inf
87117,1,inf
87120,1,inf
87180,1,inf
87233,1,inf
87269,1,inf
87324,1,inf
87348,1,inf
87383,1,inf
87413,1,inf
87441,1,inf
87477,1,inf
87505,1,inf
87508,1,inf
87511,1,inf
87583,1,inf
87594,1,inf
87601,1,inf
87613,1,inf
87736,1,inf
87761,1,inf
87779,1,inf
87798,1,inf
87805,1,inf
87844,1,inf
87851,1,inf
87855,1,inf
87859,1,inf
87974,1,inf
88005,1,inf
88014,1,inf
88030,1,inf
88056,1,inf
88110,1,inf
88130,1,inf
88196,1,inf
88228,1,inf
88252,1,inf
88348,1,inf
88374,1,inf
88385,1,inf
88395,1,inf
88403,1,inf
88462,1,inf
88507,1,inf
88525,1,inf
88526,1,inf
88532,1,inf
88588,1,inf
88598,1,inf
88665,1,inf
88721,1,inf
88743,1,inf
88747,1,inf
88847,1,inf
88855,1,inf
88878,1,inf
88902,1,inf
88906,1,inf
89016,1,inf
89038,1,inf
89179,1,inf
89181,1,inf
89185,1,inf
89226,1,inf
89250,1,inf
89297,1,inf
89311,1,inf
89353,1,inf
89360,1,inf
89376,1,inf
89386,1,inf
89404,1,inf
89409,1,inf
89443,1,inf
89468,1,inf
89513,1,inf
89524,1,inf
89678,1,inf
89722,1,inf
89759,1,inf
89760,1,inf
89766,1,inf
89813,1,inf
89836,1,inf
89847,1,inf
89868,1,inf
89927,1,inf
89936,1,inf
89946,1,inf
90033,1,inf
90202,1,inf
90249,1,inf
90262,1,inf
90284,1,inf
90319,1,inf
90357,1,inf
90423,1,inf
90428,1,inf
90483,1,inf
90490,1,inf
90525,1,inf
90537,1,inf
90619,1,inf
90677,1,inf
90693,1,inf
90745,1,inf
90761,1,inf
90772,1,inf
90807,1,inf
90867,1,inf
90944,1,inf
91000,1,inf
91006,1,inf
91010,1,inf
91040,1,inf
91128,1,inf
91157,1,inf
91204,1,inf
91349,1,inf
91351,1,inf
91358,1,inf
91396,1,inf
91502,1,inf
91505,1,inf
91528,1,inf
91554,1,inf
91563,1,inf
91600,1,inf
91633,1,inf
91639,1,inf
91656,1,inf
91663,1,inf
91698,1,inf
91754,1,inf
91794,1,inf
91851,1,inf
91881,1,inf
91909,1,inf
91931,1,inf
92009,1,inf
92060,1,inf
92226,1,inf
92245,1,inf
92285,1,inf
92288,1,inf
92295,1,inf
92297,1,inf
92324,1,inf
92349,1,inf
92380,1,inf
92394,1,inf
92426,1,inf
92465,1,inf
92466,1,inf
92505,1,inf
92513,1,inf
92564,1,inf
92626,1,inf
92758,1,inf
92781,1,inf
92786,1,inf
92808,1,inf
92861,1,inf
92887,1,inf
92939,1,inf
92960,1,inf
93022,1,inf
93027,1,inf
93101,1,inf
93159,1,inf
93168,1,inf
93191,1,inf
93254,1,inf
93293,1,inf
93308,1,inf
93321,1,inf
93361,1,inf
93377,1,inf
93422,1,inf
93436,1,inf
93526,1,inf
93534,1,inf
93897,1,inf
93908,1,inf
93924,1,inf
94007,1,inf
94022,1,inf
94064,1,inf
94078,1,inf
94084,1,inf
94097,1,inf
94104,1,inf
94130,1,inf
94141,1,inf
94174,1,inf
94182,1,inf
94319,1,inf
94321,1,inf
94334,1,inf
94339,1,inf
94353,1,inf
94357,1,inf
94393,1,inf
94396,1,inf
94428,1,inf
94443,1,inf
94503,1,inf
94552,1,inf
94585,1,inf
94596,1,inf
94681,1,inf
94725,1,inf
94767,1,inf
94801,1,inf
94807,1,inf
94837,1,inf
94880,1,inf
94892,1,inf
94912,1,inf
95065,1,inf
95112,1,inf
95117,1,inf
95138,1,inf
95172,1,inf
95175,1,inf
95177,1,inf
95288,1,inf
95336,1,inf
95351,1,inf
95366,1,inf
95413,1,inf
95416,1,inf
95495,1,inf
95543,1,inf
95777,1,inf
95799,1,inf
95818,1,inf
95845,1,inf
95857,1,inf
95932,1,inf
95970,1,inf
95970,1,inf
96000,1,inf
96015,1,inf
96021,1,inf
96054,1,inf
96096,1,inf
96110,1,inf
96115,1,inf
96118,1,inf
96129,1,inf
96135,1,inf
96151,1,inf
96151,1,inf
96158,1,inf
96185,1,inf
96191,1,inf
96226,1,inf
96237,1,inf
96256,1,inf
96260,1,inf
96267,1,inf
96277,1,inf
96290,1,inf
96310,1,inf
96367,1,inf
96431,1,inf
96453,1,inf
96517,1,inf
96523,1,inf
96550,1,inf
96569,1,inf
96586,1,inf
96592,1,inf
96628,1,inf
96637,1,inf
96681,1,inf
96685,1,inf
96761,1,inf
96762,1,inf
96770,1,inf
96805,1,inf
96834,1,inf
97008,1,inf
97009,1,inf
97015,1,inf
97024,1,inf
97046,1,inf
97074,1,inf
97175,1,inf
97223,1,inf
97275,1,inf
97300,1,inf
97309,1,inf
97324,1,inf
97341,1,inf
97357,1,inf
97360,1,inf
97382,1,inf
97410,1,inf
97429,1,inf
97459,1,inf
97479,1,inf
97519,1,inf
97548,1,inf
97553,1,inf
97640,1,inf
97648,1,inf
97664,1,inf
97756,1,inf
97808,1,inf
97838,1,inf
97892,1,inf
97938,1,inf
97968,1,inf
97971,1,inf
97976,1,inf
98040,1,inf
98110,1,inf
98116,1,inf
98236,1,inf
98311,1,inf
98350,1,inf
98381,1,inf
98398,1,inf
98430,1,inf
98536,1,inf
98593,1,inf
98594,1,inf
98622,1,inf
98661,1,inf
98662,1,inf
98751,1,inf
98818,1,inf
98890,1,inf
98906,1,inf
98922,1,inf
98939,1,inf
98949,1,inf
98979,1,inf
99005,1,inf
99041,1,inf
99130,1,inf
99178,1,inf
99256,1,inf
99333,1,inf
99374,1,inf
99380,1,inf
99424,1,inf
99492,1,inf
99526,1,inf
99545,1,inf
99622,1,inf
99737,1,inf
99771,1,inf
99883,1,inf
99901,1,inf
99920,1,inf
99957,1,inf
100001,1,inf
100012,1,inf
100015,1,inf
100027,1,inf
100120,1,inf
100120,1,inf
100148,1,inf
100212,1,inf
100224,1,inf
100242,1,inf
100325,1,inf
100338,1,inf
100348,1,inf
100378,1,inf
100422,1,inf
100447,1,inf
100462,1,inf
100553,1,inf
100632,1,inf
100651,1,inf
100753,1,inf
100800,1,inf
100833,1,inf
100906,1,inf
100907,1,inf
100928,1,inf
100941,1,inf
100988,1,inf
100998,1,inf
101017,1,inf
101042,1,inf
101095,1,inf
101097,1,inf
101121,1,inf
101123,1,inf
101140,1,inf
101140,1,inf
101171,1,inf
101196,1,inf
101210,1,inf
101231,1,inf
101247,1,inf
101250,1,inf
101259,1,inf
101283,1,inf
101435,1,inf
101436,1,inf
101440,1,inf
101529,1,inf
101590,1,inf
101665,1,inf
101723,1,inf
101728,1,inf
101743,1,inf
101826,1,inf
101857,1,inf
101870,1,inf
102025,1,inf
102027,1,inf
102066,1,inf
102101,1,inf
102111,1,inf
102225,1,inf
102247,1,inf
102253,1,inf
102281,1,inf
102284,1,inf
102306,1,inf
102309,1,inf
102322,1,inf
102343,1,inf
102419,1,inf
102485,1,inf
102503,1,inf
102521,1,inf
102522,1,inf
102538,1,inf
102542,1,inf
102578,1,inf
102606,1,inf
102612,1,inf
102624,1,inf
102624,1,inf
102689,1,inf
102723,1,inf
102754,1,inf
102764,1,inf
102764,1,inf
102769,1,inf
102775,1,inf
102817,1,inf
102823,1,inf
102837,1,inf
102840,1,inf
102884,1,inf
103055,1,inf
103075,1,inf
103116,1,inf
103122,1,inf
103175,1,inf
103182,1,inf
103183,1,inf
103225,1,inf
103312,1,inf
103332,1,inf
103341,1,inf
103377,1,inf
103444,1,inf
103470,1,inf
103509,1,inf
103572,1,inf
103595,1,inf
103625,1,inf
103650,1,inf
103664,1,inf
103676,1,inf
103683,1,inf
103720,1,inf
103783,1,inf
103799,1,inf
103818,1,inf
103818,1,inf
103885,1,inf
103957,1,inf
104090,1,inf
104091,1,inf
104236,1,inf
104305,1,inf
104336,1,inf
104366,1,inf
104384,1,inf
104456,1,inf
104466,1,inf
104471,1,inf
104487,1,inf
104488,1,inf
104501,1,inf
104544,1,inf
104567,1,inf
104580,1,inf
104604,1,inf
104628,1,inf
104688,1,inf
104715,1,inf
104739,1,inf
104793,1,inf
104799,1,inf
104811,1,inf
104854,1,inf
104855,1,inf
104886,1,inf
104899,1,inf
104935,1,inf
104941,1,inf
105054,1,inf
105096,1,inf
105115,1,inf
105116,1,inf
105170,1,inf
105194,1,inf
105208,1,inf
105209,1,inf
105242,1,inf
105307,1,inf
105383,1,inf
105396,1,inf
105445,1,inf
105474,1,inf
105514,1,inf
105516,1,inf
105524,1,inf
105590,1,inf
105631,1,inf
105684,1,inf
105723,1,inf
105761,1,inf
105780,1,inf
105782,1,inf
105793,1,inf
105830,1,inf
105835,1,inf
105837,1,inf
105895,1,inf
105905,1,inf
105907,1,inf
105948,1,inf
106035,1,inf
106079,1,inf
106180,1,inf
106204,1,inf
106222,1,inf
106223,1,inf
106281,1,inf
106285,1,inf
106324,1,inf
106324,1,inf
106388,1,inf
106403,1,inf
106432,1,inf
106435,1,inf
106446,1,inf
106447,1,inf
106474,1,inf
106513,1,inf
106517,1,inf
106582,1,inf
106586,1,inf
106664,1,inf
106681,1,inf
106709,1,inf
106726,1,inf
106727,1,inf
106746,1,inf
106845,1,inf
106868,1,inf
106883,1,inf
106892,1,inf
106895,1,inf
106939,1,inf
106940,1,inf
106971,1,inf
106990,1,inf
107014,1,inf
107033,1,inf
107047,1,inf
107062,1,inf
107150,1,inf
107157,1,inf
107162,1,inf
107222,1,inf
107233,1,inf
107264,1,inf
107288,1,inf
107298,1,inf
107335,1,inf
107388,1,inf
107419,1,inf
107420,1,inf
107511,1,inf
107686,1,inf
107738,1,inf
107749,1,inf
107752,1,inf
107789,1,inf
107800,1,inf
107805,1,inf
107836,1,inf
107846,1,inf
107905,1,inf
107907,1,inf
107929,1,inf
108016,1,inf
108044,1,inf
108055,1,inf
108098,1,inf
108126,1,inf
108128,1,inf
108194,1,inf
108196,1,inf
108219,1,inf
108244,1,inf
108309,1,inf
108336,1,inf
108488,1,inf
108560,1,inf
108570,1,inf
108600,1,inf
108618,1,inf
108625,1,inf
108648,1,inf
108746,1,inf
108821,1,inf
108913,1,inf
108933,1,inf
108937,1,inf
108982,1,inf
109005,1,inf
109021,1,inf
109025,1,inf
109043,1,inf
109044,1,inf
109089,1,inf
109091,1,inf
109105,1,inf
109179,1,inf
109188,1,inf
109205,1,inf
109299,1,inf
109315,1,inf
109391,1,inf
109406,1,inf
109454,1,inf
109541,1,inf
109611,1,inf
109674,1,inf
109687,1,inf
109693,1,inf
109706,1,inf
109722,1,inf
109735,1,inf
109761,1,inf
109771,1,inf
109792,1,inf
109836,1,inf
109852,1,inf
109865,1,inf
109879,1,inf
109900,1,inf
109913,1,inf
109918,1,inf
109940,1,inf
110003,1,inf
110049,1,inf
110073,1,inf
110092,1,inf
110140,1,inf
110163,1,inf
110202,1,inf
110208,1,inf
110208,1,inf
110222,1,inf
110273,1,inf
110274,1,inf
110306,1,inf
110320,1,inf
110377,1,inf
110396,1,inf
110426,1,inf
110467,1,inf
110500,1,inf
110504,1,inf
110504,1,inf
110523,1,inf
110533,1,inf
110574,1,inf
110610,1,inf
110688,1,inf
110775,1,inf
110897,1,inf
110908,1,inf
110925,1,inf
110949,1,inf
110973,1,inf
110981,1,inf
111002,1,inf
111054,1,inf
111078,1,inf
111087,1,inf
111124,1,inf
111153,1,inf
111191,1,inf
111236,1,inf
111244,1,inf
111250,1,inf
111250,1,inf
111253,1,inf
111307,1,inf
111359,1,inf
111367,1,inf
111409,1,inf
111469,1,inf
111470,1,inf
111489,1,inf
111520,1,inf
111541,1,inf
111658,1,inf
111697,1,inf
111797,1,inf
111888,1,inf
111971,1,inf
111981,1,inf
111999,1,inf
112005,1,inf
112023,1,inf
112031,1,inf
112078,1,inf
112114,1,inf
112150,1,inf
112164,1,inf
112204,1,inf
112216,1,inf
112252,1,inf
112267,1,inf
112293,1,inf
112331,1,inf
112335,1,inf
112344,1,inf
112429,1,inf
112447,1,inf
112471,1,inf
112504,1,inf
112550,1,inf
112553,1,inf
112576,1,inf
112593,1,inf
112593,1,inf
112613,1,inf
112626,1,inf
112690,1,inf
112693,1,inf
112698,1,inf
112780,1,inf
112825,1,inf
112827,1,inf
112838,1,inf
112886,1,inf
112940,1,inf
113005,1,inf
113016,1,inf
113049,1,inf
113050,1,inf
113125,1,inf
113178,1,inf
113214,1,inf
113219,1,inf
113340,1,inf
113349,1,inf
113444,1,inf
113511,1,inf
113551,1,inf
113562,1,inf
113775,1,inf
113828,1,inf
113839,1,inf
113844,1,inf
113893,1,inf
113906,1,inf
113981,1,inf
114034,1,inf
114042,1,inf
114061,1,inf
114062,1,inf
114063,1,inf
114150,1,inf
114178,1,inf
114185,1,inf
114191,1,inf
114206,1,inf
114234,1,inf
114250,1,inf
114278,1,inf
114391,1,inf
114395,1,inf
114397,1,inf
114427,1,inf
114478,1,inf
114576,1,inf
114604,1,inf
114672,1,inf
114685,1,inf
114687,1,inf
114696,1,inf
114727,1,inf
114760,1,inf
114783,1,inf
114821,1,inf
114898,1,inf
114907,1,inf
114956,1,inf
114968,1,inf
115045,1,inf
115082,1,inf
115092,1,inf
115093,1,inf
115127,1,inf
115128,1,inf
115181,1,inf
115195,1,inf
115200,1,inf
115205,1,inf
115213,1,inf
115222,1,inf
115246,1,inf
115279,1,inf
115298,1,inf
115317,1,inf
115325,1,inf
115355,1,inf
115379,1,inf
115409,1,inf
115456,1,inf
115543,1,inf
115547,1,inf
115564,1,inf
115587,1,inf
115667,1,inf
115687,1,inf
115705,1,inf
115736,1,inf
115759,1,inf
115767,1,inf
115771,1,inf
115813,1,inf
115821,1,inf
115874,1,inf
115876,1,inf
115925,1,inf
115931,1,inf
115962,1,inf
115969,1,inf
116014,1,inf
116029,1,inf
116039,1,inf
116114,1,inf
116134,1,inf
116138,1,inf
116193,1,inf
116197,1,inf
116223,1,inf
116233,1,inf
116267,1,inf
116357,1,inf
116426,1,inf
116515,1,inf
116577,1,inf
116621,1,inf
116622,1,inf
116678,1,inf
116700,1,inf
116728,1,inf
116732,1,inf
116739,1,inf
116741,1,inf
116779,1,inf
116792,1,inf
116809,1,inf
116811,1,inf
116855,1,inf
117008,1,inf
117047,1,inf
117198,1,inf
117203,1,inf
117264,1,inf
117388,1,inf
117449,1,inf
117461,1,inf
117504,1,inf
117512,1,inf
117574,1,inf
117586,1,inf
117606,1,inf
117631,1,inf
117646,1,inf
117702,1,inf
117707,1,inf
117786,1,inf
117841,1,inf
117841,1,inf
117844,1,inf
117844,1,inf
117878,1,inf
117887,1,inf
118021,1,inf
118053,1,inf
118078,1,inf
118107,1,inf
118110,1,inf
118116,1,inf
118130,1,inf
118147,1,inf
118232,1,inf
118255,1,inf
118328,1,inf
118329,1,inf
118329,1,inf
118385,1,inf
118389,1,inf
118394,1,inf
118403,1,inf
118499,1,inf
118581,1,inf
118602,1,inf
118652,1,inf
118668,1,inf
118705,1,inf
118757,1,inf
118763,1,inf
118767,1,inf
118853,1,inf
118877,1,inf
118884,1,inf
118916,1,inf
119194,1,inf
119195,1,inf
119279,1,inf
119341,1,inf
119356,1,inf
119358,1,inf
119381,1,inf
119427,1,inf
119431,1,inf
119480,1,inf
119508,1,inf
119534,1,inf
119557,1,inf
119566,1,inf
119621,1,inf
119652,1,inf
119680,1,inf
119704,1,inf
119714,1,inf
119726,1,inf
119738,1,inf
119745,1,inf
119754,1,inf
119783,1,inf
119791,1,inf
119819,1,inf
119827,1,inf
119850,1,inf
119859,1,inf
119928,1,inf
119935,1,inf
120016,1,inf
120021,1,inf
120055,1,inf
120057,1,inf
120076,1,inf
120083,1,inf
120088,1,inf
120090,1,inf
120101,1,inf
120134,1,inf
120162,1,inf
120233,1,inf
120245,1,inf
120249,1,inf
120341,1,inf
120367,1,inf
120382,1,inf
120478,1,inf
120577,1,inf
120589,1,inf
120592,1,inf
120634,1,inf
120646,1,inf
120757,1,inf
120790,1,inf
120880,1,inf
120900,1,inf
120916,1,inf
120931,1,inf
120939,1,inf
120992,1,inf
121000,1,inf
121005,1,inf
121119,1,inf
121132,1,inf
121173,1,inf
121175,1,inf
121182,1,inf
121193,1,inf
121231,1,inf
121275,1,inf
121277,1,inf
121302,1,inf
121319,1,inf
121367,1,inf
121418,1,inf
121516,1,inf
121520,1,inf
121555,1,inf
121560,1,inf
121570,1,inf
121583,1,inf
121604,1,inf
121606,1,inf
121644,1,inf
121667,1,inf
121679,1,inf
121693,1,inf
121713,1,inf
121725,1,inf
121750,1,inf
121784,1,inf
121795,1,inf
121801,1,inf
121817,1,inf
121818,1,inf
121819,1,inf
121831,1,inf
121837,1,inf
121860,1,inf
121861,1,inf
121910,1,inf
121940,1,inf
122012,1,inf
122077,1,inf
122108,1,inf
122119,1,inf
122186,1,inf
122188,1,inf
122253,1,inf
122312,1,inf
122332,1,inf
122367,1,inf
122368,1,inf
122436,1,inf
122466,1,inf
122467,1,inf
122488,1,inf
122531,1,inf
122540,1,inf
122556,1,inf
122592,1,inf
122592,1,inf
122635,1,inf
122640,1,inf
122649,1,inf
122662,1,inf
122713,1,inf
122730,1,inf
122820,1,inf
122836,1,inf
122886,1,inf
123010,1,inf
123068,1,inf
123069,1,inf
123070,1,inf
123085,1,inf
123159,1,inf
123188,1,inf
123193,1,inf
123195,1,inf
123268,1,inf
123305,1,inf
123366,1,inf
123372,1,inf
123417,1,inf
123434,1,inf
123435,1,inf
123440,1,inf
123455,1,inf
123481,1,inf
123518,1,inf
123538,1,inf
123614,1,inf
123654,1,inf
123739,1,inf
123753,1,inf
123757,1,inf
123865,1,inf
123883,1,inf
123902,1,inf
123940,1,inf
123946,1,inf
124037,1,inf
124111,1,inf
124125,1,inf
124136,1,inf
124142,1,inf
124160,1,inf
124160,1,inf
124272,1,inf
124296,1,inf
124309,1,inf
124328,1,inf
124328,1,inf
124337,1,inf
124438,1,inf
124471,1,inf
124484,1,inf
124529,1,inf
124546,1,inf
124569,1,inf
124583,1,inf
124612,1,inf
124679,1,inf
124712,1,inf
124771,1,inf
124801,1,inf
124827,1,inf
124840,1,inf
124847,1,inf
124850,1,inf
124875,1,inf
124976,1,inf
125006,1,inf
125141,1,inf
125151,1,inf
125180,1,inf
125183,1,inf
125222,1,inf
125314,1,inf
125379,1,inf
125412,1,inf
125509,1,inf
125519,1,inf
125560,1,inf
125595,1,inf
125682,1,inf
125722,1,inf
125763,1,inf
125778,1,inf
125804,1,inf
125804,1,inf
125860,1,inf
125891,1,inf
125899,1,inf
125912,1,inf
125927,1,inf
125943,1,inf
126007,1,inf
126016,1,inf
126029,1,inf
126058,1,inf
126131,1,inf
126181,1,inf
126220,1,inf
126320,1,inf
126502,1,inf
126526,1,inf
126602,1,inf
126661,1,inf
126683,1,inf
126690,1,inf
126703,1,inf
126744,1,inf
126768,1,inf
126773,1,inf
126832,1,inf
126833,1,inf
126850,1,inf
126855,1,inf
126876,1,inf
126991,1,inf
127005,1,inf
127019,1,inf
127021,1,inf
127023,1,inf
127026,1,inf
127051,1,inf
127053,1,inf
127083,1,inf
127121,1,inf
127139,1,inf
127203,1,inf
127209,1,inf
127214,1,inf
127265,1,inf
127283,1,inf
127306,1,inf
127322,1,inf
127356,1,inf
127476,1,inf
127481,1,inf
127527,1,inf
127575,1,inf
127590,1,inf
127612,1,inf
127633,1,inf
127679,1,inf
127686,1,inf
127704,1,inf
127714,1,inf
127737,1,inf
127773,1,inf
127783,1,inf
127834,1,inf
127857,1,inf
127871,1,inf
127970,1,inf
127988,1,inf
128042,1,inf
128047,1,inf
128072,1,inf
128113,1,inf
128196,1,inf
128235,1,inf
128270,1,inf
128298,1,inf
128325,1,inf
128396,1,inf
128396,1,inf
128448,1,inf
128496,1,inf
128505,1,inf
128546,1,inf
128608,1,inf
128623,1,inf
128629,1,inf
128632,1,inf
128679,1,inf
128693,1,inf
128700,1,inf
128732,1,inf
128761,1,inf
128761,1,inf
128767,1,inf
128769,1,inf
128777,1,inf
128826,1,inf
128890,1,inf
128892,1,inf
128954,1,inf
128996,1,inf
128998,1,inf
129023,1,inf
129036,1,inf
129091,1,inf
129145,1,inf
129155,1,inf
129203,1,inf
129256,1,inf
129258,1,inf
129352,1,inf
129504,1,inf
129536,1,inf
129624,1,inf
129651,1,inf
129681,1,inf
129716,1,inf
129750,1,inf
129790,1,inf
129841,1,inf
129860,1,inf
129877,1,inf
129914,1,inf
129920,1,inf
129926,1,inf
129941,1,inf
129941,1,inf
129952,1,inf
129953,1,inf
130045,1,inf
130083,1,inf
130083,1,inf
130112,1,inf
130150,1,inf
130162,1,inf
130207,1,inf
130331,1,inf
130336,1,inf
130403,1,inf
130404,1,inf
130408,1,inf
130423,1,inf
130425,1,inf
130520,1,inf
130532,1,inf
130568,1,inf
130607,1,inf
130611,1,inf
130742,1,inf
130769,1,inf
130771,1,inf
130782,1,inf
130787,1,inf
130848,1,inf
130967,1,inf
131004,1,inf
131006,1,inf
131049,1,inf
131073,1,inf
131118,1,inf
131122,1,inf
131126,1,inf
131133,1,inf
131161,1,inf
131164,1,inf
131185,1,inf
131199,1,inf
131226,1,inf
131240,1,inf
131358,1,inf
131421,1,inf
131446,1,inf
131462,1,inf
131495,1,inf
131504,1,inf
131519,1,inf
131521,1,inf
131657,1,inf
131712,1,inf
131718,1,inf
131739,1,inf
131749,1,inf
131765,1,inf
131797,1,inf
131844,1,inf
131851,1,inf
131853,1,inf
131858,1,inf
131962,1,inf
131963,1,inf
131978,1,inf
132042,1,inf
132048,1,inf
132077,1,inf
132140,1,inf
132162,1,inf
132165,1,inf
132184,1,inf
132195,1,inf
132226,1,inf
132228,1,inf
132240,1,inf
132252,1,inf
132285,1,inf
132285,1,inf
132300,1,inf
132311,1,inf
132328,1,inf
132341,1,inf
132344,1,inf
132421,1,inf
132424,1,inf
132428,1,inf
132496,1,inf
132560,1,inf
132711,1,inf
132773,1,inf
132790,1,inf
132832,1,inf
132865,1,inf
132883,1,inf
132892,1,inf
133008,1,inf
133080,1,inf
133088,1,inf
133189,1,inf
133246,1,inf
133346,1,inf
133362,1,inf
133379,1,inf
133432,1,inf
133432,1,inf
133469,1,inf
133487,1,inf
133501,1,inf
133618,1,inf
133618,1,inf
133625,1,inf
133640,1,inf
133707,1,inf
133782,1,inf
133816,1,inf
133828,1,inf
133834,1,inf
133864,1,inf
133947,1,inf
133999,1,inf
134129,1,inf
134142,1,inf
134176,1,inf
134307,1,inf
134326,1,inf
134335,1,inf
134335,1,inf
134354,1,inf
134364,1,inf
134421,1,inf
134422,1,inf
134442,1,inf
134576,1,inf
134603,1,inf
134629,1,inf
134652,1,inf
134769,1,inf
134786,1,inf
134803,1,inf
134879,1,inf
134890,1,inf
134900,1,inf
134918,1,inf
134931,1,inf
134944,1,inf
134956,1,inf
134959,1,inf
135011,1,inf
135050,1,inf
135105,1,inf
135151,1,inf
135157,1,inf
135169,1,inf
135263,1,inf
135294,1,inf
135295,1,inf
135332,1,inf
135343,1,inf
135394,1,inf
135397,1,inf
135398,1,inf
135416,1,inf
135495,1,inf
135525,1,inf
135541,1,inf
135545,1,inf
135586,1,inf
135587,1,inf
135590,1,inf
135604,1,inf
135648,1,inf
135716,1,inf
135746,1,inf
135864,1,inf
135886,1,inf
135915,1,inf
135937,1,inf
135955,1,inf
136002,1,inf
136024,1,inf
136028,1,inf
136117,1,inf
136164,1,inf
136208,1,inf
136226,1,inf
136261,1,inf
136288,1,inf
136311,1,inf
136352,1,inf
136357,1,inf
136409,1,inf
136447,1,inf
136455,1,inf
136477,1,inf
136515,1,inf
136516,1,inf
136523,1,inf
136523,1,inf
136552,1,inf
136557,1,inf
136576,1,inf
136618,1,inf
136672,1,inf
136713,1,inf
136751,1,inf
136857,1,inf
136880,1,inf
136909,1,inf
136919,1,inf
136928,1,inf
136929,1,inf
136937,1,inf
136940,1,inf
137033,1,inf
137041,1,inf
137052,1,inf
137055,1,inf
137126,1,inf
137137,1,inf
137171,1,inf
137174,1,inf
137175,1,inf
137212,1,inf
137255,1,inf
137285,1,inf
137320,1,inf
137329,1,inf
137331,1,inf
137382,1,inf
137459,1,inf
137528,1,inf
137581,1,inf
137608,1,inf
137621,1,inf
137641,1,inf
137671,1,inf
137692,1,inf
137702,1,inf
137725,1,inf
137804,1,inf
137829,1,inf
137833,1,inf
137874,1,inf
138126,1,inf
138169,1,inf
138216,1,inf
138232,1,inf
138248,1,inf
138263,1,inf
138302,1,inf
138385,1,inf
138426,1,inf
138441,1,inf
138466,1,inf
138494,1,inf
138496,1,inf
138520,1,inf
138594,1,inf
138626,1,inf
138694,1,inf
138697,1,inf
138701,1,inf
138744,1,inf
138792,1,inf
138794,1,inf
138795,1,inf
138853,1,inf
138880,1,inf
138888,1,inf
138888,1,inf
138892,1,inf
138932,1,inf
139020,1,inf
139064,1,inf
139115,1,inf
139121,1,inf
139154,1,inf
139179,1,inf
139183,1,inf
139205,1,inf
139231,1,inf
139242,1,inf
139262,1,inf
139274,1,inf
139281,1,inf
139299,1,inf
139418,1,inf
139432,1,inf
139457,1,inf
139464,1,inf
139476,1,inf
139582,1,inf
139639,1,inf
139693,1,inf
139743,1,inf
139781,1,inf
139840,1,inf
139874,1,inf
139887,1,inf
139911,1,inf
139926,1,inf
139927,1,inf
139939,1,inf
139946,1,inf
139959,1,inf
140013,1,inf
140044,1,inf
140097,1,inf
140109,1,inf
140157,1,inf
140165,1,inf
140242,1,inf
140251,1,inf
140258,1,inf
140295,1,inf
140323,1,inf
140328,1,inf
140334,1,inf
140352,1,inf
140368,1,inf
140399,1,inf
140433,1,inf
140442,1,inf
140443,1,inf
140448,1,inf
140460,1,inf
140476,1,inf
140500,1,inf
140544,1,inf
140549,1,inf
140567,1,inf
140625,1,inf
140653,1,inf
140693,1,inf
140733,1,inf
140738,1,inf
140796,1,inf
140825,1,inf
140864,1,inf
140876,1,inf
140884,1,inf
140903,1,inf
140907,1,inf
140932,1,inf
141095,1,inf
141096,1,inf
141115,1,inf
141121,1,inf
141186,1,inf
141202,1,inf
141225,1,inf
141230,1,inf
141240,1,inf
141243,1,inf
141278,1,inf
141289,1,inf
141316,1,inf
141379,1,inf
141399,1,inf
141552,1,inf
141568,1,inf
141604,1,inf
141644,1,inf
141701,1,inf
141717,1,inf
141748,1,inf
141757,1,inf
141802,1,inf
141828,1,inf
141863,1,inf
141882,1,inf
141901,1,inf
141921,1,inf
142030,1,inf
142080,1,inf
142092,1,inf
142120,1,inf
142225,1,inf
142266,1,inf
142277,1,inf
142286,1,inf
142295,1,inf
142308,1,inf
142351,1,inf
142402,1,inf
142412,1,inf
142522,1,inf
142523,1,inf
142543,1,inf
142550,1,inf
142595,1,inf
142606,1,inf
142638,1,inf
142709,1,inf
142712,1,inf
142713,1,inf
142723,1,inf
142765,1,inf
142794,1,inf
142803,1,inf
142809,1,inf
142839,1,inf
142847,1,inf
142874,1,inf
142920,1,inf
143014,1,inf
143030,1,inf
143049,1,inf
143053,1,inf
143081,1,inf
143090,1,inf
143124,1,inf
143140,1,inf
143180,1,inf
143263,1,inf
143291,1,inf
143403,1,inf
143406,1,inf
143423,1,inf
143430,1,inf
143431,1,inf
143465,1,inf
143509,1,inf
143527,1,inf
143534,1,inf
143540,1,inf
143559,1,inf
143562,1,inf
143694,1,inf
143732,1,inf
143750,1,inf
143813,1,inf
143937,1,inf
144026,1,inf
144030,1,inf
144049,1,inf
144060,1,inf
144071,1,inf
144099,1,inf
144116,1,inf
144120,1,inf
144260,1,inf
144260,1,inf
144272,1,inf
144283,1,inf
144305,1,inf
144355,1,inf
144375,1,inf
144376,1,inf
144380,1,inf
144424,1,inf
144445,1,inf
144450,1,inf
144452,1,inf
144490,1,inf
144507,1,inf
144517,1,inf
144520,1,inf
144531,1,inf
144539,1,inf
144546,1,inf
144567,1,inf
144589,1,inf
144732,1,inf
144749,1,inf
144787,1,inf
144808,1,inf
144821,1,inf
144823,1,inf
144836,1,inf
144887,1,inf
145002,1,inf
145191,1,inf
145247,1,inf
145250,1,inf
145280,1,inf
145322,1,inf
145331,1,inf
145377,1,inf
145403,1,inf
145431,1,inf
145452,1,inf
145525,1,inf
145567,1,inf
145604,1,inf
145604,1,inf
145681,1,inf
145715,1,inf
145720,1,inf
145723,1,inf
145813,1,inf
145834,1,inf
