25,1,inf
57,1,inf
61,1,inf
61,1,inf
65,1,inf
97,1,inf
126,1,inf
153,1,inf
240,1,inf
277,1,inf
305,1,inf
366,1,inf
394,1,inf
411,1,inf
523,1,inf
568,1,inf
569,1,inf
569,1,inf
626,1,inf
655,1,inf
671,1,inf
691,1,inf
747,1,inf
777,1,inf
801,1,inf
819,1,inf
831,1,inf
871,1,inf
893,1,inf
961,1,inf
968,1,inf
1007,1,inf
1031,1,inf
1055,1,inf
1123,1,inf
1149,1,inf
1160,1,inf
1165,1,inf
1167,1,inf
1196,1,inf
1196,1,inf
1211,1,inf
1226,1,inf
1316,1,inf
1357,1,inf
1360,1,inf
1463,1,inf
1474,1,inf
1489,1,inf
1493,1,inf
1513,1,inf
1516,1,inf
1562,1,inf
1597,1,inf
1649,1,inf
1689,1,inf
1795,1,inf
1806,1,inf
1808,1,inf
1945,1,inf
1945,1,inf
2045,1,inf
2078,1,inf
2087,1,inf
2089,1,inf
2252,1,inf
2265,1,inf
2393,1,inf
2393,1,inf
2452,1,inf
2520,1,inf
2535,1,inf
2555,1,inf
2558,1,inf
2607,1,inf
2613,1,inf
2647,1,inf
2860,1,inf
2922,1,inf
2954,1,inf
3100,1,inf
3188,1,inf
3203,1,inf
3214,1,inf
3215,1,inf
3227,1,inf
3231,1,inf
3257,1,inf
3320,1,inf
3370,1,inf
3372,1,inf
3380,1,inf
3393,1,inf
3412,1,inf
3422,1,inf
3435,1,inf
3443,1,inf
3492,1,inf
3526,1,inf
3545,1,inf
3557,1,inf
3559,1,inf
3573,1,inf
3638,1,inf
3657,1,inf
3734,1,inf
3737,1,inf
3746,1,inf
3763,1,inf
3799,1,inf
3827,1,inf
3839,1,inf
3853,1,inf
3884,1,inf
3908,1,inf
4044,1,inf
4097,1,inf
4124,1,inf
4143,1,inf
4175,1,inf
4188,1,inf
4289,1,inf
4295,1,inf
4307,1,inf
4367,1,inf
4424,1,inf
4434,1,inf
4442,1,inf
4447,1,inf
4479,1,inf
4511,1,inf
4512,1,inf
4595,1,inf
4626,1,inf
4636,1,inf
4710,1,inf
4729,1,inf
4749,1,inf
4875,1,inf
4931,1,inf
4938,1,inf
5043,1,inf
5063,1,inf
5076,1,inf
5077,1,inf
5087,1,inf
5215,1,inf
5252,1,inf
5254,1,inf
5317,1,inf
5337,1,inf
5348,1,inf
5349,1,inf
5451,1,inf
5467,1,inf
5556,1,inf
5563,1,inf
5645,1,inf
5668,1,inf
5671,1,inf
5672,1,inf
5682,1,inf
5694,1,inf
5701,1,inf
5715,1,inf
5720,1,inf
5777,1,inf
5816,1,inf
5816,1,inf
5872,1,inf
5877,1,inf
5878,1,inf
5887,1,inf
5896,1,inf
5903,1,inf
5905,1,inf
5936,1,inf
5941,1,inf
5967,1,inf
5988,1,inf
6009,1,inf
6019,1,inf
6020,1,inf
6093,1,inf
6136,1,inf
6151,1,inf
6189,1,inf
6262,1,inf
6283,1,inf
6392,1,inf
6409,1,inf
6419,1,inf
6455,1,inf
6500,1,inf
6503,1,inf
6523,1,inf
6603,1,inf
6611,1,inf
6646,1,inf
6688,1,inf
6696,1,inf
6807,1,inf
6841,1,inf
6889,1,inf
7005,1,inf
7011,1,inf
7020,1,inf
7052,1,inf
7074,1,inf
7085,1,inf
7136,1,inf
7145,1,inf
7147,1,inf
7275,1,inf
7332,1,inf
7538,1,inf
7623,1,inf
7690,1,inf
7692,1,inf
7795,1,inf
7859,1,inf
7928,1,inf
7984,1,inf
8054,1,inf
8082,1,inf
8143,1,inf
8169,1,inf
8193,1,inf
8237,1,inf
8255,1,inf
8288,1,inf
8292,1,inf
8298,1,inf
8315,1,inf
8356,1,inf
8402,1,inf
8403,1,inf
8403,1,inf
8470,1,inf
8495,1,inf
8539,1,inf
8776,1,inf
8799,1,inf
8814,1,inf
8846,1,inf
8862,1,inf
8924,1,inf
9025,1,inf
9139,1,inf
9165,1,inf
9175,1,inf
9232,1,inf
9256,1,inf
9289,1,inf
9290,1,inf
9330,1,inf
9338,1,inf
9500,1,inf
9525,1,inf
9558,1,inf
9575,1,inf
9592,1,inf
9595,1,inf
9595,1,inf
9605,1,inf
9660,1,inf
9676,1,inf
9785,1,inf
9819,1,inf
9832,1,inf
9862,1,inf
9885,1,inf
10007,1,inf
10039,1,inf
10087,1,inf
10116,1,inf
10127,1,inf
10142,1,inf
10166,1,inf
10187,1,inf
10212,1,inf
10312,1,inf
10349,1,inf
10397,1,inf
10403,1,inf
10405,1,inf
10440,1,inf
10464,1,inf
10464,1,inf
10480,1,inf
10484,1,inf
10489,1,inf
10577,1,inf
10600,1,inf
10613,1,inf
10629,1,inf
10635,1,inf
10715,1,inf
10728,1,inf
10783,1,inf
10819,1,inf
10839,1,inf
10839,1,inf
10924,1,inf
11159,1,inf
11171,1,inf
11180,1,inf
11217,1,inf
11226,1,inf
11283,1,inf
11284,1,inf
11310,1,inf
11352,1,inf
11516,1,inf
11529,1,inf
11536,1,inf
11587,1,inf
11612,1,inf
11719,1,inf
11749,1,inf
11866,1,inf
11866,1,inf
11917,1,inf
12113,1,inf
12162,1,inf
12166,1,inf
12184,1,inf
12205,1,inf
12208,1,inf
12276,1,inf
12308,1,inf
12344,1,inf
12351,1,inf
12354,1,inf
12452,1,inf
12468,1,inf
12477,1,inf
12482,1,inf
12494,1,inf
12513,1,inf
12548,1,inf
12568,1,inf
12582,1,inf
12644,1,inf
12675,1,inf
12712,1,inf
12716,1,inf
12746,1,inf
12758,1,inf
12831,1,inf
12835,1,inf
12875,1,inf
12881,1,inf
12922,1,inf
12926,1,inf
12929,1,inf
12964,1,inf
12971,1,inf
12984,1,inf
13014,1,inf
13016,1,inf
13030,1,inf
13085,1,inf
13133,1,inf
13342,1,inf
13351,1,inf
13406,1,inf
13415,1,inf
13444,1,inf
13445,1,inf
13471,1,inf
13560,1,inf
13563,1,inf
13579,1,inf
13624,1,inf
13843,1,inf
13880,1,inf
13913,1,inf
14032,1,inf
14049,1,inf
14055,1,inf
14124,1,inf
14166,1,inf
14248,1,inf
14267,1,inf
14295,1,inf
14380,1,inf
14492,1,inf
14511,1,inf
14527,1,inf
14632,1,inf
14635,1,inf
14686,1,inf
14745,1,inf
14749,1,inf
14828,1,inf
14853,1,inf
14868,1,inf
14906,1,inf
14910,1,inf
14939,1,inf
15045,1,inf
15048,1,inf
15054,1,inf
15066,1,inf
15100,1,inf
15100,1,inf
15154,1,inf
15156,1,inf
15179,1,inf
15209,1,inf
15214,1,inf
15250,1,inf
15284,1,inf
15311,1,inf
15311,1,inf
15327,1,inf
15375,1,inf
15446,1,inf
15459,1,inf
15485,1,inf
15506,1,inf
15534,1,inf
15625,1,inf
15625,1,inf
15646,1,inf
15720,1,inf
15742,1,inf
15747,1,inf
15785,1,inf
15791,1,inf
15805,1,inf
15887,1,inf
15897,1,inf
16041,1,inf
16120,1,inf
16133,1,inf
16173,1,inf
16176,1,inf
16178,1,inf
16271,1,inf
16285,1,inf
16327,1,inf
16396,1,inf
16415,1,inf
16542,1,inf
16583,1,inf
16629,1,inf
16633,1,inf
16674,1,inf
16680,1,inf
16692,1,inf
16698,1,inf
16712,1,inf
16763,1,inf
16793,1,inf
16855,1,inf
16869,1,inf
16885,1,inf
16969,1,inf
16993,1,inf
16995,1,inf
17016,1,inf
17022,1,inf
17028,1,inf
17056,1,inf
17066,1,inf
17142,1,inf
17224,1,inf
17250,1,inf
17282,1,inf
17373,1,inf
17398,1,inf
17485,1,inf
17502,1,inf
17506,1,inf
17553,1,inf
17561,1,inf
17594,1,inf
17600,1,inf
17606,1,inf
17624,1,inf
17635,1,inf
17646,1,inf
17658,1,inf
17691,1,inf
17702,1,inf
17705,1,inf
17717,1,inf
17758,1,inf
17793,1,inf
18043,1,inf
18082,1,inf
18088,1,inf
18118,1,inf
18119,1,inf
18228,1,inf
18251,1,inf
18268,1,inf
18293,1,inf
18306,1,inf
18347,1,inf
18397,1,inf
18398,1,inf
18415,1,inf
18531,1,inf
18572,1,inf
18644,1,inf
18697,1,inf
18704,1,inf
18729,1,inf
18733,1,inf
18759,1,inf
18769,1,inf
18799,1,inf
18802,1,inf
18832,1,inf
18832,1,inf
18858,1,inf
19061,1,inf
19091,1,inf
19113,1,inf
19124,1,inf
19135,1,inf
19138,1,inf
19142,1,inf
19145,1,inf
19148,1,inf
19187,1,inf
19201,1,inf
19219,1,inf
19263,1,inf
19317,1,inf
19319,1,inf
19329,1,inf
19330,1,inf
19340,1,inf
19355,1,inf
19486,1,inf
19553,1,inf
19601,1,inf
19628,1,inf
19633,1,inf
19704,1,inf
19717,1,inf
19725,1,inf
19731,1,inf
19746,1,inf
19767,1,inf
19828,1,inf
19838,1,inf
19884,1,inf
19906,1,inf
20050,1,inf
20086,1,inf
20131,1,inf
20146,1,inf
20164,1,inf
20188,1,inf
20194,1,inf
20287,1,inf
20301,1,inf
20389,1,inf
20407,1,inf
20611,1,inf
20681,1,inf
20688,1,inf
20763,1,inf
20789,1,inf
20864,1,inf
20868,1,inf
20907,1,inf
21001,1,inf
21042,1,inf
21063,1,inf
21113,1,inf
21138,1,inf
21153,1,inf
21155,1,inf
21245,1,inf
21288,1,inf
21308,1,inf
21337,1,inf
21355,1,inf
21378,1,inf
21388,1,inf
21405,1,inf
21441,1,inf
21449,1,inf
21470,1,inf
21545,1,inf
21546,1,inf
21555,1,inf
21555,1,inf
21557,1,inf
21559,1,inf
21565,1,inf
21588,1,inf
21645,1,inf
21649,1,inf
21651,1,inf
21686,1,inf
21700,1,inf
21836,1,inf
21919,1,inf
22029,1,inf
22046,1,inf
22074,1,inf
22122,1,inf
22174,1,inf
22231,1,inf
22275,1,inf
22367,1,inf
22396,1,inf
22449,1,inf
22452,1,inf
22556,1,inf
22611,1,inf
22611,1,inf
22621,1,inf
22624,1,inf
22643,1,inf
22659,1,inf
22721,1,inf
22749,1,inf
22835,1,inf
22935,1,inf
23042,1,inf
23066,1,inf
23147,1,inf
23171,1,inf
23192,1,inf
23203,1,inf
23387,1,inf
23409,1,inf
23415,1,inf
23430,1,inf
23447,1,inf
23452,1,inf
23477,1,inf
23497,1,inf
23538,1,inf
23571,1,inf
23605,1,inf
23625,1,inf
23693,1,inf
23767,1,inf
23794,1,inf
23834,1,inf
23839,1,inf
23893,1,inf
24012,1,inf
24030,1,inf
24036,1,inf
24131,1,inf
24144,1,inf
24166,1,inf
24202,1,inf
24352,1,inf
24383,1,inf
24385,1,inf
24446,1,inf
24542,1,inf
24584,1,inf
24621,1,inf
24792,1,inf
24859,1,inf
24918,1,inf
24920,1,inf
24938,1,inf
24946,1,inf
24965,1,inf
24991,1,inf
24995,1,inf
24995,1,inf
25035,1,inf
25036,1,inf
25046,1,inf
25050,1,inf
25090,1,inf
25094,1,inf
25094,1,inf
25112,1,inf
25113,1,inf
25114,1,inf
25145,1,inf
25171,1,inf
25426,1,inf
25481,1,inf
25483,1,inf
25585,1,inf
25607,1,inf
25612,1,inf
25622,1,inf
25706,1,inf
25707,1,inf
25726,1,inf
25756,1,inf
25762,1,inf
25808,1,inf
25810,1,inf
25825,1,inf
25857,1,inf
25899,1,inf
25913,1,inf
25936,1,inf
25952,1,inf
26014,1,inf
26023,1,inf
26027,1,inf
26059,1,inf
26061,1,inf
26072,1,inf
26081,1,inf
26126,1,inf
26155,1,inf
26180,1,inf
26207,1,inf
26212,1,inf
26228,1,inf
26243,1,inf
26243,1,inf
26338,1,inf
26382,1,inf
26382,1,inf
26471,1,inf
26483,1,inf
26601,1,inf
26630,1,inf
26632,1,inf
26685,1,inf
26719,1,inf
26723,1,inf
26738,1,inf
26795,1,inf
26840,1,inf
26845,1,inf
26880,1,inf
27036,1,inf
27046,1,inf
27071,1,inf
27130,1,inf
27221,1,inf
27243,1,inf
27248,1,inf
27259,1,inf
27261,1,inf
27307,1,inf
27326,1,inf
27331,1,inf
27351,1,inf
27374,1,inf
27408,1,inf
27431,1,inf
27437,1,inf
27455,1,inf
27460,1,inf
27653,1,inf
27728,1,inf
27729,1,inf
27729,1,inf
27775,1,inf
27783,1,inf
27789,1,inf
27807,1,inf
27831,1,inf
27849,1,inf
28020,1,inf
28027,1,inf
28058,1,inf
28091,1,inf
28110,1,inf
28123,1,inf
28143,1,inf
28270,1,inf
28291,1,inf
28311,1,inf
28361,1,inf
28378,1,inf
28405,1,inf
28423,1,inf
28440,1,inf
28461,1,inf
28505,1,inf
28514,1,inf
28522,1,inf
28543,1,inf
28552,1,inf
28585,1,inf
28592,1,inf
28691,1,inf
28694,1,inf
28716,1,inf
28750,1,inf
28764,1,inf
28764,1,inf
28826,1,inf
28841,1,inf
29019,1,inf
29127,1,inf
29180,1,inf
29187,1,inf
29241,1,inf
29246,1,inf
29284,1,inf
29285,1,inf
29385,1,inf
29405,1,inf
29421,1,inf
29423,1,inf
29426,1,inf
29485,1,inf
29496,1,inf
29673,1,inf
29715,1,inf
29720,1,inf
29753,1,inf
29783,1,inf
29802,1,inf
29870,1,inf
29903,1,inf
29927,1,inf
29971,1,inf
29986,1,inf
30089,1,inf
30132,1,inf
30223,1,inf
30302,1,inf
30327,1,inf
30406,1,inf
30416,1,inf
30434,1,inf
30542,1,inf
30546,1,inf
30558,1,inf
30573,1,inf
30584,1,inf
30650,1,inf
30709,1,inf
30731,1,inf
30781,1,inf
30821,1,inf
30825,1,inf
30847,1,inf
30852,1,inf
30877,1,inf
30910,1,inf
31063,1,inf
31066,1,inf
31089,1,inf
31102,1,inf
31111,1,inf
31202,1,inf
31210,1,inf
31219,1,inf
31222,1,inf
31229,1,inf
31240,1,inf
31257,1,inf
31258,1,inf
31271,1,inf
31287,1,inf
31306,1,inf
31307,1,inf
31318,1,inf
31333,1,inf
31374,1,inf
31385,1,inf
31402,1,inf
31457,1,inf
31560,1,inf
31674,1,inf
31675,1,inf
31695,1,inf
31704,1,inf
31725,1,inf
31732,1,inf
31795,1,inf
31830,1,inf
31841,1,inf
31903,1,inf
31921,1,inf
31961,1,inf
32028,1,inf
32054,1,inf
32061,1,inf
32082,1,inf
32126,1,inf
32150,1,inf
32158,1,inf
32258,1,inf
32291,1,inf
32341,1,inf
32371,1,inf
32384,1,inf
32394,1,inf
32440,1,inf
32442,1,inf
32444,1,inf
32529,1,inf
32588,1,inf
32606,1,inf
32622,1,inf
32691,1,inf
32763,1,inf
32790,1,inf
32813,1,inf
32836,1,inf
32871,1,inf
32896,1,inf
32935,1,inf
33016,1,inf
33054,1,inf
33086,1,inf
33111,1,inf
33151,1,inf
33174,1,inf
33178,1,inf
33196,1,inf
33227,1,inf
33290,1,inf
33303,1,inf
33303,1,inf
33333,1,inf
33350,1,inf
33358,1,inf
33409,1,inf
33455,1,inf
33473,1,inf
33477,1,inf
33507,1,inf
33508,1,inf
33579,1,inf
33588,1,inf
33678,1,inf
33721,1,inf
33763,1,inf
33799,1,inf
33840,1,inf
33853,1,inf
33914,1,inf
33938,1,inf
33963,1,inf
33977,1,inf
34025,1,inf
34028,1,inf
34087,1,inf
34099,1,inf
34188,1,inf
34215,1,inf
34403,1,inf
34499,1,inf
34563,1,inf
34567,1,inf
34579,1,inf
34612,1,inf
34692,1,inf
34716,1,inf
34798,1,inf
34826,1,inf
34840,1,inf
34940,1,inf
35088,1,inf
35094,1,inf
35140,1,inf
35166,1,inf
35166,1,inf
35216,1,inf
35218,1,inf
35307,1,inf
35399,1,inf
35425,1,inf
35441,1,inf
35489,1,inf
35490,1,inf
35499,1,inf
35574,1,inf
35597,1,inf
35636,1,inf
35654,1,inf
35689,1,inf
35689,1,inf
35725,1,inf
35765,1,inf
35844,1,inf
35845,1,inf
35877,1,inf
36006,1,inf
36026,1,inf
36135,1,inf
36180,1,inf
36192,1,inf
36319,1,inf
36363,1,inf
36388,1,inf
36444,1,inf
36458,1,inf
36512,1,inf
36527,1,inf
36539,1,inf
36585,1,inf
36606,1,inf
36641,1,inf
36696,1,inf
36704,1,inf
36720,1,inf
36803,1,inf
36808,1,inf
37005,1,inf
37074,1,inf
37082,1,inf
37093,1,inf
37103,1,inf
37115,1,inf
37131,1,inf
37148,1,inf
37181,1,inf
37211,1,inf
37234,1,inf
37239,1,inf
37254,1,inf
37285,1,inf
37304,1,inf
37330,1,inf
37376,1,inf
37387,1,inf
37389,1,inf
37500,1,inf
37508,1,inf
37572,1,inf
37595,1,inf
37606,1,inf
37647,1,inf
37652,1,inf
37664,1,inf
37688,1,inf
37710,1,inf
37710,1,inf
37778,1,inf
37846,1,inf
38020,1,inf
38024,1,inf
38036,1,inf
38079,1,inf
38094,1,inf
38120,1,inf
38136,1,inf
38165,1,inf
38168,1,inf
38181,1,inf
38188,1,inf
38193,1,inf
38200,1,inf
38205,1,inf
38249,1,inf
38261,1,inf
38276,1,inf
38408,1,inf
38417,1,inf
38471,1,inf
38485,1,inf
38536,1,inf
38565,1,inf
38580,1,inf
38618,1,inf
38648,1,inf
38672,1,inf
38673,1,inf
38743,1,inf
38787,1,inf
38836,1,inf
38884,1,inf
39029,1,inf
39055,1,inf
39097,1,inf
39097,1,inf
39180,1,inf
39183,1,inf
39197,1,inf
39286,1,inf
39309,1,inf
39310,1,inf
39340,1,inf
39349,1,inf
39376,1,inf
39381,1,inf
39495,1,inf
39584,1,inf
39585,1,inf
39595,1,inf
39704,1,inf
39708,1,inf
39733,1,inf
39844,1,inf
39866,1,inf
39875,1,inf
39876,1,inf
39931,1,inf
40056,1,inf
40065,1,inf
40073,1,inf
40078,1,inf
40133,1,inf
40161,1,inf
40175,1,inf
40242,1,inf
40270,1,inf
40363,1,inf
40372,1,inf
40389,1,inf
40419,1,inf
40483,1,inf
40484,1,inf
40619,1,inf
40678,1,inf
40706,1,inf
40737,1,inf
40750,1,inf
40757,1,inf
40766,1,inf
40774,1,inf
40782,1,inf
40786,1,inf
40857,1,inf
40860,1,inf
40906,1,inf
40909,1,inf
40965,1,inf
41042,1,inf
41047,1,inf
41048,1,inf
41193,1,inf
41199,1,inf
41297,1,inf
41335,1,inf
41357,1,inf
41390,1,inf
41405,1,inf
41431,1,inf
41470,1,inf
41525,1,inf
41535,1,inf
41559,1,inf
41592,1,inf
41713,1,inf
41777,1,inf
41844,1,inf
41850,1,inf
41852,1,inf
41909,1,inf
41920,1,inf
42066,1,inf
42154,1,inf
42164,1,inf
42166,1,inf
42168,1,inf
42172,1,inf
42223,1,inf
42247,1,inf
42526,1,inf
42583,1,inf
42589,1,inf
42596,1,inf
42677,1,inf
42697,1,inf
42699,1,inf
42724,1,inf
42735,1,inf
42769,1,inf
42822,1,inf
42862,1,inf
42892,1,inf
42924,1,inf
42925,1,inf
42928,1,inf
42993,1,inf
42996,1,inf
43014,1,inf
43094,1,inf
43106,1,inf
43110,1,inf
43160,1,inf
43176,1,inf
43219,1,inf
43220,1,inf
43266,1,inf
43268,1,inf
43298,1,inf
43444,1,inf
43465,1,inf
43495,1,inf
43578,1,inf
43610,1,inf
43638,1,inf
43645,1,inf
43661,1,inf
43711,1,inf
43763,1,inf
43807,1,inf
43838,1,inf
43900,1,inf
44062,1,inf
44077,1,inf
44140,1,inf
44146,1,inf
44168,1,inf
44173,1,inf
44228,1,inf
44229,1,inf
44247,1,inf
44250,1,inf
44287,1,inf
44318,1,inf
44357,1,inf
44361,1,inf
44384,1,inf
44406,1,inf
44447,1,inf
44454,1,inf
44693,1,inf
44697,1,inf
44725,1,inf
44760,1,inf
44780,1,inf
45002,1,inf
45147,1,inf
45160,1,inf
45193,1,inf
45241,1,inf
45305,1,inf
45362,1,inf
45389,1,inf
45438,1,inf
45501,1,inf
45504,1,inf
45569,1,inf
45605,1,inf
45623,1,inf
45629,1,inf
45675,1,inf
45757,1,inf
45843,1,inf
45905,1,inf
45915,1,inf
46011,1,inf
46034,1,inf
46055,1,inf
46073,1,inf
46086,1,inf
46106,1,inf
46119,1,inf
46143,1,inf
46146,1,inf
46154,1,inf
46185,1,inf
46195,1,inf
46212,1,inf
46219,1,inf
46226,1,inf
46366,1,inf
46467,1,inf
46486,1,inf
46505,1,inf
46525,1,inf
46547,1,inf
46583,1,inf
46603,1,inf
46645,1,inf
46658,1,inf
46670,1,inf
46703,1,inf
46824,1,inf
46840,1,inf
46952,1,inf
46985,1,inf
47017,1,inf
47047,1,inf
47070,1,inf
47104,1,inf
47152,1,inf
47179,1,inf
47220,1,inf
47265,1,inf
47313,1,inf
47323,1,inf
47348,1,inf
47350,1,inf
47368,1,inf
47382,1,inf
47437,1,inf
47440,1,inf
47462,1,inf
47482,1,inf
47492,1,inf
47493,1,inf
47582,1,inf
47610,1,inf
47641,1,inf
47654,1,inf
47654,1,inf
47670,1,inf
47673,1,inf
47679,1,inf
47706,1,inf
47725,1,inf
47794,1,inf
47831,1,inf
47833,1,inf
47851,1,inf
48010,1,inf
48012,1,inf
48064,1,inf
48096,1,inf
48126,1,inf
48242,1,inf
48257,1,inf
48362,1,inf
48425,1,inf
48488,1,inf
48507,1,inf
48565,1,inf
48578,1,inf
48651,1,inf
48652,1,inf
48655,1,inf
48729,1,inf
48735,1,inf
48735,1,inf
48759,1,inf
48790,1,inf
48821,1,inf
48848,1,inf
48850,1,inf
48904,1,inf
48938,1,inf
48974,1,inf
48974,1,inf
49001,1,inf
49005,1,inf
49018,1,inf
49053,1,inf
49080,1,inf
49140,1,inf
49156,1,inf
49177,1,inf
49266,1,inf
49317,1,inf
49367,1,inf
49401,1,inf
49475,1,inf
49559,1,inf
49575,1,inf
49577,1,inf
49707,1,inf
49822,1,inf
49847,1,inf
49895,1,inf
50025,1,inf
50034,1,inf
50038,1,inf
50072,1,inf
50102,1,inf
50125,1,inf
50132,1,inf
50184,1,inf
50195,1,inf
50214,1,inf
50230,1,inf
50239,1,inf
50349,1,inf
50367,1,inf
50434,1,inf
50434,1,inf
50438,1,inf
50453,1,inf
50469,1,inf
50487,1,inf
50513,1,inf
50523,1,inf
50554,1,inf
50564,1,inf
50587,1,inf
50597,1,inf
50614,1,inf
50679,1,inf
50722,1,inf
50851,1,inf
50891,1,inf
50893,1,inf
50895,1,inf
50914,1,inf
50933,1,inf
51040,1,inf
51041,1,inf
51076,1,inf
51081,1,inf
51123,1,inf
51140,1,inf
51148,1,inf
51178,1,inf
51252,1,inf
51328,1,inf
51372,1,inf
51438,1,inf
51544,1,inf
51552,1,inf
51579,1,inf
51619,1,inf
51623,1,inf
51647,1,inf
51727,1,inf
51754,1,inf
51771,1,inf
51829,1,inf
51881,1,inf
52000,1,inf
52048,1,inf
52074,1,inf
52078,1,inf
52116,1,inf
52172,1,inf
52196,1,inf
52199,1,inf
52202,1,inf
52287,1,inf
52312,1,inf
52411,1,inf
52429,1,inf
52445,1,inf
52458,1,inf
52485,1,inf
52547,1,inf
52619,1,inf
52680,1,inf
52734,1,inf
52756,1,inf
52905,1,inf
52908,1,inf
52913,1,inf
52944,1,inf
52958,1,inf
53074,1,inf
53144,1,inf
53163,1,inf
53180,1,inf
53207,1,inf
53217,1,inf
53324,1,inf
53356,1,inf
53372,1,inf
53373,1,inf
53379,1,inf
53478,1,inf
53502,1,inf
53529,1,inf
53574,1,inf
53575,1,inf
53656,1,inf
53679,1,inf
53686,1,inf
53776,1,inf
53797,1,inf
53916,1,inf
53927,1,inf
54042,1,inf
54089,1,inf
54188,1,inf
54244,1,inf
54264,1,inf
54282,1,inf
54316,1,inf
54318,1,inf
54331,1,inf
54355,1,inf
54537,1,inf
54577,1,inf
54591,1,inf
54685,1,inf
54757,1,inf
54759,1,inf
54790,1,inf
54798,1,inf
54820,1,inf
54856,1,inf
54896,1,inf
54934,1,inf
54986,1,inf
55054,1,inf
55055,1,inf
55106,1,inf
55106,1,inf
55107,1,inf
55144,1,inf
55264,1,inf
55290,1,inf
55301,1,inf
55309,1,inf
55328,1,inf
55479,1,inf
55515,1,inf
55559,1,inf
55560,1,inf
55581,1,inf
55588,1,inf
55606,1,inf
55631,1,inf
55661,1,inf
55680,1,inf
55696,1,inf
55724,1,inf
55760,1,inf
55767,1,inf
55834,1,inf
56008,1,inf
56025,1,inf
56025,1,inf
56036,1,inf
56040,1,inf
56108,1,inf
56148,1,inf
56186,1,inf
56292,1,inf
56300,1,inf
56333,1,inf
56362,1,inf
56410,1,inf
56444,1,inf
56483,1,inf
56502,1,inf
56531,1,inf
56557,1,inf
56654,1,inf
56659,1,inf
56784,1,inf
56793,1,inf
56807,1,inf
56889,1,inf
56921,1,inf
56952,1,inf
57026,1,inf
57102,1,inf
57115,1,inf
57128,1,inf
57183,1,inf
57231,1,inf
57244,1,inf
57320,1,inf
57342,1,inf
57394,1,inf
57410,1,inf
57492,1,inf
57524,1,inf
57571,1,inf
57609,1,inf
57683,1,inf
57717,1,inf
57740,1,inf
57743,1,inf
57751,1,inf
57755,1,inf
57773,1,inf
57879,1,inf
57931,1,inf
57950,1,inf
57985,1,inf
58015,1,inf
58041,1,inf
58106,1,inf
58175,1,inf
58184,1,inf
58237,1,inf
58242,1,inf
58297,1,inf
58321,1,inf
58344,1,inf
58400,1,inf
58496,1,inf
58502,1,inf
58679,1,inf
58720,1,inf
58860,1,inf
58871,1,inf
58908,1,inf
58929,1,inf
58961,1,inf
58962,1,inf
58966,1,inf
58969,1,inf
58984,1,inf
59038,1,inf
59038,1,inf
59047,1,inf
59104,1,inf
59141,1,inf
59195,1,inf
59227,1,inf
59228,1,inf
59230,1,inf
59256,1,inf
59278,1,inf
59459,1,inf
59518,1,inf
59546,1,inf
59548,1,inf
59555,1,inf
59562,1,inf
59611,1,inf
59631,1,inf
59750,1,inf
59844,1,inf
59849,1,inf
59875,1,inf
59940,1,inf
60003,1,inf
60030,1,inf
60088,1,inf
60126,1,inf
60188,1,inf
60190,1,inf
60224,1,inf
60301,1,inf
60336,1,inf
60340,1,inf
60366,1,inf
60410,1,inf
60429,1,inf
60442,1,inf
60446,1,inf
60488,1,inf
60501,1,inf
60539,1,inf
60567,1,inf
60645,1,inf
60678,1,inf
60693,1,inf
60768,1,inf
60769,1,inf
60849,1,inf
60877,1,inf
60896,1,inf
60906,1,inf
61036,1,inf
61057,1,inf
61060,1,inf
61070,1,inf
61095,1,inf
61099,1,inf
61104,1,inf
61124,1,inf
61134,1,inf
61156,1,inf
61203,1,inf
61205,1,inf
61356,1,inf
61367,1,inf
61384,1,inf
61393,1,inf
61396,1,inf
61421,1,inf
61430,1,inf
61499,1,inf
61511,1,inf
61514,1,inf
61544,1,inf
61548,1,inf
61639,1,inf
61668,1,inf
61695,1,inf
61713,1,inf
61725,1,inf
61735,1,inf
61840,1,inf
61875,1,inf
62022,1,inf
62029,1,inf
62036,1,inf
62050,1,inf
62059,1,inf
62072,1,inf
62081,1,inf
62200,1,inf
62373,1,inf
62486,1,inf
62498,1,inf
62514,1,inf
62519,1,inf
62527,1,inf
62643,1,inf
62649,1,inf
62655,1,inf
62690,1,inf
62733,1,inf
62741,1,inf
62746,1,inf
62870,1,inf
62886,1,inf
62895,1,inf
62903,1,inf
62914,1,inf
62959,1,inf
62964,1,inf
63069,1,inf
63113,1,inf
63129,1,inf
63152,1,inf
63218,1,inf
63259,1,inf
63266,1,inf
63294,1,inf
63306,1,inf
63430,1,inf
63436,1,inf
63498,1,inf
63510,1,inf
63540,1,inf
63566,1,inf
63617,1,inf
63624,1,inf
63687,1,inf
63690,1,inf
63702,1,inf
63702,1,inf
63711,1,inf
63719,1,inf
63746,1,inf
63748,1,inf
63785,1,inf
63938,1,inf
63938,1,inf
63948,1,inf
64108,1,inf
64208,1,inf
64248,1,inf
64324,1,inf
64341,1,inf
64347,1,inf
64399,1,inf
64453,1,inf
64453,1,inf
64538,1,inf
64560,1,inf
64643,1,inf
64690,1,inf
64714,1,inf
64715,1,inf
64752,1,inf
64770,1,inf
64882,1,inf
64904,1,inf
65072,1,inf
65074,1,inf
65151,1,inf
65181,1,inf
65229,1,inf
65249,1,inf
65268,1,inf
65546,1,inf
65553,1,inf
65693,1,inf
65712,1,inf
65718,1,inf
65762,1,inf
65763,1,inf
65780,1,inf
65904,1,inf
65930,1,inf
65934,1,inf
65943,1,inf
66047,1,inf
66062,1,inf
66079,1,inf
66095,1,inf
66192,1,inf
66234,1,inf
66252,1,inf
66259,1,inf
66277,1,inf
66383,1,inf
66472,1,inf
66503,1,inf
66550,1,inf
66552,1,inf
66587,1,inf
66604,1,inf
66613,1,inf
66657,1,inf
66691,1,inf
66693,1,inf
66695,1,inf
66747,1,inf
66755,1,inf
66844,1,inf
66886,1,inf
66902,1,inf
66912,1,inf
66979,1,inf
67005,1,inf
67044,1,inf
67087,1,inf
67124,1,inf
67263,1,inf
67337,1,inf
67429,1,inf
67461,1,inf
67630,1,inf
67807,1,inf
67848,1,inf
67866,1,inf
68058,1,inf
68107,1,inf
68197,1,inf
68256,1,inf
68281,1,inf
68288,1,inf
68315,1,inf
68377,1,inf
68418,1,inf
68448,1,inf
68455,1,inf
68456,1,inf
68476,1,inf
68515,1,inf
68594,1,inf
68596,1,inf
68612,1,inf
68646,1,inf
68650,1,inf
68668,1,inf
68672,1,inf
68679,1,inf
68682,1,inf
68690,1,inf
68711,1,inf
68721,1,inf
68737,1,inf
68774,1,inf
68778,1,inf
68815,1,inf
68829,1,inf
68846,1,inf
68888,1,inf
68907,1,inf
68913,1,inf
68920,1,inf
68929,1,inf
69009,1,inf
69010,1,inf
69013,1,inf
69048,1,inf
69061,1,inf
69072,1,inf
69084,1,inf
69092,1,inf
69097,1,inf
69116,1,inf
69134,1,inf
69174,1,inf
69189,1,inf
69254,1,inf
69288,1,inf
69364,1,inf
69402,1,inf
69433,1,inf
69463,1,inf
69479,1,inf
69484,1,inf
69542,1,inf
69601,1,inf
69634,1,inf
69693,1,inf
69724,1,inf
69889,1,inf
69896,1,inf
69916,1,inf
69943,1,inf
69963,1,inf
70007,1,inf
70015,1,inf
70028,1,inf
70112,1,inf
70144,1,inf
70163,1,inf
70260,1,inf
70263,1,inf
70264,1,inf
70327,1,inf
70478,1,inf
70482,1,inf
70535,1,inf
70566,1,inf
70573,1,inf
70615,1,inf
70621,1,inf
70641,1,inf
70645,1,inf
70670,1,inf
70687,1,inf
70688,1,inf
70697,1,inf
70702,1,inf
70710,1,inf
70757,1,inf
70841,1,inf
70842,1,inf
70876,1,inf
70921,1,inf
70951,1,inf
70977,1,inf
71040,1,inf
71051,1,inf
71072,1,inf
71078,1,inf
71108,1,inf
71153,1,inf
71153,1,inf
71208,1,inf
71208,1,inf
71245,1,inf
71260,1,inf
71307,1,inf
71333,1,inf
71380,1,inf
71397,1,inf
71434,1,inf
71454,1,inf
71485,1,inf
71528,1,inf
71635,1,inf
71687,1,inf
71735,1,inf
71748,1,inf
71753,1,inf
71755,1,inf
71805,1,inf
71848,1,inf
71958,1,inf
71971,1,inf
71983,1,inf
72034,1,inf
72043,1,inf
72167,1,inf
72190,1,inf
72202,1,inf
72212,1,inf
72226,1,inf
72248,1,inf
72248,1,inf
72280,1,inf
72303,1,inf
72305,1,inf
72332,1,inf
72339,1,inf
72361,1,inf
72399,1,inf
72479,1,inf
72542,1,inf
72544,1,inf
72544,1,inf
72581,1,inf
72590,1,inf
72593,1,inf
72605,1,inf
72621,1,inf
72653,1,inf
72690,1,inf
72773,1,inf
72818,1,inf
72860,1,inf
72866,1,inf
73027,1,inf
73086,1,inf
73091,1,inf
73148,1,inf
73194,1,inf
73214,1,inf
73304,1,inf
73348,1,inf
73387,1,inf
73484,1,inf
73528,1,inf
73534,1,inf
73556,1,inf
73621,1,inf
73624,1,inf
73678,1,inf
73679,1,inf
73715,1,inf
73720,1,inf
73725,1,inf
73728,1,inf
73729,1,inf
73762,1,inf
73762,1,inf
73783,1,inf
73786,1,inf
73831,1,inf
73854,1,inf
73925,1,inf
74009,1,inf
74242,1,inf
74262,1,inf
74331,1,inf
74334,1,inf
74387,1,inf
74388,1,inf
74420,1,inf
74508,1,inf
74596,1,inf
74618,1,inf
74654,1,inf
74657,1,inf
74713,1,inf
74846,1,inf
74871,1,inf
74912,1,inf
74915,1,inf
74975,1,inf
75017,1,inf
75030,1,inf
75096,1,inf
75128,1,inf
75179,1,inf
75187,1,inf
75287,1,inf
75323,1,inf
75345,1,inf
75358,1,inf
75387,1,inf
75394,1,inf
75499,1,inf
75515,1,inf
75569,1,inf
75614,1,inf
75636,1,inf
75760,1,inf
75826,1,inf
75828,1,inf
75839,1,inf
75847,1,inf
75879,1,inf
75896,1,inf
75918,1,inf
76003,1,inf
76013,1,inf
76022,1,inf
76050,1,inf
76069,1,inf
76110,1,inf
76157,1,inf
76184,1,inf
76220,1,inf
76236,1,inf
76277,1,inf
76360,1,inf
76459,1,inf
76545,1,inf
76572,1,inf
76581,1,inf
76606,1,inf
76652,1,inf
76747,1,inf
76867,1,inf
76873,1,inf
76891,1,inf
76915,1,inf
76928,1,inf
77017,1,inf
77063,1,inf
77079,1,inf
77092,1,inf
77099,1,inf
77146,1,inf
77152,1,inf
77163,1,inf
77235,1,inf
77270,1,inf
77276,1,inf
77288,1,inf
77336,1,inf
77341,1,inf
77440,1,inf
77533,1,inf
77538,1,inf
77555,1,inf
77581,1,inf
77721,1,inf
77724,1,inf
77741,1,inf
77825,1,inf
77835,1,inf
77919,1,inf
77942,1,inf
78001,1,inf
78035,1,inf
78053,1,inf
78081,1,inf
78130,1,inf
78221,1,inf
78279,1,inf
78290,1,inf
78366,1,inf
78431,1,inf
78446,1,inf
78479,1,inf
78494,1,inf
78504,1,inf
78507,1,inf
78520,1,inf
78521,1,inf
78607,1,inf
78613,1,inf
78708,1,inf
78710,1,inf
78729,1,inf
78767,1,inf
78794,1,inf
78795,1,inf
78810,1,inf
78841,1,inf
78880,1,inf
78893,1,inf
79084,1,inf
79098,1,inf
79109,1,inf
79152,1,inf
79179,1,inf
79209,1,inf
79261,1,inf
79309,1,inf
79343,1,inf
79382,1,inf
79492,1,inf
79558,1,inf
79564,1,inf
79570,1,inf
79574,1,inf
79597,1,inf
79647,1,inf
79651,1,inf
79755,1,inf
79926,1,inf
79928,1,inf
80013,1,inf
80020,1,inf
80025,1,inf
80048,1,inf
80075,1,inf
80115,1,inf
80124,1,inf
80151,1,inf
80163,1,inf
80200,1,inf
80233,1,inf
80255,1,inf
80285,1,inf
80339,1,inf
80340,1,inf
80488,1,inf
80530,1,inf
80551,1,inf
80596,1,inf
80738,1,inf
80836,1,inf
80857,1,inf
80920,1,inf
80921,1,inf
80932,1,inf
80938,1,inf
80948,1,inf
81033,1,inf
81041,1,inf
81047,1,inf
81095,1,inf
81153,1,inf
81165,1,inf
81182,1,inf
81218,1,inf
81313,1,inf
81356,1,inf
81419,1,inf
81465,1,inf
81486,1,inf
81502,1,inf
81530,1,inf
81570,1,inf
81702,1,inf
81736,1,inf
81774,1,inf
81788,1,inf
81799,1,inf
81802,1,inf
81847,1,inf
81867,1,inf
81873,1,inf
81883,1,inf
81899,1,inf
82095,1,inf
82149,1,inf
82181,1,inf
82207,1,inf
82254,1,inf
82308,1,inf
82334,1,inf
82376,1,inf
82392,1,inf
82406,1,inf
82462,1,inf
82528,1,inf
82531,1,inf
82541,1,inf
82541,1,inf
82542,1,inf
82574,1,inf
82575,1,inf
82576,1,inf
82612,1,inf
82643,1,inf
82644,1,inf
82676,1,inf
82761,1,inf
82784,1,inf
82816,1,inf
82827,1,inf
83040,1,inf
83059,1,inf
83066,1,inf
83085,1,inf
83129,1,inf
83154,1,inf
83179,1,inf
83215,1,inf
83216,1,inf
83241,1,inf
83267,1,inf
83319,1,inf
83338,1,inf
83364,1,inf
83441,1,inf
83538,1,inf
83543,1,inf
83576,1,inf
83672,1,inf
83700,1,inf
83714,1,inf
83724,1,inf
83816,1,inf
83823,1,inf
83828,1,inf
83852,1,inf
83916,1,inf
83930,1,inf
84100,1,inf
84120,1,inf
84137,1,inf
84155,1,inf
84175,1,inf
84238,1,inf
84260,1,inf
84344,1,inf
84353,1,inf
84384,1,inf
84520,1,inf
84530,1,inf
84535,1,inf
84555,1,inf
84591,1,inf
84722,1,inf
84844,1,inf
84847,1,inf
84893,1,inf
84924,1,inf
84982,1,inf
85005,1,inf
85008,1,inf
85047,1,inf
85050,1,inf
85091,1,inf
85102,1,inf
85105,1,inf
85111,1,inf
85197,1,inf
85232,1,inf
85258,1,inf
85282,1,inf
85296,1,inf
85403,1,inf
85447,1,inf
85452,1,inf
85456,1,inf
85462,1,inf
85479,1,inf
85520,1,inf
85537,1,inf
85577,1,inf
85578,1,inf
85579,1,inf
85623,1,inf
85633,1,inf
85639,1,inf
85641,1,inf
85692,1,inf
85694,1,inf
85771,1,inf
85802,1,inf
85824,1,inf
86015,1,inf
86035,1,inf
86157,1,inf
86261,1,inf
86273,1,inf
86295,1,inf
86380,1,inf
86542,1,inf
86560,1,inf
86576,1,inf
86587,1,inf
86609,1,inf
86676,1,inf
86688,1,inf
86751,1,inf
86767,1,inf
86800,1,inf
86804,1,inf
86893,1,inf
87066,1,inf
87074,1,inf
87113,1,inf
87149,1,inf
87167,1,inf
87176,1,inf
87184,1,inf
87198,1,inf
87203,1,inf
87306,1,inf
87319,1,inf
87327,1,inf
87398,1,inf
87434,1,inf
87441,1,inf
87500,1,inf
87501,1,inf
87584,1,inf
87632,1,inf
87642,1,inf
87650,1,inf
87776,1,inf
87806,1,inf
87845,1,inf
87946,1,inf
88037,1,inf
88055,1,inf
88083,1,inf
88098,1,inf
88117,1,inf
88140,1,inf
88157,1,inf
88205,1,inf
88228,1,inf
88232,1,inf
88265,1,inf
88272,1,inf
88274,1,inf
88297,1,inf
88382,1,inf
88382,1,inf
88384,1,inf
88531,1,inf
88535,1,inf
88541,1,inf
88627,1,inf
88628,1,inf
88795,1,inf
88814,1,inf
88856,1,inf
88924,1,inf
88931,1,inf
88984,1,inf
89029,1,inf
89062,1,inf
89116,1,inf
89161,1,inf
89164,1,inf
89182,1,inf
89210,1,inf
89246,1,inf
89310,1,inf
89345,1,inf
89376,1,inf
89386,1,inf
89402,1,inf
89432,1,inf
89484,1,inf
89489,1,inf
89562,1,inf
89628,1,inf
89640,1,inf
89676,1,inf
89684,1,inf
89687,1,inf
89747,1,inf
89778,1,inf
89782,1,inf
89806,1,inf
89841,1,inf
89851,1,inf
89913,1,inf
89923,1,inf
90043,1,inf
90059,1,inf
90060,1,inf
90156,1,inf
90158,1,inf
90208,1,inf
90222,1,inf
90243,1,inf
90289,1,inf
90291,1,inf
90321,1,inf
90368,1,inf
90379,1,inf
90398,1,inf
90409,1,inf
90434,1,inf
90440,1,inf
90471,1,inf
90489,1,inf
90508,1,inf
90511,1,inf
90517,1,inf
90525,1,inf
90603,1,inf
90644,1,inf
90671,1,inf
90720,1,inf
90745,1,inf
90769,1,inf
90796,1,inf
90901,1,inf
90905,1,inf
90947,1,inf
91014,1,inf
91062,1,inf
91073,1,inf
91114,1,inf
91122,1,inf
91125,1,inf
91130,1,inf
91131,1,inf
91137,1,inf
91200,1,inf
91204,1,inf
91300,1,inf
91307,1,inf
91338,1,inf
91390,1,inf
91413,1,inf
91433,1,inf
91559,1,inf
91572,1,inf
91610,1,inf
91619,1,inf
91680,1,inf
91720,1,inf
91765,1,inf
91825,1,inf
91841,1,inf
91842,1,inf
91859,1,inf
91861,1,inf
92033,1,inf
92088,1,inf
92225,1,inf
92246,1,inf
92250,1,inf
92277,1,inf
92396,1,inf
92465,1,inf
92465,1,inf
92493,1,inf
92529,1,inf
92566,1,inf
92622,1,inf
92632,1,inf
92714,1,inf
92761,1,inf
92788,1,inf
92803,1,inf
92810,1,inf
92830,1,inf
92856,1,inf
92860,1,inf
92861,1,inf
92960,1,inf
93039,1,inf
93046,1,inf
93154,1,inf
93228,1,inf
93277,1,inf
93302,1,inf
93369,1,inf
93474,1,inf
93509,1,inf
93576,1,inf
93663,1,inf
93673,1,inf
93673,1,inf
93710,1,inf
93715,1,inf
93725,1,inf
93771,1,inf
93933,1,inf
94163,1,inf
94180,1,inf
94189,1,inf
94195,1,inf
94276,1,inf
94312,1,inf
94314,1,inf
94323,1,inf
94326,1,inf
94335,1,inf
94381,1,inf
94466,1,inf
94535,1,inf
94714,1,inf
94727,1,inf
94732,1,inf
94819,1,inf
94821,1,inf
94839,1,inf
94848,1,inf
94856,1,inf
94864,1,inf
94915,1,inf
94930,1,inf
94938,1,inf
95007,1,inf
95107,1,inf
95117,1,inf
95125,1,inf
95206,1,inf
95233,1,inf
95303,1,inf
95358,1,inf
95374,1,inf
95468,1,inf
95566,1,inf
95594,1,inf
95607,1,inf
95614,1,inf
95651,1,inf
95663,1,inf
95683,1,inf
95684,1,inf
95704,1,inf
95708,1,inf
95743,1,inf
95789,1,inf
95872,1,inf
95907,1,inf
95939,1,inf
95946,1,inf
95946,1,inf
96001,1,inf
96010,1,inf
96012,1,inf
96016,1,inf
96029,1,inf
96050,1,inf
96051,1,inf
96149,1,inf
96185,1,inf
96300,1,inf
96450,1,inf
96469,1,inf
96509,1,inf
96579,1,inf
96633,1,inf
96634,1,inf
96649,1,inf
96665,1,inf
96679,1,inf
96699,1,inf
96801,1,inf
96811,1,inf
97055,1,inf
97083,1,inf
97098,1,inf
97167,1,inf
97176,1,inf
97180,1,inf
97189,1,inf
97198,1,inf
97312,1,inf
97322,1,inf
97378,1,inf
97379,1,inf
97474,1,inf
97493,1,inf
97517,1,inf
97558,1,inf
97564,1,inf
97583,1,inf
97645,1,inf
97737,1,inf
97790,1,inf
97796,1,inf
97801,1,inf
97858,1,inf
97940,1,inf
97950,1,inf
97978,1,inf
98000,1,inf
98020,1,inf
98020,1,inf
98084,1,inf
98095,1,inf
98096,1,inf
98175,1,inf
98227,1,inf
98248,1,inf
98305,1,inf
98337,1,inf
98353,1,inf
98427,1,inf
98493,1,inf
98506,1,inf
98506,1,inf
98551,1,inf
98620,1,inf
98648,1,inf
98793,1,inf
98819,1,inf
98831,1,inf
98846,1,inf
98851,1,inf
98887,1,inf
98951,1,inf
98956,1,inf
99044,1,inf
99079,1,inf
99092,1,inf
99273,1,inf
99280,1,inf
99292,1,inf
99304,1,inf
99347,1,inf
99368,1,inf
99368,1,inf
99398,1,inf
99430,1,inf
99449,1,inf
99456,1,inf
99469,1,inf
99484,1,inf
99657,1,inf
99685,1,inf
99697,1,inf
99849,1,inf
99890,1,inf
99891,1,inf
99945,1,inf
100008,1,inf
100013,1,inf
100089,1,inf
100138,1,inf
100144,1,inf
100148,1,inf
100157,1,inf
100167,1,inf
100214,1,inf
100231,1,inf
100235,1,inf
100250,1,inf
100431,1,inf
100512,1,inf
100514,1,inf
100588,1,inf
100632,1,inf
100642,1,inf
100746,1,inf
100760,1,inf
100815,1,inf
100834,1,inf
100928,1,inf
100933,1,inf
100934,1,inf
100949,1,inf
101137,1,inf
101225,1,inf
101249,1,inf
101300,1,inf
101325,1,inf
101344,1,inf
101365,1,inf
101452,1,inf
101534,1,inf
101616,1,inf
101652,1,inf
101659,1,inf
101773,1,inf
101921,1,inf
101924,1,inf
101930,1,inf
101940,1,inf
102016,1,inf
102161,1,inf
102191,1,inf
102226,1,inf
102296,1,inf
102340,1,inf
102381,1,inf
102433,1,inf
102452,1,inf
102467,1,inf
102506,1,inf
102511,1,inf
102523,1,inf
102533,1,inf
102620,1,inf
102636,1,inf
102646,1,inf
102648,1,inf
102713,1,inf
102726,1,inf
102754,1,inf
102761,1,inf
102838,1,inf
102867,1,inf
102924,1,inf
103080,1,inf
103096,1,inf
103099,1,inf
103265,1,inf
103300,1,inf
103364,1,inf
103370,1,inf
103425,1,inf
103434,1,inf
103450,1,inf
103537,1,inf
103549,1,inf
103564,1,inf
103569,1,inf
103630,1,inf
103689,1,inf
103732,1,inf
103792,1,inf
103805,1,inf
103842,1,inf
103843,1,inf
103844,1,inf
103853,1,inf
103918,1,inf
103921,1,inf
103930,1,inf
103944,1,inf
104000,1,inf
104003,1,inf
104007,1,inf
104097,1,inf
104156,1,inf
104173,1,inf
104342,1,inf
104384,1,inf
104388,1,inf
104447,1,inf
104482,1,inf
104565,1,inf
104636,1,inf
104663,1,inf
104708,1,inf
104759,1,inf
104761,1,inf
104778,1,inf
104791,1,inf
104818,1,inf
104864,1,inf
104925,1,inf
105020,1,inf
105021,1,inf
105032,1,inf
105069,1,inf
105077,1,inf
105078,1,inf
105131,1,inf
105144,1,inf
105157,1,inf
105254,1,inf
105277,1,inf
105295,1,inf
105317,1,inf
105427,1,inf
105497,1,inf
105580,1,inf
105672,1,inf
105733,1,inf
105755,1,inf
105853,1,inf
105922,1,inf
105922,1,inf
106030,1,inf
106120,1,inf
106148,1,inf
106182,1,inf
106289,1,inf
106302,1,inf
106324,1,inf
106348,1,inf
106364,1,inf
106366,1,inf
106404,1,inf
106425,1,inf
106434,1,inf
106459,1,inf
106514,1,inf
106515,1,inf
106518,1,inf
106538,1,inf
106541,1,inf
106596,1,inf
106612,1,inf
106620,1,inf
106649,1,inf
106672,1,inf
106692,1,inf
106694,1,inf
106729,1,inf
106735,1,inf
106750,1,inf
106759,1,inf
106786,1,inf
106842,1,inf
106892,1,inf
106927,1,inf
106934,1,inf
106989,1,inf
107026,1,inf
107074,1,inf
107084,1,inf
107140,1,inf
107172,1,inf
107194,1,inf
107206,1,inf
107210,1,inf
107240,1,inf
107268,1,inf
107270,1,inf
107339,1,inf
107349,1,inf
107520,1,inf
107563,1,inf
107628,1,inf
107683,1,inf
107702,1,inf
107717,1,inf
107751,1,inf
107769,1,inf
107776,1,inf
107790,1,inf
107812,1,inf
107828,1,inf
107869,1,inf
107901,1,inf
107913,1,inf
107920,1,inf
108004,1,inf
108098,1,inf
108207,1,inf
108219,1,inf
108264,1,inf
108294,1,inf
108351,1,inf
108353,1,inf
108400,1,inf
108403,1,inf
108425,1,inf
108490,1,inf
108730,1,inf
108745,1,inf
108802,1,inf
108823,1,inf
108873,1,inf
108883,1,inf
108942,1,inf
108943,1,inf
108968,1,inf
108985,1,inf
109025,1,inf
109030,1,inf
109036,1,inf
109078,1,inf
109081,1,inf
109101,1,inf
109136,1,inf
109245,1,inf
109261,1,inf
109262,1,inf
109281,1,inf
109375,1,inf
109402,1,inf
109406,1,inf
109406,1,inf
109531,1,inf
109600,1,inf
109753,1,inf
109762,1,inf
109791,1,inf
109812,1,inf
109922,1,inf
110067,1,inf
110075,1,inf
110121,1,inf
110184,1,inf
110278,1,inf
110290,1,inf
110328,1,inf
110363,1,inf
110371,1,inf
110377,1,inf
110420,1,inf
110443,1,inf
110471,1,inf
110479,1,inf
110553,1,inf
110557,1,inf
110565,1,inf
110651,1,inf
110693,1,inf
110751,1,inf
110816,1,inf
110856,1,inf
110867,1,inf
110897,1,inf
110899,1,inf
110907,1,inf
111015,1,inf
111063,1,inf
111274,1,inf
111323,1,inf
111328,1,inf
111436,1,inf
111442,1,inf
111489,1,inf
111529,1,inf
111566,1,inf
111580,1,inf
111657,1,inf
111662,1,inf
111666,1,inf
111692,1,inf
111766,1,inf
111781,1,inf
111854,1,inf
111930,1,inf
112001,1,inf
112032,1,inf
112044,1,inf
112068,1,inf
112124,1,inf
112139,1,inf
112163,1,inf
112204,1,inf
112211,1,inf
112221,1,inf
112243,1,inf
112284,1,inf
112402,1,inf
112426,1,inf
112437,1,inf
112447,1,inf
112451,1,inf
112470,1,inf
112511,1,inf
112528,1,inf
112566,1,inf
112576,1,inf
112601,1,inf
112639,1,inf
112739,1,inf
112742,1,inf
112750,1,inf
112789,1,inf
112790,1,inf
112803,1,inf
112808,1,inf
112831,1,inf
112868,1,inf
112870,1,inf
112905,1,inf
112910,1,inf
112925,1,inf
112942,1,inf
113019,1,inf
113137,1,inf
113155,1,inf
113155,1,inf
113183,1,inf
113227,1,inf
113244,1,inf
113253,1,inf
113257,1,inf
113261,1,inf
113267,1,inf
113299,1,inf
113338,1,inf
113345,1,inf
113376,1,inf
113455,1,inf
113504,1,inf
113506,1,inf
113566,1,inf
113750,1,inf
113774,1,inf
113778,1,inf
113781,1,inf
113796,1,inf
113869,1,inf
113893,1,inf
113949,1,inf
113986,1,inf
114015,1,inf
114025,1,inf
114027,1,inf
114165,1,inf
114195,1,inf
114200,1,inf
114214,1,inf
114237,1,inf
114301,1,inf
114312,1,inf
114346,1,inf
114400,1,inf
114406,1,inf
114444,1,inf
114563,1,inf
114566,1,inf
114584,1,inf
114624,1,inf
114663,1,inf
114800,1,inf
114824,1,inf
114851,1,inf
114853,1,inf
114905,1,inf
114958,1,inf
114966,1,inf
114985,1,inf
114997,1,inf
115025,1,inf
115039,1,inf
115199,1,inf
115207,1,inf
115269,1,inf
115282,1,inf
115283,1,inf
115300,1,inf
115443,1,inf
115458,1,inf
115548,1,inf
115618,1,inf
115778,1,inf
115858,1,inf
115916,1,inf
116068,1,inf
116094,1,inf
116096,1,inf
116146,1,inf
116181,1,inf
116206,1,inf
116207,1,inf
116232,1,inf
116253,1,inf
116261,1,inf
116264,1,inf
116324,1,inf
116352,1,inf
116421,1,inf
116489,1,inf
116504,1,inf
116525,1,inf
116587,1,inf
116613,1,inf
116650,1,inf
116658,1,inf
116662,1,inf
116665,1,inf
116713,1,inf
116721,1,inf
116738,1,inf
116798,1,inf
117054,1,inf
117068,1,inf
117112,1,inf
117146,1,inf
117163,1,inf
117183,1,inf
117200,1,inf
117222,1,inf
117223,1,inf
117268,1,inf
117297,1,inf
117326,1,inf
117368,1,inf
117372,1,inf
117383,1,inf
117504,1,inf
117528,1,inf
117530,1,inf
117683,1,inf
117755,1,inf
117796,1,inf
117799,1,inf
117837,1,inf
117844,1,inf
117883,1,inf
118023,1,inf
118025,1,inf
118029,1,inf
118039,1,inf
118039,1,inf
118129,1,inf
118230,1,inf
118237,1,inf
118263,1,inf
118285,1,inf
118299,1,inf
118324,1,inf
118386,1,inf
118388,1,inf
118452,1,inf
118453,1,inf
118462,1,inf
118493,1,inf
118501,1,inf
118553,1,inf
118584,1,inf
118632,1,inf
118635,1,inf
118702,1,inf
118712,1,inf
118848,1,inf
118864,1,inf
118908,1,inf
118974,1,inf
119042,1,inf
119055,1,inf
119116,1,inf
119204,1,inf
119208,1,inf
119313,1,inf
119338,1,inf
119392,1,inf
119439,1,inf
119518,1,inf
119624,1,inf
119652,1,inf
119671,1,inf
119713,1,inf
119778,1,inf
119810,1,inf
119931,1,inf
119950,1,inf
119959,1,inf
120057,1,inf
120061,1,inf
120068,1,inf
120137,1,inf
120225,1,inf
120238,1,inf
120285,1,inf
120285,1,inf
120294,1,inf
120302,1,inf
120303,1,inf
120338,1,inf
120341,1,inf
120369,1,inf
120380,1,inf
120439,1,inf
120461,1,inf
120477,1,inf
120515,1,inf
120518,1,inf
120648,1,inf
120756,1,inf
120800,1,inf
121001,1,inf
121004,1,inf
121034,1,inf
121171,1,inf
121205,1,inf
121225,1,inf
121265,1,inf
121287,1,inf
121309,1,inf
121392,1,inf
121406,1,inf
121425,1,inf
121446,1,inf
121501,1,inf
121549,1,inf
121555,1,inf
121564,1,inf
121597,1,inf
121598,1,inf
121623,1,inf
121651,1,inf
121670,1,inf
121675,1,inf
121689,1,inf
121693,1,inf
121699,1,inf
121705,1,inf
121708,1,inf
121720,1,inf
121756,1,inf
121794,1,inf
121824,1,inf
121868,1,inf
121903,1,inf
122104,1,inf
122138,1,inf
122148,1,inf
122153,1,inf
122261,1,inf
122286,1,inf
122300,1,inf
122346,1,inf
122367,1,inf
122370,1,inf
122406,1,inf
122452,1,inf
122488,1,inf
122509,1,inf
122537,1,inf
122593,1,inf
122596,1,inf
122647,1,inf
122660,1,inf
122682,1,inf
122835,1,inf
122843,1,inf
122852,1,inf
122875,1,inf
123052,1,inf
123062,1,inf
123093,1,inf
123138,1,inf
123190,1,inf
123219,1,inf
123287,1,inf
123318,1,inf
123328,1,inf
123347,1,inf
123370,1,inf
123407,1,inf
123421,1,inf
123476,1,inf
123486,1,inf
123548,1,inf
123553,1,inf
123578,1,inf
123606,1,inf
123635,1,inf
123667,1,inf
123676,1,inf
123723,1,inf
123755,1,inf
123769,1,inf
123856,1,inf
123932,1,inf
124044,1,inf
124100,1,inf
124114,1,inf
124120,1,inf
124151,1,inf
124230,1,inf
124241,1,inf
124260,1,inf
124338,1,inf
124365,1,inf
124526,1,inf
124538,1,inf
124554,1,inf
124576,1,inf
124598,1,inf
124611,1,inf
124633,1,inf
124635,1,inf
124638,1,inf
124672,1,inf
124785,1,inf
124870,1,inf
124897,1,inf
124913,1,inf
124954,1,inf
125018,1,inf
125071,1,inf
125091,1,inf
125108,1,inf
125145,1,inf
125154,1,inf
125182,1,inf
125221,1,inf
125225,1,inf
125255,1,inf
125259,1,inf
125275,1,inf
125286,1,inf
125289,1,inf
125290,1,inf
125302,1,inf
125335,1,inf
125430,1,inf
125439,1,inf
125576,1,inf
125579,1,inf
125587,1,inf
125602,1,inf
125603,1,inf
125622,1,inf
125662,1,inf
125690,1,inf
125763,1,inf
125814,1,inf
125849,1,inf
125874,1,inf
125882,1,inf
125898,1,inf
126002,1,inf
126005,1,inf
126099,1,inf
126104,1,inf
126106,1,inf
126164,1,inf
126207,1,inf
126278,1,inf
126308,1,inf
126339,1,inf
126381,1,inf
126382,1,inf
126409,1,inf
126464,1,inf
126480,1,inf
126697,1,inf
126751,1,inf
126795,1,inf
126816,1,inf
126836,1,inf
126898,1,inf
126972,1,inf
127008,1,inf
127030,1,inf
127044,1,inf
127056,1,inf
127081,1,inf
127101,1,inf
127149,1,inf
127176,1,inf
127182,1,inf
127218,1,inf
127304,1,inf
127312,1,inf
127391,1,inf
127431,1,inf
127476,1,inf
127557,1,inf
127572,1,inf
127593,1,inf
127605,1,inf
127610,1,inf
127738,1,inf
127847,1,inf
127906,1,inf
127991,1,inf
128100,1,inf
128122,1,inf
128240,1,inf
128282,1,inf
128370,1,inf
128375,1,inf
128395,1,inf
128421,1,inf
128503,1,inf
128513,1,inf
128563,1,inf
128576,1,inf
128645,1,inf
128714,1,inf
128758,1,inf
128797,1,inf
128826,1,inf
128878,1,inf
128880,1,inf
129030,1,inf
129101,1,inf
129127,1,inf
129241,1,inf
129271,1,inf
129310,1,inf
129350,1,inf
129377,1,inf
129441,1,inf
129515,1,inf
129516,1,inf
129650,1,inf
129690,1,inf
129692,1,inf
129699,1,inf
129739,1,inf
129793,1,inf
129814,1,inf
129820,1,inf
129846,1,inf
129848,1,inf
129880,1,inf
129888,1,inf
129922,1,inf
130040,1,inf
130070,1,inf
130105,1,inf
130122,1,inf
130294,1,inf
130307,1,inf
130356,1,inf
130373,1,inf
130448,1,inf
130478,1,inf
130486,1,inf
130501,1,inf
130673,1,inf
130761,1,inf
130807,1,inf
130918,1,inf
131001,1,inf
131019,1,inf
131031,1,inf
131245,1,inf
131312,1,inf
131320,1,inf
131357,1,inf
131357,1,inf
131393,1,inf
131410,1,inf
131430,1,inf
131430,1,inf
131437,1,inf
131515,1,inf
131556,1,inf
131564,1,inf
131622,1,inf
131630,1,inf
131688,1,inf
131709,1,inf
131747,1,inf
131811,1,inf
131885,1,inf
131918,1,inf
131962,1,inf
132042,1,inf
132093,1,inf
132097,1,inf
132114,1,inf
132144,1,inf
132228,1,inf
132252,1,inf
132273,1,inf
132273,1,inf
132371,1,inf
132374,1,inf
132420,1,inf
132478,1,inf
132483,1,inf
132506,1,inf
132534,1,inf
132553,1,inf
132555,1,inf
132581,1,inf
132588,1,inf
132618,1,inf
132674,1,inf
132685,1,inf
132769,1,inf
132770,1,inf
132771,1,inf
132822,1,inf
132852,1,inf
132863,1,inf
132886,1,inf
132892,1,inf
133061,1,inf
133066,1,inf
133132,1,inf
133201,1,inf
133256,1,inf
133284,1,inf
133296,1,inf
133376,1,inf
133392,1,inf
133432,1,inf
133433,1,inf
133454,1,inf
133462,1,inf
133467,1,inf
133472,1,inf
133479,1,inf
133497,1,inf
133641,1,inf
133688,1,inf
133748,1,inf
133749,1,inf
133758,1,inf
133772,1,inf
133831,1,inf
133844,1,inf
133887,1,inf
133907,1,inf
133979,1,inf
134075,1,inf
134086,1,inf
134135,1,inf
134144,1,inf
134211,1,inf
134298,1,inf
134323,1,inf
134327,1,inf
134358,1,inf
134426,1,inf
134440,1,inf
134498,1,inf
134551,1,inf
134578,1,inf
134639,1,inf
134719,1,inf
134763,1,inf
134782,1,inf
134801,1,inf
134802,1,inf
134832,1,inf
134833,1,inf
135059,1,inf
135122,1,inf
135160,1,inf
135173,1,inf
135187,1,inf
135195,1,inf
135266,1,inf
135292,1,inf
135319,1,inf
135341,1,inf
135463,1,inf
135470,1,inf
135507,1,inf
135535,1,inf
135592,1,inf
135742,1,inf
135945,1,inf
135960,1,inf
136039,1,inf
136168,1,inf
136213,1,inf
136233,1,inf
136239,1,inf
136247,1,inf
136267,1,inf
136335,1,inf
136443,1,inf
136553,1,inf
136596,1,inf
136680,1,inf
136788,1,inf
136820,1,inf
136859,1,inf
136864,1,inf
136889,1,inf
136911,1,inf
136936,1,inf
136936,1,inf
137044,1,inf
137058,1,inf
137078,1,inf
137140,1,inf
137148,1,inf
137157,1,inf
137162,1,inf
137177,1,inf
137184,1,inf
137289,1,inf
137328,1,inf
137409,1,inf
137430,1,inf
137441,1,inf
137448,1,inf
137471,1,inf
137481,1,inf
137497,1,inf
137698,1,inf
137912,1,inf
138094,1,inf
138135,1,inf
138144,1,inf
138175,1,inf
138310,1,inf
138313,1,inf
138421,1,inf
138426,1,inf
138441,1,inf
138463,1,inf
138544,1,inf
138561,1,inf
138576,1,inf
138618,1,inf
138717,1,inf
138724,1,inf
138808,1,inf
138837,1,inf
138940,1,inf
139044,1,inf
139098,1,inf
139158,1,inf
139162,1,inf
139166,1,inf
139227,1,inf
139262,1,inf
139292,1,inf
139309,1,inf
139312,1,inf
139359,1,inf
139368,1,inf
139374,1,inf
139388,1,inf
139403,1,inf
139441,1,inf
139501,1,inf
139524,1,inf
139565,1,inf
139622,1,inf
139701,1,inf
139771,1,inf
139824,1,inf
139885,1,inf
139919,1,inf
139919,1,inf
139936,1,inf
139941,1,inf
140010,1,inf
140087,1,inf
140111,1,inf
140275,1,inf
140307,1,inf
140322,1,inf
140424,1,inf
140469,1,inf
140475,1,inf
140558,1,inf
140611,1,inf
140646,1,inf
140657,1,inf
140690,1,inf
140709,1,inf
140801,1,inf
140850,1,inf
140852,1,inf
140867,1,inf
140903,1,inf
140928,1,inf
140943,1,inf
141096,1,inf
141320,1,inf
141327,1,inf
141396,1,inf
141439,1,inf
141445,1,inf
141453,1,inf
141459,1,inf
141466,1,inf
141489,1,inf
141509,1,inf
141583,1,inf
141642,1,inf
141691,1,inf
141699,1,inf
141717,1,inf
141760,1,inf
141760,1,inf
141946,1,inf
142008,1,inf
142029,1,inf
142086,1,inf
142191,1,inf
142248,1,inf
142265,1,inf
142324,1,inf
142344,1,inf
142352,1,inf
142442,1,inf
142533,1,inf
142607,1,inf
142610,1,inf
142667,1,inf
142754,1,inf
142775,1,inf
142822,1,inf
142871,1,inf
142907,1,inf
142973,1,inf
143075,1,inf
143088,1,inf
143137,1,inf
143187,1,inf
143218,1,inf
143220,1,inf
143230,1,inf
143267,1,inf
143417,1,inf
143421,1,inf
143496,1,inf
143528,1,inf
143558,1,inf
143564,1,inf
143704,1,inf
143727,1,inf
143784,1,inf
143787,1,inf
143800,1,inf
143804,1,inf
143914,1,inf
143919,1,inf
144063,1,inf
144100,1,inf
144148,1,inf
144192,1,inf
144193,1,inf
144197,1,inf
144218,1,inf
144222,1,inf
144246,1,inf
144268,1,inf
144282,1,inf
144289,1,inf
144359,1,inf
144387,1,inf
144397,1,inf
144412,1,inf
144522,1,inf
144605,1,inf
144656,1,inf
144667,1,inf
144672,1,inf
144707,1,inf
144742,1,inf
144752,1,inf
144766,1,inf
144837,1,inf
144863,1,inf
145049,1,inf
145067,1,inf
145095,1,inf
145129,1,inf
145156,1,inf
145156,1,inf
145212,1,inf
145304,1,inf
145400,1,inf
145435,1,inf
145498,1,inf
145502,1,inf
145564,1,inf
145633,1,inf
145655,1,inf
145680,1,inf
145761,1,inf
145814,1,inf
145821,1,inf
145826,1,inf
145833,1,inf
145838,1,inf
