154,1,300
182,1,300
268,1,300
597,1,300
701,1,300
921,1,300
1500,1,300
1546,1,300
2052,1,300
2134,1,300
2134,1,300
2139,1,300
2383,1,300
2549,1,300
2621,1,300
2799,1,300
2969,1,300
3027,1,300
3134,1,300
3156,1,300
3472,1,300
3544,1,300
3596,1,300
3717,1,300
4134,1,300
4206,1,300
4246,1,300
4352,1,300
4526,1,300
4675,1,300
5217,1,300
5281,1,300
5440,1,300
5495,1,300
5800,1,300
5969,1,300
6076,1,300
6164,1,300
6364,1,300
6623,1,300
6775,1,300
6906,1,300
7212,1,300
7279,1,300
7680,1,300
8057,1,300
8057,1,300
8111,1,300
8211,1,300
8280,1,300
8305,1,300
8310,1,300
8358,1,300
8424,1,300
9000,1,300
9003,1,300
9098,1,300
9115,1,300
9147,1,300
9283,1,300
10329,1,300
10392,1,300
10393,1,300
10693,1,300
10954,1,300
11039,1,300
11285,1,300
11377,1,300
11861,1,300
11909,1,300
12044,1,300
12050,1,300
12077,1,300
12116,1,300
12393,1,300
12948,1,300
13080,1,300
13091,1,300
13093,1,300
13100,1,300
13236,1,300
13383,1,300
13421,1,300
13666,1,300
14214,1,300
14233,1,300
14525,1,300
14580,1,300
14630,1,300
15034,1,300
15095,1,300
15262,1,300
15324,1,300
15428,1,300
15537,1,300
15553,1,300
16018,1,300
16050,1,300
16072,1,300
16111,1,300
16332,1,300
16970,1,300
17079,1,300
17270,1,300
17357,1,300
17366,1,300
17904,1,300
17943,1,300
18107,1,300
18545,1,300
18951,1,300
18979,1,300
19250,1,300
19250,1,300
19268,1,300
19292,1,300
19478,1,300
19637,1,300
19685,1,300
19733,1,300
20017,1,300
20025,1,300
20067,1,300
20111,1,300
20300,1,300
20381,1,300
21053,1,300
21624,1,300
22083,1,300
22162,1,300
22243,1,300
22268,1,300
22269,1,300
22319,1,300
22319,1,300
22413,1,300
22482,1,300
22565,1,300
23104,1,300
23138,1,300
23685,1,300
23724,1,300
23856,1,300
24004,1,300
24316,1,300
24389,1,300
24529,1,300
24785,1,300
24850,1,300
24937,1,300
25083,1,300
25130,1,300
25349,1,300
25648,1,300
25799,1,300
25847,1,300
26469,1,300
26592,1,300
26609,1,300
26773,1,300
26934,1,300
27004,1,300
27036,1,300
27071,1,300
27244,1,300
27297,1,300
27375,1,300
27420,1,300
28025,1,300
28098,1,300
28168,1,300
28510,1,300
28540,1,300
28647,1,300
29518,1,300
29524,1,300
29613,1,300
29754,1,300
30043,1,300
30178,1,300
30340,1,300
30420,1,300
30500,1,300
30679,1,300
30834,1,300
30854,1,300
31247,1,300
31660,1,300
31721,1,300
31765,1,300
31885,1,300
31927,1,300
32054,1,300
32084,1,300
32132,1,300
32184,1,300
32215,1,300
32320,1,300
33101,1,300
33247,1,300
33692,1,300
33902,1,300
34058,1,300
34071,1,300
34211,1,300
34288,1,300
34546,1,300
34584,1,300
34682,1,300
34683,1,300
35018,1,300
35150,1,300
35212,1,300
35653,1,300
35686,1,300
35996,1,300
36139,1,300
36217,1,300
36287,1,300
36326,1,300
36335,1,300
36349,1,300
37265,1,300
37350,1,300
37450,1,300
37463,1,300
37590,1,300
38095,1,300
38628,1,300
38634,1,300
38884,1,300
39020,1,300
39162,1,300
39337,1,300
39353,1,300
39407,1,300
39416,1,300
39438,1,300
39690,1,300
39716,1,300
40027,1,300
40080,1,300
40391,1,300
40895,1,300
40993,1,300
41017,1,300
41109,1,300
41117,1,300
41159,1,300
41198,1,300
41507,1,300
41834,1,300
42255,1,300
42277,1,300
42302,1,300
42425,1,300
42513,1,300
42646,1,300
43056,1,300
43103,1,300
43169,1,300
43175,1,300
43578,1,300
43616,1,300
44018,1,300
44028,1,300
44355,1,300
44370,1,300
44426,1,300
44446,1,300
45100,1,300
45173,1,300
45326,1,300
45632,1,300
45661,1,300
45673,1,300
46195,1,300
46332,1,300
46364,1,300
46516,1,300
46530,1,300
46638,1,300
47008,1,300
47009,1,300
47025,1,300
47033,1,300
47055,1,300
47068,1,300
47079,1,300
47176,1,300
47232,1,300
47265,1,300
47267,1,300
47283,1,300
47335,1,300
47358,1,300
47372,1,300
47387,1,300
47490,1,300
47497,1,300
47540,1,300
47545,1,300
47547,1,300
47566,1,300
47576,1,300
47585,1,300
47586,1,300
47602,1,300
47617,1,300
47619,1,300
47673,1,300
47736,1,300
47796,1,300
47817,1,300
47848,1,300
47914,1,300
47936,1,300
47952,1,300
47964,1,300
47984,1,300
48005,1,300
48013,1,300
48014,1,300
48019,1,300
48043,1,300
48053,1,300
48059,1,300
48072,1,300
48130,1,300
48133,1,300
48167,1,300
48168,1,300
48190,1,300
48209,1,300
48225,1,300
48237,1,300
48252,1,300
48258,1,300
48264,1,300
48268,1,300
48281,1,300
48301,1,300
48392,1,300
48406,1,300
48406,1,300
48406,1,300
48416,1,300
48417,1,300
48426,1,300
48468,1,300
48470,1,300
48487,1,300
48516,1,300
48532,1,300
48538,1,300
48545,1,300
48555,1,300
48606,1,300
48645,1,300
48653,1,300
48668,1,300
48677,1,300
49012,1,300
49043,1,300
49053,1,300
49101,1,300
49116,1,300
49155,1,300
49157,1,300
49159,1,300
49214,1,300
49256,1,300
49314,1,300
49318,1,300
49321,1,300
49332,1,300
49355,1,300
49382,1,300
49387,1,300
49428,1,300
49436,1,300
49443,1,300
49475,1,300
49502,1,300
49550,1,300
49616,1,300
49620,1,300
49636,1,300
49656,1,300
49742,1,300
49763,1,300
49798,1,300
49836,1,300
49877,1,300
49922,1,300
49939,1,300
49979,1,300
50011,1,300
50026,1,300
50036,1,300
50055,1,300
50066,1,300
50071,1,300
50084,1,300
50091,1,300
50103,1,300
50108,1,300
50124,1,300
50136,1,300
50153,1,300
50169,1,300
50203,1,300
50203,1,300
50215,1,300
50258,1,300
50258,1,300
50260,1,300
50315,1,300
50433,1,300
50438,1,300
50468,1,300
50494,1,300
50503,1,300
50536,1,300
50578,1,300
50631,1,300
50631,1,300
50670,1,300
50729,1,300
50800,1,300
50814,1,300
50841,1,300
50878,1,300
50882,1,300
50899,1,300
50926,1,300
50947,1,300
50961,1,300
50970,1,300
50988,1,300
51027,1,300
51049,1,300
51062,1,300
51077,1,300
51083,1,300
51090,1,300
51095,1,300
51096,1,300
51123,1,300
51155,1,300
51196,1,300
51245,1,300
51335,1,300
51382,1,300
51385,1,300
51390,1,300
51400,1,300
51407,1,300
51426,1,300
51508,1,300
51519,1,300
51557,1,300
51572,1,300
51617,1,300
51618,1,300
51627,1,300
51628,1,300
51634,1,300
51640,1,300
51668,1,300
51720,1,300
51765,1,300
51837,1,300
51849,1,300
51917,1,300
51921,1,300
51940,1,300
52005,1,300
52026,1,300
52036,1,300
52052,1,300
52060,1,300
52068,1,300
52107,1,300
52121,1,300
52121,1,300
52126,1,300
52135,1,300
52138,1,300
52141,1,300
52151,1,300
52162,1,300
52183,1,300
52202,1,300
52224,1,300
52231,1,300
52265,1,300
52280,1,300
52297,1,300
52301,1,300
52306,1,300
52318,1,300
52319,1,300
52323,1,300
52330,1,300
52336,1,300
52361,1,300
52391,1,300
52426,1,300
52464,1,300
52476,1,300
52514,1,300
52522,1,300
52540,1,300
52560,1,300
52561,1,300
52583,1,300
52588,1,300
52598,1,300
52702,1,300
52713,1,300
52755,1,300
52767,1,300
52809,1,300
52843,1,300
52847,1,300
52856,1,300
52873,1,300
53004,1,300
53016,1,300
53029,1,300
53035,1,300
53053,1,300
53065,1,300
53097,1,300
53134,1,300
53160,1,300
53162,1,300
53275,1,300
53292,1,300
53303,1,300
53305,1,300
53333,1,300
53379,1,300
53381,1,300
53406,1,300
53417,1,300
53466,1,300
53476,1,300
53505,1,300
53541,1,300
53569,1,300
53576,1,300
53584,1,300
53611,1,300
53681,1,300
53691,1,300
53693,1,300
53750,1,300
53792,1,300
53812,1,300
53821,1,300
53826,1,300
53838,1,300
53880,1,300
53927,1,300
54009,1,300
54009,1,300
54011,1,300
54017,1,300
54040,1,300
54104,1,300
54155,1,300
54222,1,300
54226,1,300
54264,1,300
54279,1,300
54313,1,300
54317,1,300
54320,1,300
54334,1,300
54340,1,300
54364,1,300
54400,1,300
54453,1,300
54463,1,300
54471,1,300
54518,1,300
54540,1,300
54559,1,300
54709,1,300
54728,1,300
54738,1,300
54739,1,300
54762,1,300
54772,1,300
54788,1,300
54809,1,300
54811,1,300
54820,1,300
54940,1,300
54963,1,300
54970,1,300
54995,1,300
55000,1,300
55028,1,300
55032,1,300
55053,1,300
55061,1,300
55088,1,300
55108,1,300
55125,1,300
55135,1,300
55137,1,300
55190,1,300
55206,1,300
55266,1,300
55274,1,300
55285,1,300
55293,1,300
55335,1,300
55352,1,300
55371,1,300
55373,1,300
55394,1,300
55406,1,300
55407,1,300
55441,1,300
55443,1,300
55473,1,300
55487,1,300
55497,1,300
55514,1,300
55515,1,300
55525,1,300
55547,1,300
55555,1,300
55562,1,300
55575,1,300
55603,1,300
55649,1,300
55668,1,300
55680,1,300
55694,1,300
55711,1,300
55739,1,300
55778,1,300
55794,1,300
56044,1,300
56068,1,300
56090,1,300
56099,1,300
56128,1,300
56137,1,300
56146,1,300
56256,1,300
56265,1,300
56316,1,300
56349,1,300
56379,1,300
56395,1,300
56397,1,300
56427,1,300
56463,1,300
56483,1,300
56484,1,300
56510,1,300
56561,1,300
56574,1,300
56580,1,300
56628,1,300
56687,1,300
56733,1,300
56735,1,300
56755,1,300
56768,1,300
56770,1,300
56784,1,300
56789,1,300
56831,1,300
56904,1,300
56942,1,300
56949,1,300
56951,1,300
56974,1,300
56988,1,300
56989,1,300
57002,1,300
57006,1,300
57015,1,300
57025,1,300
57029,1,300
57036,1,300
57068,1,300
57077,1,300
57085,1,300
57086,1,300
57088,1,300
57099,1,300
57110,1,300
57113,1,300
57143,1,300
57151,1,300
57189,1,300
57247,1,300
57269,1,300
57269,1,300
57277,1,300
57285,1,300
57301,1,300
57308,1,300
57310,1,300
57311,1,300
57313,1,300
57349,1,300
57366,1,300
57381,1,300
57395,1,300
57411,1,300
57436,1,300
57454,1,300
57469,1,300
57487,1,300
57499,1,300
57508,1,300
57524,1,300
57534,1,300
57571,1,300
57599,1,300
57602,1,300
57609,1,300
58057,1,300
58066,1,300
58072,1,300
58139,1,300
58151,1,300
58187,1,300
58230,1,300
58230,1,300
58262,1,300
58271,1,300
58323,1,300
58355,1,300
58362,1,300
58383,1,300
58392,1,300
58480,1,300
58505,1,300
58522,1,300
58596,1,300
58601,1,300
58633,1,300
58657,1,300
58671,1,300
58675,1,300
58680,1,300
58685,1,300
58686,1,300
58689,1,300
58700,1,300
58718,1,300
58770,1,300
58802,1,300
58882,1,300
59009,1,300
59009,1,300
59014,1,300
59022,1,300
59024,1,300
59044,1,300
59061,1,300
59072,1,300
59097,1,300
59100,1,300
59140,1,300
59142,1,300
59163,1,300
59171,1,300
59180,1,300
59242,1,300
59245,1,300
59247,1,300
59377,1,300
59395,1,300
59431,1,300
59448,1,300
59473,1,300
59512,1,300
59521,1,300
59544,1,300
59556,1,300
59639,1,300
59704,1,300
59732,1,300
59736,1,300
59740,1,300
59754,1,300
59794,1,300
59797,1,300
59844,1,300
59867,1,300
59888,1,300
59941,1,300
59996,1,300
60005,1,300
60013,1,300
60017,1,300
60067,1,300
60072,1,300
60073,1,300
60076,1,300
60113,1,300
60118,1,300
60131,1,300
60137,1,300
60145,1,300
60232,1,300
60259,1,300
60262,1,300
60275,1,300
60284,1,300
60303,1,300
60387,1,300
60449,1,300
60498,1,300
60507,1,300
60510,1,300
60512,1,300
60515,1,300
60553,1,300
60564,1,300
60621,1,300
60635,1,300
60635,1,300
60665,1,300
60696,1,300
60698,1,300
60772,1,300
60806,1,300
60818,1,300
60838,1,300
60844,1,300
60857,1,300
60884,1,300
60908,1,300
60919,1,300
60927,1,300
60948,1,300
60968,1,300
60998,1,300
61007,1,300
61017,1,300
61036,1,300
61037,1,300
61048,1,300
61050,1,300
61071,1,300
61110,1,300
61121,1,300
61131,1,300
61141,1,300
61142,1,300
61148,1,300
61289,1,300
61323,1,300
61352,1,300
61385,1,300
61416,1,300
61434,1,300
61581,1,300
61584,1,300
61592,1,300
61604,1,300
61631,1,300
61653,1,300
61662,1,300
61684,1,300
61716,1,300
61762,1,300
61775,1,300
61780,1,300
61780,1,300
61789,1,300
61797,1,300
61800,1,300
61815,1,300
61828,1,300
61860,1,300
61862,1,300
61912,1,300
61917,1,300
62025,1,300
62036,1,300
62044,1,300
62095,1,300
62095,1,300
62203,1,300
62233,1,300
62305,1,300
62309,1,300
62322,1,300
62347,1,300
62382,1,300
62389,1,300
62401,1,300
62404,1,300
62405,1,300
62424,1,300
62459,1,300
62461,1,300
62469,1,300
62494,1,300
62527,1,300
62539,1,300
62617,1,300
62767,1,300
62789,1,300
62817,1,300
62820,1,300
62863,1,300
62884,1,300
62891,1,300
62904,1,300
62920,1,300
62943,1,300
62956,1,300
62985,1,300
62991,1,300
62996,1,300
63028,1,300
63042,1,300
63053,1,300
63086,1,300
63123,1,300
63134,1,300
63150,1,300
63158,1,300
63161,1,300
63176,1,300
63178,1,300
63184,1,300
63185,1,300
63187,1,300
63207,1,300
63209,1,300
63216,1,300
63219,1,300
63224,1,300
63228,1,300
63281,1,300
63356,1,300
63363,1,300
63367,1,300
63378,1,300
63416,1,300
63486,1,300
63642,1,300
63656,1,300
63667,1,300
63685,1,300
63716,1,300
63744,1,300
63772,1,300
63786,1,300
63805,1,300
63810,1,300
63833,1,300
63848,1,300
63851,1,300
63946,1,300
63963,1,300
64020,1,300
64021,1,300
64034,1,300
64041,1,300
64051,1,300
64052,1,300
64055,1,300
64061,1,300
64068,1,300
64085,1,300
64091,1,300
64100,1,300
64120,1,300
64132,1,300
64133,1,300
64139,1,300
64143,1,300
64147,1,300
64151,1,300
64163,1,300
64175,1,300
64180,1,300
64186,1,300
64301,1,300
64303,1,300
64338,1,300
64344,1,300
64376,1,300
64401,1,300
64420,1,300
64451,1,300
64480,1,300
64525,1,300
64543,1,300
64562,1,300
64578,1,300
64599,1,300
64622,1,300
64637,1,300
64754,1,300
64778,1,300
64825,1,300
64835,1,300
64852,1,300
64940,1,300
64945,1,300
65030,1,300
65074,1,300
65158,1,300
65208,1,300
65240,1,300
65331,1,300
65357,1,300
65395,1,300
65418,1,300
65420,1,300
65434,1,300
65472,1,300
65472,1,300
65507,1,300
65526,1,300
65528,1,300
65538,1,300
65540,1,300
65607,1,300
65623,1,300
65701,1,300
65718,1,300
65755,1,300
65759,1,300
65761,1,300
65774,1,300
65784,1,300
65789,1,300
65859,1,300
65894,1,300
65956,1,300
65994,1,300
66023,1,300
66032,1,300
66033,1,300
66045,1,300
66056,1,300
66062,1,300
66068,1,300
66080,1,300
66088,1,300
66089,1,300
66090,1,300
66105,1,300
66181,1,300
66194,1,300
66200,1,300
66200,1,300
66211,1,300
66218,1,300
66219,1,300
66225,1,300
66231,1,300
66253,1,300
66267,1,300
66282,1,300
66287,1,300
66317,1,300
66362,1,300
66369,1,300
66371,1,300
66381,1,300
66418,1,300
66431,1,300
66440,1,300
66448,1,300
66514,1,300
66515,1,300
66546,1,300
66562,1,300
66596,1,300
66613,1,300
66674,1,300
66692,1,300
66738,1,300
66746,1,300
66778,1,300
66870,1,300
66999,1,300
67010,1,300
67010,1,300
67034,1,300
67046,1,300
67053,1,300
67069,1,300
67078,1,300
67083,1,300
67089,1,300
67090,1,300
67098,1,300
67119,1,300
67137,1,300
67185,1,300
67202,1,300
67225,1,300
67322,1,300
67350,1,300
67358,1,300
67403,1,300
67408,1,300
67430,1,300
67433,1,300
67434,1,300
67472,1,300
67487,1,300
67496,1,300
67512,1,300
67520,1,300
67580,1,300
67588,1,300
67600,1,300
67614,1,300
67671,1,300
67677,1,300
67694,1,300
67707,1,300
67779,1,300
67786,1,300
67847,1,300
67859,1,300
67860,1,300
67860,1,300
67887,1,300
67902,1,300
68026,1,300
68032,1,300
68074,1,300
68082,1,300
68092,1,300
68139,1,300
68157,1,300
68190,1,300
68248,1,300
68278,1,300
68285,1,300
68294,1,300
68336,1,300
68349,1,300
68367,1,300
68379,1,300
68418,1,300
68436,1,300
68440,1,300
68443,1,300
68477,1,300
68481,1,300
68489,1,300
68509,1,300
68545,1,300
68564,1,300
68591,1,300
68622,1,300
68643,1,300
68707,1,300
68728,1,300
68738,1,300
68740,1,300
68748,1,300
68766,1,300
68820,1,300
68856,1,300
68870,1,300
68876,1,300
68880,1,300
68925,1,300
68949,1,300
69035,1,300
69044,1,300
69072,1,300
69131,1,300
69140,1,300
69205,1,300
69228,1,300
69252,1,300
69276,1,300
69301,1,300
69307,1,300
69331,1,300
69348,1,300
69357,1,300
69361,1,300
69377,1,300
69416,1,300
69454,1,300
69464,1,300
69516,1,300
69588,1,300
69588,1,300
69621,1,300
69625,1,300
69634,1,300
69671,1,300
69674,1,300
69680,1,300
69700,1,300
69733,1,300
69737,1,300
69747,1,300
69767,1,300
69791,1,300
69810,1,300
69817,1,300
69846,1,300
69884,1,300
69980,1,300
69988,1,300
70052,1,300
70054,1,300
70179,1,300
70221,1,300
70239,1,300
70301,1,300
70308,1,300
70333,1,300
70333,1,300
70347,1,300
70395,1,300
70397,1,300
70520,1,300
70525,1,300
70549,1,300
70557,1,300
70559,1,300
70615,1,300
70634,1,300
70667,1,300
70679,1,300
70681,1,300
70684,1,300
70693,1,300
70696,1,300
70698,1,300
70730,1,300
70732,1,300
70773,1,300
70788,1,300
70792,1,300
70821,1,300
70884,1,300
70910,1,300
70946,1,300
70988,1,300
71016,1,300
71017,1,300
71027,1,300
71033,1,300
71041,1,300
71068,1,300
71080,1,300
71114,1,300
71118,1,300
71121,1,300
71122,1,300
71131,1,300
71197,1,300
71208,1,300
71211,1,300
71332,1,300
71341,1,300
71354,1,300
71383,1,300
71390,1,300
71406,1,300
71436,1,300
71457,1,300
71465,1,300
71471,1,300
71477,1,300
71573,1,300
71631,1,300
71691,1,300
71771,1,300
71776,1,300
71806,1,300
71824,1,300
71887,1,300
71895,1,300
71923,1,300
71949,1,300
71957,1,300
71971,1,300
71998,1,300
72020,1,300
72024,1,300
72026,1,300
72055,1,300
72064,1,300
72073,1,300
72108,1,300
72115,1,300
72115,1,300
72127,1,300
72132,1,300
72142,1,300
72164,1,300
72181,1,300
72229,1,300
72279,1,300
72301,1,300
72305,1,300
72324,1,300
72368,1,300
72377,1,300
72426,1,300
72434,1,300
72483,1,300
72488,1,300
72528,1,300
72538,1,300
72545,1,300
72578,1,300
72670,1,300
72683,1,300
72684,1,300
72696,1,300
72770,1,300
72780,1,300
72834,1,300
72839,1,300
72873,1,300
72886,1,300
72891,1,300
72929,1,300
72975,1,300
72987,1,300
73005,1,300
73010,1,300
73023,1,300
73034,1,300
73038,1,300
73097,1,300
73108,1,300
73110,1,300
73139,1,300
73169,1,300
73187,1,300
73199,1,300
73231,1,300
73234,1,300
73238,1,300
73246,1,300
73270,1,300
73324,1,300
73326,1,300
73344,1,300
73360,1,300
73389,1,300
73395,1,300
73465,1,300
73524,1,300
73575,1,300
73586,1,300
73605,1,300
73625,1,300
73650,1,300
73652,1,300
73658,1,300
73701,1,300
73711,1,300
73732,1,300
73735,1,300
73748,1,300
73835,1,300
73837,1,300
73879,1,300
73928,1,300
73994,1,300
74003,1,300
74045,1,300
74054,1,300
74065,1,300
74066,1,300
74125,1,300
74128,1,300
74162,1,300
74290,1,300
74331,1,300
74359,1,300
74371,1,300
74381,1,300
74382,1,300
74437,1,300
74461,1,300
74516,1,300
74556,1,300
74589,1,300
74605,1,300
74642,1,300
74643,1,300
74667,1,300
74669,1,300
74721,1,300
74727,1,300
74759,1,300
74776,1,300
74809,1,300
74809,1,300
74818,1,300
74825,1,300
74842,1,300
74852,1,300
74901,1,300
74914,1,300
74934,1,300
74950,1,300
74964,1,300
74979,1,300
74981,1,300
74986,1,300
74987,1,300
75031,1,300
75060,1,300
75083,1,300
75094,1,300
75100,1,300
75168,1,300
75173,1,300
75174,1,300
75198,1,300
75226,1,300
75240,1,300
75311,1,300
75315,1,300
75332,1,300
75354,1,300
75412,1,300
75462,1,300
75478,1,300
75479,1,300
75498,1,300
75502,1,300
75558,1,300
75565,1,300
75572,1,300
75634,1,300
75645,1,300
75653,1,300
75749,1,300
75757,1,300
75805,1,300
75813,1,300
75838,1,300
75840,1,300
75873,1,300
75880,1,300
75905,1,300
75909,1,300
75943,1,300
75944,1,300
75954,1,300
75965,1,300
76022,1,300
76047,1,300
76130,1,300
76152,1,300
76160,1,300
76185,1,300
76236,1,300
76246,1,300
76267,1,300
76309,1,300
76313,1,300
76334,1,300
76336,1,300
76344,1,300
76350,1,300
76423,1,300
76425,1,300
76476,1,300
76518,1,300
76549,1,300
76599,1,300
76609,1,300
76694,1,300
76702,1,300
76718,1,300
76781,1,300
76785,1,300
76792,1,300
76793,1,300
76805,1,300
76864,1,300
76983,1,300
77000,1,300
77009,1,300
77011,1,300
77022,1,300
77038,1,300
77044,1,300
77049,1,300
77049,1,300
77063,1,300
77086,1,300
77092,1,300
77096,1,300
77100,1,300
77112,1,300
77115,1,300
77122,1,300
77146,1,300
77183,1,300
77247,1,300
77265,1,300
77265,1,300
77309,1,300
77313,1,300
77316,1,300
77322,1,300
77332,1,300
77339,1,300
77381,1,300
77398,1,300
77433,1,300
77455,1,300
77467,1,300
77469,1,300
77481,1,300
77519,1,300
77521,1,300
77541,1,300
77552,1,300
77572,1,300
77607,1,300
77624,1,300
77644,1,300
77647,1,300
77653,1,300
77692,1,300
77786,1,300
77818,1,300
77841,1,300
77885,1,300
77894,1,300
78002,1,300
78047,1,300
78052,1,300
78063,1,300
78064,1,300
78114,1,300
78137,1,300
78199,1,300
78203,1,300
78216,1,300
78227,1,300
78233,1,300
78264,1,300
78277,1,300
78387,1,300
78396,1,300
78473,1,300
78476,1,300
78553,1,300
78584,1,300
78603,1,300
78611,1,300
78649,1,300
78701,1,300
78725,1,300
78738,1,300
78778,1,300
78785,1,300
78793,1,300
78802,1,300
78827,1,300
78830,1,300
78836,1,300
78850,1,300
78905,1,300
78969,1,300
79010,1,300
79037,1,300
79042,1,300
79052,1,300
79053,1,300
79084,1,300
79085,1,300
79094,1,300
79097,1,300
79128,1,300
79153,1,300
79155,1,300
79183,1,300
79215,1,300
79268,1,300
79311,1,300
79322,1,300
79330,1,300
79368,1,300
79389,1,300
79395,1,300
79439,1,300
79514,1,300
79525,1,300
79530,1,300
79563,1,300
79573,1,300
79578,1,300
79578,1,300
79597,1,300
79619,1,300
79633,1,300
79655,1,300
79666,1,300
79677,1,300
79719,1,300
79772,1,300
79797,1,300
79815,1,300
79867,1,300
79875,1,300
79925,1,300
79927,1,300
79979,1,300
80020,1,300
80023,1,300
80046,1,300
80050,1,300
80057,1,300
80060,1,300
80081,1,300
80089,1,300
80109,1,300
80115,1,300
80158,1,300
80165,1,300
80203,1,300
80221,1,300
80265,1,300
80268,1,300
80277,1,300
80291,1,300
80343,1,300
80345,1,300
80346,1,300
80364,1,300
80367,1,300
80384,1,300
80391,1,300
80499,1,300
80500,1,300
80519,1,300
80548,1,300
80560,1,300
80602,1,300
80620,1,300
80635,1,300
80663,1,300
80671,1,300
80796,1,300
80805,1,300
80810,1,300
80851,1,300
80862,1,300
80874,1,300
80887,1,300
81025,1,300
81043,1,300
81061,1,300
81080,1,300
81081,1,300
81135,1,300
81170,1,300
81216,1,300
81251,1,300
81262,1,300
81294,1,300
81330,1,300
81340,1,300
81370,1,300
81372,1,300
81414,1,300
81443,1,300
81467,1,300
81475,1,300
81536,1,300
81592,1,300
81613,1,300
81634,1,300
81640,1,300
81680,1,300
81698,1,300
81704,1,300
81723,1,300
81740,1,300
81755,1,300
81806,1,300
81890,1,300
81901,1,300
81921,1,300
81962,1,300
81967,1,300
81969,1,300
82001,1,300
82014,1,300
82032,1,300
82043,1,300
82052,1,300
82104,1,300
82106,1,300
82113,1,300
82146,1,300
82184,1,300
82207,1,300
82300,1,300
82325,1,300
82328,1,300
82416,1,300
82422,1,300
82446,1,300
82461,1,300
82487,1,300
82489,1,300
82498,1,300
82500,1,300
82600,1,300
82604,1,300
82667,1,300
82685,1,300
82702,1,300
82705,1,300
82743,1,300
82746,1,300
82773,1,300
82799,1,300
82812,1,300
82881,1,300
82907,1,300
82977,1,300
82995,1,300
82996,1,300
83001,1,300
83018,1,300
83044,1,300
83104,1,300
83137,1,300
83139,1,300
83145,1,300
83149,1,300
83176,1,300
83195,1,300
83205,1,300
83226,1,300
83227,1,300
83229,1,300
83260,1,300
83261,1,300
83317,1,300
83344,1,300
83414,1,300
83431,1,300
83443,1,300
83467,1,300
83491,1,300
83496,1,300
83510,1,300
83516,1,300
83519,1,300
83528,1,300
83585,1,300
83611,1,300
83615,1,300
83630,1,300
83648,1,300
83657,1,300
83686,1,300
83701,1,300
83708,1,300
83737,1,300
83791,1,300
83846,1,300
83882,1,300
83934,1,300
83980,1,300
84002,1,300
84007,1,300
84015,1,300
84024,1,300
84027,1,300
84043,1,300
84069,1,300
84126,1,300
84195,1,300
84198,1,300
84241,1,300
84258,1,300
84277,1,300
84319,1,300
84320,1,300
84384,1,300
84390,1,300
84422,1,300
84452,1,300
84466,1,300
84519,1,300
84536,1,300
84547,1,300
84555,1,300
84556,1,300
84680,1,300
84692,1,300
84722,1,300
84771,1,300
84773,1,300
84784,1,300
84790,1,300
84823,1,300
84837,1,300
84859,1,300
84898,1,300
84908,1,300
84909,1,300
84944,1,300
84947,1,300
85019,1,300
85021,1,300
85035,1,300
85047,1,300
85064,1,300
85084,1,300
85143,1,300
85146,1,300
85173,1,300
85194,1,300
85216,1,300
85279,1,300
85291,1,300
85298,1,300
85328,1,300
85335,1,300
85337,1,300
85377,1,300
85416,1,300
85456,1,300
85489,1,300
85515,1,300
85579,1,300
85582,1,300
85613,1,300
85630,1,300
85639,1,300
85668,1,300
85671,1,300
85694,1,300
85695,1,300
85709,1,300
85729,1,300
85896,1,300
85942,1,300
85967,1,300
86004,1,300
86028,1,300
86058,1,300
86071,1,300
86085,1,300
86090,1,300
86100,1,300
86122,1,300
86155,1,300
86156,1,300
86161,1,300
86205,1,300
86209,1,300
86209,1,300
86215,1,300
86223,1,300
86279,1,300
86280,1,300
86290,1,300
86356,1,300
86376,1,300
86378,1,300
86385,1,300
86388,1,300
86408,1,300
86432,1,300
86441,1,300
86447,1,300
86452,1,300
86510,1,300
86553,1,300
86578,1,300
86595,1,300
86604,1,300
86623,1,300
86626,1,300
86667,1,300
86693,1,300
86715,1,300
86760,1,300
86805,1,300
86805,1,300
86806,1,300
86876,1,300
86877,1,300
86900,1,300
86913,1,300
86918,1,300
87022,1,300
87063,1,300
87074,1,300
87078,1,300
87100,1,300
87101,1,300
87132,1,300
87190,1,300
87194,1,300
87194,1,300
87201,1,300
87204,1,300
87218,1,300
87220,1,300
87235,1,300
87246,1,300
87271,1,300
87273,1,300
87277,1,300
87281,1,300
87337,1,300
87396,1,300
87397,1,300
87411,1,300
87412,1,300
87416,1,300
87422,1,300
87485,1,300
87501,1,300
87543,1,300
87605,1,300
87613,1,300
87619,1,300
87646,1,300
87656,1,300
87662,1,300
87679,1,300
87697,1,300
87732,1,300
87765,1,300
87784,1,300
88066,1,300
88074,1,300
88084,1,300
88147,1,300
88175,1,300
88242,1,300
88245,1,300
88260,1,300
88311,1,300
88341,1,300
88347,1,300
88382,1,300
88382,1,300
88397,1,300
88408,1,300
88431,1,300
88456,1,300
88507,1,300
88530,1,300
88552,1,300
88564,1,300
88612,1,300
88624,1,300
88659,1,300
88690,1,300
88743,1,300
88781,1,300
88795,1,300
88805,1,300
88806,1,300
88871,1,300
88895,1,300
88906,1,300
88910,1,300
88920,1,300
88935,1,300
88942,1,300
88970,1,300
89015,1,300
89016,1,300
89020,1,300
89022,1,300
89050,1,300
89060,1,300
89074,1,300
89077,1,300
89146,1,300
89150,1,300
89182,1,300
89206,1,300
89281,1,300
89297,1,300
89299,1,300
89304,1,300
89330,1,300
89439,1,300
89465,1,300
89470,1,300
89474,1,300
89502,1,300
89508,1,300
89524,1,300
89535,1,300
89580,1,300
89600,1,300
89633,1,300
89633,1,300
89633,1,300
89653,1,300
89685,1,300
89704,1,300
89752,1,300
89820,1,300
89836,1,300
89856,1,300
89964,1,300
89970,1,300
89987,1,300
90001,1,300
90011,1,300
90024,1,300
90025,1,300
90027,1,300
90030,1,300
90032,1,300
90043,1,300
90061,1,300
90078,1,300
90093,1,300
90146,1,300
90174,1,300
90192,1,300
90241,1,300
90274,1,300
90296,1,300
90321,1,300
90365,1,300
90383,1,300
90400,1,300
90455,1,300
90461,1,300
90464,1,300
90490,1,300
90511,1,300
90520,1,300
90533,1,300
90611,1,300
90616,1,300
90631,1,300
90640,1,300
90658,1,300
90664,1,300
90729,1,300
90737,1,300
90756,1,300
90758,1,300
90764,1,300
90774,1,300
90809,1,300
90857,1,300
91023,1,300
91046,1,300
91063,1,300
91078,1,300
91129,1,300
91176,1,300
91254,1,300
91257,1,300
91262,1,300
91354,1,300
91399,1,300
91404,1,300
91433,1,300
91446,1,300
91488,1,300
91505,1,300
91525,1,300
91575,1,300
91635,1,300
91674,1,300
91676,1,300
91739,1,300
91759,1,300
91778,1,300
91791,1,300
91880,1,300
91895,1,300
91903,1,300
91974,1,300
92005,1,300
92019,1,300
92021,1,300
92045,1,300
92051,1,300
92055,1,300
92067,1,300
92071,1,300
92074,1,300
92089,1,300
92123,1,300
92123,1,300
92125,1,300
92134,1,300
92154,1,300
92207,1,300
92209,1,300
92218,1,300
92235,1,300
92248,1,300
92277,1,300
92289,1,300
92315,1,300
92325,1,300
92333,1,300
92334,1,300
92338,1,300
92359,1,300
92400,1,300
92481,1,300
92503,1,300
92517,1,300
92520,1,300
92537,1,300
92561,1,300
92605,1,300
92631,1,300
92633,1,300
92700,1,300
92716,1,300
92721,1,300
92741,1,300
92759,1,300
92785,1,300
92835,1,300
92893,1,300
92922,1,300
92941,1,300
92946,1,300
92995,1,300
93013,1,300
93029,1,300
93032,1,300
93033,1,300
93046,1,300
93091,1,300
93098,1,300
93151,1,300
93195,1,300
93208,1,300
93226,1,300
93229,1,300
93237,1,300
93243,1,300
93246,1,300
93246,1,300
93295,1,300
93345,1,300
93347,1,300
93369,1,300
93370,1,300
93386,1,300
93390,1,300
93400,1,300
93502,1,300
93516,1,300
93597,1,300
93610,1,300
93645,1,300
93654,1,300
93674,1,300
93688,1,300
93724,1,300
93791,1,300
93820,1,300
93888,1,300
93899,1,300
93925,1,300
93934,1,300
93947,1,300
93960,1,300
93960,1,300
94016,1,300
94059,1,300
94071,1,300
94586,1,300
94801,1,300
94912,1,300
95291,1,300
95357,1,300
95380,1,300
95455,1,300
95917,1,300
96037,1,300
96088,1,300
96332,1,300
96588,1,300
96929,1,300
96967,1,300
96968,1,300
97040,1,300
97367,1,300
97393,1,300
97528,1,300
97586,1,300
97663,1,300
98045,1,300
98318,1,300
98620,1,300
98663,1,300
98962,1,300
99099,1,300
99117,1,300
99542,1,300
99599,1,300
99741,1,300
99772,1,300
100036,1,300
100485,1,300
100598,1,300
100629,1,300
100680,1,300
100932,1,300
101006,1,300
101113,1,300
101121,1,300
101128,1,300
101164,1,300
102016,1,300
102288,1,300
102294,1,300
102385,1,300
102402,1,300
102583,1,300
102596,1,300
103031,1,300
103261,1,300
103420,1,300
103497,1,300
103543,1,300
103701,1,300
104054,1,300
104072,1,300
104147,1,300
104282,1,300
104395,1,300
104458,1,300
105029,1,300
105117,1,300
105164,1,300
105261,1,300
105410,1,300
105674,1,300
106071,1,300
106134,1,300
106179,1,300
106328,1,300
106555,1,300
106987,1,300
107084,1,300
107356,1,300
107526,1,300
107543,1,300
107655,1,300
107713,1,300
108029,1,300
108076,1,300
108140,1,300
108264,1,300
108596,1,300
108647,1,300
109142,1,300
109162,1,300
109299,1,300
109306,1,300
109391,1,300
109464,1,300
110013,1,300
110238,1,300
110697,1,300
111096,1,300
111113,1,300
111158,1,300
111158,1,300
111285,1,300
111405,1,300
111408,1,300
111512,1,300
112027,1,300
112255,1,300
112296,1,300
112400,1,300
112486,1,300
112581,1,300
112590,1,300
113009,1,300
113741,1,300
113837,1,300
113971,1,300
113979,1,300
114062,1,300
114096,1,300
114209,1,300
114265,1,300
114408,1,300
114507,1,300
114525,1,300
115526,1,300
115551,1,300
115942,1,300
116202,1,300
116269,1,300
116292,1,300
116324,1,300
116376,1,300
116397,1,300
116548,1,300
116658,1,300
116694,1,300
117205,1,300
117392,1,300
117441,1,300
117582,1,300
117799,1,300
117820,1,300
118366,1,300
118743,1,300
118932,1,300
119059,1,300
119174,1,300
119246,1,300
119287,1,300
119420,1,300
119421,1,300
119455,1,300
119514,1,300
119703,1,300
120012,1,300
120098,1,300
120388,1,300
120476,1,300
120521,1,300
120567,1,300
121096,1,300
121219,1,300
121316,1,300
121387,1,300
121557,1,300
121729,1,300
122041,1,300
122151,1,300
122192,1,300
122499,1,300
122557,1,300
122621,1,300
123180,1,300
123336,1,300
123366,1,300
123554,1,300
123703,1,300
123740,1,300
124046,1,300
124122,1,300
124155,1,300
124276,1,300
124428,1,300
124502,1,300
125248,1,300
125522,1,300
125804,1,300
125880,1,300
125958,1,300
125983,1,300
126356,1,300
126417,1,300
126440,1,300
126443,1,300
126570,1,300
126737,1,300
127143,1,300
127175,1,300
127391,1,300
127513,1,300
127648,1,300
127701,1,300
128022,1,300
128032,1,300
128062,1,300
128079,1,300
128262,1,300
128307,1,300
129078,1,300
129170,1,300
129438,1,300
129814,1,300
130051,1,300
130120,1,300
130281,1,300
130289,1,300
130376,1,300
130422,1,300
130482,1,300
130772,1,300
131250,1,300
131263,1,300
131355,1,300
131807,1,300
131939,1,300
132118,1,300
132139,1,300
132145,1,300
132253,1,300
132533,1,300
132636,1,300
132887,1,300
133131,1,300
133412,1,300
133616,1,300
133662,1,300
133901,1,300
134086,1,300
134090,1,300
134102,1,300
134166,1,300
134198,1,300
134590,1,300
134805,1,300
135118,1,300
135126,1,300
135247,1,300
135417,1,300
135570,1,300
135624,1,300
136377,1,300
136541,1,300
136576,1,300
136832,1,300
137005,1,300
137153,1,300
137210,1,300
137306,1,300
137475,1,300
137509,1,300
137611,1,300
137627,1,300
138008,1,300
138039,1,300
138077,1,300
138173,1,300
138346,1,300
138405,1,300
139403,1,300
139685,1,300
139959,1,300
140008,1,300
140018,1,300
140123,1,300
140258,1,300
140431,1,300
140551,1,300
140614,1,300
140793,1,300
140888,1,300
141049,1,300
141067,1,300
141130,1,300
141153,1,300
141177,1,300
141180,1,300
141235,1,300
141295,1,300
141322,1,300
141324,1,300
141342,1,300
141348,1,300
141372,1,300
141378,1,300
141389,1,300
141432,1,300
141452,1,300
141486,1,300
141504,1,300
141515,1,300
141634,1,300
141652,1,300
141689,1,300
141707,1,300
141707,1,300
141761,1,300
141804,1,300
141815,1,300
141825,1,300
141831,1,300
141868,1,300
141887,1,300
141932,1,300
141948,1,300
141956,1,300
141964,1,300
141980,1,300
141983,1,300
142016,1,300
142032,1,300
142032,1,300
142042,1,300
142048,1,300
142184,1,300
142204,1,300
142225,1,300
142254,1,300
142288,1,300
142291,1,300
142307,1,300
142309,1,300
142314,1,300
142325,1,300
142375,1,300
142465,1,300
142484,1,300
142487,1,300
142488,1,300
142533,1,300
142593,1,300
142620,1,300
142625,1,300
142626,1,300
142674,1,300
142675,1,300
142686,1,300
142713,1,300
142750,1,300
142771,1,300
142791,1,300
142871,1,300
142879,1,300
142882,1,300
142893,1,300
142918,1,300
142947,1,300
142980,1,300
142999,1,300
143003,1,300
143017,1,300
143018,1,300
143040,1,300
143041,1,300
143042,1,300
143055,1,300
143084,1,300
143088,1,300
143090,1,300
143110,1,300
143175,1,300
143238,1,300
143246,1,300
143250,1,300
143274,1,300
143352,1,300
143398,1,300
143410,1,300
143414,1,300
143417,1,300
143434,1,300
143460,1,300
143484,1,300
143507,1,300
143521,1,300
143557,1,300
143562,1,300
143562,1,300
143565,1,300
143640,1,300
143680,1,300
143682,1,300
143705,1,300
143710,1,300
143785,1,300
143800,1,300
143821,1,300
143844,1,300
143856,1,300
143863,1,300
143872,1,300
143902,1,300
144000,1,300
144003,1,300
144039,1,300
144049,1,300
144062,1,300
144062,1,300
144065,1,300
144150,1,300
144154,1,300
144177,1,300
144182,1,300
144198,1,300
144207,1,300
144242,1,300
144258,1,300
144269,1,300
144273,1,300
144274,1,300
144291,1,300
144301,1,300
144364,1,300
144365,1,300
144415,1,300
144429,1,300
144432,1,300
144451,1,300
144457,1,300
144514,1,300
144529,1,300
144559,1,300
144575,1,300
144614,1,300
144630,1,300
144655,1,300
144681,1,300
144712,1,300
144719,1,300
144728,1,300
144755,1,300
144763,1,300
144765,1,300
144813,1,300
144818,1,300
145090,1,300
145095,1,300
145210,1,300
145221,1,300
145228,1,300
145255,1,300
145257,1,300
145287,1,300
145288,1,300
145303,1,300
145308,1,300
145318,1,300
145336,1,300
145343,1,300
145358,1,300
145384,1,300
145410,1,300
145416,1,300
145507,1,300
145525,1,300
145563,1,300
145574,1,300
145603,1,300
145608,1,300
145617,1,300
145624,1,300
145654,1,300
145734,1,300
145738,1,300
145791,1,300
145805,1,300
145833,1,300
145846,1,300
145850,1,300
145861,1,300
145944,1,300
145944,1,300
145954,1,300
146003,1,300
146007,1,300
146036,1,300
146066,1,300
146074,1,300
146074,1,300
146088,1,300
146142,1,300
146152,1,300
146179,1,300
146200,1,300
146211,1,300
146221,1,300
146229,1,300
146294,1,300
146303,1,300
146387,1,300
146412,1,300
146491,1,300
146494,1,300
146528,1,300
146550,1,300
146583,1,300
146585,1,300
146585,1,300
146621,1,300
146635,1,300
146647,1,300
146663,1,300
146666,1,300
146666,1,300
146682,1,300
146751,1,300
146767,1,300
146797,1,300
146805,1,300
146849,1,300
146865,1,300
146883,1,300
146894,1,300
146897,1,300
146904,1,300
146921,1,300
147012,1,300
147033,1,300
147080,1,300
147094,1,300
147162,1,300
147180,1,300
147190,1,300
147213,1,300
147214,1,300
147249,1,300
147369,1,300
147385,1,300
147411,1,300
147419,1,300
147419,1,300
147421,1,300
147429,1,300
147461,1,300
147483,1,300
147507,1,300
147510,1,300
147576,1,300
147584,1,300
147671,1,300
147680,1,300
147708,1,300
147713,1,300
147734,1,300
147779,1,300
147826,1,300
147833,1,300
147861,1,300
147867,1,300
147887,1,300
147898,1,300
147911,1,300
147952,1,300
147956,1,300
148004,1,300
148018,1,300
148019,1,300
148019,1,300
148027,1,300
148085,1,300
148113,1,300
148129,1,300
148139,1,300
148145,1,300
148158,1,300
148161,1,300
148206,1,300
148242,1,300
148276,1,300
148297,1,300
148326,1,300
148327,1,300
148376,1,300
148399,1,300
148400,1,300
148405,1,300
148422,1,300
148427,1,300
148522,1,300
148590,1,300
148639,1,300
148691,1,300
148694,1,300
148708,1,300
148731,1,300
148742,1,300
148746,1,300
148755,1,300
148759,1,300
148780,1,300
148787,1,300
148790,1,300
148796,1,300
148817,1,300
148843,1,300
148872,1,300
148874,1,300
149006,1,300
149032,1,300
149033,1,300
149046,1,300
149050,1,300
149052,1,300
149063,1,300
149107,1,300
149149,1,300
149176,1,300
149203,1,300
149231,1,300
149293,1,300
149313,1,300
149370,1,300
149396,1,300
149433,1,300
149442,1,300
149448,1,300
149459,1,300
149469,1,300
149519,1,300
149545,1,300
149566,1,300
149593,1,300
149630,1,300
149645,1,300
149715,1,300
149737,1,300
149744,1,300
149753,1,300
149774,1,300
149794,1,300
149873,1,300
149905,1,300
149934,1,300
149943,1,300
149978,1,300
150019,1,300
150020,1,300
150047,1,300
150050,1,300
150082,1,300
150082,1,300
150095,1,300
150102,1,300
150119,1,300
150268,1,300
150285,1,300
150296,1,300
150313,1,300
150320,1,300
150339,1,300
150371,1,300
150373,1,300
150375,1,300
150399,1,300
150408,1,300
150411,1,300
150418,1,300
150428,1,300
150459,1,300
150516,1,300
150523,1,300
150556,1,300
150578,1,300
150592,1,300
150605,1,300
150637,1,300
150671,1,300
150678,1,300
150697,1,300
150718,1,300
150724,1,300
150730,1,300
150781,1,300
150791,1,300
150838,1,300
150845,1,300
150854,1,300
150870,1,300
150887,1,300
150888,1,300
151013,1,300
151026,1,300
151028,1,300
151046,1,300
151071,1,300
151089,1,300
151128,1,300
151135,1,300
151194,1,300
151215,1,300
151234,1,300
151241,1,300
151247,1,300
151257,1,300
151280,1,300
151287,1,300
151347,1,300
151372,1,300
151455,1,300
151462,1,300
151507,1,300
151521,1,300
151535,1,300
151556,1,300
151578,1,300
151581,1,300
151599,1,300
151661,1,300
151678,1,300
151683,1,300
151698,1,300
151712,1,300
151741,1,300
151750,1,300
151768,1,300
151782,1,300
151782,1,300
151858,1,300
151885,1,300
151895,1,300
151981,1,300
152021,1,300
152024,1,300
152030,1,300
152167,1,300
152167,1,300
152198,1,300
152203,1,300
152315,1,300
152336,1,300
152409,1,300
152443,1,300
152484,1,300
152501,1,300
152513,1,300
152534,1,300
152565,1,300
152571,1,300
152600,1,300
152601,1,300
152618,1,300
152620,1,300
152658,1,300
152659,1,300
152662,1,300
152670,1,300
152682,1,300
152683,1,300
152687,1,300
152705,1,300
152741,1,300
152764,1,300
152815,1,300
152825,1,300
152882,1,300
152887,1,300
152897,1,300
152905,1,300
152926,1,300
152963,1,300
152974,1,300
152983,1,300
153017,1,300
153029,1,300
153067,1,300
153089,1,300
153107,1,300
153185,1,300
153197,1,300
153206,1,300
153209,1,300
153221,1,300
153257,1,300
153278,1,300
153283,1,300
153366,1,300
153386,1,300
153415,1,300
153447,1,300
153466,1,300
153487,1,300
153497,1,300
153548,1,300
153590,1,300
153593,1,300
153625,1,300
153640,1,300
153671,1,300
153718,1,300
153725,1,300
153763,1,300
153766,1,300
153805,1,300
153811,1,300
153889,1,300
153893,1,300
153910,1,300
153939,1,300
153942,1,300
153976,1,300
153988,1,300
154016,1,300
154022,1,300
154059,1,300
154060,1,300
154090,1,300
154105,1,300
154113,1,300
154121,1,300
154124,1,300
154129,1,300
154172,1,300
154206,1,300
154214,1,300
154219,1,300
154317,1,300
154360,1,300
154361,1,300
154413,1,300
154414,1,300
154418,1,300
154476,1,300
154476,1,300
154502,1,300
154511,1,300
154512,1,300
154564,1,300
154571,1,300
154591,1,300
154637,1,300
154667,1,300
154743,1,300
154747,1,300
154753,1,300
154766,1,300
154767,1,300
154768,1,300
154769,1,300
154774,1,300
154828,1,300
154830,1,300
154893,1,300
155004,1,300
155009,1,300
155020,1,300
155032,1,300
155033,1,300
155050,1,300
155074,1,300
155085,1,300
155113,1,300
155138,1,300
155180,1,300
155207,1,300
155209,1,300
155256,1,300
155278,1,300
155288,1,300
155302,1,300
155323,1,300
155331,1,300
155331,1,300
155334,1,300
155339,1,300
155351,1,300
155359,1,300
155370,1,300
155398,1,300
155405,1,300
155411,1,300
155418,1,300
155441,1,300
155450,1,300
155479,1,300
155495,1,300
155506,1,300
155526,1,300
155539,1,300
155563,1,300
155585,1,300
155602,1,300
155651,1,300
156001,1,300
156050,1,300
156093,1,300
156111,1,300
156124,1,300
156135,1,300
156148,1,300
156164,1,300
156189,1,300
156202,1,300
156215,1,300
156269,1,300
156338,1,300
156350,1,300
156420,1,300
156429,1,300
156437,1,300
156452,1,300
156469,1,300
156486,1,300
156497,1,300
156510,1,300
156558,1,300
156591,1,300
156623,1,300
156634,1,300
156639,1,300
156642,1,300
156643,1,300
156653,1,300
156668,1,300
156688,1,300
156696,1,300
156784,1,300
156829,1,300
156836,1,300
156840,1,300
156870,1,300
156891,1,300
156982,1,300
157003,1,300
157057,1,300
157060,1,300
157072,1,300
157074,1,300
157109,1,300
157214,1,300
157224,1,300
157228,1,300
157250,1,300
157254,1,300
157272,1,300
157275,1,300
157392,1,300
157402,1,300
157409,1,300
157440,1,300
157448,1,300
157457,1,300
157491,1,300
157583,1,300
157609,1,300
157621,1,300
157622,1,300
157641,1,300
157682,1,300
157798,1,300
157810,1,300
157872,1,300
157877,1,300
157882,1,300
157923,1,300
157941,1,300
157943,1,300
157968,1,300
158012,1,300
158035,1,300
158085,1,300
158091,1,300
158093,1,300
158098,1,300
158102,1,300
158104,1,300
158124,1,300
158144,1,300
158203,1,300
158220,1,300
158224,1,300
158347,1,300
158401,1,300
158416,1,300
158446,1,300
158451,1,300
158452,1,300
158453,1,300
158470,1,300
158501,1,300
158541,1,300
158558,1,300
158562,1,300
158600,1,300
158612,1,300
158621,1,300
158635,1,300
158657,1,300
158678,1,300
158691,1,300
158738,1,300
158739,1,300
158764,1,300
158782,1,300
158810,1,300
158826,1,300
158861,1,300
158895,1,300
158910,1,300
158968,1,300
159013,1,300
159017,1,300
159046,1,300
159047,1,300
159068,1,300
159090,1,300
159096,1,300
159131,1,300
159133,1,300
159180,1,300
159198,1,300
159236,1,300
159237,1,300
159248,1,300
159282,1,300
159390,1,300
159446,1,300
159477,1,300
159561,1,300
159574,1,300
159600,1,300
159612,1,300
159614,1,300
159659,1,300
159669,1,300
159669,1,300
159696,1,300
159719,1,300
159734,1,300
159756,1,300
159762,1,300
159770,1,300
159771,1,300
159781,1,300
159797,1,300
159824,1,300
159824,1,300
159827,1,300
159853,1,300
159868,1,300
159885,1,300
159891,1,300
159919,1,300
159923,1,300
159927,1,300
159936,1,300
159943,1,300
160020,1,300
160114,1,300
160170,1,300
160174,1,300
160183,1,300
160217,1,300
160226,1,300
160257,1,300
160269,1,300
160310,1,300
160324,1,300
160351,1,300
160356,1,300
160360,1,300
160373,1,300
160441,1,300
160446,1,300
160457,1,300
160494,1,300
160507,1,300
160513,1,300
160522,1,300
160581,1,300
160583,1,300
160643,1,300
160724,1,300
160837,1,300
160857,1,300
160867,1,300
160917,1,300
160986,1,300
160993,1,300
161008,1,300
161014,1,300
161036,1,300
161046,1,300
161047,1,300
161110,1,300
161111,1,300
161135,1,300
161138,1,300
161169,1,300
161185,1,300
161198,1,300
161204,1,300
161206,1,300
161241,1,300
161253,1,300
161294,1,300
161299,1,300
161414,1,300
161424,1,300
161468,1,300
161535,1,300
161544,1,300
161580,1,300
161712,1,300
161713,1,300
161774,1,300
161844,1,300
161874,1,300
161882,1,300
161906,1,300
161952,1,300
161963,1,300
161965,1,300
161978,1,300
161983,1,300
162014,1,300
162034,1,300
162053,1,300
162054,1,300
162074,1,300
162090,1,300
162104,1,300
162123,1,300
162129,1,300
162135,1,300
162160,1,300
162164,1,300
162178,1,300
162202,1,300
162211,1,300
162243,1,300
162300,1,300
162304,1,300
162313,1,300
162322,1,300
162340,1,300
162341,1,300
162354,1,300
162355,1,300
162360,1,300
162393,1,300
162396,1,300
162403,1,300
162451,1,300
162497,1,300
162567,1,300
162578,1,300
162642,1,300
162644,1,300
162650,1,300
162671,1,300
162691,1,300
162707,1,300
162776,1,300
162781,1,300
162809,1,300
162884,1,300
162913,1,300
162916,1,300
162917,1,300
162924,1,300
162934,1,300
162960,1,300
162970,1,300
162983,1,300
163012,1,300
163036,1,300
163059,1,300
163089,1,300
163094,1,300
163134,1,300
163138,1,300
163166,1,300
163176,1,300
163182,1,300
163228,1,300
163285,1,300
163343,1,300
163358,1,300
163360,1,300
163381,1,300
163387,1,300
163408,1,300
163434,1,300
163444,1,300
163456,1,300
163566,1,300
163587,1,300
163611,1,300
163615,1,300
163654,1,300
163669,1,300
163744,1,300
163754,1,300
163771,1,300
163840,1,300
163846,1,300
163857,1,300
163878,1,300
163893,1,300
163916,1,300
163925,1,300
163947,1,300
163955,1,300
163989,1,300
164002,1,300
164007,1,300
164035,1,300
164076,1,300
164085,1,300
164108,1,300
164123,1,300
164206,1,300
164207,1,300
164239,1,300
164263,1,300
164265,1,300
164278,1,300
164371,1,300
164402,1,300
164420,1,300
164425,1,300
164430,1,300
164456,1,300
164505,1,300
164508,1,300
164573,1,300
164624,1,300
164641,1,300
164646,1,300
164689,1,300
164700,1,300
164771,1,300
164814,1,300
164831,1,300
164854,1,300
164866,1,300
164868,1,300
164876,1,300
164897,1,300
164907,1,300
164924,1,300
164927,1,300
164942,1,300
164948,1,300
164957,1,300
164969,1,300
164986,1,300
164988,1,300
165015,1,300
165022,1,300
165032,1,300
165041,1,300
165083,1,300
165095,1,300
165134,1,300
165145,1,300
165169,1,300
165220,1,300
165252,1,300
165268,1,300
165336,1,300
165361,1,300
165379,1,300
165403,1,300
165421,1,300
165442,1,300
165503,1,300
165523,1,300
165549,1,300
165581,1,300
165621,1,300
165651,1,300
165673,1,300
165676,1,300
165694,1,300
165701,1,300
165722,1,300
165744,1,300
165755,1,300
165766,1,300
165802,1,300
165805,1,300
165840,1,300
165868,1,300
165885,1,300
165891,1,300
165923,1,300
165926,1,300
166026,1,300
166026,1,300
166028,1,300
166050,1,300
166119,1,300
166151,1,300
166170,1,300
166199,1,300
166242,1,300
166285,1,300
166326,1,300
166337,1,300
166343,1,300
166364,1,300
166391,1,300
166391,1,300
166402,1,300
166413,1,300
166471,1,300
166522,1,300
166535,1,300
166548,1,300
166565,1,300
166582,1,300
166610,1,300
166663,1,300
166687,1,300
166753,1,300
166767,1,300
166802,1,300
166803,1,300
166842,1,300
166892,1,300
166942,1,300
166962,1,300
166983,1,300
167017,1,300
167043,1,300
167049,1,300
167051,1,300
167095,1,300
167095,1,300
167098,1,300
167113,1,300
167120,1,300
167133,1,300
167158,1,300
167161,1,300
167198,1,300
167199,1,300
167211,1,300
167240,1,300
167244,1,300
167251,1,300
167265,1,300
167301,1,300
167305,1,300
167309,1,300
167317,1,300
167324,1,300
167331,1,300
167338,1,300
167359,1,300
167370,1,300
167426,1,300
167474,1,300
167501,1,300
167560,1,300
167580,1,300
167598,1,300
167605,1,300
167636,1,300
167663,1,300
167669,1,300
167682,1,300
167738,1,300
167778,1,300
167830,1,300
167922,1,300
167924,1,300
167953,1,300
167969,1,300
168041,1,300
168062,1,300
168064,1,300
168130,1,300
168259,1,300
168275,1,300
168284,1,300
168297,1,300
168380,1,300
168456,1,300
168459,1,300
168521,1,300
168525,1,300
168532,1,300
168603,1,300
168659,1,300
168692,1,300
168723,1,300
168739,1,300
168751,1,300
168768,1,300
168776,1,300
168794,1,300
168815,1,300
168822,1,300
168836,1,300
168876,1,300
168944,1,300
169002,1,300
169006,1,300
169009,1,300
169013,1,300
169013,1,300
169027,1,300
169037,1,300
169040,1,300
169070,1,300
169082,1,300
169091,1,300
169099,1,300
169110,1,300
169113,1,300
169124,1,300
169133,1,300
169135,1,300
169140,1,300
169206,1,300
169214,1,300
169235,1,300
169237,1,300
169239,1,300
169248,1,300
169254,1,300
169255,1,300
169303,1,300
169336,1,300
169342,1,300
169369,1,300
169375,1,300
169382,1,300
169426,1,300
169458,1,300
169464,1,300
169465,1,300
169490,1,300
169502,1,300
169556,1,300
169656,1,300
169684,1,300
169690,1,300
169729,1,300
169776,1,300
169784,1,300
169812,1,300
169828,1,300
169910,1,300
169930,1,300
169956,1,300
170010,1,300
170014,1,300
170025,1,300
170039,1,300
170063,1,300
170076,1,300
170087,1,300
170112,1,300
170123,1,300
170153,1,300
170158,1,300
170171,1,300
170172,1,300
170196,1,300
170234,1,300
170247,1,300
170273,1,300
170301,1,300
170320,1,300
170326,1,300
170373,1,300
170427,1,300
170440,1,300
170463,1,300
170505,1,300
170509,1,300
170527,1,300
170538,1,300
170546,1,300
170561,1,300
170626,1,300
170639,1,300
170718,1,300
170769,1,300
170780,1,300
170789,1,300
170829,1,300
170951,1,300
170960,1,300
170977,1,300
170987,1,300
170989,1,300
171011,1,300
171031,1,300
171044,1,300
171076,1,300
171076,1,300
171081,1,300
171093,1,300
171098,1,300
171118,1,300
171148,1,300
171153,1,300
171192,1,300
171230,1,300
171242,1,300
171283,1,300
171304,1,300
171315,1,300
171344,1,300
171360,1,300
171360,1,300
171371,1,300
171416,1,300
171570,1,300
171592,1,300
171615,1,300
171629,1,300
171638,1,300
171641,1,300
171673,1,300
171685,1,300
171694,1,300
171705,1,300
171724,1,300
171735,1,300
171751,1,300
171774,1,300
171801,1,300
171805,1,300
171810,1,300
171834,1,300
171874,1,300
171896,1,300
172009,1,300
172016,1,300
172025,1,300
172038,1,300
172060,1,300
172084,1,300
172088,1,300
172092,1,300
172106,1,300
172111,1,300
172117,1,300
172119,1,300
172120,1,300
172123,1,300
172151,1,300
172191,1,300
172226,1,300
172234,1,300
172246,1,300
172277,1,300
172331,1,300
172351,1,300
172432,1,300
172437,1,300
172450,1,300
172458,1,300
172468,1,300
172472,1,300
172482,1,300
172486,1,300
172575,1,300
172591,1,300
172593,1,300
172626,1,300
172717,1,300
172722,1,300
172730,1,300
172731,1,300
172741,1,300
172742,1,300
172744,1,300
172745,1,300
172761,1,300
172837,1,300
172848,1,300
173037,1,300
173087,1,300
173147,1,300
173147,1,300
173147,1,300
173148,1,300
173160,1,300
173188,1,300
173274,1,300
173294,1,300
173319,1,300
173323,1,300
173417,1,300
173436,1,300
173501,1,300
173513,1,300
173542,1,300
173554,1,300
173556,1,300
173588,1,300
173605,1,300
173608,1,300
173615,1,300
173615,1,300
173622,1,300
173642,1,300
173644,1,300
173674,1,300
173723,1,300
173727,1,300
173734,1,300
173748,1,300
173751,1,300
173773,1,300
173791,1,300
173810,1,300
173827,1,300
173877,1,300
173906,1,300
173940,1,300
174030,1,300
174069,1,300
174108,1,300
174110,1,300
174129,1,300
174187,1,300
174255,1,300
174259,1,300
174261,1,300
174267,1,300
174279,1,300
174315,1,300
174356,1,300
174359,1,300
174370,1,300
174384,1,300
174418,1,300
174424,1,300
174466,1,300
174576,1,300
174604,1,300
174612,1,300
174620,1,300
174649,1,300
174685,1,300
174766,1,300
174768,1,300
174777,1,300
174782,1,300
174802,1,300
174827,1,300
174892,1,300
174893,1,300
174940,1,300
174945,1,300
174948,1,300
174950,1,300
174989,1,300
175007,1,300
175015,1,300
175028,1,300
175046,1,300
175122,1,300
175137,1,300
175204,1,300
175212,1,300
175230,1,300
175241,1,300
175273,1,300
175306,1,300
175316,1,300
175321,1,300
175389,1,300
175412,1,300
175413,1,300
175427,1,300
175445,1,300
175455,1,300
175457,1,300
175469,1,300
175471,1,300
175476,1,300
175483,1,300
175505,1,300
175540,1,300
175540,1,300
175562,1,300
175583,1,300
175587,1,300
175597,1,300
175599,1,300
175615,1,300
175649,1,300
175661,1,300
175674,1,300
175719,1,300
175757,1,300
175787,1,300
175805,1,300
175811,1,300
175852,1,300
176017,1,300
176033,1,300
176037,1,300
176054,1,300
176065,1,300
176089,1,300
176175,1,300
176198,1,300
176256,1,300
176283,1,300
176353,1,300
176405,1,300
176437,1,300
176456,1,300
176530,1,300
176532,1,300
176556,1,300
176573,1,300
176614,1,300
176644,1,300
176658,1,300
176672,1,300
176766,1,300
176768,1,300
176772,1,300
176836,1,300
176861,1,300
176876,1,300
176886,1,300
176901,1,300
176916,1,300
176925,1,300
176936,1,300
176963,1,300
177012,1,300
177024,1,300
177025,1,300
177027,1,300
177035,1,300
177058,1,300
177126,1,300
177130,1,300
177140,1,300
177157,1,300
177162,1,300
177213,1,300
177216,1,300
177229,1,300
177243,1,300
177271,1,300
177292,1,300
177312,1,300
177316,1,300
177320,1,300
177338,1,300
177350,1,300
177377,1,300
177381,1,300
177395,1,300
177398,1,300
177403,1,300
177438,1,300
177460,1,300
177471,1,300
177504,1,300
177508,1,300
177559,1,300
177560,1,300
177565,1,300
177591,1,300
177676,1,300
177701,1,300
177720,1,300
177833,1,300
177858,1,300
177864,1,300
177891,1,300
177928,1,300
177930,1,300
177936,1,300
178025,1,300
178051,1,300
178072,1,300
178105,1,300
178150,1,300
178177,1,300
178181,1,300
178214,1,300
178235,1,300
178240,1,300
178273,1,300
178311,1,300
178311,1,300
178334,1,300
178344,1,300
178381,1,300
178387,1,300
178388,1,300
178417,1,300
178495,1,300
178498,1,300
178535,1,300
178547,1,300
178549,1,300
178553,1,300
178556,1,300
178557,1,300
178597,1,300
178624,1,300
178626,1,300
178637,1,300
178643,1,300
178647,1,300
178650,1,300
178650,1,300
178661,1,300
178674,1,300
178703,1,300
178710,1,300
178735,1,300
178772,1,300
178829,1,300
179038,1,300
179146,1,300
179167,1,300
179176,1,300
179278,1,300
179354,1,300
179356,1,300
179369,1,300
179376,1,300
179381,1,300
179435,1,300
179447,1,300
179493,1,300
179506,1,300
179535,1,300
179564,1,300
179595,1,300
179653,1,300
179736,1,300
179827,1,300
179829,1,300
179862,1,300
179915,1,300
179936,1,300
179952,1,300
179959,1,300
179961,1,300
180002,1,300
180028,1,300
180047,1,300
180079,1,300
180095,1,300
180116,1,300
180129,1,300
180130,1,300
180132,1,300
180132,1,300
180156,1,300
180223,1,300
180239,1,300
180272,1,300
180301,1,300
180347,1,300
180375,1,300
180386,1,300
180423,1,300
180462,1,300
180465,1,300
180472,1,300
180478,1,300
180485,1,300
180497,1,300
180563,1,300
180571,1,300
180636,1,300
180657,1,300
180666,1,300
180684,1,300
180695,1,300
180704,1,300
180757,1,300
180779,1,300
180803,1,300
180842,1,300
180853,1,300
180880,1,300
180884,1,300
180900,1,300
180909,1,300
180911,1,300
180940,1,300
180942,1,300
180980,1,300
181003,1,300
181007,1,300
181017,1,300
181025,1,300
181028,1,300
181050,1,300
181051,1,300
181056,1,300
181061,1,300
181074,1,300
181080,1,300
181083,1,300
181089,1,300
181100,1,300
181110,1,300
181122,1,300
181124,1,300
181132,1,300
181134,1,300
181137,1,300
181154,1,300
181162,1,300
181163,1,300
181186,1,300
181196,1,300
181199,1,300
181232,1,300
181239,1,300
181249,1,300
181290,1,300
181355,1,300
181382,1,300
181431,1,300
181449,1,300
181512,1,300
181525,1,300
181538,1,300
181547,1,300
181575,1,300
181595,1,300
181646,1,300
181668,1,300
181693,1,300
181725,1,300
181739,1,300
181757,1,300
181765,1,300
181766,1,300
181851,1,300
182001,1,300
182010,1,300
182046,1,300
182079,1,300
182090,1,300
182102,1,300
182102,1,300
182146,1,300
182198,1,300
182246,1,300
182286,1,300
182308,1,300
182368,1,300
182376,1,300
182438,1,300
182609,1,300
182615,1,300
182617,1,300
182641,1,300
182642,1,300
182650,1,300
182720,1,300
182724,1,300
182757,1,300
182791,1,300
182800,1,300
182806,1,300
182807,1,300
182823,1,300
182849,1,300
182859,1,300
182895,1,300
182910,1,300
182924,1,300
182955,1,300
182955,1,300
183010,1,300
183020,1,300
183031,1,300
183043,1,300
183047,1,300
183048,1,300
183072,1,300
183108,1,300
183120,1,300
183137,1,300
183154,1,300
183157,1,300
183166,1,300
183172,1,300
183215,1,300
183233,1,300
183241,1,300
183273,1,300
183273,1,300
183385,1,300
183445,1,300
183446,1,300
183455,1,300
183458,1,300
183462,1,300
183463,1,300
183485,1,300
183491,1,300
183568,1,300
183614,1,300
183647,1,300
183670,1,300
183687,1,300
183703,1,300
183755,1,300
183790,1,300
183817,1,300
183863,1,300
183996,1,300
184000,1,300
184013,1,300
184027,1,300
184060,1,300
184076,1,300
184088,1,300
184101,1,300
184148,1,300
184153,1,300
184161,1,300
184191,1,300
184210,1,300
184352,1,300
184360,1,300
184407,1,300
184440,1,300
184454,1,300
184481,1,300
184487,1,300
184517,1,300
184527,1,300
184588,1,300
184725,1,300
184732,1,300
184745,1,300
184798,1,300
184810,1,300
184814,1,300
184882,1,300
184897,1,300
184922,1,300
184938,1,300
184941,1,300
184984,1,300
184994,1,300
185034,1,300
185051,1,300
185052,1,300
185063,1,300
185065,1,300
185070,1,300
185073,1,300
185074,1,300
185075,1,300
185078,1,300
185087,1,300
185092,1,300
185104,1,300
185120,1,300
185121,1,300
185128,1,300
185154,1,300
185185,1,300
185186,1,300
185215,1,300
185218,1,300
185233,1,300
185234,1,300
185252,1,300
185253,1,300
185301,1,300
185305,1,300
185309,1,300
185333,1,300
185335,1,300
185364,1,300
185406,1,300
185425,1,300
185429,1,300
185432,1,300
185520,1,300
185549,1,300
185550,1,300
185551,1,300
185562,1,300
185586,1,300
185594,1,300
185617,1,300
185666,1,300
185673,1,300
185693,1,300
185738,1,300
185746,1,300
185754,1,300
185763,1,300
185769,1,300
185786,1,300
185796,1,300
185831,1,300
185881,1,300
185899,1,300
186002,1,300
186096,1,300
186097,1,300
186106,1,300
186136,1,300
186147,1,300
186204,1,300
186256,1,300
186264,1,300
186283,1,300
186290,1,300
186295,1,300
186300,1,300
186346,1,300
186410,1,300
186418,1,300
186469,1,300
186479,1,300
186543,1,300
186586,1,300
186590,1,300
186616,1,300
186616,1,300
186624,1,300
186683,1,300
186687,1,300
186692,1,300
186703,1,300
186729,1,300
186792,1,300
186795,1,300
186800,1,300
186810,1,300
186821,1,300
186849,1,300
186857,1,300
186901,1,300
186919,1,300
187006,1,300
187025,1,300
187035,1,300
187057,1,300
187088,1,300
187098,1,300
187120,1,300
187121,1,300
187123,1,300
187127,1,300
187143,1,300
187148,1,300
187159,1,300
187180,1,300
187186,1,300
187238,1,300
187251,1,300
187256,1,300
187260,1,300
187265,1,300
187287,1,300
187305,1,300
187323,1,300
187370,1,300
187381,1,300
187406,1,300
187433,1,300
187524,1,300
187543,1,300
187543,1,300
187548,1,300
187555,1,300
187558,1,300
187589,1,300
187647,1,300
187648,1,300
187651,1,300
187660,1,300
187682,1,300
187690,1,300
187695,1,300
187705,1,300
187756,1,300
187799,1,300
187813,1,300
187829,1,300
188297,1,300
188539,1,300
188750,1,300
188977,1,300
189051,1,300
189400,1,300
189433,1,300
189561,1,300
189723,1,300
190394,1,300
190459,1,300
190480,1,300
190656,1,300
190693,1,300
190693,1,300
190803,1,300
191510,1,300
191543,1,300
191558,1,300
191634,1,300
191816,1,300
191973,1,300
192207,1,300
192260,1,300
192352,1,300
192397,1,300
192739,1,300
192781,1,300
193120,1,300
193162,1,300
193182,1,300
193227,1,300
193241,1,300
193352,1,300
193425,1,300
193437,1,300
194037,1,300
194301,1,300
194483,1,300
194528,1,300
194669,1,300
194955,1,300
195308,1,300
195664,1,300
195667,1,300
195947,1,300
196001,1,300
196027,1,300
196124,1,300
196128,1,300
196188,1,300
196432,1,300
196588,1,300
196662,1,300
197063,1,300
197477,1,300
197590,1,300
197783,1,300
197828,1,300
197862,1,300
198591,1,300
198658,1,300
199153,1,300
199395,1,300
199454,1,300
199489,1,300
199499,1,300
199591,1,300
199670,1,300
199814,1,300
200070,1,300
200181,1,300
200582,1,300
200708,1,300
200738,1,300
200814,1,300
200896,1,300
201137,1,300
201167,1,300
201180,1,300
201593,1,300
201602,1,300
201898,1,300
202103,1,300
202147,1,300
202154,1,300
202173,1,300
202205,1,300
202274,1,300
202375,1,300
203381,1,300
203427,1,300
203706,1,300
204086,1,300
204115,1,300
204169,1,300
204179,1,300
204199,1,300
204401,1,300
204439,1,300
204532,1,300
204599,1,300
205025,1,300
205326,1,300
205484,1,300
205698,1,300
206052,1,300
206219,1,300
206262,1,300
206971,1,300
207041,1,300
207058,1,300
207064,1,300
207082,1,300
207135,1,300
207406,1,300
207425,1,300
207565,1,300
207754,1,300
207864,1,300
208187,1,300
208463,1,300
208585,1,300
208650,1,300
208696,1,300
208810,1,300
209025,1,300
209169,1,300
209621,1,300
209717,1,300
210163,1,300
210167,1,300
210247,1,300
210379,1,300
210594,1,300
210695,1,300
210702,1,300
210724,1,300
211025,1,300
211267,1,300
211804,1,300
211951,1,300
212003,1,300
212140,1,300
212209,1,300
212373,1,300
212718,1,300
212831,1,300
212880,1,300
213101,1,300
213384,1,300
213574,1,300
213618,1,300
213681,1,300
213877,1,300
214180,1,300
214329,1,300
214525,1,300
214590,1,300
214597,1,300
214921,1,300
215039,1,300
215100,1,300
215192,1,300
215317,1,300
215351,1,300
215422,1,300
215683,1,300
216373,1,300
216421,1,300
216499,1,300
216663,1,300
216670,1,300
216833,1,300
217072,1,300
217398,1,300
217621,1,300
217633,1,300
217657,1,300
217698,1,300
218101,1,300
218138,1,300
218187,1,300
218201,1,300
218222,1,300
218402,1,300
219034,1,300
219112,1,300
219269,1,300
219534,1,300
219645,1,300
219684,1,300
220278,1,300
220491,1,300
220774,1,300
220869,1,300
220997,1,300
221176,1,300
221185,1,300
221320,1,300
221375,1,300
221958,1,300
222223,1,300
222335,1,300
222654,1,300
222679,1,300
222947,1,300
223002,1,300
223226,1,300
223364,1,300
223422,1,300
223500,1,300
223533,1,300
223584,1,300
224183,1,300
224345,1,300
224422,1,300
224892,1,300
225074,1,300
225289,1,300
225306,1,300
225325,1,300
225326,1,300
225397,1,300
225407,1,300
225957,1,300
226052,1,300
226105,1,300
226266,1,300
226483,1,300
226505,1,300
226592,1,300
226645,1,300
226737,1,300
227206,1,300
227356,1,300
227370,1,300
227848,1,300
227864,1,300
227939,1,300
228048,1,300
228122,1,300
228653,1,300
228655,1,300
228834,1,300
229162,1,300
229260,1,300
229311,1,300
229470,1,300
229604,1,300
229640,1,300
229806,1,300
230002,1,300
230007,1,300
230042,1,300
230186,1,300
230338,1,300
230676,1,300
231112,1,300
231134,1,300
231189,1,300
231531,1,300
231798,1,300
231926,1,300
232003,1,300
232156,1,300
232311,1,300
232885,1,300
233012,1,300
233014,1,300
233141,1,300
233414,1,300
233494,1,300
233494,1,300
233690,1,300
233732,1,300
234095,1,300
234122,1,300
234414,1,300
235017,1,300
235023,1,300
235024,1,300
235030,1,300
235036,1,300
235041,1,300
235047,1,300
235048,1,300
235049,1,300
235054,1,300
235069,1,300
235077,1,300
235096,1,300
235100,1,300
235104,1,300
235131,1,300
235178,1,300
235182,1,300
235206,1,300
235230,1,300
235236,1,300
235246,1,300
235248,1,300
235302,1,300
235306,1,300
235340,1,300
235361,1,300
235363,1,300
235399,1,300
235410,1,300
235436,1,300
235447,1,300
235472,1,300
235481,1,300
235531,1,300
235551,1,300
235553,1,300
235558,1,300
235570,1,300
235699,1,300
235725,1,300
235726,1,300
235731,1,300
236043,1,300
236054,1,300
236070,1,300
236096,1,300
236097,1,300
236182,1,300
236197,1,300
236218,1,300
236221,1,300
236251,1,300
236259,1,300
236285,1,300
236286,1,300
236298,1,300
236359,1,300
236367,1,300
236401,1,300
236436,1,300
236496,1,300
236574,1,300
236581,1,300
236618,1,300
236673,1,300
236724,1,300
236729,1,300
236737,1,300
236758,1,300
236809,1,300
236836,1,300
236852,1,300
236862,1,300
236936,1,300
236981,1,300
237005,1,300
237005,1,300
237006,1,300
237033,1,300
237045,1,300
237063,1,300
237074,1,300
237082,1,300
237083,1,300
237093,1,300
237097,1,300
237111,1,300
237123,1,300
237155,1,300
237170,1,300
237186,1,300
237187,1,300
237193,1,300
237201,1,300
237206,1,300
237228,1,300
237333,1,300
237337,1,300
237338,1,300
237339,1,300
237344,1,300
237384,1,300
237393,1,300
237445,1,300
237450,1,300
237454,1,300
237463,1,300
237466,1,300
237475,1,300
237491,1,300
237510,1,300
237717,1,300
237755,1,300
237759,1,300
237766,1,300
237775,1,300
237842,1,300
237851,1,300
237859,1,300
237902,1,300
237982,1,300
237982,1,300
237992,1,300
238031,1,300
238043,1,300
238043,1,300
238053,1,300
238085,1,300
238087,1,300
238087,1,300
238115,1,300
238144,1,300
238161,1,300
238240,1,300
238254,1,300
238266,1,300
238278,1,300
238283,1,300
238329,1,300
238342,1,300
238355,1,300
238373,1,300
238402,1,300
238426,1,300
238434,1,300
238445,1,300
238446,1,300
238485,1,300
238503,1,300
238515,1,300
238527,1,300
238567,1,300
238587,1,300
238590,1,300
238612,1,300
238639,1,300
238661,1,300
238676,1,300
238677,1,300
238754,1,300
238758,1,300
238778,1,300
238815,1,300
238818,1,300
238833,1,300
238857,1,300
239010,1,300
239027,1,300
239054,1,300
239075,1,300
239130,1,300
239134,1,300
239189,1,300
239235,1,300
239305,1,300
239317,1,300
239361,1,300
239373,1,300
239401,1,300
239424,1,300
239462,1,300
239471,1,300
239505,1,300
239521,1,300
239526,1,300
239661,1,300
239681,1,300
239711,1,300
239712,1,300
239720,1,300
239732,1,300
239733,1,300
239773,1,300
239773,1,300
239840,1,300
239907,1,300
239936,1,300
239985,1,300
239991,1,300
240028,1,300
240048,1,300
240051,1,300
240067,1,300
240082,1,300
240094,1,300
240127,1,300
240149,1,300
240151,1,300
240169,1,300
240171,1,300
240172,1,300
240179,1,300
240199,1,300
240225,1,300
240241,1,300
240340,1,300
240351,1,300
240361,1,300
240373,1,300
240479,1,300
240505,1,300
240509,1,300
240527,1,300
240534,1,300
240556,1,300
240558,1,300
240560,1,300
240620,1,300
240663,1,300
240664,1,300
240671,1,300
240675,1,300
240788,1,300
240816,1,300
240851,1,300
240866,1,300
240874,1,300
240913,1,300
240929,1,300
240941,1,300
240973,1,300
240999,1,300
241008,1,300
241031,1,300
241033,1,300
241035,1,300
241045,1,300
241053,1,300
241058,1,300
241077,1,300
241143,1,300
241155,1,300
241160,1,300
241172,1,300
241179,1,300
241207,1,300
241237,1,300
241243,1,300
241247,1,300
241269,1,300
241288,1,300
241294,1,300
241438,1,300
241451,1,300
241473,1,300
241549,1,300
241554,1,300
241555,1,300
241577,1,300
241588,1,300
241603,1,300
241612,1,300
241619,1,300
241631,1,300
241643,1,300
241644,1,300
241666,1,300
241673,1,300
241699,1,300
241735,1,300
241765,1,300
241776,1,300
241787,1,300
241800,1,300
241827,1,300
241830,1,300
241840,1,300
241890,1,300
242064,1,300
242089,1,300
242114,1,300
242142,1,300
242164,1,300
242183,1,300
242211,1,300
242225,1,300
242228,1,300
242251,1,300
242259,1,300
242260,1,300
242276,1,300
242321,1,300
242323,1,300
242335,1,300
242379,1,300
242391,1,300
242423,1,300
242430,1,300
242448,1,300
242497,1,300
242511,1,300
242556,1,300
242559,1,300
242564,1,300
242589,1,300
242613,1,300
242675,1,300
242748,1,300
242783,1,300
242813,1,300
242850,1,300
242927,1,300
242971,1,300
242979,1,300
242985,1,300
243003,1,300
243010,1,300
243028,1,300
243049,1,300
243059,1,300
243062,1,300
243064,1,300
243076,1,300
243085,1,300
243086,1,300
243088,1,300
243126,1,300
243144,1,300
243165,1,300
243228,1,300
243230,1,300
243240,1,300
243242,1,300
243342,1,300
243349,1,300
243354,1,300
243383,1,300
243403,1,300
243418,1,300
243421,1,300
243430,1,300
243442,1,300
243454,1,300
243456,1,300
243463,1,300
243470,1,300
243474,1,300
243502,1,300
243507,1,300
243557,1,300
243567,1,300
243569,1,300
243571,1,300
243615,1,300
243624,1,300
243627,1,300
243636,1,300
243652,1,300
243684,1,300
243751,1,300
243823,1,300
244019,1,300
244045,1,300
244059,1,300
244073,1,300
244090,1,300
244103,1,300
244122,1,300
244177,1,300
244190,1,300
244202,1,300
244248,1,300
244272,1,300
244320,1,300
244332,1,300
244339,1,300
244360,1,300
244360,1,300
244372,1,300
244388,1,300
244401,1,300
244416,1,300
244481,1,300
244484,1,300
244527,1,300
244530,1,300
244534,1,300
244541,1,300
244632,1,300
244659,1,300
244673,1,300
244694,1,300
244696,1,300
244853,1,300
244891,1,300
244919,1,300
244921,1,300
244983,1,300
245004,1,300
245004,1,300
245068,1,300
245070,1,300
245081,1,300
245081,1,300
245089,1,300
245109,1,300
245144,1,300
245147,1,300
245150,1,300
245225,1,300
245227,1,300
245264,1,300
245268,1,300
245289,1,300
245386,1,300
245398,1,300
245467,1,300
245475,1,300
245523,1,300
245531,1,300
245573,1,300
245578,1,300
245663,1,300
245669,1,300
245717,1,300
245748,1,300
245757,1,300
245769,1,300
245769,1,300
245882,1,300
245891,1,300
245898,1,300
245921,1,300
245948,1,300
245991,1,300
246006,1,300
246010,1,300
246028,1,300
246038,1,300
246041,1,300
246046,1,300
246077,1,300
246096,1,300
246106,1,300
246113,1,300
246122,1,300
246166,1,300
246201,1,300
246233,1,300
246237,1,300
246244,1,300
246258,1,300
246267,1,300
246274,1,300
246294,1,300
246337,1,300
246361,1,300
246368,1,300
246374,1,300
246395,1,300
246417,1,300
246441,1,300
246474,1,300
246487,1,300
246516,1,300
246518,1,300
246522,1,300
246557,1,300
246567,1,300
246597,1,300
246598,1,300
246625,1,300
246629,1,300
246677,1,300
246706,1,300
246716,1,300
246778,1,300
246780,1,300
246809,1,300
246824,1,300
246850,1,300
246870,1,300
246890,1,300
246929,1,300
247007,1,300
247029,1,300
247076,1,300
247131,1,300
247131,1,300
247170,1,300
247173,1,300
247179,1,300
247222,1,300
247246,1,300
247250,1,300
247264,1,300
247270,1,300
247327,1,300
247346,1,300
247352,1,300
247357,1,300
247405,1,300
247472,1,300
247495,1,300
247502,1,300
247519,1,300
247547,1,300
247563,1,300
247565,1,300
247565,1,300
247571,1,300
247613,1,300
247690,1,300
247731,1,300
247734,1,300
247765,1,300
247817,1,300
247834,1,300
247851,1,300
247857,1,300
247871,1,300
247938,1,300
247943,1,300
248003,1,300
248004,1,300
248014,1,300
248017,1,300
248035,1,300
248047,1,300
248048,1,300
248065,1,300
248082,1,300
248157,1,300
248186,1,300
248193,1,300
248219,1,300
248222,1,300
248233,1,300
248235,1,300
248247,1,300
248292,1,300
248341,1,300
248383,1,300
248438,1,300
248499,1,300
248518,1,300
248548,1,300
248588,1,300
248589,1,300
248591,1,300
248625,1,300
248643,1,300
248644,1,300
248668,1,300
248701,1,300
248718,1,300
248723,1,300
248751,1,300
248765,1,300
248781,1,300
248803,1,300
248821,1,300
248829,1,300
248942,1,300
248942,1,300
248965,1,300
248969,1,300
248996,1,300
249021,1,300
249057,1,300
249090,1,300
249095,1,300
249098,1,300
249159,1,300
249159,1,300
249171,1,300
249197,1,300
249202,1,300
249240,1,300
249267,1,300
249275,1,300
249327,1,300
249376,1,300
249383,1,300
249384,1,300
249399,1,300
249507,1,300
249539,1,300
249570,1,300
249607,1,300
249628,1,300
249685,1,300
249709,1,300
249720,1,300
249729,1,300
249736,1,300
249770,1,300
249781,1,300
249789,1,300
249832,1,300
249840,1,300
249847,1,300
249969,1,300
249981,1,300
249983,1,300
250011,1,300
250018,1,300
250036,1,300
250054,1,300
250069,1,300
250072,1,300
250092,1,300
250104,1,300
250129,1,300
250145,1,300
250280,1,300
250292,1,300
250292,1,300
250294,1,300
250310,1,300
250317,1,300
250320,1,300
250332,1,300
250352,1,300
250416,1,300
250421,1,300
250438,1,300
250441,1,300
250443,1,300
250463,1,300
250479,1,300
250563,1,300
250616,1,300
250630,1,300
250674,1,300
250754,1,300
250811,1,300
250869,1,300
250878,1,300
250880,1,300
250897,1,300
250898,1,300
250911,1,300
250935,1,300
250943,1,300
250962,1,300
251025,1,300
251032,1,300
251034,1,300
251035,1,300
251045,1,300
251056,1,300
251100,1,300
251196,1,300
251199,1,300
251215,1,300
251218,1,300
251268,1,300
251271,1,300
251301,1,300
251309,1,300
251319,1,300
251320,1,300
251351,1,300
251359,1,300
251361,1,300
251398,1,300
251416,1,300
251443,1,300
251466,1,300
251472,1,300
251480,1,300
251491,1,300
251491,1,300
251525,1,300
251533,1,300
251534,1,300
251588,1,300
251594,1,300
251646,1,300
251661,1,300
251671,1,300
251674,1,300
251692,1,300
251707,1,300
251711,1,300
251758,1,300
251799,1,300
251808,1,300
251814,1,300
251904,1,300
252008,1,300
252032,1,300
252130,1,300
252143,1,300
252157,1,300
252170,1,300
252173,1,300
252195,1,300
252249,1,300
252250,1,300
252270,1,300
252296,1,300
252319,1,300
252320,1,300
252325,1,300
252368,1,300
252371,1,300
252375,1,300
252393,1,300
252394,1,300
252411,1,300
252412,1,300
252481,1,300
252517,1,300
252529,1,300
252573,1,300
252575,1,300
252577,1,300
252578,1,300
252668,1,300
252703,1,300
252719,1,300
252729,1,300
252750,1,300
252779,1,300
252782,1,300
252801,1,300
252825,1,300
252860,1,300
252874,1,300
253050,1,300
253092,1,300
253121,1,300
253133,1,300
253178,1,300
253184,1,300
253222,1,300
253228,1,300
253237,1,300
253262,1,300
253265,1,300
253273,1,300
253281,1,300
253297,1,300
253320,1,300
253334,1,300
253369,1,300
253410,1,300
253418,1,300
253418,1,300
253429,1,300
253433,1,300
253435,1,300
253455,1,300
253476,1,300
253527,1,300
253528,1,300
253534,1,300
253638,1,300
253718,1,300
253761,1,300
253797,1,300
253831,1,300
253832,1,300
253842,1,300
253857,1,300
253859,1,300
253881,1,300
253906,1,300
253916,1,300
253919,1,300
254024,1,300
254027,1,300
254050,1,300
254063,1,300
254083,1,300
254109,1,300
254306,1,300
254320,1,300
254394,1,300
254427,1,300
254490,1,300
254498,1,300
254519,1,300
254526,1,300
254574,1,300
254583,1,300
254605,1,300
254620,1,300
254653,1,300
254668,1,300
254683,1,300
254759,1,300
254784,1,300
254807,1,300
254831,1,300
254899,1,300
254912,1,300
254985,1,300
255046,1,300
255056,1,300
255058,1,300
255067,1,300
255090,1,300
255097,1,300
255099,1,300
255108,1,300
255127,1,300
255146,1,300
255154,1,300
255154,1,300
255156,1,300
255164,1,300
255175,1,300
255181,1,300
255185,1,300
255188,1,300
255193,1,300
255195,1,300
255198,1,300
255201,1,300
255211,1,300
255228,1,300
255244,1,300
255269,1,300
255312,1,300
255314,1,300
255314,1,300
255337,1,300
255355,1,300
255362,1,300
255364,1,300
255370,1,300
255424,1,300
255424,1,300
255425,1,300
255437,1,300
255439,1,300
255468,1,300
255484,1,300
255489,1,300
255506,1,300
255529,1,300
255631,1,300
255777,1,300
255913,1,300
255926,1,300
255938,1,300
255943,1,300
255943,1,300
255950,1,300
255971,1,300
256020,1,300
256028,1,300
256035,1,300
256092,1,300
256093,1,300
256100,1,300
256119,1,300
256169,1,300
256178,1,300
256180,1,300
256215,1,300
256265,1,300
256280,1,300
256289,1,300
256337,1,300
256341,1,300
256406,1,300
256439,1,300
256447,1,300
256449,1,300
256456,1,300
256473,1,300
256584,1,300
256601,1,300
256617,1,300
256619,1,300
256662,1,300
256678,1,300
256686,1,300
256691,1,300
256698,1,300
256712,1,300
256723,1,300
256820,1,300
256846,1,300
256863,1,300
256865,1,300
256915,1,300
256930,1,300
256941,1,300
257155,1,300
257183,1,300
257192,1,300
257218,1,300
257241,1,300
257244,1,300
257272,1,300
257292,1,300
257304,1,300
257322,1,300
257326,1,300
257329,1,300
257356,1,300
257368,1,300
257395,1,300
257463,1,300
257503,1,300
257506,1,300
257530,1,300
257542,1,300
257548,1,300
257576,1,300
257601,1,300
257653,1,300
257678,1,300
257681,1,300
257684,1,300
257747,1,300
257753,1,300
257759,1,300
257769,1,300
257802,1,300
257822,1,300
257825,1,300
257831,1,300
257856,1,300
257866,1,300
257910,1,300
257916,1,300
257917,1,300
257928,1,300
257934,1,300
258019,1,300
258039,1,300
258084,1,300
258084,1,300
258113,1,300
258144,1,300
258164,1,300
258212,1,300
258219,1,300
258249,1,300
258255,1,300
258271,1,300
258274,1,300
258317,1,300
258337,1,300
258354,1,300
258374,1,300
258385,1,300
258399,1,300
258408,1,300
258422,1,300
258451,1,300
258455,1,300
258509,1,300
258523,1,300
258544,1,300
258586,1,300
258595,1,300
258635,1,300
258654,1,300
258686,1,300
258709,1,300
258717,1,300
258722,1,300
258749,1,300
258766,1,300
258808,1,300
258839,1,300
258956,1,300
259005,1,300
259009,1,300
259031,1,300
259034,1,300
259048,1,300
259059,1,300
259075,1,300
259177,1,300
259275,1,300
259276,1,300
259286,1,300
259294,1,300
259300,1,300
259305,1,300
259385,1,300
259473,1,300
259485,1,300
259515,1,300
259661,1,300
259716,1,300
259730,1,300
259763,1,300
259783,1,300
259803,1,300
259803,1,300
259831,1,300
259852,1,300
259852,1,300
259868,1,300
259923,1,300
259966,1,300
259968,1,300
260005,1,300
260006,1,300
260017,1,300
260028,1,300
260041,1,300
260063,1,300
260075,1,300
260106,1,300
260113,1,300
260134,1,300
260159,1,300
260159,1,300
260173,1,300
260246,1,300
260251,1,300
260295,1,300
260345,1,300
260444,1,300
260447,1,300
260458,1,300
260474,1,300
260525,1,300
260530,1,300
260576,1,300
260584,1,300
260591,1,300
260607,1,300
260607,1,300
260654,1,300
260697,1,300
260736,1,300
260751,1,300
260761,1,300
260801,1,300
260815,1,300
260858,1,300
260878,1,300
260898,1,300
260921,1,300
260942,1,300
260962,1,300
261020,1,300
261029,1,300
261035,1,300
261056,1,300
261071,1,300
261072,1,300
261086,1,300
261104,1,300
261132,1,300
261139,1,300
261143,1,300
261187,1,300
261198,1,300
261239,1,300
261251,1,300
261253,1,300
261289,1,300
261319,1,300
261320,1,300
261344,1,300
261360,1,300
261390,1,300
261438,1,300
261447,1,300
261466,1,300
261565,1,300
261566,1,300
261577,1,300
261589,1,300
261616,1,300
261627,1,300
261704,1,300
261728,1,300
261731,1,300
261764,1,300
261883,1,300
261916,1,300
261923,1,300
261983,1,300
262006,1,300
262064,1,300
262069,1,300
262072,1,300
262076,1,300
262102,1,300
262142,1,300
262145,1,300
262162,1,300
262178,1,300
262192,1,300
262196,1,300
262208,1,300
262209,1,300
262214,1,300
262239,1,300
262261,1,300
262346,1,300
262347,1,300
262375,1,300
262404,1,300
262408,1,300
262412,1,300
262429,1,300
262486,1,300
262493,1,300
262517,1,300
262567,1,300
262568,1,300
262602,1,300
262664,1,300
262710,1,300
262724,1,300
262727,1,300
262728,1,300
262731,1,300
262822,1,300
262834,1,300
262837,1,300
262844,1,300
262880,1,300
262914,1,300
262936,1,300
262980,1,300
262992,1,300
263013,1,300
263014,1,300
263019,1,300
263037,1,300
263041,1,300
263048,1,300
263049,1,300
263059,1,300
263066,1,300
263067,1,300
263068,1,300
263074,1,300
263092,1,300
263102,1,300
263114,1,300
263121,1,300
263128,1,300
263130,1,300
263134,1,300
263221,1,300
263290,1,300
263299,1,300
263427,1,300
263441,1,300
263464,1,300
263478,1,300
263514,1,300
263567,1,300
263616,1,300
263639,1,300
263685,1,300
263692,1,300
263699,1,300
263722,1,300
263766,1,300
263806,1,300
263857,1,300
263861,1,300
263877,1,300
263904,1,300
264003,1,300
264010,1,300
264010,1,300
264020,1,300
264026,1,300
264029,1,300
264046,1,300
264062,1,300
264079,1,300
264081,1,300
264121,1,300
264130,1,300
264184,1,300
264228,1,300
264246,1,300
264281,1,300
264311,1,300
264316,1,300
264328,1,300
264362,1,300
264373,1,300
264385,1,300
264391,1,300
264410,1,300
264411,1,300
264414,1,300
264474,1,300
264499,1,300
264516,1,300
264575,1,300
264601,1,300
264606,1,300
264607,1,300
264635,1,300
264665,1,300
264710,1,300
264811,1,300
264816,1,300
264826,1,300
264858,1,300
264875,1,300
264906,1,300
264915,1,300
264935,1,300
264958,1,300
264997,1,300
265009,1,300
265038,1,300
265047,1,300
265108,1,300
265129,1,300
265154,1,300
265175,1,300
265190,1,300
265201,1,300
265251,1,300
265299,1,300
265304,1,300
265332,1,300
265346,1,300
265384,1,300
265457,1,300
265467,1,300
265478,1,300
265492,1,300
265514,1,300
265537,1,300
265552,1,300
265587,1,300
265637,1,300
265645,1,300
265719,1,300
265723,1,300
265835,1,300
265852,1,300
265891,1,300
265892,1,300
265895,1,300
265899,1,300
265901,1,300
265947,1,300
265969,1,300
266013,1,300
266018,1,300
266022,1,300
266025,1,300
266048,1,300
266050,1,300
266057,1,300
266075,1,300
266085,1,300
266087,1,300
266112,1,300
266151,1,300
266178,1,300
266187,1,300
266203,1,300
266211,1,300
266217,1,300
266232,1,300
266247,1,300
266284,1,300
266341,1,300
266345,1,300
266362,1,300
266384,1,300
266387,1,300
266475,1,300
266498,1,300
266510,1,300
266543,1,300
266552,1,300
266600,1,300
266610,1,300
266614,1,300
266640,1,300
266645,1,300
266692,1,300
266704,1,300
266769,1,300
266797,1,300
266812,1,300
266944,1,300
266976,1,300
266986,1,300
267005,1,300
267009,1,300
267012,1,300
267016,1,300
267047,1,300
267102,1,300
267109,1,300
267119,1,300
267150,1,300
267163,1,300
267295,1,300
267297,1,300
267329,1,300
267333,1,300
267362,1,300
267456,1,300
267462,1,300
267496,1,300
267531,1,300
267531,1,300
267534,1,300
267545,1,300
267571,1,300
267576,1,300
267583,1,300
267589,1,300
267607,1,300
267618,1,300
267682,1,300
267709,1,300
267711,1,300
267764,1,300
267804,1,300
267806,1,300
267828,1,300
267911,1,300
267943,1,300
267959,1,300
267959,1,300
267982,1,300
267988,1,300
268014,1,300
268017,1,300
268025,1,300
268070,1,300
268273,1,300
268312,1,300
268323,1,300
268366,1,300
268387,1,300
268434,1,300
268473,1,300
268475,1,300
268478,1,300
268488,1,300
268514,1,300
268533,1,300
268543,1,300
268547,1,300
268549,1,300
268552,1,300
268565,1,300
268583,1,300
268592,1,300
268621,1,300
268630,1,300
268680,1,300
268684,1,300
268711,1,300
268725,1,300
268726,1,300
268740,1,300
268766,1,300
268778,1,300
268782,1,300
268789,1,300
268911,1,300
268922,1,300
268927,1,300
268942,1,300
268957,1,300
268986,1,300
268995,1,300
269049,1,300
269058,1,300
269080,1,300
269116,1,300
269151,1,300
269151,1,300
269179,1,300
269184,1,300
269208,1,300
269227,1,300
269233,1,300
269284,1,300
269307,1,300
269317,1,300
269330,1,300
269335,1,300
269348,1,300
269363,1,300
269403,1,300
269437,1,300
269442,1,300
269454,1,300
269465,1,300
269502,1,300
269503,1,300
269524,1,300
269536,1,300
269606,1,300
269660,1,300
269662,1,300
269715,1,300
269742,1,300
269787,1,300
269812,1,300
269873,1,300
269890,1,300
269904,1,300
269936,1,300
269943,1,300
269948,1,300
270032,1,300
270055,1,300
270072,1,300
270102,1,300
270109,1,300
270149,1,300
270175,1,300
270210,1,300
270239,1,300
270245,1,300
270251,1,300
270279,1,300
270293,1,300
270309,1,300
270331,1,300
270333,1,300
270336,1,300
270352,1,300
270380,1,300
270430,1,300
270448,1,300
270478,1,300
270481,1,300
270493,1,300
270506,1,300
270507,1,300
270549,1,300
270552,1,300
270583,1,300
270594,1,300
270627,1,300
270631,1,300
270654,1,300
270666,1,300
270689,1,300
270692,1,300
270718,1,300
270772,1,300
270785,1,300
270802,1,300
270889,1,300
270925,1,300
271002,1,300
271024,1,300
271079,1,300
271105,1,300
271201,1,300
271213,1,300
271217,1,300
271240,1,300
271248,1,300
271250,1,300
271306,1,300
271334,1,300
271360,1,300
271369,1,300
271377,1,300
271442,1,300
271451,1,300
271510,1,300
271589,1,300
271624,1,300
271658,1,300
271691,1,300
271695,1,300
271717,1,300
271739,1,300
271860,1,300
271875,1,300
271897,1,300
271926,1,300
271930,1,300
271944,1,300
271960,1,300
271997,1,300
272009,1,300
272009,1,300
272013,1,300
272030,1,300
272045,1,300
272060,1,300
272071,1,300
272078,1,300
272103,1,300
272123,1,300
272124,1,300
272135,1,300
272152,1,300
272190,1,300
272200,1,300
272297,1,300
272297,1,300
272308,1,300
272332,1,300
272370,1,300
272405,1,300
272435,1,300
272451,1,300
272483,1,300
272485,1,300
272521,1,300
272582,1,300
272585,1,300
272599,1,300
272625,1,300
272627,1,300
272659,1,300
272668,1,300
272692,1,300
272698,1,300
272709,1,300
272736,1,300
272743,1,300
272758,1,300
272776,1,300
272815,1,300
272852,1,300
272855,1,300
272912,1,300
272995,1,300
273008,1,300
273035,1,300
273040,1,300
273055,1,300
273075,1,300
273093,1,300
273094,1,300
273095,1,300
273141,1,300
273144,1,300
273155,1,300
273161,1,300
273170,1,300
273182,1,300
273193,1,300
273265,1,300
273290,1,300
273292,1,300
273292,1,300
273298,1,300
273310,1,300
273344,1,300
273346,1,300
273458,1,300
273460,1,300
273463,1,300
273470,1,300
273486,1,300
273487,1,300
273491,1,300
273554,1,300
273573,1,300
273605,1,300
273644,1,300
273653,1,300
273724,1,300
273734,1,300
273761,1,300
273854,1,300
273899,1,300
273907,1,300
273922,1,300
273932,1,300
274009,1,300
274053,1,300
274068,1,300
274083,1,300
274110,1,300
274135,1,300
274145,1,300
274156,1,300
274178,1,300
274281,1,300
274297,1,300
274308,1,300
274318,1,300
274325,1,300
274345,1,300
274377,1,300
274435,1,300
274470,1,300
274491,1,300
274505,1,300
274506,1,300
274547,1,300
274576,1,300
274608,1,300
274627,1,300
274644,1,300
274665,1,300
274675,1,300
274700,1,300
274737,1,300
274738,1,300
274784,1,300
274815,1,300
274853,1,300
274854,1,300
274887,1,300
274905,1,300
274934,1,300
274993,1,300
274998,1,300
275018,1,300
275020,1,300
275051,1,300
275099,1,300
275144,1,300
275145,1,300
275170,1,300
275180,1,300
275183,1,300
275197,1,300
275198,1,300
275206,1,300
275225,1,300
275255,1,300
275260,1,300
275297,1,300
275305,1,300
275313,1,300
275359,1,300
275366,1,300
275374,1,300
275420,1,300
275443,1,300
275545,1,300
275561,1,300
275568,1,300
275638,1,300
275645,1,300
275684,1,300
275699,1,300
275756,1,300
275759,1,300
275808,1,300
275821,1,300
275832,1,300
275838,1,300
275857,1,300
275891,1,300
275949,1,300
275971,1,300
275976,1,300
275986,1,300
275990,1,300
276063,1,300
276072,1,300
276086,1,300
276098,1,300
276111,1,300
276144,1,300
276169,1,300
276196,1,300
276250,1,300
276250,1,300
276253,1,300
276255,1,300
276288,1,300
276327,1,300
276328,1,300
276412,1,300
276444,1,300
276458,1,300
276460,1,300
276484,1,300
276487,1,300
276503,1,300
276553,1,300
276573,1,300
276627,1,300
276636,1,300
276654,1,300
276662,1,300
276685,1,300
276764,1,300
276781,1,300
276792,1,300
276848,1,300
276879,1,300
276886,1,300
276913,1,300
276945,1,300
276948,1,300
277006,1,300
277025,1,300
277043,1,300
277055,1,300
277056,1,300
277057,1,300
277080,1,300
277096,1,300
277116,1,300
277136,1,300
277140,1,300
277143,1,300
277186,1,300
277197,1,300
277205,1,300
277205,1,300
277232,1,300
277243,1,300
277251,1,300
277260,1,300
277265,1,300
277328,1,300
277335,1,300
277350,1,300
277357,1,300
277364,1,300
277376,1,300
277387,1,300
277415,1,300
277428,1,300
277525,1,300
277573,1,300
277595,1,300
277609,1,300
277761,1,300
277820,1,300
277846,1,300
277851,1,300
277863,1,300
277865,1,300
277917,1,300
277934,1,300
278010,1,300
278018,1,300
278059,1,300
278061,1,300
278081,1,300
278097,1,300
278112,1,300
278134,1,300
278156,1,300
278162,1,300
278170,1,300
278181,1,300
278185,1,300
278185,1,300
278185,1,300
278201,1,300
278220,1,300
278268,1,300
278268,1,300
278268,1,300
278361,1,300
278372,1,300
278379,1,300
278382,1,300
278425,1,300
278446,1,300
278452,1,300
278549,1,300
278564,1,300
278565,1,300
278621,1,300
278621,1,300
278644,1,300
278657,1,300
278661,1,300
278763,1,300
278772,1,300
278818,1,300
278821,1,300
278851,1,300
278918,1,300
278923,1,300
278924,1,300
278952,1,300
279029,1,300
279065,1,300
279092,1,300
279154,1,300
279163,1,300
279164,1,300
279169,1,300
279178,1,300
279189,1,300
279230,1,300
279251,1,300
279257,1,300
279274,1,300
279304,1,300
279346,1,300
279350,1,300
279381,1,300
279389,1,300
279400,1,300
279412,1,300
279425,1,300
279426,1,300
279450,1,300
279475,1,300
279519,1,300
279574,1,300
279591,1,300
279603,1,300
279644,1,300
279716,1,300
279729,1,300
279746,1,300
279756,1,300
279763,1,300
279880,1,300
279902,1,300
279920,1,300
279957,1,300
279963,1,300
279973,1,300
279975,1,300
280001,1,300
280023,1,300
280044,1,300
280052,1,300
280066,1,300
280073,1,300
280084,1,300
280168,1,300
280188,1,300
280214,1,300
280256,1,300
280296,1,300
280305,1,300
280313,1,300
280378,1,300
280422,1,300
280426,1,300
280438,1,300
280468,1,300
280475,1,300
280585,1,300
280632,1,300
280637,1,300
280661,1,300
280684,1,300
280696,1,300
280741,1,300
280766,1,300
280767,1,300
280783,1,300
280828,1,300
280840,1,300
280851,1,300
280869,1,300
280872,1,300
280884,1,300
280898,1,300
280917,1,300
280935,1,300
280980,1,300
281105,1,300
281168,1,300
281191,1,300
281216,1,300
281299,1,300
281324,1,300
281346,1,300
281373,1,300
281462,1,300
281469,1,300
281493,1,300
281504,1,300
281513,1,300
281520,1,300
281522,1,300
281539,1,300
281564,1,300
281648,1,300
281663,1,300
281684,1,300
281706,1,300
281734,1,300
281780,1,300
281785,1,300
281788,1,300
281794,1,300
281806,1,300
281806,1,300
281812,1,300
281815,1,300
281816,1,300
281856,1,300
281881,1,300
281926,1,300
281934,1,300
281960,1,300
281983,1,300
281985,1,300
281994,1,300
281997,1,300
282039,1,300
282089,1,300
282119,1,300
282592,1,300
282767,1,300
282976,1,300
282977,1,300
283156,1,300
283272,1,300
283937,1,300
284031,1,300
284223,1,300
284241,1,300
284268,1,300
284289,1,300
284537,1,300
284551,1,300
284645,1,300
284660,1,300
285097,1,300
285520,1,300
285556,1,300
285963,1,300
286102,1,300
286360,1,300
286480,1,300
286519,1,300
286925,1,300
287076,1,300
287081,1,300
287302,1,300
287399,1,300
287557,1,300
287755,1,300
287759,1,300
288185,1,300
288229,1,300
288229,1,300
288346,1,300
288443,1,300
288479,1,300
288616,1,300
288658,1,300
289184,1,300
289320,1,300
289380,1,300
289698,1,300
289736,1,300
289829,1,300
290028,1,300
290375,1,300
290457,1,300
290552,1,300
290757,1,300
291193,1,300
