152,1,300
235,1,300
237,1,300
345,1,300
389,1,300
1042,1,300
1156,1,300
1198,1,300
1308,1,300
1654,1,300
2014,1,300
2337,1,300
2374,1,300
2582,1,300
2643,1,300
3500,1,300
3742,1,300
4067,1,300
4161,1,300
4216,1,300
4348,1,300
4479,1,300
4672,1,300
4980,1,300
5027,1,300
5248,1,300
5316,1,300
5413,1,300
5824,1,300
6140,1,300
6359,1,300
6724,1,300
6750,1,300
6856,1,300
7091,1,300
7187,1,300
7409,1,300
7491,1,300
7530,1,300
7645,1,300
8041,1,300
8082,1,300
8237,1,300
8304,1,300
8747,1,300
9586,1,300
9870,1,300
9887,1,300
9889,1,300
9895,1,300
10173,1,300
10392,1,300
10416,1,300
10704,1,300
10823,1,300
11424,1,300
11620,1,300
11627,1,300
11931,1,300
12216,1,300
12220,1,300
12699,1,300
12875,1,300
13128,1,300
13218,1,300
13323,1,300
13376,1,300
13379,1,300
13413,1,300
13597,1,300
14533,1,300
14662,1,300
14671,1,300
14800,1,300
15060,1,300
15089,1,300
15171,1,300
15211,1,300
15898,1,300
16006,1,300
16087,1,300
16149,1,300
16382,1,300
16401,1,300
16451,1,300
17018,1,300
17218,1,300
17378,1,300
17461,1,300
18095,1,300
18140,1,300
18194,1,300
18261,1,300
18658,1,300
19174,1,300
19306,1,300
19311,1,300
19452,1,300
20193,1,300
20201,1,300
20207,1,300
20896,1,300
21057,1,300
21106,1,300
21124,1,300
21519,1,300
21552,1,300
21554,1,300
21719,1,300
22093,1,300
22578,1,300
22632,1,300
22693,1,300
23127,1,300
23408,1,300
23728,1,300
23846,1,300
23949,1,300
24089,1,300
24100,1,300
24202,1,300
24490,1,300
24555,1,300
24573,1,300
24585,1,300
25040,1,300
25225,1,300
25457,1,300
25513,1,300
25529,1,300
26228,1,300
26271,1,300
26373,1,300
27100,1,300
27215,1,300
27351,1,300
28086,1,300
28093,1,300
28186,1,300
28339,1,300
28340,1,300
28410,1,300
28801,1,300
28860,1,300
28906,1,300
29123,1,300
29154,1,300
29243,1,300
29427,1,300
29466,1,300
30278,1,300
30567,1,300
30607,1,300
30727,1,300
30729,1,300
31263,1,300
31531,1,300
31573,1,300
31704,1,300
32204,1,300
32224,1,300
32224,1,300
32402,1,300
32474,1,300
33079,1,300
33454,1,300
33503,1,300
33803,1,300
33829,1,300
34156,1,300
34276,1,300
34435,1,300
34692,1,300
34755,1,300
35067,1,300
35224,1,300
35755,1,300
36093,1,300
36220,1,300
36222,1,300
36341,1,300
36565,1,300
36735,1,300
36859,1,300
37120,1,300
37205,1,300
37467,1,300
37523,1,300
37578,1,300
38042,1,300
38098,1,300
38185,1,300
38559,1,300
38588,1,300
39002,1,300
39434,1,300
39450,1,300
40073,1,300
40076,1,300
40172,1,300
40208,1,300
40299,1,300
40691,1,300
41032,1,300
41160,1,300
41162,1,300
41244,1,300
41637,1,300
42096,1,300
42191,1,300
42302,1,300
42700,1,300
43006,1,300
43337,1,300
43512,1,300
43518,1,300
43584,1,300
43892,1,300
44056,1,300
44116,1,300
44349,1,300
44527,1,300
44604,1,300
45132,1,300
45152,1,300
45831,1,300
45920,1,300
45936,1,300
46052,1,300
46228,1,300
46807,1,300
47004,1,300
47014,1,300
47039,1,300
47063,1,300
47065,1,300
47066,1,300
47179,1,300
47196,1,300
47202,1,300
47236,1,300
47238,1,300
47244,1,300
47251,1,300
47285,1,300
47297,1,300
47310,1,300
47343,1,300
47350,1,300
47379,1,300
47381,1,300
47412,1,300
47443,1,300
47462,1,300
47546,1,300
47560,1,300
47567,1,300
47586,1,300
47636,1,300
47640,1,300
47655,1,300
47657,1,300
47672,1,300
47674,1,300
47702,1,300
47708,1,300
47738,1,300
47755,1,300
48014,1,300
48027,1,300
48037,1,300
48058,1,300
48108,1,300
48113,1,300
48123,1,300
48144,1,300
48178,1,300
48192,1,300
48200,1,300
48201,1,300
48201,1,300
48206,1,300
48223,1,300
48278,1,300
48299,1,300
48303,1,300
48366,1,300
48382,1,300
48427,1,300
48442,1,300
48453,1,300
48504,1,300
48513,1,300
48531,1,300
48537,1,300
48552,1,300
48574,1,300
48710,1,300
48741,1,300
48768,1,300
48775,1,300
48850,1,300
48865,1,300
48907,1,300
49008,1,300
49019,1,300
49025,1,300
49095,1,300
49101,1,300
49103,1,300
49145,1,300
49151,1,300
49175,1,300
49186,1,300
49227,1,300
49278,1,300
49337,1,300
49353,1,300
49396,1,300
49418,1,300
49434,1,300
49493,1,300
49520,1,300
49529,1,300
49537,1,300
49566,1,300
49596,1,300
49628,1,300
49635,1,300
49640,1,300
49687,1,300
49692,1,300
49719,1,300
49755,1,300
49764,1,300
49795,1,300
49807,1,300
49845,1,300
49892,1,300
49901,1,300
50019,1,300
50031,1,300
50038,1,300
50063,1,300
50070,1,300
50081,1,300
50106,1,300
50116,1,300
50148,1,300
50156,1,300
50172,1,300
50179,1,300
50187,1,300
50201,1,300
50242,1,300
50246,1,300
50247,1,300
50350,1,300
50368,1,300
50374,1,300
50399,1,300
50404,1,300
50483,1,300
50490,1,300
50496,1,300
50537,1,300
50602,1,300
50621,1,300
50644,1,300
50656,1,300
50675,1,300
50691,1,300
50755,1,300
50807,1,300
50822,1,300
50842,1,300
50857,1,300
51050,1,300
51061,1,300
51082,1,300
51103,1,300
51230,1,300
51248,1,300
51254,1,300
51305,1,300
51313,1,300
51327,1,300
51356,1,300
51364,1,300
51452,1,300
51525,1,300
51575,1,300
51579,1,300
51585,1,300
51597,1,300
51619,1,300
51659,1,300
51665,1,300
51667,1,300
51669,1,300
51694,1,300
51760,1,300
51764,1,300
51783,1,300
51794,1,300
51836,1,300
51840,1,300
51888,1,300
51909,1,300
51913,1,300
51918,1,300
51965,1,300
51989,1,300
52036,1,300
52062,1,300
52063,1,300
52113,1,300
52148,1,300
52223,1,300
52255,1,300
52258,1,300
52267,1,300
52292,1,300
52345,1,300
52391,1,300
52428,1,300
52431,1,300
52440,1,300
52462,1,300
52472,1,300
52492,1,300
52493,1,300
52497,1,300
52531,1,300
52575,1,300
52634,1,300
52638,1,300
52669,1,300
52674,1,300
52714,1,300
52798,1,300
52828,1,300
52833,1,300
52843,1,300
52844,1,300
52895,1,300
52931,1,300
52946,1,300
52954,1,300
52955,1,300
53004,1,300
53016,1,300
53023,1,300
53036,1,300
53054,1,300
53059,1,300
53093,1,300
53114,1,300
53114,1,300
53115,1,300
53127,1,300
53134,1,300
53175,1,300
53300,1,300
53303,1,300
53325,1,300
53373,1,300
53380,1,300
53410,1,300
53412,1,300
53431,1,300
53461,1,300
53469,1,300
53474,1,300
53515,1,300
53525,1,300
53578,1,300
53598,1,300
53646,1,300
53677,1,300
53709,1,300
53711,1,300
53737,1,300
53756,1,300
53800,1,300
54048,1,300
54055,1,300
54063,1,300
54114,1,300
54186,1,300
54190,1,300
54205,1,300
54220,1,300
54224,1,300
54245,1,300
54321,1,300
54356,1,300
54357,1,300
54359,1,300
54371,1,300
54386,1,300
54403,1,300
54430,1,300
54540,1,300
54559,1,300
54571,1,300
54582,1,300
54591,1,300
54648,1,300
54676,1,300
54713,1,300
54777,1,300
54801,1,300
54803,1,300
54833,1,300
54839,1,300
54890,1,300
54940,1,300
54965,1,300
55012,1,300
55035,1,300
55039,1,300
55123,1,300
55136,1,300
55166,1,300
55236,1,300
55285,1,300
55289,1,300
55295,1,300
55316,1,300
55348,1,300
55359,1,300
55406,1,300
55442,1,300
55479,1,300
55505,1,300
55514,1,300
55559,1,300
55602,1,300
55612,1,300
55616,1,300
55618,1,300
55631,1,300
55676,1,300
55693,1,300
55730,1,300
55742,1,300
55768,1,300
55772,1,300
55775,1,300
55802,1,300
55804,1,300
55873,1,300
55895,1,300
55929,1,300
56001,1,300
56071,1,300
56118,1,300
56166,1,300
56205,1,300
56232,1,300
56236,1,300
56239,1,300
56265,1,300
56283,1,300
56290,1,300
56349,1,300
56357,1,300
56362,1,300
56393,1,300
56425,1,300
56479,1,300
56570,1,300
56575,1,300
56602,1,300
56608,1,300
56674,1,300
56684,1,300
56718,1,300
56718,1,300
56728,1,300
56739,1,300
56751,1,300
56774,1,300
56878,1,300
56917,1,300
56933,1,300
56935,1,300
56946,1,300
56957,1,300
56969,1,300
57008,1,300
57038,1,300
57085,1,300
57096,1,300
57099,1,300
57150,1,300
57204,1,300
57264,1,300
57274,1,300
57324,1,300
57338,1,300
57447,1,300
57483,1,300
57568,1,300
57662,1,300
57669,1,300
57687,1,300
57701,1,300
57712,1,300
57714,1,300
57767,1,300
57806,1,300
57847,1,300
57901,1,300
57905,1,300
57943,1,300
57954,1,300
58034,1,300
58045,1,300
58077,1,300
58086,1,300
58087,1,300
58100,1,300
58108,1,300
58110,1,300
58111,1,300
58125,1,300
58131,1,300
58149,1,300
58165,1,300
58227,1,300
58231,1,300
58235,1,300
58249,1,300
58314,1,300
58322,1,300
58334,1,300
58395,1,300
58481,1,300
58519,1,300
58526,1,300
58531,1,300
58573,1,300
58628,1,300
58682,1,300
58761,1,300
58775,1,300
58780,1,300
58822,1,300
58920,1,300
58946,1,300
59020,1,300
59021,1,300
59022,1,300
59029,1,300
59046,1,300
59052,1,300
59052,1,300
59120,1,300
59121,1,300
59161,1,300
59162,1,300
59174,1,300
59186,1,300
59192,1,300
59194,1,300
59247,1,300
59277,1,300
59278,1,300
59314,1,300
59378,1,300
59404,1,300
59424,1,300
59431,1,300
59502,1,300
59538,1,300
59586,1,300
59616,1,300
59619,1,300
59668,1,300
59679,1,300
59682,1,300
59688,1,300
59738,1,300
59740,1,300
59748,1,300
59762,1,300
59764,1,300
59799,1,300
59827,1,300
59847,1,300
59911,1,300
59929,1,300
59948,1,300
59972,1,300
59973,1,300
59999,1,300
60003,1,300
60011,1,300
60016,1,300
60020,1,300
60029,1,300
60046,1,300
60048,1,300
60075,1,300
60080,1,300
60105,1,300
60113,1,300
60120,1,300
60144,1,300
60239,1,300
60242,1,300
60303,1,300
60327,1,300
60371,1,300
60387,1,300
60409,1,300
60420,1,300
60433,1,300
60443,1,300
60453,1,300
60490,1,300
60532,1,300
60537,1,300
60542,1,300
60548,1,300
60551,1,300
60554,1,300
60566,1,300
60598,1,300
60627,1,300
60631,1,300
60675,1,300
60680,1,300
60711,1,300
60718,1,300
61024,1,300
61088,1,300
61113,1,300
61116,1,300
61125,1,300
61150,1,300
61152,1,300
61179,1,300
61183,1,300
61196,1,300
61204,1,300
61238,1,300
61277,1,300
61297,1,300
61304,1,300
61360,1,300
61388,1,300
61391,1,300
61424,1,300
61457,1,300
61471,1,300
61510,1,300
61529,1,300
61540,1,300
61636,1,300
61650,1,300
61657,1,300
61711,1,300
61742,1,300
61742,1,300
61744,1,300
61770,1,300
61778,1,300
61795,1,300
61802,1,300
62116,1,300
62160,1,300
62235,1,300
62257,1,300
62319,1,300
62373,1,300
62391,1,300
62400,1,300
62435,1,300
62440,1,300
62461,1,300
62524,1,300
62553,1,300
62660,1,300
62668,1,300
62715,1,300
62716,1,300
62736,1,300
62746,1,300
62748,1,300
62754,1,300
62775,1,300
62815,1,300
62919,1,300
62935,1,300
63011,1,300
63059,1,300
63092,1,300
63124,1,300
63134,1,300
63134,1,300
63135,1,300
63135,1,300
63152,1,300
63162,1,300
63170,1,300
63184,1,300
63190,1,300
63234,1,300
63238,1,300
63271,1,300
63278,1,300
63288,1,300
63297,1,300
63302,1,300
63336,1,300
63344,1,300
63353,1,300
63365,1,300
63378,1,300
63386,1,300
63400,1,300
63415,1,300
63439,1,300
63442,1,300
63474,1,300
63484,1,300
63485,1,300
63550,1,300
63590,1,300
63594,1,300
63623,1,300
63628,1,300
63660,1,300
63774,1,300
63782,1,300
63852,1,300
63860,1,300
63882,1,300
63899,1,300
63930,1,300
63946,1,300
64058,1,300
64094,1,300
64099,1,300
64105,1,300
64185,1,300
64212,1,300
64228,1,300
64285,1,300
64313,1,300
64377,1,300
64472,1,300
64515,1,300
64531,1,300
64573,1,300
64590,1,300
64600,1,300
64655,1,300
64666,1,300
64731,1,300
64733,1,300
64746,1,300
64872,1,300
64916,1,300
64926,1,300
64936,1,300
64939,1,300
64947,1,300
64951,1,300
64976,1,300
64988,1,300
65003,1,300
65006,1,300
65020,1,300
65051,1,300
65052,1,300
65053,1,300
65085,1,300
65099,1,300
65153,1,300
65160,1,300
65163,1,300
65167,1,300
65182,1,300
65186,1,300
65190,1,300
65208,1,300
65267,1,300
65302,1,300
65329,1,300
65350,1,300
65437,1,300
65445,1,300
65460,1,300
65534,1,300
65607,1,300
65647,1,300
65713,1,300
65754,1,300
65765,1,300
65849,1,300
65899,1,300
65910,1,300
66025,1,300
66027,1,300
66032,1,300
66034,1,300
66058,1,300
66075,1,300
66082,1,300
66102,1,300
66123,1,300
66157,1,300
66202,1,300
66207,1,300
66209,1,300
66230,1,300
66266,1,300
66292,1,300
66294,1,300
66323,1,300
66326,1,300
66329,1,300
66330,1,300
66336,1,300
66361,1,300
66363,1,300
66471,1,300
66559,1,300
66632,1,300
66699,1,300
66714,1,300
66718,1,300
66726,1,300
66733,1,300
66772,1,300
66781,1,300
66795,1,300
66806,1,300
66825,1,300
66834,1,300
66859,1,300
66877,1,300
66879,1,300
66888,1,300
66891,1,300
66931,1,300
66947,1,300
66967,1,300
67074,1,300
67105,1,300
67137,1,300
67154,1,300
67158,1,300
67213,1,300
67276,1,300
67288,1,300
67347,1,300
67388,1,300
67402,1,300
67431,1,300
67469,1,300
67474,1,300
67490,1,300
67523,1,300
67548,1,300
67554,1,300
67556,1,300
67599,1,300
67609,1,300
67637,1,300
67649,1,300
67650,1,300
67662,1,300
67677,1,300
67712,1,300
67786,1,300
67791,1,300
67792,1,300
67801,1,300
67809,1,300
67819,1,300
67825,1,300
67885,1,300
67891,1,300
67950,1,300
68003,1,300
68006,1,300
68032,1,300
68156,1,300
68180,1,300
68206,1,300
68231,1,300
68350,1,300
68370,1,300
68380,1,300
68390,1,300
68396,1,300
68403,1,300
68468,1,300
68479,1,300
68481,1,300
68527,1,300
68534,1,300
68552,1,300
68598,1,300
68600,1,300
68675,1,300
68698,1,300
68720,1,300
68758,1,300
68780,1,300
68832,1,300
68846,1,300
68865,1,300
68892,1,300
68936,1,300
68945,1,300
68981,1,300
69017,1,300
69041,1,300
69052,1,300
69075,1,300
69085,1,300
69097,1,300
69105,1,300
69124,1,300
69146,1,300
69149,1,300
69154,1,300
69232,1,300
69232,1,300
69263,1,300
69296,1,300
69332,1,300
69350,1,300
69363,1,300
69370,1,300
69396,1,300
69398,1,300
69509,1,300
69517,1,300
69522,1,300
69536,1,300
69540,1,300
69550,1,300
69600,1,300
69603,1,300
69617,1,300
69646,1,300
69653,1,300
69654,1,300
69657,1,300
69720,1,300
69739,1,300
69758,1,300
69778,1,300
69825,1,300
69826,1,300
70090,1,300
70102,1,300
70106,1,300
70138,1,300
70148,1,300
70201,1,300
70257,1,300
70389,1,300
70424,1,300
70432,1,300
70434,1,300
70458,1,300
70458,1,300
70507,1,300
70523,1,300
70547,1,300
70570,1,300
70602,1,300
70610,1,300
70669,1,300
70696,1,300
70810,1,300
70838,1,300
70889,1,300
70915,1,300
70920,1,300
70925,1,300
70926,1,300
70953,1,300
70969,1,300
71026,1,300
71028,1,300
71043,1,300
71079,1,300
71089,1,300
71094,1,300
71095,1,300
71110,1,300
71116,1,300
71127,1,300
71129,1,300
71141,1,300
71146,1,300
71149,1,300
71172,1,300
71173,1,300
71210,1,300
71225,1,300
71266,1,300
71297,1,300
71299,1,300
71327,1,300
71394,1,300
71396,1,300
71404,1,300
71507,1,300
71522,1,300
71561,1,300
71565,1,300
71607,1,300
71621,1,300
71624,1,300
71667,1,300
71682,1,300
71751,1,300
71786,1,300
71803,1,300
71806,1,300
71808,1,300
71811,1,300
71854,1,300
71885,1,300
71908,1,300
72038,1,300
72038,1,300
72047,1,300
72079,1,300
72081,1,300
72143,1,300
72192,1,300
72194,1,300
72221,1,300
72251,1,300
72334,1,300
72357,1,300
72360,1,300
72385,1,300
72461,1,300
72463,1,300
72590,1,300
72599,1,300
72648,1,300
72696,1,300
72771,1,300
72775,1,300
72778,1,300
72792,1,300
72794,1,300
72830,1,300
72834,1,300
72834,1,300
72850,1,300
72851,1,300
72897,1,300
72898,1,300
72927,1,300
72934,1,300
72993,1,300
73023,1,300
73040,1,300
73054,1,300
73072,1,300
73078,1,300
73085,1,300
73129,1,300
73136,1,300
73159,1,300
73165,1,300
73172,1,300
73188,1,300
73198,1,300
73248,1,300
73262,1,300
73267,1,300
73274,1,300
73351,1,300
73362,1,300
73362,1,300
73445,1,300
73458,1,300
73491,1,300
73501,1,300
73544,1,300
73566,1,300
73581,1,300
73583,1,300
73616,1,300
73637,1,300
73657,1,300
73669,1,300
73744,1,300
73775,1,300
73777,1,300
73781,1,300
74005,1,300
74094,1,300
74156,1,300
74166,1,300
74173,1,300
74219,1,300
74272,1,300
74272,1,300
74293,1,300
74301,1,300
74321,1,300
74343,1,300
74346,1,300
74384,1,300
74389,1,300
74438,1,300
74513,1,300
74531,1,300
74532,1,300
74543,1,300
74552,1,300
74586,1,300
74620,1,300
74625,1,300
74666,1,300
74679,1,300
74738,1,300
74795,1,300
74802,1,300
74842,1,300
74858,1,300
74865,1,300
74885,1,300
74895,1,300
74909,1,300
74947,1,300
75005,1,300
75006,1,300
75069,1,300
75077,1,300
75118,1,300
75131,1,300
75249,1,300
75267,1,300
75284,1,300
75290,1,300
75324,1,300
75353,1,300
75432,1,300
75452,1,300
75472,1,300
75472,1,300
75508,1,300
75537,1,300
75538,1,300
75543,1,300
75618,1,300
75655,1,300
75665,1,300
75687,1,300
75706,1,300
75709,1,300
75754,1,300
75874,1,300
75899,1,300
75967,1,300
75986,1,300
76007,1,300
76018,1,300
76038,1,300
76061,1,300
76072,1,300
76096,1,300
76102,1,300
76161,1,300
76172,1,300
76192,1,300
76193,1,300
76212,1,300
76247,1,300
76292,1,300
76315,1,300
76320,1,300
76413,1,300
76414,1,300
76432,1,300
76525,1,300
76531,1,300
76551,1,300
76553,1,300
76571,1,300
76592,1,300
76616,1,300
76629,1,300
76648,1,300
76712,1,300
76716,1,300
76739,1,300
76789,1,300
76856,1,300
76879,1,300
76910,1,300
76916,1,300
76948,1,300
76964,1,300
76965,1,300
76989,1,300
77022,1,300
77030,1,300
77032,1,300
77066,1,300
77089,1,300
77115,1,300
77115,1,300
77165,1,300
77174,1,300
77188,1,300
77219,1,300
77373,1,300
77417,1,300
77448,1,300
77448,1,300
77568,1,300
77590,1,300
77730,1,300
77759,1,300
77762,1,300
77762,1,300
77774,1,300
77807,1,300
77835,1,300
77841,1,300
77876,1,300
77884,1,300
77911,1,300
78005,1,300
78010,1,300
78027,1,300
78050,1,300
78058,1,300
78076,1,300
78098,1,300
78103,1,300
78114,1,300
78130,1,300
78141,1,300
78155,1,300
78184,1,300
78206,1,300
78241,1,300
78282,1,300
78299,1,300
78318,1,300
78366,1,300
78406,1,300
78433,1,300
78439,1,300
78478,1,300
78503,1,300
78524,1,300
78573,1,300
78588,1,300
78627,1,300
78627,1,300
78645,1,300
78664,1,300
78666,1,300
78689,1,300
78763,1,300
78781,1,300
78804,1,300
78834,1,300
78839,1,300
78855,1,300
78872,1,300
78877,1,300
78901,1,300
78903,1,300
78910,1,300
79010,1,300
79034,1,300
79069,1,300
79122,1,300
79125,1,300
79148,1,300
79177,1,300
79198,1,300
79211,1,300
79246,1,300
79289,1,300
79305,1,300
79381,1,300
79389,1,300
79442,1,300
79454,1,300
79458,1,300
79469,1,300
79530,1,300
79558,1,300
79595,1,300
79601,1,300
79604,1,300
79646,1,300
79660,1,300
79688,1,300
79690,1,300
79692,1,300
79695,1,300
79709,1,300
79713,1,300
79794,1,300
79803,1,300
79822,1,300
79847,1,300
80011,1,300
80017,1,300
80051,1,300
80066,1,300
80095,1,300
80191,1,300
80199,1,300
80219,1,300
80228,1,300
80252,1,300
80284,1,300
80287,1,300
80294,1,300
80313,1,300
80326,1,300
80389,1,300
80397,1,300
80426,1,300
80449,1,300
80454,1,300
80455,1,300
80473,1,300
80483,1,300
80483,1,300
80543,1,300
80623,1,300
80626,1,300
80638,1,300
80656,1,300
80662,1,300
80670,1,300
80682,1,300
80690,1,300
80694,1,300
80731,1,300
80780,1,300
80825,1,300
81004,1,300
81032,1,300
81071,1,300
81089,1,300
81096,1,300
81115,1,300
81129,1,300
81156,1,300
81213,1,300
81231,1,300
81251,1,300
81356,1,300
81404,1,300
81410,1,300
81432,1,300
81465,1,300
81470,1,300
81543,1,300
81547,1,300
81558,1,300
81586,1,300
81598,1,300
81604,1,300
81609,1,300
81654,1,300
81657,1,300
81670,1,300
81690,1,300
81702,1,300
81739,1,300
81747,1,300
81797,1,300
81871,1,300
81899,1,300
81921,1,300
81973,1,300
82027,1,300
82035,1,300
82046,1,300
82067,1,300
82090,1,300
82141,1,300
82162,1,300
82194,1,300
82217,1,300
82219,1,300
82225,1,300
82229,1,300
82245,1,300
82250,1,300
82314,1,300
82398,1,300
82423,1,300
82427,1,300
82429,1,300
82446,1,300
82452,1,300
82466,1,300
82479,1,300
82481,1,300
82515,1,300
82519,1,300
82537,1,300
82614,1,300
82622,1,300
82636,1,300
82683,1,300
82693,1,300
82694,1,300
82697,1,300
82698,1,300
83015,1,300
83123,1,300
83126,1,300
83139,1,300
83151,1,300
83221,1,300
83221,1,300
83300,1,300
83314,1,300
83329,1,300
83340,1,300
83378,1,300
83428,1,300
83436,1,300
83463,1,300
83488,1,300
83493,1,300
83503,1,300
83548,1,300
83565,1,300
83568,1,300
83579,1,300
83604,1,300
83677,1,300
83722,1,300
83735,1,300
83738,1,300
83752,1,300
83778,1,300
83812,1,300
83827,1,300
83868,1,300
83951,1,300
83951,1,300
83959,1,300
84018,1,300
84171,1,300
84176,1,300
84187,1,300
84229,1,300
84273,1,300
84338,1,300
84353,1,300
84385,1,300
84386,1,300
84395,1,300
84445,1,300
84564,1,300
84611,1,300
84691,1,300
84692,1,300
84761,1,300
84780,1,300
84802,1,300
84814,1,300
84815,1,300
84875,1,300
84915,1,300
84923,1,300
84949,1,300
84976,1,300
85001,1,300
85002,1,300
85038,1,300
85046,1,300
85048,1,300
85058,1,300
85113,1,300
85127,1,300
85136,1,300
85145,1,300
85249,1,300
85265,1,300
85279,1,300
85287,1,300
85304,1,300
85333,1,300
85340,1,300
85460,1,300
85468,1,300
85480,1,300
85487,1,300
85497,1,300
85543,1,300
85578,1,300
85590,1,300
85636,1,300
85728,1,300
85760,1,300
85771,1,300
85818,1,300
85838,1,300
85851,1,300
85871,1,300
85894,1,300
85927,1,300
85929,1,300
85937,1,300
85941,1,300
86012,1,300
86020,1,300
86048,1,300
86055,1,300
86087,1,300
86101,1,300
86108,1,300
86140,1,300
86176,1,300
86194,1,300
86195,1,300
86210,1,300
86253,1,300
86371,1,300
86376,1,300
86415,1,300
86423,1,300
86479,1,300
86515,1,300
86557,1,300
86585,1,300
86666,1,300
86688,1,300
86741,1,300
86743,1,300
86789,1,300
86813,1,300
86817,1,300
86864,1,300
86871,1,300
86876,1,300
87030,1,300
87035,1,300
87044,1,300
87048,1,300
87079,1,300
87082,1,300
87082,1,300
87103,1,300
87116,1,300
87118,1,300
87122,1,300
87144,1,300
87146,1,300
87195,1,300
87199,1,300
87218,1,300
87225,1,300
87225,1,300
87228,1,300
87249,1,300
87256,1,300
87257,1,300
87259,1,300
87272,1,300
87296,1,300
87324,1,300
87368,1,300
87435,1,300
87441,1,300
87467,1,300
87479,1,300
87492,1,300
87508,1,300
87529,1,300
87618,1,300
87674,1,300
87676,1,300
87678,1,300
87729,1,300
87745,1,300
87750,1,300
87773,1,300
87785,1,300
87785,1,300
87795,1,300
87803,1,300
87814,1,300
87853,1,300
88015,1,300
88027,1,300
88082,1,300
88106,1,300
88119,1,300
88125,1,300
88129,1,300
88188,1,300
88216,1,300
88236,1,300
88241,1,300
88245,1,300
88301,1,300
88308,1,300
88327,1,300
88361,1,300
88425,1,300
88425,1,300
88450,1,300
88460,1,300
88510,1,300
88530,1,300
88546,1,300
88563,1,300
88583,1,300
88637,1,300
88709,1,300
88710,1,300
88723,1,300
88749,1,300
88809,1,300
88839,1,300
88844,1,300
88855,1,300
88856,1,300
88858,1,300
89002,1,300
89016,1,300
89073,1,300
89099,1,300
89193,1,300
89217,1,300
89221,1,300
89237,1,300
89237,1,300
89262,1,300
89278,1,300
89421,1,300
89436,1,300
89456,1,300
89466,1,300
89492,1,300
89508,1,300
89516,1,300
89528,1,300
89535,1,300
89548,1,300
89573,1,300
89609,1,300
89612,1,300
89707,1,300
89708,1,300
89773,1,300
89776,1,300
89796,1,300
89823,1,300
89864,1,300
89912,1,300
89972,1,300
90005,1,300
90020,1,300
90035,1,300
90038,1,300
90107,1,300
90161,1,300
90183,1,300
90184,1,300
90186,1,300
90189,1,300
90191,1,300
90217,1,300
90223,1,300
90253,1,300
90264,1,300
90270,1,300
90272,1,300
90274,1,300
90292,1,300
90304,1,300
90310,1,300
90332,1,300
90345,1,300
90394,1,300
90460,1,300
90465,1,300
90497,1,300
90507,1,300
90513,1,300
90516,1,300
90612,1,300
90663,1,300
90683,1,300
90774,1,300
90782,1,300
90786,1,300
90788,1,300
91029,1,300
91115,1,300
91129,1,300
91201,1,300
91214,1,300
91286,1,300
91344,1,300
91418,1,300
91421,1,300
91439,1,300
91456,1,300
91469,1,300
91518,1,300
91551,1,300
91593,1,300
91605,1,300
91643,1,300
91685,1,300
91700,1,300
91701,1,300
91755,1,300
91773,1,300
91781,1,300
91861,1,300
91886,1,300
91894,1,300
91943,1,300
91957,1,300
91958,1,300
92010,1,300
92011,1,300
92018,1,300
92051,1,300
92088,1,300
92089,1,300
92094,1,300
92116,1,300
92118,1,300
92131,1,300
92141,1,300
92163,1,300
92202,1,300
92203,1,300
92209,1,300
92214,1,300
92237,1,300
92251,1,300
92276,1,300
92318,1,300
92369,1,300
92400,1,300
92412,1,300
92432,1,300
92433,1,300
92445,1,300
92463,1,300
92479,1,300
92518,1,300
92547,1,300
92548,1,300
92555,1,300
92563,1,300
92573,1,300
92591,1,300
92613,1,300
92641,1,300
92670,1,300
92702,1,300
92714,1,300
92718,1,300
92760,1,300
93083,1,300
93187,1,300
93232,1,300
93234,1,300
93246,1,300
93264,1,300
93309,1,300
93316,1,300
93345,1,300
93397,1,300
93409,1,300
93426,1,300
93444,1,300
93476,1,300
93482,1,300
93699,1,300
93740,1,300
93785,1,300
93802,1,300
93804,1,300
93842,1,300
93868,1,300
93883,1,300
93898,1,300
93902,1,300
93989,1,300
93998,1,300
93999,1,300
94006,1,300
94054,1,300
94066,1,300
94126,1,300
94133,1,300
94134,1,300
94155,1,300
94175,1,300
94180,1,300
94204,1,300
94342,1,300
94407,1,300
95153,1,300
95246,1,300
95350,1,300
95363,1,300
95643,1,300
96074,1,300
96102,1,300
96225,1,300
96320,1,300
96436,1,300
97384,1,300
97501,1,300
97634,1,300
97648,1,300
97674,1,300
98007,1,300
98010,1,300
98221,1,300
98529,1,300
98704,1,300
99299,1,300
99376,1,300
99685,1,300
100123,1,300
100190,1,300
100801,1,300
101029,1,300
101115,1,300
101190,1,300
101192,1,300
101206,1,300
101359,1,300
101391,1,300
101510,1,300
101704,1,300
102059,1,300
102283,1,300
102290,1,300
102670,1,300
102718,1,300
103020,1,300
103070,1,300
103534,1,300
103884,1,300
104316,1,300
104561,1,300
104990,1,300
105019,1,300
105057,1,300
105074,1,300
105203,1,300
105385,1,300
105964,1,300
106022,1,300
106024,1,300
106103,1,300
106139,1,300
106411,1,300
106629,1,300
106683,1,300
107043,1,300
107161,1,300
107736,1,300
107767,1,300
107973,1,300
108298,1,300
108491,1,300
108615,1,300
109287,1,300
109421,1,300
109760,1,300
110081,1,300
110200,1,300
110444,1,300
110669,1,300
110711,1,300
110812,1,300
111327,1,300
111385,1,300
111688,1,300
112107,1,300
112201,1,300
112327,1,300
112344,1,300
112475,1,300
112483,1,300
112487,1,300
112803,1,300
112973,1,300
113229,1,300
113339,1,300
113367,1,300
113401,1,300
113513,1,300
114022,1,300
114069,1,300
114074,1,300
114278,1,300
114402,1,300
115300,1,300
115571,1,300
115606,1,300
115675,1,300
115856,1,300
116112,1,300
116233,1,300
116576,1,300
116613,1,300
116825,1,300
117027,1,300
117033,1,300
117044,1,300
117150,1,300
117151,1,300
118035,1,300
118149,1,300
118311,1,300
118397,1,300
119235,1,300
119237,1,300
119643,1,300
119914,1,300
120020,1,300
120627,1,300
120930,1,300
121446,1,300
121455,1,300
121490,1,300
121502,1,300
121562,1,300
121596,1,300
121612,1,300
121674,1,300
122001,1,300
122513,1,300
122942,1,300
123080,1,300
123143,1,300
123345,1,300
123561,1,300
124003,1,300
124086,1,300
124129,1,300
124247,1,300
124303,1,300
124341,1,300
124567,1,300
124573,1,300
125024,1,300
125201,1,300
125282,1,300
125296,1,300
125534,1,300
126452,1,300
126567,1,300
126935,1,300
126980,1,300
127021,1,300
127250,1,300
127559,1,300
127706,1,300
127708,1,300
128063,1,300
128134,1,300
128206,1,300
128385,1,300
128511,1,300
128530,1,300
129100,1,300
129340,1,300
129365,1,300
129472,1,300
129528,1,300
130141,1,300
130389,1,300
130443,1,300
130526,1,300
130676,1,300
131021,1,300
131584,1,300
131695,1,300
132123,1,300
132750,1,300
132792,1,300
132826,1,300
132911,1,300
133105,1,300
133188,1,300
133302,1,300
133314,1,300
133328,1,300
133365,1,300
134083,1,300
134348,1,300
134355,1,300
134944,1,300
134977,1,300
135176,1,300
135480,1,300
135786,1,300
136099,1,300
136196,1,300
136273,1,300
136485,1,300
136599,1,300
137044,1,300
137046,1,300
137109,1,300
137264,1,300
137760,1,300
137900,1,300
138052,1,300
138068,1,300
138511,1,300
138519,1,300
138615,1,300
138630,1,300
139237,1,300
139364,1,300
139551,1,300
139721,1,300
139786,1,300
140060,1,300
140240,1,300
140245,1,300
140638,1,300
140655,1,300
141011,1,300
141030,1,300
141047,1,300
141050,1,300
141076,1,300
141101,1,300
141148,1,300
141195,1,300
141197,1,300
141202,1,300
141222,1,300
141238,1,300
141253,1,300
141260,1,300
141276,1,300
141280,1,300
141288,1,300
141315,1,300
141316,1,300
141324,1,300
141398,1,300
141402,1,300
141410,1,300
141441,1,300
141462,1,300
141530,1,300
141559,1,300
141569,1,300
141586,1,300
141594,1,300
141677,1,300
141689,1,300
141696,1,300
141755,1,300
141779,1,300
142009,1,300
142118,1,300
142122,1,300
142173,1,300
142219,1,300
142259,1,300
142275,1,300
142302,1,300
142309,1,300
142314,1,300
142333,1,300
142356,1,300
142379,1,300
142413,1,300
142431,1,300
142511,1,300
142594,1,300
142595,1,300
142630,1,300
142630,1,300
142655,1,300
142660,1,300
142676,1,300
142682,1,300
142771,1,300
142821,1,300
142901,1,300
142962,1,300
143017,1,300
143024,1,300
143055,1,300
143082,1,300
143082,1,300
143090,1,300
143093,1,300
143104,1,300
143139,1,300
143140,1,300
143161,1,300
143163,1,300
143182,1,300
143207,1,300
143211,1,300
143232,1,300
143285,1,300
143293,1,300
143301,1,300
143302,1,300
143329,1,300
143353,1,300
143390,1,300
143417,1,300
143424,1,300
143428,1,300
143535,1,300
143550,1,300
143583,1,300
143584,1,300
143593,1,300
143602,1,300
143683,1,300
143690,1,300
143734,1,300
143743,1,300
143744,1,300
143763,1,300
143809,1,300
143825,1,300
143831,1,300
143864,1,300
143887,1,300
143892,1,300
143977,1,300
143998,1,300
144021,1,300
144063,1,300
144081,1,300
144106,1,300
144142,1,300
144149,1,300
144191,1,300
144221,1,300
144246,1,300
144249,1,300
144324,1,300
144439,1,300
144456,1,300
144460,1,300
144493,1,300
144498,1,300
144533,1,300
144539,1,300
144602,1,300
144684,1,300
144709,1,300
144723,1,300
144756,1,300
144765,1,300
144793,1,300
144806,1,300
144814,1,300
144826,1,300
144845,1,300
144845,1,300
144855,1,300
144855,1,300
144898,1,300
144909,1,300
144913,1,300
145073,1,300
145098,1,300
145122,1,300
145122,1,300
145245,1,300
145264,1,300
145299,1,300
145321,1,300
145336,1,300
145343,1,300
145361,1,300
145439,1,300
145456,1,300
145533,1,300
145566,1,300
145627,1,300
145660,1,300
145722,1,300
145732,1,300
145785,1,300
145812,1,300
145897,1,300
145914,1,300
145943,1,300
145998,1,300
146004,1,300
146009,1,300
146022,1,300
146030,1,300
146032,1,300
146038,1,300
146039,1,300
146043,1,300
146073,1,300
146077,1,300
146080,1,300
146080,1,300
146085,1,300
146087,1,300
146094,1,300
146101,1,300
146126,1,300
146140,1,300
146157,1,300
146171,1,300
146187,1,300
146315,1,300
146344,1,300
146363,1,300
146395,1,300
146438,1,300
146497,1,300
146531,1,300
146648,1,300
146669,1,300
146693,1,300
146705,1,300
146737,1,300
146753,1,300
146778,1,300
146825,1,300
146826,1,300
146848,1,300
146866,1,300
146874,1,300
146880,1,300
146894,1,300
146924,1,300
146932,1,300
146953,1,300
146964,1,300
147020,1,300
147033,1,300
147066,1,300
147073,1,300
147102,1,300
147130,1,300
147170,1,300
147171,1,300
147226,1,300
147262,1,300
147267,1,300
147283,1,300
147307,1,300
147308,1,300
147342,1,300
147344,1,300
147367,1,300
147392,1,300
147422,1,300
147502,1,300
147523,1,300
147579,1,300
147646,1,300
147692,1,300
147694,1,300
147705,1,300
147709,1,300
147720,1,300
147772,1,300
147792,1,300
147879,1,300
147888,1,300
147932,1,300
147945,1,300
147947,1,300
148030,1,300
148030,1,300
148047,1,300
148068,1,300
148069,1,300
148090,1,300
148169,1,300
148201,1,300
148211,1,300
148223,1,300
148265,1,300
148266,1,300
148305,1,300
148321,1,300
148327,1,300
148350,1,300
148371,1,300
148420,1,300
148427,1,300
148541,1,300
148561,1,300
148585,1,300
148667,1,300
148698,1,300
148714,1,300
148733,1,300
148741,1,300
148750,1,300
148759,1,300
148767,1,300
148774,1,300
148779,1,300
148790,1,300
148793,1,300
148794,1,300
148851,1,300
149013,1,300
149133,1,300
149201,1,300
149234,1,300
149241,1,300
149245,1,300
149296,1,300
149322,1,300
149330,1,300
149332,1,300
149332,1,300
149364,1,300
149398,1,300
149406,1,300
149457,1,300
149484,1,300
149498,1,300
149560,1,300
149580,1,300
149586,1,300
149640,1,300
149646,1,300
149663,1,300
149688,1,300
149695,1,300
149697,1,300
149706,1,300
149716,1,300
149736,1,300
149791,1,300
149793,1,300
149801,1,300
149826,1,300
149849,1,300
149871,1,300
149873,1,300
149886,1,300
150018,1,300
150026,1,300
150052,1,300
150054,1,300
150056,1,300
150060,1,300
150106,1,300
150107,1,300
150122,1,300
150148,1,300
150178,1,300
150196,1,300
150228,1,300
150235,1,300
150289,1,300
150403,1,300
150411,1,300
150430,1,300
150440,1,300
150455,1,300
150463,1,300
150502,1,300
150506,1,300
150514,1,300
150517,1,300
150560,1,300
150600,1,300
150706,1,300
150719,1,300
150737,1,300
150742,1,300
150764,1,300
150798,1,300
150799,1,300
150813,1,300
150825,1,300
151048,1,300
151049,1,300
151061,1,300
151117,1,300
151134,1,300
151166,1,300
151175,1,300
151176,1,300
151194,1,300
151241,1,300
151260,1,300
151268,1,300
151357,1,300
151405,1,300
151435,1,300
151489,1,300
151492,1,300
151510,1,300
151518,1,300
151518,1,300
151520,1,300
151520,1,300
151528,1,300
151539,1,300
151545,1,300
151578,1,300
151580,1,300
151614,1,300
151626,1,300
151649,1,300
151673,1,300
151677,1,300
151703,1,300
151715,1,300
151758,1,300
151759,1,300
152035,1,300
152068,1,300
152148,1,300
152156,1,300
152162,1,300
152195,1,300
152228,1,300
152246,1,300
152316,1,300
152340,1,300
152366,1,300
152387,1,300
152413,1,300
152445,1,300
152452,1,300
152476,1,300
152522,1,300
152532,1,300
152558,1,300
152575,1,300
152624,1,300
152641,1,300
152643,1,300
152644,1,300
152644,1,300
152654,1,300
152654,1,300
152689,1,300
152733,1,300
152761,1,300
152766,1,300
152770,1,300
152788,1,300
152825,1,300
152856,1,300
152916,1,300
153024,1,300
153133,1,300
153175,1,300
153213,1,300
153242,1,300
153254,1,300
153284,1,300
153306,1,300
153388,1,300
153398,1,300
153413,1,300
153476,1,300
153482,1,300
153525,1,300
153538,1,300
153556,1,300
153652,1,300
153660,1,300
153718,1,300
153740,1,300
153743,1,300
153766,1,300
153782,1,300
153815,1,300
153833,1,300
153884,1,300
153896,1,300
153905,1,300
153920,1,300
153940,1,300
153959,1,300
153962,1,300
153977,1,300
153985,1,300
154022,1,300
154031,1,300
154071,1,300
154106,1,300
154110,1,300
154187,1,300
154191,1,300
154203,1,300
154206,1,300
154207,1,300
154216,1,300
154220,1,300
154238,1,300
154267,1,300
154293,1,300
154301,1,300
154314,1,300
154318,1,300
154366,1,300
154391,1,300
154415,1,300
154432,1,300
154437,1,300
154494,1,300
154541,1,300
154561,1,300
154564,1,300
154594,1,300
154617,1,300
154630,1,300
154666,1,300
154683,1,300
154754,1,300
154756,1,300
154769,1,300
154772,1,300
154852,1,300
155040,1,300
155045,1,300
155047,1,300
155055,1,300
155101,1,300
155125,1,300
155126,1,300
155185,1,300
155186,1,300
155218,1,300
155236,1,300
155262,1,300
155286,1,300
155350,1,300
155356,1,300
155365,1,300
155407,1,300
155408,1,300
155413,1,300
155444,1,300
155450,1,300
155481,1,300
155527,1,300
155573,1,300
155576,1,300
155612,1,300
155617,1,300
155639,1,300
155698,1,300
155716,1,300
155733,1,300
155737,1,300
155770,1,300
155782,1,300
155856,1,300
155907,1,300
156048,1,300
156059,1,300
156061,1,300
156126,1,300
156137,1,300
156148,1,300
156183,1,300
156204,1,300
156229,1,300
156239,1,300
156275,1,300
156282,1,300
156300,1,300
156305,1,300
156308,1,300
156436,1,300
156455,1,300
156464,1,300
156481,1,300
156490,1,300
156584,1,300
156589,1,300
156607,1,300
156609,1,300
156620,1,300
156692,1,300
156802,1,300
156839,1,300
156842,1,300
156850,1,300
156852,1,300
156852,1,300
156855,1,300
156860,1,300
156880,1,300
156891,1,300
157014,1,300
157015,1,300
157017,1,300
157021,1,300
157087,1,300
157133,1,300
157149,1,300
157164,1,300
157173,1,300
157176,1,300
157196,1,300
157205,1,300
157214,1,300
157224,1,300
157258,1,300
157258,1,300
157263,1,300
157266,1,300
157302,1,300
157375,1,300
157398,1,300
157417,1,300
157449,1,300
157469,1,300
157476,1,300
157509,1,300
157519,1,300
157533,1,300
157564,1,300
157578,1,300
157582,1,300
157598,1,300
157624,1,300
157647,1,300
157799,1,300
157921,1,300
158006,1,300
158062,1,300
158077,1,300
158083,1,300
158153,1,300
158156,1,300
158163,1,300
158165,1,300
158191,1,300
158223,1,300
158229,1,300
158260,1,300
158265,1,300
158313,1,300
158435,1,300
158515,1,300
158521,1,300
158548,1,300
158596,1,300
158607,1,300
158626,1,300
158650,1,300
158709,1,300
158747,1,300
158775,1,300
158820,1,300
158828,1,300
158853,1,300
159001,1,300
159002,1,300
159006,1,300
159022,1,300
159027,1,300
159037,1,300
159053,1,300
159083,1,300
159084,1,300
159121,1,300
159122,1,300
159129,1,300
159148,1,300
159160,1,300
159168,1,300
159174,1,300
159180,1,300
159180,1,300
159187,1,300
159191,1,300
159193,1,300
159194,1,300
159220,1,300
159247,1,300
159252,1,300
159278,1,300
159286,1,300
159295,1,300
159338,1,300
159392,1,300
159420,1,300
159428,1,300
159434,1,300
159453,1,300
159465,1,300
159492,1,300
159493,1,300
159512,1,300
159526,1,300
159543,1,300
159552,1,300
159559,1,300
159568,1,300
159585,1,300
159592,1,300
160003,1,300
160046,1,300
160048,1,300
160048,1,300
160053,1,300
160060,1,300
160063,1,300
160075,1,300
160096,1,300
160112,1,300
160180,1,300
160210,1,300
160223,1,300
160228,1,300
160257,1,300
160278,1,300
160298,1,300
160312,1,300
160367,1,300
160374,1,300
160401,1,300
160463,1,300
160513,1,300
160538,1,300
160552,1,300
160567,1,300
160570,1,300
160604,1,300
160697,1,300
160725,1,300
160736,1,300
160823,1,300
160882,1,300
160903,1,300
160922,1,300
160976,1,300
161049,1,300
161052,1,300
161069,1,300
161087,1,300
161132,1,300
161168,1,300
161181,1,300
161226,1,300
161242,1,300
161249,1,300
161267,1,300
161279,1,300
161328,1,300
161332,1,300
161378,1,300
161388,1,300
161441,1,300
161452,1,300
161601,1,300
161605,1,300
161611,1,300
161700,1,300
161702,1,300
161726,1,300
161840,1,300
161869,1,300
161886,1,300
161903,1,300
161910,1,300
161988,1,300
162002,1,300
162003,1,300
162020,1,300
162049,1,300
162067,1,300
162083,1,300
162104,1,300
162112,1,300
162163,1,300
162167,1,300
162187,1,300
162219,1,300
162258,1,300
162264,1,300
162264,1,300
162309,1,300
162329,1,300
162346,1,300
162347,1,300
162433,1,300
162456,1,300
162461,1,300
162489,1,300
162508,1,300
162515,1,300
162519,1,300
162536,1,300
162554,1,300
162558,1,300
162562,1,300
162568,1,300
162588,1,300
162591,1,300
162618,1,300
162621,1,300
162628,1,300
162678,1,300
162766,1,300
162783,1,300
162791,1,300
162876,1,300
163065,1,300
163101,1,300
163123,1,300
163172,1,300
163185,1,300
163192,1,300
163232,1,300
163238,1,300
163264,1,300
163294,1,300
163375,1,300
163388,1,300
163448,1,300
163463,1,300
163488,1,300
163517,1,300
163551,1,300
163610,1,300
163665,1,300
163669,1,300
163705,1,300
163722,1,300
163761,1,300
163773,1,300
163787,1,300
163788,1,300
163800,1,300
163828,1,300
163860,1,300
163885,1,300
163893,1,300
163898,1,300
163907,1,300
163917,1,300
163918,1,300
163928,1,300
164005,1,300
164006,1,300
164038,1,300
164043,1,300
164069,1,300
164117,1,300
164161,1,300
164193,1,300
164231,1,300
164249,1,300
164298,1,300
164310,1,300
164336,1,300
164402,1,300
164568,1,300
164576,1,300
164588,1,300
164707,1,300
164730,1,300
164765,1,300
164781,1,300
164792,1,300
164797,1,300
164826,1,300
164843,1,300
164863,1,300
164877,1,300
164902,1,300
164918,1,300
164938,1,300
164944,1,300
165027,1,300
165033,1,300
165045,1,300
165046,1,300
165052,1,300
165071,1,300
165090,1,300
165097,1,300
165106,1,300
165151,1,300
165158,1,300
165177,1,300
165180,1,300
165229,1,300
165232,1,300
165233,1,300
165238,1,300
165243,1,300
165274,1,300
165306,1,300
165306,1,300
165364,1,300
165397,1,300
165418,1,300
165440,1,300
165446,1,300
165502,1,300
165582,1,300
165609,1,300
165637,1,300
165731,1,300
165768,1,300
165786,1,300
165789,1,300
165819,1,300
165833,1,300
165875,1,300
165877,1,300
165880,1,300
165887,1,300
165925,1,300
166134,1,300
166137,1,300
166139,1,300
166141,1,300
166151,1,300
166159,1,300
166170,1,300
166175,1,300
166226,1,300
166253,1,300
166277,1,300
166308,1,300
166391,1,300
166498,1,300
166501,1,300
166526,1,300
166546,1,300
166581,1,300
166591,1,300
166593,1,300
166636,1,300
166650,1,300
166653,1,300
166653,1,300
166780,1,300
166792,1,300
166878,1,300
166878,1,300
166893,1,300
166905,1,300
166910,1,300
166925,1,300
166932,1,300
166939,1,300
166942,1,300
166945,1,300
167033,1,300
167038,1,300
167039,1,300
167046,1,300
167059,1,300
167060,1,300
167142,1,300
167185,1,300
167195,1,300
167219,1,300
167240,1,300
167258,1,300
167288,1,300
167294,1,300
167339,1,300
167385,1,300
167406,1,300
167441,1,300
167452,1,300
167474,1,300
167486,1,300
167552,1,300
167558,1,300
167566,1,300
167575,1,300
167600,1,300
167683,1,300
167689,1,300
167767,1,300
167778,1,300
167781,1,300
167782,1,300
167881,1,300
167882,1,300
167893,1,300
167965,1,300
168007,1,300
168008,1,300
168033,1,300
168043,1,300
168053,1,300
168079,1,300
168081,1,300
168117,1,300
168141,1,300
168204,1,300
168238,1,300
168262,1,300
168274,1,300
168306,1,300
168335,1,300
168359,1,300
168395,1,300
168586,1,300
168618,1,300
168668,1,300
168728,1,300
168733,1,300
168765,1,300
168767,1,300
168779,1,300
168845,1,300
168859,1,300
168893,1,300
168897,1,300
168911,1,300
168958,1,300
168977,1,300
168994,1,300
168996,1,300
169014,1,300
169025,1,300
169052,1,300
169056,1,300
169075,1,300
169095,1,300
169115,1,300
169119,1,300
169134,1,300
169157,1,300
169315,1,300
169343,1,300
169351,1,300
169402,1,300
169412,1,300
169413,1,300
169415,1,300
169433,1,300
169437,1,300
169476,1,300
169495,1,300
169527,1,300
169560,1,300
169603,1,300
169609,1,300
169630,1,300
169639,1,300
169702,1,300
169706,1,300
169761,1,300
169772,1,300
169845,1,300
169851,1,300
169877,1,300
169897,1,300
169900,1,300
169917,1,300
169937,1,300
169964,1,300
170001,1,300
170022,1,300
170040,1,300
170059,1,300
170127,1,300
170149,1,300
170215,1,300
170239,1,300
170274,1,300
170276,1,300
170290,1,300
170358,1,300
170377,1,300
170410,1,300
170432,1,300
170435,1,300
170463,1,300
170480,1,300
170485,1,300
170490,1,300
170499,1,300
170504,1,300
170512,1,300
170559,1,300
170579,1,300
170607,1,300
170658,1,300
170679,1,300
170683,1,300
170728,1,300
170749,1,300
170759,1,300
170768,1,300
170769,1,300
170796,1,300
170801,1,300
170811,1,300
171019,1,300
171022,1,300
171123,1,300
171127,1,300
171153,1,300
171230,1,300
171230,1,300
171264,1,300
171315,1,300
171320,1,300
171329,1,300
171343,1,300
171367,1,300
171385,1,300
171510,1,300
171545,1,300
171590,1,300
171613,1,300
171618,1,300
171630,1,300
171633,1,300
171674,1,300
171714,1,300
171733,1,300
171738,1,300
171756,1,300
171786,1,300
171792,1,300
171798,1,300
171805,1,300
171817,1,300
171881,1,300
171886,1,300
172011,1,300
172017,1,300
172043,1,300
172051,1,300
172058,1,300
172074,1,300
172091,1,300
172140,1,300
172144,1,300
172162,1,300
172162,1,300
172167,1,300
172216,1,300
172218,1,300
172259,1,300
172280,1,300
172283,1,300
172316,1,300
172336,1,300
172393,1,300
172403,1,300
172445,1,300
172474,1,300
172520,1,300
172529,1,300
172536,1,300
172580,1,300
172589,1,300
172589,1,300
172592,1,300
172608,1,300
172609,1,300
172655,1,300
172665,1,300
172706,1,300
172709,1,300
172727,1,300
172741,1,300
172816,1,300
173018,1,300
173067,1,300
173087,1,300
173095,1,300
173171,1,300
173173,1,300
173193,1,300
173199,1,300
173221,1,300
173234,1,300
173239,1,300
173278,1,300
173312,1,300
173335,1,300
173385,1,300
173398,1,300
173411,1,300
173435,1,300
173440,1,300
173456,1,300
173467,1,300
173535,1,300
173598,1,300
173671,1,300
173697,1,300
173707,1,300
173740,1,300
173792,1,300
173797,1,300
173798,1,300
173829,1,300
173864,1,300
173917,1,300
173927,1,300
173990,1,300
174052,1,300
174055,1,300
174070,1,300
174115,1,300
174128,1,300
174137,1,300
174138,1,300
174139,1,300
174158,1,300
174278,1,300
174337,1,300
174354,1,300
174386,1,300
174405,1,300
174434,1,300
174481,1,300
174505,1,300
174507,1,300
174513,1,300
174516,1,300
174533,1,300
174545,1,300
174551,1,300
174557,1,300
174584,1,300
174591,1,300
174670,1,300
174679,1,300
174725,1,300
174752,1,300
174766,1,300
174772,1,300
174790,1,300
174923,1,300
174926,1,300
174961,1,300
174963,1,300
175000,1,300
175030,1,300
175061,1,300
175103,1,300
175107,1,300
175123,1,300
175152,1,300
175220,1,300
175250,1,300
175267,1,300
175282,1,300
175293,1,300
175346,1,300
175359,1,300
175394,1,300
175409,1,300
175426,1,300
175453,1,300
175455,1,300
175469,1,300
175486,1,300
175505,1,300
175509,1,300
175523,1,300
175586,1,300
175606,1,300
175620,1,300
175632,1,300
175652,1,300
175659,1,300
175664,1,300
175788,1,300
175798,1,300
175832,1,300
175899,1,300
175924,1,300
176001,1,300
176064,1,300
176080,1,300
176103,1,300
176106,1,300
176112,1,300
176126,1,300
176150,1,300
176217,1,300
176248,1,300
176261,1,300
176301,1,300
176306,1,300
176381,1,300
176382,1,300
176405,1,300
176423,1,300
176448,1,300
176528,1,300
176548,1,300
176553,1,300
176560,1,300
176564,1,300
176613,1,300
176616,1,300
176633,1,300
176673,1,300
176691,1,300
176707,1,300
176713,1,300
176722,1,300
176728,1,300
176738,1,300
176742,1,300
176746,1,300
177030,1,300
177100,1,300
177152,1,300
177156,1,300
177168,1,300
177176,1,300
177249,1,300
177262,1,300
177352,1,300
177383,1,300
177396,1,300
177400,1,300
177470,1,300
177480,1,300
177490,1,300
177533,1,300
177537,1,300
177546,1,300
177548,1,300
177561,1,300
177589,1,300
177595,1,300
177625,1,300
177639,1,300
177641,1,300
177676,1,300
177724,1,300
177734,1,300
177888,1,300
177934,1,300
177934,1,300
177944,1,300
177958,1,300
177984,1,300
178016,1,300
178026,1,300
178036,1,300
178044,1,300
178062,1,300
178133,1,300
178179,1,300
178188,1,300
178192,1,300
178221,1,300
178223,1,300
178249,1,300
178260,1,300
178260,1,300
178273,1,300
178278,1,300
178305,1,300
178317,1,300
178338,1,300
178369,1,300
178465,1,300
178469,1,300
178515,1,300
178555,1,300
178574,1,300
178634,1,300
178642,1,300
178644,1,300
178659,1,300
178664,1,300
178678,1,300
178702,1,300
178733,1,300
178776,1,300
178781,1,300
178818,1,300
178819,1,300
178900,1,300
178912,1,300
179027,1,300
179061,1,300
179081,1,300
179101,1,300
179109,1,300
179259,1,300
179268,1,300
179273,1,300
179288,1,300
179322,1,300
179329,1,300
179351,1,300
179366,1,300
179414,1,300
179471,1,300
179512,1,300
179512,1,300
179542,1,300
179604,1,300
179647,1,300
179669,1,300
179680,1,300
179686,1,300
179724,1,300
179787,1,300
179795,1,300
179809,1,300
179817,1,300
179823,1,300
179827,1,300
179843,1,300
179857,1,300
179861,1,300
179873,1,300
179977,1,300
180003,1,300
180014,1,300
180036,1,300
180040,1,300
180049,1,300
180077,1,300
180113,1,300
180138,1,300
180155,1,300
180159,1,300
180248,1,300
180254,1,300
180256,1,300
180266,1,300
180280,1,300
180330,1,300
180374,1,300
180395,1,300
180429,1,300
180473,1,300
180499,1,300
180508,1,300
180533,1,300
180549,1,300
180567,1,300
180605,1,300
180637,1,300
180666,1,300
180717,1,300
180768,1,300
180787,1,300
180800,1,300
180865,1,300
180868,1,300
180941,1,300
180951,1,300
180955,1,300
181009,1,300
181018,1,300
181026,1,300
181060,1,300
181064,1,300
181073,1,300
181074,1,300
181114,1,300
181115,1,300
181116,1,300
181130,1,300
181151,1,300
181156,1,300
181166,1,300
181171,1,300
181176,1,300
181244,1,300
181247,1,300
181274,1,300
181303,1,300
181307,1,300
181328,1,300
181334,1,300
181347,1,300
181351,1,300
181395,1,300
181446,1,300
181466,1,300
181534,1,300
181560,1,300
181577,1,300
181595,1,300
181626,1,300
181646,1,300
181679,1,300
181682,1,300
182050,1,300
182058,1,300
182061,1,300
182077,1,300
182101,1,300
182120,1,300
182152,1,300
182208,1,300
182217,1,300
182233,1,300
182256,1,300
182290,1,300
182292,1,300
182318,1,300
182379,1,300
182422,1,300
182425,1,300
182436,1,300
182453,1,300
182454,1,300
182533,1,300
182585,1,300
182606,1,300
182619,1,300
182675,1,300
182714,1,300
182736,1,300
182741,1,300
182841,1,300
182869,1,300
182899,1,300
182905,1,300
182910,1,300
182943,1,300
182950,1,300
182978,1,300
182983,1,300
183003,1,300
183007,1,300
183057,1,300
183091,1,300
183114,1,300
183146,1,300
183158,1,300
183214,1,300
183228,1,300
183233,1,300
183286,1,300
183288,1,300
183292,1,300
183352,1,300
183403,1,300
183406,1,300
183444,1,300
183458,1,300
183504,1,300
183504,1,300
183528,1,300
183533,1,300
183555,1,300
183560,1,300
183565,1,300
183657,1,300
183668,1,300
183734,1,300
183735,1,300
183738,1,300
183738,1,300
183765,1,300
183771,1,300
183780,1,300
183786,1,300
183805,1,300
184004,1,300
184028,1,300
184056,1,300
184076,1,300
184088,1,300
184116,1,300
184184,1,300
184195,1,300
184218,1,300
184243,1,300
184256,1,300
184261,1,300
184261,1,300
184325,1,300
184413,1,300
184417,1,300
184491,1,300
184554,1,300
184563,1,300
184615,1,300
184629,1,300
184643,1,300
184704,1,300
184749,1,300
184775,1,300
184809,1,300
184832,1,300
184837,1,300
184848,1,300
184854,1,300
184919,1,300
184921,1,300
184942,1,300
184950,1,300
184956,1,300
185001,1,300
185034,1,300
185038,1,300
185062,1,300
185136,1,300
185138,1,300
185172,1,300
185189,1,300
185204,1,300
185207,1,300
185308,1,300
185374,1,300
185378,1,300
185394,1,300
185446,1,300
185452,1,300
185454,1,300
185527,1,300
185541,1,300
185542,1,300
185549,1,300
185560,1,300
185594,1,300
185612,1,300
185619,1,300
185623,1,300
185623,1,300
185678,1,300
185688,1,300
185694,1,300
185751,1,300
185789,1,300
185801,1,300
185807,1,300
185814,1,300
185826,1,300
185845,1,300
185876,1,300
185891,1,300
186016,1,300
186032,1,300
186053,1,300
186059,1,300
186075,1,300
186126,1,300
186129,1,300
186136,1,300
186276,1,300
186278,1,300
186281,1,300
186299,1,300
186308,1,300
186315,1,300
186409,1,300
186413,1,300
186489,1,300
186591,1,300
186636,1,300
186659,1,300
186678,1,300
186679,1,300
186740,1,300
186747,1,300
186747,1,300
186794,1,300
186830,1,300
186851,1,300
186859,1,300
186874,1,300
186895,1,300
186960,1,300
186981,1,300
187004,1,300
187013,1,300
187050,1,300
187060,1,300
187073,1,300
187090,1,300
187106,1,300
187108,1,300
187121,1,300
187176,1,300
187193,1,300
187208,1,300
187208,1,300
187213,1,300
187219,1,300
187231,1,300
187233,1,300
187261,1,300
187281,1,300
187290,1,300
187409,1,300
187424,1,300
187449,1,300
187451,1,300
187453,1,300
187496,1,300
187584,1,300
187586,1,300
187616,1,300
187639,1,300
187650,1,300
187670,1,300
187743,1,300
187770,1,300
187806,1,300
187883,1,300
187887,1,300
187902,1,300
187993,1,300
188004,1,300
188026,1,300
188199,1,300
188532,1,300
189052,1,300
189309,1,300
189317,1,300
189383,1,300
189483,1,300
189617,1,300
189658,1,300
189819,1,300
190069,1,300
190184,1,300
190387,1,300
190431,1,300
190556,1,300
191281,1,300
191432,1,300
191460,1,300
192053,1,300
192121,1,300
192198,1,300
192209,1,300
192219,1,300
192239,1,300
192242,1,300
193149,1,300
193300,1,300
193969,1,300
193979,1,300
193994,1,300
194247,1,300
194617,1,300
194687,1,300
194706,1,300
194784,1,300
195077,1,300
195197,1,300
195238,1,300
195303,1,300
195493,1,300
196355,1,300
196760,1,300
196804,1,300
196813,1,300
196838,1,300
197008,1,300
197407,1,300
197536,1,300
198022,1,300
198071,1,300
198716,1,300
199063,1,300
199069,1,300
199333,1,300
199481,1,300
199995,1,300
200028,1,300
200078,1,300
200085,1,300
200123,1,300
200855,1,300
201360,1,300
201761,1,300
201954,1,300
202028,1,300
202038,1,300
202332,1,300
202403,1,300
202587,1,300
202735,1,300
202738,1,300
202828,1,300
203137,1,300
203246,1,300
203342,1,300
203358,1,300
203513,1,300
203735,1,300
203782,1,300
204081,1,300
204194,1,300
204387,1,300
204514,1,300
204603,1,300
205402,1,300
205460,1,300
205467,1,300
205776,1,300
205982,1,300
206078,1,300
206132,1,300
206398,1,300
206523,1,300
206538,1,300
207063,1,300
207765,1,300
207816,1,300
208096,1,300
208141,1,300
208298,1,300
208397,1,300
208513,1,300
208532,1,300
208656,1,300
209141,1,300
209302,1,300
210060,1,300
210277,1,300
210330,1,300
210665,1,300
210680,1,300
210866,1,300
211000,1,300
211036,1,300
211138,1,300
211145,1,300
211326,1,300
211556,1,300
211652,1,300
212051,1,300
212838,1,300
212989,1,300
212991,1,300
213066,1,300
213068,1,300
213182,1,300
213337,1,300
213563,1,300
213756,1,300
214226,1,300
214297,1,300
214532,1,300
214618,1,300
214938,1,300
215346,1,300
215675,1,300
215764,1,300
216125,1,300
216307,1,300
216422,1,300
217136,1,300
217197,1,300
217314,1,300
217358,1,300
217439,1,300
217495,1,300
217547,1,300
217706,1,300
217724,1,300
218012,1,300
218080,1,300
218117,1,300
218473,1,300
218546,1,300
219101,1,300
219338,1,300
219416,1,300
220042,1,300
220106,1,300
220254,1,300
220445,1,300
220530,1,300
220931,1,300
220983,1,300
221698,1,300
222044,1,300
222059,1,300
222139,1,300
222167,1,300
222266,1,300
222330,1,300
222439,1,300
222482,1,300
222512,1,300
223037,1,300
223101,1,300
223121,1,300
223140,1,300
223254,1,300
224097,1,300
224102,1,300
224138,1,300
224256,1,300
224495,1,300
225005,1,300
225060,1,300
225152,1,300
225369,1,300
225447,1,300
226400,1,300
226502,1,300
226850,1,300
227020,1,300
227151,1,300
227159,1,300
227175,1,300
227944,1,300
227993,1,300
228000,1,300
228293,1,300
228378,1,300
228551,1,300
228588,1,300
228638,1,300
229230,1,300
229786,1,300
229988,1,300
230120,1,300
230218,1,300
230251,1,300
230258,1,300
230402,1,300
230710,1,300
230846,1,300
231182,1,300
231332,1,300
231522,1,300
231715,1,300
231770,1,300
232011,1,300
232070,1,300
232151,1,300
232187,1,300
232363,1,300
233082,1,300
233388,1,300
233502,1,300
233526,1,300
233578,1,300
234505,1,300
234533,1,300
234592,1,300
234669,1,300
234741,1,300
235027,1,300
235075,1,300
235148,1,300
235153,1,300
235199,1,300
235203,1,300
235205,1,300
235229,1,300
235243,1,300
235271,1,300
235272,1,300
235343,1,300
235350,1,300
235365,1,300
235384,1,300
235413,1,300
235425,1,300
235444,1,300
235466,1,300
235487,1,300
235489,1,300
235564,1,300
235574,1,300
235576,1,300
235588,1,300
235589,1,300
235595,1,300
235628,1,300
235631,1,300
235637,1,300
235715,1,300
235726,1,300
235736,1,300
235741,1,300
235743,1,300
236115,1,300
236136,1,300
236147,1,300
236154,1,300
236231,1,300
236253,1,300
236392,1,300
236420,1,300
236450,1,300
236458,1,300
236459,1,300
236519,1,300
236536,1,300
236681,1,300
236681,1,300
236711,1,300
236714,1,300
236815,1,300
236815,1,300
236816,1,300
236818,1,300
236872,1,300
236906,1,300
236915,1,300
236928,1,300
236936,1,300
236956,1,300
236982,1,300
237033,1,300
237059,1,300
237064,1,300
237065,1,300
237069,1,300
237075,1,300
237093,1,300
237093,1,300
237108,1,300
237129,1,300
237157,1,300
237184,1,300
237207,1,300
237223,1,300
237240,1,300
237331,1,300
237368,1,300
237382,1,300
237426,1,300
237452,1,300
237489,1,300
237497,1,300
237516,1,300
237567,1,300
237572,1,300
237574,1,300
237584,1,300
237602,1,300
237621,1,300
237632,1,300
237660,1,300
237689,1,300
237737,1,300
237738,1,300
237741,1,300
237772,1,300
237789,1,300
237799,1,300
237856,1,300
237868,1,300
237914,1,300
237929,1,300
237960,1,300
238048,1,300
238065,1,300
238104,1,300
238104,1,300
238116,1,300
238130,1,300
238135,1,300
238150,1,300
238164,1,300
238176,1,300
238177,1,300
238199,1,300
238230,1,300
238318,1,300
238342,1,300
238352,1,300
238365,1,300
238444,1,300
238513,1,300
238518,1,300
238521,1,300
238538,1,300
238572,1,300
238581,1,300
238583,1,300
238585,1,300
238593,1,300
238650,1,300
238678,1,300
238698,1,300
238708,1,300
238711,1,300
238737,1,300
238766,1,300
238776,1,300
238801,1,300
238802,1,300
238833,1,300
239008,1,300
239046,1,300
239069,1,300
239084,1,300
239112,1,300
239125,1,300
239137,1,300
239148,1,300
239151,1,300
239162,1,300
239201,1,300
239228,1,300
239238,1,300
239295,1,300
239297,1,300
239401,1,300
239403,1,300
239423,1,300
239435,1,300
239486,1,300
239674,1,300
239683,1,300
239705,1,300
239707,1,300
239719,1,300
239769,1,300
239813,1,300
239844,1,300
239861,1,300
239900,1,300
239921,1,300
239937,1,300
239945,1,300
239976,1,300
239990,1,300
240013,1,300
240021,1,300
240068,1,300
240169,1,300
240208,1,300
240222,1,300
240288,1,300
240294,1,300
240363,1,300
240390,1,300
240414,1,300
240421,1,300
240464,1,300
240480,1,300
240522,1,300
240555,1,300
240565,1,300
240576,1,300
240595,1,300
240636,1,300
240639,1,300
240658,1,300
240700,1,300
240705,1,300
240710,1,300
240739,1,300
240767,1,300
240769,1,300
240808,1,300
240870,1,300
240881,1,300
240929,1,300
241026,1,300
241047,1,300
241055,1,300
241058,1,300
241077,1,300
241086,1,300
241104,1,300
241113,1,300
241120,1,300
241127,1,300
241141,1,300
241142,1,300
241143,1,300
241190,1,300
241254,1,300
241305,1,300
241373,1,300
241383,1,300
241450,1,300
241497,1,300
241525,1,300
241579,1,300
241592,1,300
241596,1,300
241598,1,300
241632,1,300
241667,1,300
241695,1,300
241714,1,300
241738,1,300
241744,1,300
241768,1,300
241804,1,300
241814,1,300
241848,1,300
241881,1,300
241881,1,300
241913,1,300
241957,1,300
242002,1,300
242014,1,300
242022,1,300
242038,1,300
242050,1,300
242070,1,300
242076,1,300
242109,1,300
242118,1,300
242161,1,300
242170,1,300
242186,1,300
242227,1,300
242260,1,300
242269,1,300
242269,1,300
242302,1,300
242315,1,300
242374,1,300
242386,1,300
242414,1,300
242462,1,300
242467,1,300
242470,1,300
242498,1,300
242558,1,300
242608,1,300
242655,1,300
242674,1,300
242794,1,300
242846,1,300
242865,1,300
242875,1,300
242886,1,300
242895,1,300
242909,1,300
242922,1,300
243018,1,300
243021,1,300
243055,1,300
243101,1,300
243106,1,300
243129,1,300
243137,1,300
243144,1,300
243151,1,300
243158,1,300
243166,1,300
243172,1,300
243224,1,300
243278,1,300
243326,1,300
243355,1,300
243370,1,300
243379,1,300
243391,1,300
243429,1,300
243452,1,300
243512,1,300
243515,1,300
243528,1,300
243543,1,300
243544,1,300
243608,1,300
243616,1,300
243619,1,300
243655,1,300
243660,1,300
243707,1,300
243722,1,300
243746,1,300
243756,1,300
243767,1,300
243769,1,300
244020,1,300
244054,1,300
244136,1,300
244165,1,300
244190,1,300
244210,1,300
244241,1,300
244253,1,300
244267,1,300
244277,1,300
244288,1,300
244318,1,300
244334,1,300
244368,1,300
244391,1,300
244452,1,300
244475,1,300
244511,1,300
244536,1,300
244570,1,300
244614,1,300
244646,1,300
244663,1,300
244677,1,300
244696,1,300
244708,1,300
244720,1,300
244720,1,300
244722,1,300
244796,1,300
244803,1,300
244805,1,300
244883,1,300
244966,1,300
244972,1,300
245001,1,300
245019,1,300
245028,1,300
245044,1,300
245057,1,300
245061,1,300
245088,1,300
245089,1,300
245097,1,300
245104,1,300
245113,1,300
245205,1,300
245214,1,300
245226,1,300
245257,1,300
245269,1,300
245274,1,300
245284,1,300
245291,1,300
245355,1,300
245385,1,300
245406,1,300
245442,1,300
245479,1,300
245529,1,300
245543,1,300
245621,1,300
245668,1,300
245717,1,300
245743,1,300
245793,1,300
245803,1,300
245824,1,300
245850,1,300
245857,1,300
245894,1,300
245934,1,300
245956,1,300
246031,1,300
246078,1,300
246083,1,300
246097,1,300
246156,1,300
246204,1,300
246218,1,300
246220,1,300
246243,1,300
246273,1,300
246358,1,300
246367,1,300
246408,1,300
246430,1,300
246447,1,300
246458,1,300
246461,1,300
246489,1,300
246525,1,300
246575,1,300
246632,1,300
246642,1,300
246741,1,300
246748,1,300
246748,1,300
246833,1,300
246838,1,300
246852,1,300
246916,1,300
246916,1,300
246941,1,300
246981,1,300
247001,1,300
247002,1,300
247008,1,300
247010,1,300
247015,1,300
247031,1,300
247035,1,300
247041,1,300
247049,1,300
247051,1,300
247058,1,300
247062,1,300
247094,1,300
247138,1,300
247139,1,300
247147,1,300
247147,1,300
247165,1,300
247169,1,300
247192,1,300
247209,1,300
247231,1,300
247237,1,300
247291,1,300
247292,1,300
247300,1,300
247356,1,300
247366,1,300
247397,1,300
247408,1,300
247420,1,300
247427,1,300
247481,1,300
247485,1,300
247526,1,300
247579,1,300
247612,1,300
247655,1,300
247660,1,300
247688,1,300
247759,1,300
248008,1,300
248023,1,300
248031,1,300
248055,1,300
248073,1,300
248096,1,300
248096,1,300
248111,1,300
248123,1,300
248141,1,300
248189,1,300
248245,1,300
248265,1,300
248313,1,300
248319,1,300
248378,1,300
248434,1,300
248454,1,300
248500,1,300
248506,1,300
248525,1,300
248670,1,300
248707,1,300
248716,1,300
248733,1,300
248823,1,300
248831,1,300
248847,1,300
248856,1,300
248858,1,300
248879,1,300
248882,1,300
248887,1,300
248939,1,300
248968,1,300
248968,1,300
248971,1,300
249005,1,300
249042,1,300
249071,1,300
249074,1,300
249096,1,300
249098,1,300
249102,1,300
249138,1,300
249141,1,300
249142,1,300
249161,1,300
249198,1,300
249215,1,300
249259,1,300
249287,1,300
249309,1,300
249316,1,300
249330,1,300
249345,1,300
249354,1,300
249368,1,300
249443,1,300
249460,1,300
249493,1,300
249538,1,300
249555,1,300
249645,1,300
249665,1,300
249671,1,300
249689,1,300
249723,1,300
249729,1,300
249733,1,300
249740,1,300
249821,1,300
250043,1,300
250092,1,300
250132,1,300
250146,1,300
250146,1,300
250190,1,300
250232,1,300
250322,1,300
250337,1,300
250383,1,300
250427,1,300
250478,1,300
250596,1,300
250635,1,300
250651,1,300
250676,1,300
250768,1,300
250771,1,300
250777,1,300
250790,1,300
250797,1,300
250812,1,300
250870,1,300
250875,1,300
250918,1,300
250961,1,300
250979,1,300
251026,1,300
251067,1,300
251075,1,300
251079,1,300
251093,1,300
251096,1,300
251115,1,300
251115,1,300
251120,1,300
251152,1,300
251152,1,300
251160,1,300
251166,1,300
251186,1,300
251188,1,300
251204,1,300
251208,1,300
251257,1,300
251322,1,300
251328,1,300
251369,1,300
251426,1,300
251436,1,300
251446,1,300
251520,1,300
251523,1,300
251533,1,300
251554,1,300
251616,1,300
251626,1,300
251682,1,300
251718,1,300
251718,1,300
251742,1,300
251753,1,300
251813,1,300
251814,1,300
251879,1,300
252013,1,300
252026,1,300
252036,1,300
252041,1,300
252049,1,300
252062,1,300
252100,1,300
252101,1,300
252116,1,300
252134,1,300
252153,1,300
252178,1,300
252200,1,300
252203,1,300
252205,1,300
252288,1,300
252308,1,300
252309,1,300
252312,1,300
252312,1,300
252342,1,300
252351,1,300
252360,1,300
252437,1,300
252504,1,300
252620,1,300
252757,1,300
252871,1,300
252890,1,300
252902,1,300
252906,1,300
252936,1,300
252943,1,300
252961,1,300
252983,1,300
253027,1,300
253067,1,300
253067,1,300
253072,1,300
253091,1,300
253099,1,300
253126,1,300
253137,1,300
253178,1,300
253194,1,300
253213,1,300
253215,1,300
253236,1,300
253247,1,300
253256,1,300
253300,1,300
253389,1,300
253499,1,300
253507,1,300
253511,1,300
253556,1,300
253585,1,300
253590,1,300
253593,1,300
253595,1,300
253598,1,300
253601,1,300
253625,1,300
253672,1,300
253677,1,300
253706,1,300
253770,1,300
253801,1,300
253839,1,300
253892,1,300
253927,1,300
253933,1,300
253978,1,300
254013,1,300
254018,1,300
254025,1,300
254027,1,300
254036,1,300
254069,1,300
254080,1,300
254092,1,300
254117,1,300
254136,1,300
254164,1,300
254194,1,300
254205,1,300
254235,1,300
254285,1,300
254295,1,300
254330,1,300
254386,1,300
254418,1,300
254440,1,300
254471,1,300
254551,1,300
254578,1,300
254654,1,300
254671,1,300
254681,1,300
254721,1,300
254800,1,300
254830,1,300
254841,1,300
254850,1,300
254867,1,300
254879,1,300
254947,1,300
254986,1,300
254992,1,300
255005,1,300
255022,1,300
255093,1,300
255100,1,300
255103,1,300
255120,1,300
255150,1,300
255170,1,300
255185,1,300
255202,1,300
255202,1,300
255233,1,300
255258,1,300
255268,1,300
255275,1,300
255315,1,300
255325,1,300
255381,1,300
255441,1,300
255443,1,300
255454,1,300
255549,1,300
255614,1,300
255634,1,300
255651,1,300
255678,1,300
255716,1,300
255755,1,300
255764,1,300
255814,1,300
255860,1,300
255865,1,300
255881,1,300
255916,1,300
255964,1,300
256006,1,300
256010,1,300
256025,1,300
256043,1,300
256048,1,300
256048,1,300
256054,1,300
256055,1,300
256081,1,300
256082,1,300
256109,1,300
256200,1,300
256273,1,300
256280,1,300
256308,1,300
256325,1,300
256358,1,300
256400,1,300
256419,1,300
256428,1,300
256435,1,300
256437,1,300
256471,1,300
256543,1,300
256552,1,300
256585,1,300
256622,1,300
256671,1,300
256718,1,300
256780,1,300
256795,1,300
256798,1,300
256813,1,300
256850,1,300
256856,1,300
256861,1,300
256866,1,300
256870,1,300
256874,1,300
256924,1,300
256925,1,300
256942,1,300
257013,1,300
257111,1,300
257123,1,300
257186,1,300
257211,1,300
257230,1,300
257240,1,300
257244,1,300
257248,1,300
257274,1,300
257284,1,300
257344,1,300
257384,1,300
257431,1,300
257438,1,300
257580,1,300
257593,1,300
257609,1,300
257641,1,300
257646,1,300
257654,1,300
257674,1,300
257682,1,300
257688,1,300
257720,1,300
257760,1,300
257765,1,300
257770,1,300
257827,1,300
257857,1,300
257871,1,300
257926,1,300
257937,1,300
257983,1,300
258003,1,300
258040,1,300
258040,1,300
258045,1,300
258053,1,300
258108,1,300
258118,1,300
258152,1,300
258178,1,300
258222,1,300
258235,1,300
258236,1,300
258298,1,300
258316,1,300
258369,1,300
258398,1,300
258407,1,300
258450,1,300
258459,1,300
258475,1,300
258528,1,300
258624,1,300
258681,1,300
258683,1,300
258717,1,300
258722,1,300
258728,1,300
258738,1,300
258741,1,300
258778,1,300
258804,1,300
258808,1,300
258836,1,300
258858,1,300
258867,1,300
258893,1,300
258919,1,300
258995,1,300
259000,1,300
259011,1,300
259055,1,300
259057,1,300
259087,1,300
259125,1,300
259135,1,300
259214,1,300
259215,1,300
259254,1,300
259275,1,300
259282,1,300
259307,1,300
259329,1,300
259348,1,300
259354,1,300
259359,1,300
259359,1,300
259376,1,300
259382,1,300
259403,1,300
259406,1,300
259447,1,300
259481,1,300
259494,1,300
259524,1,300
259570,1,300
259575,1,300
259686,1,300
259697,1,300
259717,1,300
259773,1,300
259792,1,300
259807,1,300
259836,1,300
259861,1,300
260000,1,300
260024,1,300
260057,1,300
260067,1,300
260076,1,300
260217,1,300
260219,1,300
260249,1,300
260264,1,300
260273,1,300
260322,1,300
260326,1,300
260375,1,300
260419,1,300
260450,1,300
260475,1,300
260488,1,300
260538,1,300
260576,1,300
260638,1,300
260671,1,300
260707,1,300
260757,1,300
260819,1,300
260896,1,300
260921,1,300
260948,1,300
260994,1,300
261018,1,300
261024,1,300
261047,1,300
261068,1,300
261074,1,300
261100,1,300
261102,1,300
261159,1,300
261172,1,300
261179,1,300
261222,1,300
261243,1,300
261247,1,300
261266,1,300
261296,1,300
261319,1,300
261347,1,300
261361,1,300
261367,1,300
261457,1,300
261465,1,300
261476,1,300
261544,1,300
261548,1,300
261587,1,300
261601,1,300
261611,1,300
261614,1,300
261671,1,300
261713,1,300
261738,1,300
261775,1,300
261793,1,300
261795,1,300
261799,1,300
261872,1,300
261873,1,300
261935,1,300
261941,1,300
261945,1,300
262002,1,300
262006,1,300
262016,1,300
262016,1,300
262020,1,300
262039,1,300
262044,1,300
262053,1,300
262056,1,300
262076,1,300
262149,1,300
262194,1,300
262208,1,300
262289,1,300
262490,1,300
262504,1,300
262519,1,300
262539,1,300
262552,1,300
262564,1,300
262630,1,300
262641,1,300
262665,1,300
262672,1,300
262728,1,300
262809,1,300
262921,1,300
262940,1,300
263004,1,300
263027,1,300
263030,1,300
263065,1,300
263075,1,300
263077,1,300
263079,1,300
263079,1,300
263097,1,300
263109,1,300
263119,1,300
263151,1,300
263171,1,300
263173,1,300
263185,1,300
263197,1,300
263209,1,300
263219,1,300
263224,1,300
263228,1,300
263235,1,300
263343,1,300
263432,1,300
263521,1,300
263533,1,300
263551,1,300
263577,1,300
263582,1,300
263585,1,300
263590,1,300
263624,1,300
263644,1,300
263672,1,300
263679,1,300
263686,1,300
263755,1,300
263769,1,300
263842,1,300
263893,1,300
263938,1,300
263967,1,300
263973,1,300
264012,1,300
264025,1,300
264026,1,300
264056,1,300
264057,1,300
264064,1,300
264087,1,300
264109,1,300
264136,1,300
264147,1,300
264167,1,300
264192,1,300
264197,1,300
264198,1,300
264200,1,300
264219,1,300
264235,1,300
264257,1,300
264266,1,300
264322,1,300
264325,1,300
264342,1,300
264359,1,300
264381,1,300
264388,1,300
264397,1,300
264398,1,300
264409,1,300
264409,1,300
264415,1,300
264431,1,300
264468,1,300
264496,1,300
264515,1,300
264619,1,300
264631,1,300
264640,1,300
264655,1,300
264658,1,300
264671,1,300
265007,1,300
265077,1,300
265107,1,300
265137,1,300
265159,1,300
265161,1,300
265253,1,300
265285,1,300
265320,1,300
265326,1,300
265399,1,300
265463,1,300
265471,1,300
265487,1,300
265526,1,300
265533,1,300
265571,1,300
265661,1,300
265672,1,300
265675,1,300
265679,1,300
265711,1,300
265743,1,300
265806,1,300
265851,1,300
265921,1,300
265965,1,300
266071,1,300
266091,1,300
266138,1,300
266142,1,300
266163,1,300
266201,1,300
266220,1,300
266251,1,300
266259,1,300
266270,1,300
266274,1,300
266284,1,300
266306,1,300
266334,1,300
266334,1,300
266337,1,300
266343,1,300
266348,1,300
266352,1,300
266362,1,300
266363,1,300
266389,1,300
266429,1,300
266430,1,300
266432,1,300
266433,1,300
266434,1,300
266466,1,300
266466,1,300
266475,1,300
266477,1,300
266490,1,300
266503,1,300
266523,1,300
266604,1,300
266623,1,300
266628,1,300
266639,1,300
266642,1,300
266646,1,300
266648,1,300
266661,1,300
266727,1,300
266741,1,300
266749,1,300
267011,1,300
267013,1,300
267027,1,300
267135,1,300
267238,1,300
267254,1,300
267271,1,300
267294,1,300
267324,1,300
267353,1,300
267373,1,300
267378,1,300
267402,1,300
267403,1,300
267403,1,300
267410,1,300
267415,1,300
267433,1,300
267496,1,300
267509,1,300
267525,1,300
267575,1,300
267585,1,300
267601,1,300
267638,1,300
267663,1,300
267707,1,300
267717,1,300
267725,1,300
267743,1,300
267767,1,300
267778,1,300
267862,1,300
267904,1,300
267916,1,300
267986,1,300
268009,1,300
268021,1,300
268026,1,300
268041,1,300
268041,1,300
268063,1,300
268083,1,300
268147,1,300
268195,1,300
268196,1,300
268209,1,300
268262,1,300
268266,1,300
268353,1,300
268358,1,300
268410,1,300
268464,1,300
268523,1,300
268589,1,300
268625,1,300
268639,1,300
268649,1,300
268660,1,300
268664,1,300
268676,1,300
268738,1,300
268762,1,300
268852,1,300
268856,1,300
268870,1,300
268872,1,300
268883,1,300
268922,1,300
268982,1,300
268991,1,300
269018,1,300
269020,1,300
269024,1,300
269033,1,300
269053,1,300
269146,1,300
269233,1,300
269263,1,300
269265,1,300
269279,1,300
269326,1,300
269347,1,300
269355,1,300
269385,1,300
269394,1,300
269422,1,300
269455,1,300
269485,1,300
269498,1,300
269515,1,300
269517,1,300
269521,1,300
269528,1,300
269559,1,300
269571,1,300
269581,1,300
269609,1,300
269637,1,300
269666,1,300
269678,1,300
269712,1,300
269756,1,300
269768,1,300
269769,1,300
269858,1,300
270010,1,300
270026,1,300
270029,1,300
270052,1,300
270141,1,300
270164,1,300
270283,1,300
270300,1,300
270328,1,300
270376,1,300
270389,1,300
270399,1,300
270400,1,300
270419,1,300
270431,1,300
270499,1,300
270514,1,300
270563,1,300
270573,1,300
270576,1,300
270582,1,300
270598,1,300
270603,1,300
270625,1,300
270644,1,300
270649,1,300
270684,1,300
270754,1,300
270861,1,300
270903,1,300
270917,1,300
270963,1,300
271019,1,300
271031,1,300
271047,1,300
271069,1,300
271070,1,300
271095,1,300
271108,1,300
271119,1,300
271123,1,300
271134,1,300
271142,1,300
271153,1,300
271154,1,300
271227,1,300
271259,1,300
271274,1,300
271280,1,300
271286,1,300
271296,1,300
271375,1,300
271382,1,300
271400,1,300
271411,1,300
271471,1,300
271486,1,300
271492,1,300
271496,1,300
271518,1,300
271534,1,300
271567,1,300
271595,1,300
271630,1,300
271664,1,300
271686,1,300
271723,1,300
271857,1,300
271868,1,300
271909,1,300
271912,1,300
271935,1,300
272020,1,300
272097,1,300
272103,1,300
272116,1,300
272137,1,300
272151,1,300
272223,1,300
272239,1,300
272264,1,300
272298,1,300
272300,1,300
272343,1,300
272344,1,300
272357,1,300
272366,1,300
272413,1,300
272437,1,300
272444,1,300
272486,1,300
272520,1,300
272522,1,300
272525,1,300
272528,1,300
272565,1,300
272594,1,300
272597,1,300
272622,1,300
272711,1,300
272796,1,300
272796,1,300
272866,1,300
272908,1,300
273019,1,300
273021,1,300
273080,1,300
273082,1,300
273095,1,300
273096,1,300
273105,1,300
273136,1,300
273140,1,300
273148,1,300
273168,1,300
273248,1,300
273261,1,300
273295,1,300
273311,1,300
273332,1,300
273391,1,300
273399,1,300
273422,1,300
273458,1,300
273463,1,300
273466,1,300
273493,1,300
273502,1,300
273521,1,300
273523,1,300
273578,1,300
273621,1,300
273668,1,300
273700,1,300
273720,1,300
273721,1,300
273759,1,300
273772,1,300
273778,1,300
273810,1,300
273816,1,300
273838,1,300
273846,1,300
273876,1,300
274057,1,300
274063,1,300
274094,1,300
274100,1,300
274112,1,300
274175,1,300
274214,1,300
274249,1,300
274295,1,300
274341,1,300
274344,1,300
274455,1,300
274459,1,300
274529,1,300
274578,1,300
274586,1,300
274601,1,300
274610,1,300
274636,1,300
274698,1,300
274735,1,300
274752,1,300
274768,1,300
274794,1,300
274864,1,300
274882,1,300
274891,1,300
274897,1,300
274938,1,300
274988,1,300
274994,1,300
275001,1,300
275003,1,300
275016,1,300
275039,1,300
275044,1,300
275080,1,300
275097,1,300
275112,1,300
275114,1,300
275131,1,300
275174,1,300
275201,1,300
275203,1,300
275249,1,300
275267,1,300
275304,1,300
275318,1,300
275323,1,300
275400,1,300
275409,1,300
275502,1,300
275511,1,300
275582,1,300
275585,1,300
275636,1,300
275647,1,300
275665,1,300
275679,1,300
275680,1,300
275680,1,300
275697,1,300
275719,1,300
275722,1,300
275743,1,300
275768,1,300
275843,1,300
275857,1,300
275878,1,300
275891,1,300
275932,1,300
275977,1,300
276009,1,300
276079,1,300
276084,1,300
276105,1,300
276113,1,300
276138,1,300
276154,1,300
276195,1,300
276196,1,300
276197,1,300
276208,1,300
276244,1,300
276340,1,300
276343,1,300
276358,1,300
276443,1,300
276443,1,300
276447,1,300
276459,1,300
276468,1,300
276522,1,300
276526,1,300
276547,1,300
276556,1,300
276557,1,300
276592,1,300
276667,1,300
276739,1,300
276748,1,300
276763,1,300
276795,1,300
276832,1,300
276835,1,300
276928,1,300
276948,1,300
276956,1,300
277038,1,300
277083,1,300
277122,1,300
277149,1,300
277211,1,300
277267,1,300
277324,1,300
277343,1,300
277344,1,300
277361,1,300
277400,1,300
277426,1,300
277432,1,300
277441,1,300
277452,1,300
277461,1,300
277464,1,300
277473,1,300
277514,1,300
277540,1,300
277553,1,300
277621,1,300
277671,1,300
277679,1,300
277711,1,300
277736,1,300
277754,1,300
277778,1,300
277782,1,300
277810,1,300
277822,1,300
277838,1,300
277896,1,300
277902,1,300
277958,1,300
277980,1,300
277996,1,300
278080,1,300
278089,1,300
278169,1,300
278185,1,300
278197,1,300
278234,1,300
278262,1,300
278303,1,300
278314,1,300
278342,1,300
278364,1,300
278390,1,300
278442,1,300
278443,1,300
278452,1,300
278491,1,300
278501,1,300
278510,1,300
278564,1,300
278582,1,300
278587,1,300
278661,1,300
278756,1,300
278808,1,300
278813,1,300
278814,1,300
278863,1,300
278864,1,300
278888,1,300
278951,1,300
278958,1,300
278987,1,300
279040,1,300
279043,1,300
279088,1,300
279091,1,300
279114,1,300
279114,1,300
279117,1,300
279136,1,300
279153,1,300
279158,1,300
279245,1,300
279250,1,300
279261,1,300
279290,1,300
279346,1,300
279357,1,300
279360,1,300
279396,1,300
279412,1,300
279443,1,300
279475,1,300
279481,1,300
279542,1,300
279544,1,300
279560,1,300
279593,1,300
279595,1,300
279645,1,300
279646,1,300
279692,1,300
279705,1,300
279723,1,300
279803,1,300
279846,1,300
279859,1,300
279869,1,300
279909,1,300
280011,1,300
280015,1,300
280023,1,300
280052,1,300
280094,1,300
280097,1,300
280099,1,300
280125,1,300
280127,1,300
280225,1,300
280225,1,300
280238,1,300
280253,1,300
280256,1,300
280268,1,300
280287,1,300
280301,1,300
280315,1,300
280421,1,300
280429,1,300
280458,1,300
280463,1,300
280470,1,300
280484,1,300
280491,1,300
280501,1,300
280539,1,300
280569,1,300
280632,1,300
280642,1,300
280712,1,300
280758,1,300
280775,1,300
280778,1,300
280796,1,300
280824,1,300
280832,1,300
280852,1,300
280885,1,300
281046,1,300
281061,1,300
281089,1,300
281142,1,300
281152,1,300
281166,1,300
281230,1,300
281232,1,300
281250,1,300
281296,1,300
281309,1,300
281397,1,300
281418,1,300
281484,1,300
281499,1,300
281501,1,300
281511,1,300
281563,1,300
281567,1,300
281598,1,300
281609,1,300
281620,1,300
281631,1,300
281671,1,300
281678,1,300
281679,1,300
281689,1,300
281699,1,300
281711,1,300
281765,1,300
281845,1,300
281885,1,300
281911,1,300
281958,1,300
281962,1,300
282014,1,300
282362,1,300
282516,1,300
282544,1,300
282568,1,300
282982,1,300
283264,1,300
283909,1,300
283995,1,300
284008,1,300
284236,1,300
284381,1,300
284459,1,300
285027,1,300
285033,1,300
285176,1,300
285217,1,300
285319,1,300
285599,1,300
286021,1,300
286249,1,300
286262,1,300
286264,1,300
286366,1,300
286755,1,300
286918,1,300
287364,1,300
287616,1,300
287735,1,300
287951,1,300
287995,1,300
288050,1,300
288130,1,300
288207,1,300
288376,1,300
288678,1,300
289297,1,300
289332,1,300
289419,1,300
289785,1,300
289910,1,300
290247,1,300
290345,1,300
290659,1,300
291014,1,300
291197,1,300
