186,1,300
302,1,300
484,1,300
553,1,300
1283,1,300
1556,1,300
1701,1,300
2325,1,300
2365,1,300
2378,1,300
2391,1,300
2467,1,300
3459,1,300
3481,1,300
4125,1,300
4457,1,300
4607,1,300
4670,1,300
4761,1,300
5075,1,300
5088,1,300
5771,1,300
6074,1,300
6114,1,300
6418,1,300
6681,1,300
7025,1,300
7055,1,300
7081,1,300
7397,1,300
8200,1,300
8348,1,300
8818,1,300
9051,1,300
9057,1,300
9115,1,300
9279,1,300
9361,1,300
9459,1,300
9551,1,300
10180,1,300
10249,1,300
10453,1,300
10465,1,300
11268,1,300
11326,1,300
11424,1,300
11585,1,300
12364,1,300
12442,1,300
12923,1,300
13140,1,300
13207,1,300
13522,1,300
13711,1,300
14029,1,300
14062,1,300
14065,1,300
14817,1,300
14824,1,300
15250,1,300
15315,1,300
15436,1,300
16001,1,300
16083,1,300
16406,1,300
16546,1,300
16677,1,300
17476,1,300
17584,1,300
17655,1,300
17836,1,300
18005,1,300
19075,1,300
19157,1,300
19178,1,300
19654,1,300
20215,1,300
20356,1,300
20632,1,300
21559,1,300
21653,1,300
21957,1,300
22290,1,300
22329,1,300
22387,1,300
22513,1,300
22831,1,300
22882,1,300
23030,1,300
23049,1,300
23520,1,300
23715,1,300
24121,1,300
24371,1,300
24527,1,300
24876,1,300
25011,1,300
25078,1,300
25766,1,300
25868,1,300
25941,1,300
26013,1,300
26181,1,300
26278,1,300
26337,1,300
27157,1,300
27193,1,300
27664,1,300
27714,1,300
28140,1,300
28147,1,300
28319,1,300
28521,1,300
29380,1,300
29612,1,300
29679,1,300
30646,1,300
30739,1,300
30815,1,300
30849,1,300
30956,1,300
31121,1,300
32094,1,300
32204,1,300
32256,1,300
32406,1,300
32570,1,300
32769,1,300
33077,1,300
33352,1,300
34032,1,300
34044,1,300
34071,1,300
34082,1,300
34117,1,300
34267,1,300
34322,1,300
35071,1,300
35884,1,300
35919,1,300
36157,1,300
36270,1,300
36577,1,300
36873,1,300
37109,1,300
37419,1,300
38453,1,300
38475,1,300
38536,1,300
38555,1,300
38809,1,300
39053,1,300
39073,1,300
39539,1,300
39691,1,300
39699,1,300
40816,1,300
41332,1,300
41358,1,300
41359,1,300
41493,1,300
41538,1,300
41705,1,300
41874,1,300
42598,1,300
43023,1,300
43123,1,300
43160,1,300
43249,1,300
43410,1,300
43619,1,300
43660,1,300
44959,1,300
45044,1,300
45049,1,300
45076,1,300
45207,1,300
45332,1,300
45361,1,300
45424,1,300
46033,1,300
46128,1,300
46331,1,300
46532,1,300
47111,1,300
47199,1,300
47201,1,300
47263,1,300
47279,1,300
47300,1,300
47308,1,300
47337,1,300
47348,1,300
47354,1,300
47376,1,300
47400,1,300
47406,1,300
47429,1,300
47470,1,300
47555,1,300
47561,1,300
47576,1,300
47630,1,300
47677,1,300
47696,1,300
47705,1,300
47733,1,300
47736,1,300
47744,1,300
47748,1,300
47876,1,300
47893,1,300
47933,1,300
47958,1,300
47973,1,300
48022,1,300
48035,1,300
48108,1,300
48108,1,300
48150,1,300
48160,1,300
48219,1,300
48240,1,300
48311,1,300
48313,1,300
48356,1,300
48438,1,300
48445,1,300
48449,1,300
48452,1,300
48484,1,300
48499,1,300
48523,1,300
48619,1,300
48658,1,300
48674,1,300
48691,1,300
48701,1,300
48713,1,300
48767,1,300
48835,1,300
48891,1,300
48904,1,300
48910,1,300
48978,1,300
49052,1,300
49070,1,300
49136,1,300
49206,1,300
49221,1,300
49233,1,300
49249,1,300
49259,1,300
49288,1,300
49317,1,300
49365,1,300
49450,1,300
49471,1,300
49496,1,300
49581,1,300
49648,1,300
49704,1,300
49756,1,300
49789,1,300
49794,1,300
49857,1,300
49887,1,300
49924,1,300
49950,1,300
49999,1,300
50017,1,300
50034,1,300
50037,1,300
50042,1,300
50049,1,300
50074,1,300
50081,1,300
50087,1,300
50135,1,300
50135,1,300
50208,1,300
50210,1,300
50215,1,300
50224,1,300
50239,1,300
50295,1,300
50390,1,300
50467,1,300
50497,1,300
50501,1,300
50518,1,300
50559,1,300
50575,1,300
50635,1,300
50671,1,300
50709,1,300
50727,1,300
50765,1,300
50772,1,300
50820,1,300
50833,1,300
50855,1,300
50891,1,300
50897,1,300
50900,1,300
50909,1,300
50929,1,300
50939,1,300
51076,1,300
51094,1,300
51097,1,300
51109,1,300
51110,1,300
51132,1,300
51170,1,300
51231,1,300
51285,1,300
51314,1,300
51361,1,300
51366,1,300
51414,1,300
51451,1,300
51516,1,300
51517,1,300
51663,1,300
51731,1,300
51749,1,300
51764,1,300
51768,1,300
51792,1,300
51803,1,300
51900,1,300
51922,1,300
51935,1,300
51945,1,300
51955,1,300
51985,1,300
52013,1,300
52038,1,300
52131,1,300
52185,1,300
52223,1,300
52231,1,300
52240,1,300
52249,1,300
52253,1,300
52276,1,300
52278,1,300
52302,1,300
52318,1,300
52332,1,300
52338,1,300
52367,1,300
52390,1,300
52419,1,300
52427,1,300
52430,1,300
52475,1,300
52477,1,300
52493,1,300
52688,1,300
52701,1,300
52708,1,300
52731,1,300
52779,1,300
52783,1,300
52786,1,300
52796,1,300
52818,1,300
52866,1,300
52934,1,300
52983,1,300
53017,1,300
53020,1,300
53044,1,300
53085,1,300
53103,1,300
53183,1,300
53201,1,300
53218,1,300
53240,1,300
53246,1,300
53249,1,300
53262,1,300
53304,1,300
53346,1,300
53405,1,300
53440,1,300
53478,1,300
53495,1,300
53516,1,300
53519,1,300
53521,1,300
53525,1,300
53547,1,300
53561,1,300
53562,1,300
53572,1,300
53636,1,300
53656,1,300
53699,1,300
53723,1,300
53828,1,300
53957,1,300
53960,1,300
54041,1,300
54098,1,300
54195,1,300
54228,1,300
54237,1,300
54284,1,300
54316,1,300
54335,1,300
54350,1,300
54382,1,300
54437,1,300
54505,1,300
54516,1,300
54582,1,300
54599,1,300
54621,1,300
54634,1,300
54651,1,300
54656,1,300
54680,1,300
54714,1,300
54718,1,300
54760,1,300
54842,1,300
54857,1,300
54876,1,300
54985,1,300
55034,1,300
55034,1,300
55055,1,300
55119,1,300
55122,1,300
55124,1,300
55157,1,300
55162,1,300
55165,1,300
55167,1,300
55215,1,300
55252,1,300
55272,1,300
55280,1,300
55293,1,300
55327,1,300
55350,1,300
55354,1,300
55405,1,300
55410,1,300
55416,1,300
55423,1,300
55458,1,300
55516,1,300
55538,1,300
55608,1,300
55608,1,300
55712,1,300
55721,1,300
55725,1,300
55736,1,300
55759,1,300
55778,1,300
55778,1,300
55802,1,300
56058,1,300
56097,1,300
56108,1,300
56163,1,300
56165,1,300
56267,1,300
56310,1,300
56394,1,300
56414,1,300
56426,1,300
56439,1,300
56447,1,300
56486,1,300
56504,1,300
56534,1,300
56537,1,300
56548,1,300
56551,1,300
56558,1,300
56581,1,300
56601,1,300
56633,1,300
56634,1,300
56636,1,300
56636,1,300
56647,1,300
56712,1,300
56720,1,300
56758,1,300
56766,1,300
56812,1,300
56820,1,300
57052,1,300
57130,1,300
57141,1,300
57176,1,300
57246,1,300
57282,1,300
57345,1,300
57422,1,300
57427,1,300
57431,1,300
57458,1,300
57474,1,300
57527,1,300
57537,1,300
57562,1,300
57581,1,300
57666,1,300
57722,1,300
57813,1,300
57815,1,300
57822,1,300
57897,1,300
57923,1,300
57944,1,300
57946,1,300
58002,1,300
58019,1,300
58021,1,300
58024,1,300
58052,1,300
58054,1,300
58071,1,300
58096,1,300
58113,1,300
58125,1,300
58134,1,300
58166,1,300
58193,1,300
58214,1,300
58221,1,300
58240,1,300
58254,1,300
58257,1,300
58276,1,300
58385,1,300
58397,1,300
58456,1,300
58487,1,300
58493,1,300
58521,1,300
58642,1,300
58652,1,300
58672,1,300
58704,1,300
58707,1,300
58731,1,300
58784,1,300
58828,1,300
58831,1,300
58857,1,300
58866,1,300
58872,1,300
58876,1,300
58881,1,300
59007,1,300
59020,1,300
59021,1,300
59039,1,300
59106,1,300
59107,1,300
59112,1,300
59180,1,300
59195,1,300
59237,1,300
59250,1,300
59274,1,300
59384,1,300
59403,1,300
59431,1,300
59460,1,300
59498,1,300
59501,1,300
59518,1,300
59617,1,300
59620,1,300
59655,1,300
59676,1,300
59695,1,300
59748,1,300
59838,1,300
59870,1,300
59882,1,300
59887,1,300
59944,1,300
59955,1,300
59962,1,300
60014,1,300
60106,1,300
60114,1,300
60118,1,300
60121,1,300
60169,1,300
60226,1,300
60235,1,300
60243,1,300
60267,1,300
60304,1,300
60308,1,300
60344,1,300
60377,1,300
60411,1,300
60421,1,300
60551,1,300
60611,1,300
60645,1,300
60648,1,300
60663,1,300
60669,1,300
60690,1,300
60731,1,300
60740,1,300
60825,1,300
60833,1,300
60839,1,300
60869,1,300
60873,1,300
60877,1,300
60894,1,300
60923,1,300
61008,1,300
61009,1,300
61047,1,300
61061,1,300
61132,1,300
61143,1,300
61173,1,300
61221,1,300
61235,1,300
61262,1,300
61309,1,300
61337,1,300
61385,1,300
61387,1,300
61402,1,300
61403,1,300
61416,1,300
61429,1,300
61430,1,300
61457,1,300
61478,1,300
61506,1,300
61523,1,300
61577,1,300
61589,1,300
61601,1,300
61658,1,300
61694,1,300
61792,1,300
61877,1,300
61919,1,300
62024,1,300
62030,1,300
62034,1,300
62100,1,300
62137,1,300
62178,1,300
62193,1,300
62225,1,300
62239,1,300
62258,1,300
62293,1,300
62339,1,300
62348,1,300
62389,1,300
62438,1,300
62527,1,300
62532,1,300
62533,1,300
62544,1,300
62550,1,300
62570,1,300
62598,1,300
62605,1,300
62622,1,300
62654,1,300
62703,1,300
62721,1,300
62747,1,300
62763,1,300
62788,1,300
62839,1,300
63002,1,300
63007,1,300
63030,1,300
63072,1,300
63094,1,300
63095,1,300
63126,1,300
63131,1,300
63149,1,300
63149,1,300
63186,1,300
63237,1,300
63286,1,300
63302,1,300
63304,1,300
63305,1,300
63307,1,300
63346,1,300
63400,1,300
63408,1,300
63465,1,300
63473,1,300
63489,1,300
63512,1,300
63519,1,300
63568,1,300
63612,1,300
63643,1,300
63687,1,300
63711,1,300
63784,1,300
63797,1,300
64037,1,300
64079,1,300
64122,1,300
64166,1,300
64181,1,300
64228,1,300
64232,1,300
64233,1,300
64285,1,300
64299,1,300
64332,1,300
64383,1,300
64390,1,300
64418,1,300
64418,1,300
64418,1,300
64427,1,300
64501,1,300
64511,1,300
64531,1,300
64571,1,300
64633,1,300
64640,1,300
64729,1,300
64759,1,300
64760,1,300
64914,1,300
64928,1,300
64933,1,300
64943,1,300
64964,1,300
65071,1,300
65130,1,300
65152,1,300
65196,1,300
65209,1,300
65235,1,300
65307,1,300
65371,1,300
65374,1,300
65392,1,300
65404,1,300
65412,1,300
65420,1,300
65445,1,300
65478,1,300
65508,1,300
65553,1,300
65607,1,300
65614,1,300
65642,1,300
65658,1,300
65724,1,300
65732,1,300
65745,1,300
65799,1,300
65950,1,300
65954,1,300
65991,1,300
66005,1,300
66021,1,300
66127,1,300
66141,1,300
66145,1,300
66153,1,300
66168,1,300
66169,1,300
66173,1,300
66175,1,300
66179,1,300
66207,1,300
66209,1,300
66254,1,300
66451,1,300
66479,1,300
66481,1,300
66558,1,300
66564,1,300
66575,1,300
66578,1,300
66689,1,300
66692,1,300
66715,1,300
66736,1,300
66739,1,300
66752,1,300
66802,1,300
66815,1,300
66821,1,300
66822,1,300
66839,1,300
66859,1,300
66907,1,300
66943,1,300
66944,1,300
67025,1,300
67036,1,300
67070,1,300
67079,1,300
67104,1,300
67121,1,300
67194,1,300
67194,1,300
67213,1,300
67283,1,300
67339,1,300
67360,1,300
67420,1,300
67547,1,300
67683,1,300
67697,1,300
67721,1,300
67745,1,300
67787,1,300
67807,1,300
67816,1,300
67841,1,300
67856,1,300
67900,1,300
67912,1,300
67919,1,300
67985,1,300
68013,1,300
68019,1,300
68042,1,300
68061,1,300
68078,1,300
68078,1,300
68083,1,300
68087,1,300
68197,1,300
68212,1,300
68256,1,300
68345,1,300
68401,1,300
68475,1,300
68510,1,300
68541,1,300
68550,1,300
68564,1,300
68618,1,300
68633,1,300
68652,1,300
68719,1,300
68764,1,300
68988,1,300
68993,1,300
69004,1,300
69020,1,300
69026,1,300
69034,1,300
69041,1,300
69067,1,300
69074,1,300
69075,1,300
69079,1,300
69093,1,300
69097,1,300
69109,1,300
69118,1,300
69139,1,300
69141,1,300
69142,1,300
69168,1,300
69183,1,300
69189,1,300
69198,1,300
69267,1,300
69282,1,300
69292,1,300
69343,1,300
69431,1,300
69523,1,300
69524,1,300
69532,1,300
69555,1,300
69567,1,300
69701,1,300
69705,1,300
69718,1,300
69732,1,300
69756,1,300
69791,1,300
69829,1,300
69982,1,300
69991,1,300
70033,1,300
70069,1,300
70080,1,300
70100,1,300
70135,1,300
70165,1,300
70191,1,300
70222,1,300
70272,1,300
70276,1,300
70283,1,300
70325,1,300
70382,1,300
70393,1,300
70442,1,300
70503,1,300
70520,1,300
70539,1,300
70553,1,300
70558,1,300
70577,1,300
70597,1,300
70620,1,300
70653,1,300
70731,1,300
70733,1,300
70769,1,300
70795,1,300
70833,1,300
70840,1,300
70858,1,300
70872,1,300
70877,1,300
70890,1,300
70908,1,300
70911,1,300
71056,1,300
71060,1,300
71065,1,300
71094,1,300
71104,1,300
71141,1,300
71143,1,300
71149,1,300
71150,1,300
71162,1,300
71163,1,300
71223,1,300
71243,1,300
71243,1,300
71272,1,300
71311,1,300
71346,1,300
71381,1,300
71413,1,300
71428,1,300
71467,1,300
71492,1,300
71506,1,300
71584,1,300
71671,1,300
71732,1,300
71821,1,300
71824,1,300
71909,1,300
71950,1,300
72007,1,300
72097,1,300
72180,1,300
72182,1,300
72276,1,300
72276,1,300
72299,1,300
72355,1,300
72380,1,300
72390,1,300
72462,1,300
72556,1,300
72618,1,300
72642,1,300
72655,1,300
72668,1,300
72670,1,300
72703,1,300
72712,1,300
72794,1,300
72796,1,300
72803,1,300
72824,1,300
72845,1,300
72854,1,300
72867,1,300
72904,1,300
72905,1,300
72922,1,300
72923,1,300
72983,1,300
72990,1,300
73001,1,300
73004,1,300
73029,1,300
73044,1,300
73181,1,300
73192,1,300
73216,1,300
73226,1,300
73255,1,300
73256,1,300
73307,1,300
73317,1,300
73370,1,300
73377,1,300
73417,1,300
73422,1,300
73426,1,300
73460,1,300
73472,1,300
73483,1,300
73486,1,300
73494,1,300
73504,1,300
73549,1,300
73611,1,300
73710,1,300
73733,1,300
73788,1,300
73876,1,300
73882,1,300
73934,1,300
74047,1,300
74053,1,300
74088,1,300
74112,1,300
74141,1,300
74141,1,300
74164,1,300
74166,1,300
74173,1,300
74182,1,300
74183,1,300
74221,1,300
74261,1,300
74268,1,300
74283,1,300
74310,1,300
74318,1,300
74319,1,300
74387,1,300
74436,1,300
74481,1,300
74537,1,300
74577,1,300
74578,1,300
74605,1,300
74642,1,300
74650,1,300
74670,1,300
74696,1,300
74701,1,300
74748,1,300
74754,1,300
74790,1,300
74798,1,300
75001,1,300
75016,1,300
75069,1,300
75086,1,300
75111,1,300
75122,1,300
75174,1,300
75177,1,300
75181,1,300
75229,1,300
75235,1,300
75302,1,300
75354,1,300
75449,1,300
75500,1,300
75567,1,300
75569,1,300
75574,1,300
75619,1,300
75619,1,300
75646,1,300
75654,1,300
75695,1,300
75701,1,300
75758,1,300
75772,1,300
75800,1,300
75847,1,300
75865,1,300
75897,1,300
75903,1,300
76022,1,300
76101,1,300
76110,1,300
76201,1,300
76211,1,300
76252,1,300
76264,1,300
76283,1,300
76303,1,300
76307,1,300
76319,1,300
76325,1,300
76330,1,300
76333,1,300
76356,1,300
76388,1,300
76402,1,300
76412,1,300
76446,1,300
76507,1,300
76518,1,300
76536,1,300
76575,1,300
76625,1,300
76691,1,300
76707,1,300
76720,1,300
76721,1,300
76765,1,300
76810,1,300
76827,1,300
76831,1,300
77007,1,300
77018,1,300
77027,1,300
77049,1,300
77067,1,300
77106,1,300
77167,1,300
77214,1,300
77235,1,300
77262,1,300
77346,1,300
77360,1,300
77383,1,300
77396,1,300
77396,1,300
77428,1,300
77437,1,300
77445,1,300
77448,1,300
77460,1,300
77542,1,300
77552,1,300
77592,1,300
77610,1,300
77617,1,300
77727,1,300
77738,1,300
77793,1,300
77822,1,300
77829,1,300
77848,1,300
78063,1,300
78099,1,300
78112,1,300
78122,1,300
78140,1,300
78191,1,300
78200,1,300
78219,1,300
78233,1,300
78271,1,300
78281,1,300
78312,1,300
78313,1,300
78372,1,300
78399,1,300
78407,1,300
78470,1,300
78498,1,300
78530,1,300
78531,1,300
78598,1,300
78609,1,300
78641,1,300
78701,1,300
78713,1,300
78734,1,300
78803,1,300
78883,1,300
78890,1,300
78967,1,300
79109,1,300
79131,1,300
79140,1,300
79158,1,300
79186,1,300
79207,1,300
79224,1,300
79237,1,300
79240,1,300
79257,1,300
79311,1,300
79316,1,300
79365,1,300
79418,1,300
79435,1,300
79440,1,300
79448,1,300
79471,1,300
79483,1,300
79486,1,300
79551,1,300
79633,1,300
79644,1,300
79665,1,300
79705,1,300
79726,1,300
79745,1,300
79756,1,300
79788,1,300
79796,1,300
79872,1,300
79892,1,300
79960,1,300
80006,1,300
80018,1,300
80035,1,300
80079,1,300
80120,1,300
80182,1,300
80240,1,300
80267,1,300
80309,1,300
80339,1,300
80350,1,300
80461,1,300
80464,1,300
80465,1,300
80478,1,300
80485,1,300
80609,1,300
80638,1,300
80656,1,300
80659,1,300
80678,1,300
80696,1,300
80703,1,300
80707,1,300
80714,1,300
80748,1,300
80826,1,300
80862,1,300
80863,1,300
80899,1,300
80928,1,300
80937,1,300
81029,1,300
81040,1,300
81044,1,300
81073,1,300
81103,1,300
81155,1,300
81337,1,300
81398,1,300
81428,1,300
81464,1,300
81599,1,300
81641,1,300
81645,1,300
81698,1,300
81833,1,300
81837,1,300
81848,1,300
81848,1,300
81918,1,300
82002,1,300
82024,1,300
82028,1,300
82050,1,300
82052,1,300
82074,1,300
82083,1,300
82097,1,300
82107,1,300
82144,1,300
82154,1,300
82194,1,300
82204,1,300
82219,1,300
82230,1,300
82234,1,300
82270,1,300
82273,1,300
82273,1,300
82349,1,300
82403,1,300
82424,1,300
82512,1,300
82545,1,300
82552,1,300
82559,1,300
82574,1,300
82583,1,300
82626,1,300
82655,1,300
82656,1,300
82782,1,300
82792,1,300
82804,1,300
82811,1,300
82811,1,300
82835,1,300
82849,1,300
82853,1,300
82930,1,300
83022,1,300
83060,1,300
83062,1,300
83095,1,300
83137,1,300
83160,1,300
83160,1,300
83163,1,300
83164,1,300
83198,1,300
83240,1,300
83286,1,300
83300,1,300
83323,1,300
83395,1,300
83443,1,300
83527,1,300
83530,1,300
83532,1,300
83620,1,300
83635,1,300
83654,1,300
83708,1,300
83709,1,300
83762,1,300
83775,1,300
83780,1,300
83793,1,300
83794,1,300
83863,1,300
83883,1,300
83900,1,300
83988,1,300
84014,1,300
84016,1,300
84021,1,300
84091,1,300
84128,1,300
84170,1,300
84217,1,300
84242,1,300
84299,1,300
84306,1,300
84408,1,300
84410,1,300
84442,1,300
84456,1,300
84463,1,300
84536,1,300
84564,1,300
84582,1,300
84633,1,300
84686,1,300
84734,1,300
84754,1,300
84808,1,300
84885,1,300
84945,1,300
84959,1,300
84995,1,300
85026,1,300
85047,1,300
85085,1,300
85090,1,300
85096,1,300
85100,1,300
85117,1,300
85141,1,300
85160,1,300
85183,1,300
85194,1,300
85213,1,300
85221,1,300
85252,1,300
85309,1,300
85329,1,300
85337,1,300
85367,1,300
85370,1,300
85394,1,300
85409,1,300
85473,1,300
85491,1,300
85492,1,300
85507,1,300
85577,1,300
85599,1,300
85675,1,300
85682,1,300
85738,1,300
85854,1,300
85856,1,300
85869,1,300
85909,1,300
85918,1,300
85972,1,300
85993,1,300
86025,1,300
86047,1,300
86054,1,300
86078,1,300
86155,1,300
86215,1,300
86224,1,300
86244,1,300
86276,1,300
86276,1,300
86325,1,300
86382,1,300
86484,1,300
86589,1,300
86590,1,300
86610,1,300
86636,1,300
86645,1,300
86661,1,300
86720,1,300
86730,1,300
86765,1,300
86872,1,300
86876,1,300
86885,1,300
86952,1,300
86983,1,300
87022,1,300
87041,1,300
87055,1,300
87060,1,300
87079,1,300
87104,1,300
87106,1,300
87107,1,300
87130,1,300
87138,1,300
87170,1,300
87252,1,300
87254,1,300
87287,1,300
87328,1,300
87341,1,300
87371,1,300
87384,1,300
87397,1,300
87398,1,300
87438,1,300
87507,1,300
87523,1,300
87584,1,300
87589,1,300
87593,1,300
87605,1,300
87634,1,300
87651,1,300
87674,1,300
87710,1,300
87913,1,300
87971,1,300
88000,1,300
88022,1,300
88055,1,300
88068,1,300
88081,1,300
88115,1,300
88154,1,300
88168,1,300
88212,1,300
88243,1,300
88280,1,300
88300,1,300
88420,1,300
88432,1,300
88528,1,300
88533,1,300
88591,1,300
88611,1,300
88618,1,300
88633,1,300
88653,1,300
88658,1,300
88672,1,300
88673,1,300
88682,1,300
88693,1,300
88698,1,300
88738,1,300
88787,1,300
88796,1,300
88800,1,300
88836,1,300
88842,1,300
88843,1,300
89060,1,300
89095,1,300
89207,1,300
89216,1,300
89304,1,300
89365,1,300
89374,1,300
89411,1,300
89501,1,300
89524,1,300
89527,1,300
89541,1,300
89590,1,300
89618,1,300
89686,1,300
89736,1,300
89778,1,300
89825,1,300
89851,1,300
89862,1,300
89869,1,300
89932,1,300
90005,1,300
90026,1,300
90058,1,300
90081,1,300
90099,1,300
90176,1,300
90240,1,300
90243,1,300
90261,1,300
90274,1,300
90278,1,300
90280,1,300
90321,1,300
90366,1,300
90383,1,300
90419,1,300
90429,1,300
90430,1,300
90453,1,300
90469,1,300
90502,1,300
90503,1,300
90506,1,300
90520,1,300
90604,1,300
90639,1,300
90666,1,300
90685,1,300
90691,1,300
90783,1,300
90785,1,300
90787,1,300
90797,1,300
90798,1,300
90799,1,300
90849,1,300
90877,1,300
90934,1,300
90935,1,300
90960,1,300
91003,1,300
91005,1,300
91033,1,300
91110,1,300
91115,1,300
91179,1,300
91179,1,300
91187,1,300
91199,1,300
91268,1,300
91279,1,300
91287,1,300
91333,1,300
91380,1,300
91387,1,300
91421,1,300
91424,1,300
91447,1,300
91477,1,300
91534,1,300
91548,1,300
91554,1,300
91560,1,300
91586,1,300
91665,1,300
91681,1,300
91687,1,300
91695,1,300
91704,1,300
91742,1,300
91793,1,300
92006,1,300
92022,1,300
92038,1,300
92043,1,300
92048,1,300
92063,1,300
92154,1,300
92179,1,300
92207,1,300
92209,1,300
92278,1,300
92299,1,300
92321,1,300
92325,1,300
92383,1,300
92557,1,300
92583,1,300
92593,1,300
92601,1,300
92616,1,300
92719,1,300
92804,1,300
92809,1,300
92866,1,300
92895,1,300
92926,1,300
92941,1,300
92952,1,300
92957,1,300
93020,1,300
93031,1,300
93041,1,300
93047,1,300
93050,1,300
93074,1,300
93083,1,300
93086,1,300
93127,1,300
93232,1,300
93258,1,300
93293,1,300
93332,1,300
93364,1,300
93365,1,300
93374,1,300
93389,1,300
93490,1,300
93542,1,300
93567,1,300
93600,1,300
93639,1,300
93654,1,300
93654,1,300
93655,1,300
93702,1,300
93707,1,300
93709,1,300
93710,1,300
93720,1,300
93745,1,300
93805,1,300
93817,1,300
93844,1,300
94054,1,300
94128,1,300
94288,1,300
94549,1,300
95019,1,300
95439,1,300
95454,1,300
95503,1,300
96004,1,300
96252,1,300
96449,1,300
96706,1,300
97339,1,300
97420,1,300
97456,1,300
97474,1,300
98637,1,300
98738,1,300
98870,1,300
98873,1,300
99255,1,300
100131,1,300
100151,1,300
100353,1,300
100591,1,300
101159,1,300
101234,1,300
101293,1,300
101436,1,300
101518,1,300
101913,1,300
102104,1,300
102721,1,300
102902,1,300
102979,1,300
103278,1,300
103471,1,300
103482,1,300
103495,1,300
103804,1,300
104101,1,300
104280,1,300
104315,1,300
104350,1,300
105204,1,300
105631,1,300
106052,1,300
106126,1,300
106388,1,300
106515,1,300
107020,1,300
107117,1,300
107140,1,300
107209,1,300
107300,1,300
107345,1,300
108075,1,300
108754,1,300
108942,1,300
109109,1,300
109132,1,300
109170,1,300
109366,1,300
109550,1,300
110339,1,300
110448,1,300
110625,1,300
110637,1,300
111060,1,300
111452,1,300
111459,1,300
112068,1,300
112279,1,300
112531,1,300
112618,1,300
113280,1,300
113499,1,300
114167,1,300
114274,1,300
114330,1,300
114588,1,300
114725,1,300
114760,1,300
115004,1,300
115080,1,300
115181,1,300
115247,1,300
116163,1,300
116317,1,300
116706,1,300
116845,1,300
117117,1,300
117291,1,300
117374,1,300
117377,1,300
118110,1,300
118113,1,300
118146,1,300
118452,1,300
119003,1,300
119025,1,300
119037,1,300
119148,1,300
120224,1,300
120269,1,300
120712,1,300
120741,1,300
121032,1,300
121158,1,300
121687,1,300
122246,1,300
122278,1,300
122378,1,300
122669,1,300
122786,1,300
123178,1,300
123402,1,300
123770,1,300
123792,1,300
124056,1,300
124803,1,300
124912,1,300
124925,1,300
125370,1,300
126039,1,300
126077,1,300
126207,1,300
126327,1,300
126393,1,300
126663,1,300
127049,1,300
127109,1,300
127527,1,300
127562,1,300
127686,1,300
128430,1,300
128565,1,300
129296,1,300
129365,1,300
129466,1,300
129982,1,300
130002,1,300
130024,1,300
130122,1,300
130143,1,300
130561,1,300
131027,1,300
131124,1,300
131190,1,300
131266,1,300
132611,1,300
132950,1,300
133018,1,300
133099,1,300
133152,1,300
133176,1,300
133821,1,300
133969,1,300
134296,1,300
134650,1,300
134902,1,300
135004,1,300
135333,1,300
135574,1,300
135756,1,300
136044,1,300
136343,1,300
136608,1,300
136823,1,300
137051,1,300
137145,1,300
137478,1,300
137668,1,300
138029,1,300
138402,1,300
138732,1,300
139012,1,300
139072,1,300
139098,1,300
139171,1,300
139242,1,300
139550,1,300
140380,1,300
140744,1,300
140815,1,300
141009,1,300
141092,1,300
141093,1,300
141115,1,300
141158,1,300
141158,1,300
141178,1,300
141270,1,300
141302,1,300
141312,1,300
141346,1,300
141472,1,300
141518,1,300
141644,1,300
141743,1,300
141751,1,300
141757,1,300
141800,1,300
141859,1,300
141865,1,300
141904,1,300
141909,1,300
141931,1,300
141932,1,300
141987,1,300
142012,1,300
142045,1,300
142072,1,300
142073,1,300
142090,1,300
142108,1,300
142115,1,300
142128,1,300
142138,1,300
142151,1,300
142181,1,300
142233,1,300
142233,1,300
142233,1,300
142243,1,300
142280,1,300
142361,1,300
142419,1,300
142419,1,300
142672,1,300
142690,1,300
142715,1,300
142727,1,300
142736,1,300
142762,1,300
142820,1,300
142841,1,300
142864,1,300
142883,1,300
142929,1,300
142934,1,300
142940,1,300
142944,1,300
142965,1,300
143010,1,300
143010,1,300
143023,1,300
143031,1,300
143033,1,300
143084,1,300
143110,1,300
143116,1,300
143167,1,300
143200,1,300
143212,1,300
143217,1,300
143247,1,300
143293,1,300
143348,1,300
143450,1,300
143564,1,300
143587,1,300
143605,1,300
143626,1,300
143651,1,300
143662,1,300
143701,1,300
143703,1,300
143767,1,300
143837,1,300
143844,1,300
143892,1,300
143893,1,300
143919,1,300
143934,1,300
143937,1,300
143940,1,300
143954,1,300
143960,1,300
143976,1,300
144006,1,300
144020,1,300
144023,1,300
144029,1,300
144042,1,300
144078,1,300
144163,1,300
144172,1,300
144176,1,300
144187,1,300
144197,1,300
144221,1,300
144228,1,300
144273,1,300
144285,1,300
144356,1,300
144364,1,300
144379,1,300
144423,1,300
144440,1,300
144447,1,300
144463,1,300
144478,1,300
144494,1,300
144508,1,300
144518,1,300
144539,1,300
144546,1,300
144572,1,300
144598,1,300
144604,1,300
144635,1,300
144669,1,300
145031,1,300
145047,1,300
145096,1,300
145099,1,300
145117,1,300
145125,1,300
145145,1,300
145247,1,300
145329,1,300
145379,1,300
145388,1,300
145406,1,300
145429,1,300
145436,1,300
145440,1,300
145462,1,300
145537,1,300
145571,1,300
145580,1,300
145582,1,300
145595,1,300
145606,1,300
145608,1,300
145634,1,300
145659,1,300
145669,1,300
145681,1,300
145742,1,300
145769,1,300
145835,1,300
145896,1,300
146021,1,300
146066,1,300
146112,1,300
146153,1,300
146155,1,300
146217,1,300
146274,1,300
146296,1,300
146370,1,300
146381,1,300
146381,1,300
146419,1,300
146450,1,300
146471,1,300
146493,1,300
146503,1,300
146523,1,300
146526,1,300
146545,1,300
146593,1,300
146635,1,300
146709,1,300
146719,1,300
146720,1,300
146752,1,300
146791,1,300
146811,1,300
146852,1,300
146874,1,300
146902,1,300
146971,1,300
147011,1,300
147035,1,300
147074,1,300
147076,1,300
147092,1,300
147132,1,300
147179,1,300
147262,1,300
147291,1,300
147304,1,300
147307,1,300
147318,1,300
147322,1,300
147341,1,300
147418,1,300
147423,1,300
147441,1,300
147445,1,300
147451,1,300
147454,1,300
147578,1,300
147660,1,300
147696,1,300
147700,1,300
147717,1,300
147730,1,300
147777,1,300
147782,1,300
147835,1,300
147856,1,300
147859,1,300
147921,1,300
148000,1,300
148007,1,300
148048,1,300
148070,1,300
148093,1,300
148097,1,300
148139,1,300
148154,1,300
148215,1,300
148225,1,300
148258,1,300
148286,1,300
148322,1,300
148324,1,300
148340,1,300
148348,1,300
148386,1,300
148449,1,300
148466,1,300
148487,1,300
148543,1,300
148554,1,300
148567,1,300
148601,1,300
148605,1,300
148687,1,300
148692,1,300
148750,1,300
148752,1,300
148778,1,300
148800,1,300
148818,1,300
149017,1,300
149040,1,300
149067,1,300
149087,1,300
149160,1,300
149213,1,300
149231,1,300
149246,1,300
149251,1,300
149268,1,300
149289,1,300
149302,1,300
149320,1,300
149365,1,300
149387,1,300
149403,1,300
149421,1,300
149500,1,300
149510,1,300
149520,1,300
149543,1,300
149547,1,300
149560,1,300
149632,1,300
149691,1,300
149693,1,300
149775,1,300
149781,1,300
149796,1,300
149803,1,300
149873,1,300
149878,1,300
150032,1,300
150066,1,300
150113,1,300
150134,1,300
150145,1,300
150149,1,300
150175,1,300
150218,1,300
150260,1,300
150297,1,300
150322,1,300
150327,1,300
150389,1,300
150424,1,300
150444,1,300
150448,1,300
150468,1,300
150520,1,300
150526,1,300
150534,1,300
150550,1,300
150626,1,300
150704,1,300
150734,1,300
150765,1,300
150785,1,300
150806,1,300
150827,1,300
150940,1,300
150990,1,300
151003,1,300
151019,1,300
151026,1,300
151066,1,300
151138,1,300
151173,1,300
151202,1,300
151253,1,300
151311,1,300
151328,1,300
151329,1,300
151374,1,300
151392,1,300
151396,1,300
151431,1,300
151512,1,300
151541,1,300
151552,1,300
151564,1,300
151567,1,300
151570,1,300
151591,1,300
151628,1,300
151645,1,300
151653,1,300
151656,1,300
151696,1,300
151719,1,300
151765,1,300
151780,1,300
151800,1,300
151839,1,300
151865,1,300
151890,1,300
152018,1,300
152025,1,300
152100,1,300
152108,1,300
152129,1,300
152200,1,300
152247,1,300
152287,1,300
152336,1,300
152340,1,300
152384,1,300
152392,1,300
152430,1,300
152448,1,300
152449,1,300
152463,1,300
152463,1,300
152475,1,300
152486,1,300
152551,1,300
152569,1,300
152591,1,300
152623,1,300
152655,1,300
152734,1,300
152735,1,300
152748,1,300
152832,1,300
152879,1,300
152916,1,300
152951,1,300
152957,1,300
153018,1,300
153065,1,300
153068,1,300
153071,1,300
153080,1,300
153198,1,300
153249,1,300
153280,1,300
153283,1,300
153290,1,300
153365,1,300
153430,1,300
153434,1,300
153452,1,300
153457,1,300
153530,1,300
153565,1,300
153666,1,300
153728,1,300
153754,1,300
153788,1,300
153807,1,300
153814,1,300
153816,1,300
153819,1,300
153831,1,300
153865,1,300
153870,1,300
153886,1,300
153895,1,300
153901,1,300
154034,1,300
154060,1,300
154079,1,300
154113,1,300
154147,1,300
154157,1,300
154157,1,300
154213,1,300
154227,1,300
154264,1,300
154376,1,300
154400,1,300
154413,1,300
154493,1,300
154562,1,300
154594,1,300
154610,1,300
154627,1,300
154651,1,300
154690,1,300
154738,1,300
154769,1,300
154815,1,300
154844,1,300
154867,1,300
154897,1,300
154907,1,300
154907,1,300
154911,1,300
154919,1,300
154940,1,300
155007,1,300
155016,1,300
155051,1,300
155060,1,300
155080,1,300
155166,1,300
155187,1,300
155239,1,300
155248,1,300
155276,1,300
155282,1,300
155307,1,300
155335,1,300
155345,1,300
155428,1,300
155538,1,300
155559,1,300
155559,1,300
155605,1,300
155613,1,300
155644,1,300
155651,1,300
155664,1,300
155673,1,300
155739,1,300
155745,1,300
155766,1,300
155811,1,300
155868,1,300
155897,1,300
155942,1,300
156000,1,300
156001,1,300
156006,1,300
156018,1,300
156025,1,300
156093,1,300
156094,1,300
156095,1,300
156104,1,300
156232,1,300
156307,1,300
156371,1,300
156403,1,300
156431,1,300
156433,1,300
156437,1,300
156534,1,300
156544,1,300
156594,1,300
156637,1,300
156671,1,300
156680,1,300
156690,1,300
156746,1,300
156748,1,300
156763,1,300
156802,1,300
156805,1,300
156812,1,300
156838,1,300
156848,1,300
157035,1,300
157077,1,300
157087,1,300
157090,1,300
157121,1,300
157141,1,300
157147,1,300
157222,1,300
157277,1,300
157297,1,300
157302,1,300
157313,1,300
157314,1,300
157351,1,300
157369,1,300
157384,1,300
157428,1,300
157455,1,300
157460,1,300
157478,1,300
157495,1,300
157516,1,300
157535,1,300
157626,1,300
157661,1,300
157692,1,300
157705,1,300
157736,1,300
157747,1,300
157783,1,300
157814,1,300
157838,1,300
158039,1,300
158058,1,300
158077,1,300
158077,1,300
158082,1,300
158097,1,300
158112,1,300
158139,1,300
158142,1,300
158178,1,300
158192,1,300
158213,1,300
158227,1,300
158234,1,300
158234,1,300
158267,1,300
158352,1,300
158398,1,300
158439,1,300
158554,1,300
158568,1,300
158665,1,300
158688,1,300
158690,1,300
158708,1,300
158725,1,300
158733,1,300
158842,1,300
158883,1,300
158883,1,300
158893,1,300
158923,1,300
159081,1,300
159106,1,300
159134,1,300
159158,1,300
159162,1,300
159196,1,300
159199,1,300
159274,1,300
159319,1,300
159348,1,300
159366,1,300
159384,1,300
159405,1,300
159408,1,300
159449,1,300
159458,1,300
159480,1,300
159526,1,300
159558,1,300
159580,1,300
159590,1,300
159592,1,300
159608,1,300
159611,1,300
159670,1,300
159688,1,300
159748,1,300
159857,1,300
159888,1,300
160012,1,300
160065,1,300
160073,1,300
160078,1,300
160079,1,300
160136,1,300
160158,1,300
160161,1,300
160166,1,300
160194,1,300
160240,1,300
160318,1,300
160454,1,300
160506,1,300
160535,1,300
160549,1,300
160586,1,300
160617,1,300
160642,1,300
160657,1,300
160673,1,300
160678,1,300
160713,1,300
160725,1,300
160734,1,300
160741,1,300
160798,1,300
160844,1,300
160884,1,300
160906,1,300
160922,1,300
160933,1,300
160941,1,300
161021,1,300
161032,1,300
161038,1,300
161045,1,300
161060,1,300
161061,1,300
161086,1,300
161096,1,300
161104,1,300
161128,1,300
161209,1,300
161237,1,300
161256,1,300
161282,1,300
161310,1,300
161318,1,300
161327,1,300
161421,1,300
161424,1,300
161447,1,300
161455,1,300
161470,1,300
161486,1,300
161537,1,300
161542,1,300
161654,1,300
161669,1,300
161694,1,300
161757,1,300
161762,1,300
161766,1,300
161794,1,300
161899,1,300
162036,1,300
162070,1,300
162075,1,300
162082,1,300
162108,1,300
162115,1,300
162187,1,300
162231,1,300
162300,1,300
162326,1,300
162351,1,300
162365,1,300
162367,1,300
162399,1,300
162411,1,300
162467,1,300
162477,1,300
162519,1,300
162528,1,300
162569,1,300
162679,1,300
162683,1,300
162686,1,300
162794,1,300
162819,1,300
162833,1,300
162837,1,300
162845,1,300
162973,1,300
162983,1,300
162995,1,300
163021,1,300
163055,1,300
163079,1,300
163167,1,300
163178,1,300
163186,1,300
163205,1,300
163230,1,300
163239,1,300
163358,1,300
163367,1,300
163427,1,300
163445,1,300
163521,1,300
163569,1,300
163685,1,300
163719,1,300
163733,1,300
163760,1,300
163844,1,300
163857,1,300
163863,1,300
163920,1,300
163929,1,300
163992,1,300
164027,1,300
164072,1,300
164124,1,300
164134,1,300
164207,1,300
164231,1,300
164248,1,300
164264,1,300
164283,1,300
164299,1,300
164358,1,300
164395,1,300
164426,1,300
164441,1,300
164451,1,300
164499,1,300
164512,1,300
164532,1,300
164588,1,300
164675,1,300
164686,1,300
164748,1,300
164749,1,300
164780,1,300
164793,1,300
164865,1,300
164889,1,300
164905,1,300
164919,1,300
164948,1,300
164948,1,300
165002,1,300
165005,1,300
165030,1,300
165048,1,300
165057,1,300
165092,1,300
165098,1,300
165099,1,300
165110,1,300
165128,1,300
165150,1,300
165157,1,300
165166,1,300
165193,1,300
165212,1,300
165217,1,300
165227,1,300
165259,1,300
165272,1,300
165304,1,300
165315,1,300
165323,1,300
165406,1,300
165409,1,300
165413,1,300
165416,1,300
165426,1,300
165491,1,300
165577,1,300
165606,1,300
165645,1,300
165649,1,300
165705,1,300
165858,1,300
165927,1,300
165941,1,300
165947,1,300
166007,1,300
166016,1,300
166064,1,300
166072,1,300
166082,1,300
166082,1,300
166117,1,300
166127,1,300
166205,1,300
166223,1,300
166330,1,300
166381,1,300
166388,1,300
166403,1,300
166441,1,300
166471,1,300
166495,1,300
166570,1,300
166582,1,300
166654,1,300
166669,1,300
166685,1,300
166692,1,300
166718,1,300
166731,1,300
166753,1,300
166810,1,300
166834,1,300
166859,1,300
167024,1,300
167025,1,300
167059,1,300
167066,1,300
167076,1,300
167091,1,300
167121,1,300
167138,1,300
167218,1,300
167246,1,300
167276,1,300
167282,1,300
167282,1,300
167298,1,300
167317,1,300
167426,1,300
167444,1,300
167462,1,300
167463,1,300
167503,1,300
167539,1,300
167547,1,300
167606,1,300
167645,1,300
167688,1,300
167704,1,300
167749,1,300
167777,1,300
167814,1,300
167819,1,300
167853,1,300
167862,1,300
167873,1,300
167915,1,300
167971,1,300
167984,1,300
168012,1,300
168017,1,300
168036,1,300
168044,1,300
168069,1,300
168137,1,300
168185,1,300
168195,1,300
168203,1,300
168273,1,300
168281,1,300
168308,1,300
168318,1,300
168321,1,300
168329,1,300
168382,1,300
168457,1,300
168524,1,300
168526,1,300
168535,1,300
168543,1,300
168545,1,300
168561,1,300
168584,1,300
168647,1,300
168657,1,300
168661,1,300
168691,1,300
168693,1,300
168697,1,300
168713,1,300
168717,1,300
168736,1,300
169061,1,300
169122,1,300
169124,1,300
169224,1,300
169241,1,300
169342,1,300
169371,1,300
169419,1,300
169444,1,300
169511,1,300
169528,1,300
169548,1,300
169573,1,300
169601,1,300
169606,1,300
169647,1,300
169652,1,300
169682,1,300
169689,1,300
169747,1,300
169772,1,300
169790,1,300
169876,1,300
169900,1,300
169921,1,300
169924,1,300
169939,1,300
169986,1,300
170015,1,300
170024,1,300
170026,1,300
170095,1,300
170113,1,300
170143,1,300
170156,1,300
170163,1,300
170164,1,300
170183,1,300
170193,1,300
170218,1,300
170229,1,300
170253,1,300
170254,1,300
170297,1,300
170298,1,300
170320,1,300
170334,1,300
170398,1,300
170421,1,300
170422,1,300
170439,1,300
170466,1,300
170478,1,300
170481,1,300
170616,1,300
170630,1,300
170651,1,300
170654,1,300
170692,1,300
170700,1,300
170711,1,300
170751,1,300
170754,1,300
170766,1,300
170783,1,300
171022,1,300
171168,1,300
171212,1,300
171235,1,300
171262,1,300
171306,1,300
171329,1,300
171335,1,300
171359,1,300
171361,1,300
171431,1,300
171436,1,300
171597,1,300
171643,1,300
171657,1,300
171661,1,300
171685,1,300
171700,1,300
171711,1,300
171719,1,300
171790,1,300
171807,1,300
171849,1,300
171852,1,300
171888,1,300
171892,1,300
171911,1,300
171958,1,300
171993,1,300
172032,1,300
172032,1,300
172037,1,300
172070,1,300
172076,1,300
172100,1,300
172129,1,300
172175,1,300
172183,1,300
172185,1,300
172188,1,300
172196,1,300
172207,1,300
172240,1,300
172246,1,300
172316,1,300
172351,1,300
172423,1,300
172426,1,300
172486,1,300
172533,1,300
172555,1,300
172555,1,300
172592,1,300
172633,1,300
172634,1,300
172644,1,300
172654,1,300
172681,1,300
172744,1,300
172752,1,300
172755,1,300
172772,1,300
172783,1,300
172810,1,300
173060,1,300
173124,1,300
173124,1,300
173203,1,300
173226,1,300
173265,1,300
173266,1,300
173322,1,300
173331,1,300
173337,1,300
173435,1,300
173443,1,300
173470,1,300
173479,1,300
173552,1,300
173554,1,300
173599,1,300
173617,1,300
173664,1,300
173705,1,300
173720,1,300
173732,1,300
173799,1,300
173877,1,300
173885,1,300
173941,1,300
174049,1,300
174103,1,300
174111,1,300
174137,1,300
174140,1,300
174148,1,300
174161,1,300
174192,1,300
174203,1,300
174226,1,300
174238,1,300
174241,1,300
174244,1,300
174252,1,300
174255,1,300
174317,1,300
174337,1,300
174384,1,300
174416,1,300
174426,1,300
174515,1,300
174525,1,300
174528,1,300
174590,1,300
174601,1,300
174620,1,300
174698,1,300
174725,1,300
174780,1,300
174789,1,300
174809,1,300
174835,1,300
174840,1,300
174968,1,300
174989,1,300
175012,1,300
175047,1,300
175053,1,300
175100,1,300
175109,1,300
175137,1,300
175150,1,300
175163,1,300
175208,1,300
175253,1,300
175281,1,300
175363,1,300
175363,1,300
175364,1,300
175388,1,300
175393,1,300
175412,1,300
175417,1,300
175492,1,300
175506,1,300
175526,1,300
175564,1,300
175591,1,300
175653,1,300
175665,1,300
175718,1,300
175791,1,300
175801,1,300
175868,1,300
175883,1,300
175945,1,300
175983,1,300
175998,1,300
176005,1,300
176014,1,300
176048,1,300
176110,1,300
176151,1,300
176185,1,300
176267,1,300
176293,1,300
176296,1,300
176347,1,300
176349,1,300
176376,1,300
176376,1,300
176448,1,300
176448,1,300
176451,1,300
176484,1,300
176578,1,300
176603,1,300
176619,1,300
176677,1,300
176687,1,300
176691,1,300
176698,1,300
176804,1,300
176806,1,300
176823,1,300
176833,1,300
176835,1,300
176932,1,300
176939,1,300
177025,1,300
177104,1,300
177142,1,300
177269,1,300
177297,1,300
177307,1,300
177330,1,300
177333,1,300
177340,1,300
177349,1,300
177401,1,300
177411,1,300
177414,1,300
177429,1,300
177459,1,300
177522,1,300
177539,1,300
177555,1,300
177587,1,300
177594,1,300
177615,1,300
177622,1,300
177657,1,300
177662,1,300
177716,1,300
177729,1,300
177745,1,300
177751,1,300
177797,1,300
177826,1,300
177834,1,300
178034,1,300
178051,1,300
178084,1,300
178089,1,300
178167,1,300
178251,1,300
178263,1,300
178288,1,300
178289,1,300
178316,1,300
178347,1,300
178350,1,300
178353,1,300
178371,1,300
178382,1,300
178416,1,300
178432,1,300
178450,1,300
178456,1,300
178497,1,300
178580,1,300
178617,1,300
178621,1,300
178630,1,300
178642,1,300
178658,1,300
178700,1,300
178740,1,300
178778,1,300
178779,1,300
178817,1,300
178822,1,300
179032,1,300
179052,1,300
179112,1,300
179141,1,300
179144,1,300
179165,1,300
179168,1,300
179180,1,300
179225,1,300
179230,1,300
179302,1,300
179304,1,300
179326,1,300
179328,1,300
179364,1,300
179381,1,300
179419,1,300
179493,1,300
179528,1,300
179544,1,300
179550,1,300
179580,1,300
179583,1,300
179588,1,300
179644,1,300
179674,1,300
179737,1,300
179765,1,300
179803,1,300
179840,1,300
179910,1,300
180012,1,300
180016,1,300
180020,1,300
180025,1,300
180129,1,300
180197,1,300
180213,1,300
180220,1,300
180248,1,300
180248,1,300
180269,1,300
180319,1,300
180381,1,300
180439,1,300
180508,1,300
180557,1,300
180593,1,300
180611,1,300
180612,1,300
180651,1,300
180742,1,300
180787,1,300
180836,1,300
180884,1,300
180958,1,300
181091,1,300
181165,1,300
181169,1,300
181197,1,300
181224,1,300
181225,1,300
181233,1,300
181233,1,300
181247,1,300
181248,1,300
181284,1,300
181289,1,300
181333,1,300
181401,1,300
181493,1,300
181537,1,300
181635,1,300
181641,1,300
181673,1,300
181713,1,300
181719,1,300
181798,1,300
181865,1,300
181875,1,300
181913,1,300
181922,1,300
181942,1,300
181970,1,300
181990,1,300
182019,1,300
182035,1,300
182055,1,300
182064,1,300
182064,1,300
182114,1,300
182114,1,300
182128,1,300
182129,1,300
182144,1,300
182147,1,300
182161,1,300
182167,1,300
182168,1,300
182200,1,300
182210,1,300
182214,1,300
182217,1,300
182244,1,300
182262,1,300
182266,1,300
182273,1,300
182288,1,300
182305,1,300
182355,1,300
182396,1,300
182432,1,300
182453,1,300
182559,1,300
182571,1,300
182577,1,300
182590,1,300
182605,1,300
182675,1,300
182714,1,300
182737,1,300
182766,1,300
182786,1,300
182842,1,300
182910,1,300
182922,1,300
182953,1,300
183122,1,300
183128,1,300
183170,1,300
183195,1,300
183207,1,300
183326,1,300
183334,1,300
183381,1,300
183397,1,300
183397,1,300
183402,1,300
183404,1,300
183463,1,300
183488,1,300
183578,1,300
183620,1,300
183623,1,300
183682,1,300
183697,1,300
183704,1,300
183733,1,300
183743,1,300
183760,1,300
183770,1,300
183772,1,300
183791,1,300
183802,1,300
183805,1,300
183897,1,300
183971,1,300
184030,1,300
184081,1,300
184093,1,300
184112,1,300
184118,1,300
184144,1,300
184150,1,300
184160,1,300
184176,1,300
184181,1,300
184223,1,300
184253,1,300
184261,1,300
184287,1,300
184287,1,300
184292,1,300
184315,1,300
184392,1,300
184402,1,300
184404,1,300
184425,1,300
184443,1,300
184457,1,300
184579,1,300
184599,1,300
184604,1,300
184617,1,300
184651,1,300
184687,1,300
184713,1,300
184723,1,300
184750,1,300
184773,1,300
184797,1,300
185061,1,300
185082,1,300
185143,1,300
185196,1,300
185223,1,300
185314,1,300
185319,1,300
185340,1,300
185345,1,300
185407,1,300
185570,1,300
185579,1,300
185670,1,300
185671,1,300
185685,1,300
185691,1,300
185718,1,300
185768,1,300
185809,1,300
185846,1,300
185851,1,300
185917,1,300
185957,1,300
185980,1,300
185992,1,300
186003,1,300
186014,1,300
186022,1,300
186069,1,300
186071,1,300
186074,1,300
186102,1,300
186103,1,300
186118,1,300
186156,1,300
186165,1,300
186183,1,300
186248,1,300
186311,1,300
186338,1,300
186338,1,300
186370,1,300
186457,1,300
186462,1,300
186465,1,300
186477,1,300
186481,1,300
186581,1,300
186629,1,300
186633,1,300
186684,1,300
186725,1,300
186772,1,300
186795,1,300
186845,1,300
186849,1,300
186903,1,300
186930,1,300
186943,1,300
186962,1,300
186980,1,300
187000,1,300
187005,1,300
187085,1,300
187089,1,300
187094,1,300
187099,1,300
187112,1,300
187183,1,300
187264,1,300
187345,1,300
187360,1,300
187413,1,300
187441,1,300
187480,1,300
187490,1,300
187583,1,300
187591,1,300
187597,1,300
187609,1,300
187730,1,300
187816,1,300
187837,1,300
187881,1,300
187914,1,300
187931,1,300
187944,1,300
187944,1,300
187946,1,300
187959,1,300
187959,1,300
187977,1,300
188001,1,300
188003,1,300
188004,1,300
188013,1,300
188033,1,300
188037,1,300
188062,1,300
188117,1,300
188367,1,300
188571,1,300
189009,1,300
189339,1,300
189810,1,300
190111,1,300
190324,1,300
190528,1,300
190968,1,300
191044,1,300
191056,1,300
191100,1,300
191243,1,300
191245,1,300
192253,1,300
192312,1,300
192313,1,300
192540,1,300
193028,1,300
193048,1,300
193191,1,300
193556,1,300
194065,1,300
194825,1,300
194860,1,300
194893,1,300
195023,1,300
195150,1,300
195479,1,300
195635,1,300
196165,1,300
196367,1,300
196664,1,300
197270,1,300
197435,1,300
198043,1,300
198183,1,300
198631,1,300
198639,1,300
198733,1,300
198923,1,300
199043,1,300
199048,1,300
199227,1,300
199412,1,300
200152,1,300
200164,1,300
200243,1,300
200256,1,300
201059,1,300
201061,1,300
201211,1,300
201778,1,300
202019,1,300
202454,1,300
202991,1,300
203120,1,300
203296,1,300
203778,1,300
203787,1,300
203813,1,300
204293,1,300
204310,1,300
204401,1,300
204515,1,300
205199,1,300
205239,1,300
205292,1,300
205598,1,300
206108,1,300
206346,1,300
206395,1,300
206474,1,300
207549,1,300
208294,1,300
208305,1,300
208370,1,300
208412,1,300
208472,1,300
208557,1,300
208631,1,300
209267,1,300
209404,1,300
209731,1,300
210216,1,300
210591,1,300
210655,1,300
210721,1,300
211294,1,300
211467,1,300
211542,1,300
211609,1,300
212048,1,300
212103,1,300
212135,1,300
212468,1,300
213808,1,300
214000,1,300
214001,1,300
214031,1,300
214273,1,300
214333,1,300
214500,1,300
214555,1,300
215134,1,300
215308,1,300
215498,1,300
216313,1,300
216826,1,300
216985,1,300
217175,1,300
217188,1,300
217329,1,300
217526,1,300
217527,1,300
217722,1,300
218031,1,300
218468,1,300
219187,1,300
219442,1,300
219512,1,300
219625,1,300
219692,1,300
220232,1,300
220376,1,300
220413,1,300
220666,1,300
220690,1,300
221144,1,300
221284,1,300
221334,1,300
221401,1,300
222397,1,300
222622,1,300
222637,1,300
223064,1,300
223117,1,300
223370,1,300
223420,1,300
223446,1,300
224175,1,300
224223,1,300
224659,1,300
224818,1,300
225437,1,300
225545,1,300
225577,1,300
226357,1,300
227210,1,300
227235,1,300
227375,1,300
227684,1,300
227747,1,300
227754,1,300
227756,1,300
228426,1,300
228669,1,300
229121,1,300
229217,1,300
229394,1,300
229469,1,300
229591,1,300
229591,1,300
230139,1,300
230254,1,300
230262,1,300
230724,1,300
231286,1,300
231294,1,300
231791,1,300
231997,1,300
232070,1,300
232464,1,300
232467,1,300
232778,1,300
233050,1,300
233115,1,300
233301,1,300
233452,1,300
234183,1,300
234377,1,300
234753,1,300
234928,1,300
235166,1,300
235337,1,300
235347,1,300
235365,1,300
235444,1,300
235455,1,300
235496,1,300
235553,1,300
235568,1,300
235570,1,300
235587,1,300
235647,1,300
235651,1,300
235730,1,300
235738,1,300
235760,1,300
235881,1,300
235882,1,300
235945,1,300
235963,1,300
235967,1,300
236002,1,300
236106,1,300
236107,1,300
236127,1,300
236145,1,300
236145,1,300
236168,1,300
236187,1,300
236194,1,300
236217,1,300
236232,1,300
236247,1,300
236249,1,300
236271,1,300
236277,1,300
236339,1,300
236348,1,300
236365,1,300
236388,1,300
236395,1,300
236401,1,300
236418,1,300
236421,1,300
236429,1,300
236441,1,300
236455,1,300
236463,1,300
236491,1,300
236492,1,300
236514,1,300
236549,1,300
236561,1,300
236573,1,300
236616,1,300
236618,1,300
236637,1,300
236639,1,300
236665,1,300
236670,1,300
236673,1,300
236712,1,300
236717,1,300
237032,1,300
237057,1,300
237088,1,300
237110,1,300
237112,1,300
237131,1,300
237143,1,300
237214,1,300
237256,1,300
237275,1,300
237286,1,300
237398,1,300
237403,1,300
237427,1,300
237434,1,300
237440,1,300
237494,1,300
237512,1,300
237528,1,300
237556,1,300
237557,1,300
237570,1,300
237572,1,300
237596,1,300
237632,1,300
237646,1,300
237666,1,300
237719,1,300
237773,1,300
237812,1,300
237821,1,300
237826,1,300
238046,1,300
238076,1,300
238104,1,300
238122,1,300
238137,1,300
238145,1,300
238163,1,300
238195,1,300
238214,1,300
238228,1,300
238237,1,300
238321,1,300
238345,1,300
238361,1,300
238387,1,300
238388,1,300
238408,1,300
238471,1,300
238494,1,300
238500,1,300
238524,1,300
238636,1,300
238677,1,300
238681,1,300
238760,1,300
238762,1,300
238789,1,300
238802,1,300
238838,1,300
238924,1,300
238933,1,300
238970,1,300
239000,1,300
239011,1,300
239039,1,300
239046,1,300
239105,1,300
239106,1,300
239115,1,300
239123,1,300
239171,1,300
239185,1,300
239257,1,300
239291,1,300
239338,1,300
239349,1,300
239350,1,300
239352,1,300
239358,1,300
239364,1,300
239401,1,300
239500,1,300
239504,1,300
239521,1,300
239587,1,300
239601,1,300
239642,1,300
239738,1,300
239753,1,300
239780,1,300
239786,1,300
239802,1,300
239893,1,300
239907,1,300
239917,1,300
240030,1,300
240033,1,300
240056,1,300
240058,1,300
240067,1,300
240069,1,300
240092,1,300
240126,1,300
240132,1,300
240165,1,300
240181,1,300
240188,1,300
240200,1,300
240372,1,300
240380,1,300
240401,1,300
240433,1,300
240491,1,300
240590,1,300
240612,1,300
240614,1,300
240626,1,300
240635,1,300
240739,1,300
240774,1,300
240780,1,300
240781,1,300
240842,1,300
240847,1,300
240939,1,300
241004,1,300
241004,1,300
241039,1,300
241097,1,300
241097,1,300
241198,1,300
241204,1,300
241205,1,300
241234,1,300
241243,1,300
241258,1,300
241416,1,300
241439,1,300
241476,1,300
241510,1,300
241515,1,300
241524,1,300
241593,1,300
241593,1,300
241702,1,300
241773,1,300
241795,1,300
241805,1,300
241807,1,300
241841,1,300
241883,1,300
241892,1,300
241915,1,300
241940,1,300
241989,1,300
241996,1,300
242010,1,300
242122,1,300
242177,1,300
242196,1,300
242203,1,300
242241,1,300
242264,1,300
242270,1,300
242326,1,300
242342,1,300
242346,1,300
242383,1,300
242435,1,300
242474,1,300
242475,1,300
242611,1,300
242626,1,300
242696,1,300
242706,1,300
242725,1,300
242753,1,300
242794,1,300
242825,1,300
242838,1,300
242855,1,300
242882,1,300
242924,1,300
242932,1,300
242936,1,300
242984,1,300
242989,1,300
243002,1,300
243006,1,300
243030,1,300
243075,1,300
243078,1,300
243081,1,300
243119,1,300
243165,1,300
243191,1,300
243208,1,300
243219,1,300
243307,1,300
243317,1,300
243360,1,300
243426,1,300
243464,1,300
243519,1,300
243524,1,300
243533,1,300
243709,1,300
243718,1,300
243721,1,300
243723,1,300
243729,1,300
243740,1,300
243745,1,300
243768,1,300
243852,1,300
243852,1,300
243856,1,300
243861,1,300
243875,1,300
243897,1,300
243908,1,300
244033,1,300
244105,1,300
244114,1,300
244115,1,300
244140,1,300
244164,1,300
244166,1,300
244212,1,300
244217,1,300
244248,1,300
244276,1,300
244339,1,300
244356,1,300
244378,1,300
244505,1,300
244544,1,300
244586,1,300
244622,1,300
244703,1,300
244739,1,300
244749,1,300
244795,1,300
244895,1,300
244898,1,300
244913,1,300
244928,1,300
244956,1,300
245037,1,300
245063,1,300
245073,1,300
245078,1,300
245085,1,300
245091,1,300
245099,1,300
245141,1,300
245146,1,300
245151,1,300
245152,1,300
245157,1,300
245161,1,300
245163,1,300
245199,1,300
245201,1,300
245253,1,300
245256,1,300
245278,1,300
245287,1,300
245323,1,300
245345,1,300
245368,1,300
245375,1,300
245383,1,300
245423,1,300
245441,1,300
245465,1,300
245474,1,300
245496,1,300
245569,1,300
245584,1,300
245599,1,300
245622,1,300
245676,1,300
245699,1,300
245708,1,300
246085,1,300
246098,1,300
246160,1,300
246173,1,300
246184,1,300
246195,1,300
246266,1,300
246332,1,300
246351,1,300
246415,1,300
246434,1,300
246493,1,300
246493,1,300
246526,1,300
246528,1,300
246531,1,300
246548,1,300
246633,1,300
246704,1,300
246717,1,300
246889,1,300
246893,1,300
246950,1,300
246973,1,300
247015,1,300
247023,1,300
247030,1,300
247038,1,300
247045,1,300
247069,1,300
247094,1,300
247114,1,300
247125,1,300
247131,1,300
247156,1,300
247202,1,300
247214,1,300
247296,1,300
247322,1,300
247419,1,300
247434,1,300
247487,1,300
247586,1,300
247602,1,300
247625,1,300
247641,1,300
247644,1,300
247664,1,300
247677,1,300
247779,1,300
247781,1,300
247801,1,300
247858,1,300
247863,1,300
247866,1,300
247963,1,300
247994,1,300
248005,1,300
248038,1,300
248045,1,300
248050,1,300
248061,1,300
248064,1,300
248067,1,300
248076,1,300
248093,1,300
248117,1,300
248131,1,300
248167,1,300
248176,1,300
248185,1,300
248191,1,300
248197,1,300
248205,1,300
248224,1,300
248270,1,300
248274,1,300
248278,1,300
248281,1,300
248309,1,300
248338,1,300
248356,1,300
248411,1,300
248438,1,300
248635,1,300
248662,1,300
248679,1,300
248741,1,300
248754,1,300
248802,1,300
248890,1,300
248900,1,300
248977,1,300
249001,1,300
249021,1,300
249040,1,300
249055,1,300
249082,1,300
249094,1,300
249125,1,300
249128,1,300
249131,1,300
249193,1,300
249215,1,300
249247,1,300
249267,1,300
249269,1,300
249312,1,300
249313,1,300
249336,1,300
249344,1,300
249365,1,300
249368,1,300
249384,1,300
249433,1,300
249458,1,300
249503,1,300
249662,1,300
249694,1,300
249712,1,300
249746,1,300
249770,1,300
249779,1,300
249871,1,300
249888,1,300
249919,1,300
249941,1,300
250027,1,300
250035,1,300
250051,1,300
250110,1,300
250135,1,300
250155,1,300
250284,1,300
250310,1,300
250363,1,300
250403,1,300
250436,1,300
250513,1,300
250598,1,300
250686,1,300
250761,1,300
250784,1,300
250801,1,300
250838,1,300
250913,1,300
250947,1,300
250949,1,300
250957,1,300
251003,1,300
251021,1,300
251022,1,300
251028,1,300
251029,1,300
251033,1,300
251038,1,300
251070,1,300
251094,1,300
251129,1,300
251133,1,300
251142,1,300
251163,1,300
251180,1,300
251184,1,300
251224,1,300
251266,1,300
251282,1,300
251283,1,300
251292,1,300
251299,1,300
251326,1,300
251366,1,300
251387,1,300
251390,1,300
251405,1,300
251422,1,300
251466,1,300
251483,1,300
251564,1,300
251565,1,300
251567,1,300
251587,1,300
251601,1,300
251675,1,300
251685,1,300
251815,1,300
251859,1,300
251868,1,300
251872,1,300
251880,1,300
251938,1,300
252014,1,300
252068,1,300
252079,1,300
252122,1,300
252181,1,300
252209,1,300
252215,1,300
252255,1,300
252395,1,300
252409,1,300
252412,1,300
252428,1,300
252484,1,300
252517,1,300
252533,1,300
252574,1,300
252597,1,300
252628,1,300
252676,1,300
252697,1,300
252706,1,300
252743,1,300
252922,1,300
252938,1,300
252951,1,300
252981,1,300
253015,1,300
253020,1,300
253035,1,300
253056,1,300
253075,1,300
253094,1,300
253119,1,300
253133,1,300
253134,1,300
253144,1,300
253149,1,300
253154,1,300
253171,1,300
253193,1,300
253200,1,300
253205,1,300
253210,1,300
253256,1,300
253290,1,300
253296,1,300
253342,1,300
253361,1,300
253502,1,300
253507,1,300
253526,1,300
253568,1,300
253663,1,300
253806,1,300
253818,1,300
253823,1,300
253850,1,300
253944,1,300
253948,1,300
253971,1,300
254007,1,300
254012,1,300
254041,1,300
254088,1,300
254143,1,300
254165,1,300
254182,1,300
254185,1,300
254208,1,300
254221,1,300
254289,1,300
254318,1,300
254342,1,300
254345,1,300
254379,1,300
254486,1,300
254489,1,300
254530,1,300
254572,1,300
254649,1,300
254652,1,300
254670,1,300
254699,1,300
254719,1,300
254736,1,300
254777,1,300
254788,1,300
254793,1,300
254821,1,300
254834,1,300
254879,1,300
254910,1,300
254915,1,300
254921,1,300
254931,1,300
254942,1,300
255027,1,300
255041,1,300
255052,1,300
255078,1,300
255087,1,300
255198,1,300
255226,1,300
255251,1,300
255282,1,300
255290,1,300
255305,1,300
255359,1,300
255432,1,300
255442,1,300
255465,1,300
255502,1,300
255513,1,300
255686,1,300
255705,1,300
255753,1,300
255777,1,300
255785,1,300
255869,1,300
255871,1,300
255875,1,300
255914,1,300
255916,1,300
255925,1,300
255955,1,300
256006,1,300
256016,1,300
256019,1,300
256050,1,300
256058,1,300
256092,1,300
256121,1,300
256125,1,300
256165,1,300
256186,1,300
256232,1,300
256274,1,300
256285,1,300
256316,1,300
256327,1,300
256332,1,300
256332,1,300
256403,1,300
256415,1,300
256440,1,300
256519,1,300
256570,1,300
256588,1,300
256601,1,300
256606,1,300
256608,1,300
256628,1,300
256635,1,300
256694,1,300
256711,1,300
256773,1,300
256780,1,300
256894,1,300
257060,1,300
257160,1,300
257172,1,300
257193,1,300
257200,1,300
257257,1,300
257308,1,300
257335,1,300
257382,1,300
257398,1,300
257420,1,300
257455,1,300
257480,1,300
257493,1,300
257517,1,300
257545,1,300
257599,1,300
257648,1,300
257686,1,300
257755,1,300
257768,1,300
257817,1,300
257838,1,300
257877,1,300
257913,1,300
257981,1,300
257982,1,300
257991,1,300
258011,1,300
258022,1,300
258032,1,300
258037,1,300
258041,1,300
258083,1,300
258187,1,300
258193,1,300
258194,1,300
258199,1,300
258200,1,300
258218,1,300
258282,1,300
258329,1,300
258341,1,300
258346,1,300
258355,1,300
258378,1,300
258426,1,300
258447,1,300
258470,1,300
258478,1,300
258532,1,300
258537,1,300
258596,1,300
258626,1,300
258629,1,300
258645,1,300
258717,1,300
258736,1,300
258736,1,300
258741,1,300
258823,1,300
258824,1,300
258882,1,300
258905,1,300
259009,1,300
259019,1,300
259021,1,300
259039,1,300
259070,1,300
259092,1,300
259141,1,300
259167,1,300
259233,1,300
259241,1,300
259251,1,300
259369,1,300
259370,1,300
259396,1,300
259412,1,300
259420,1,300
259431,1,300
259445,1,300
259482,1,300
259500,1,300
259579,1,300
259587,1,300
259589,1,300
259597,1,300
259607,1,300
259644,1,300
259646,1,300
259697,1,300
259699,1,300
259737,1,300
259748,1,300
260054,1,300
260086,1,300
260140,1,300
260175,1,300
260183,1,300
260286,1,300
260300,1,300
260302,1,300
260322,1,300
260331,1,300
260342,1,300
260400,1,300
260439,1,300
260449,1,300
260453,1,300
260560,1,300
260575,1,300
260588,1,300
260598,1,300
260600,1,300
260661,1,300
260728,1,300
260764,1,300
260779,1,300
260787,1,300
260816,1,300
260853,1,300
260855,1,300
260905,1,300
260951,1,300
261036,1,300
261093,1,300
261095,1,300
261108,1,300
261120,1,300
261129,1,300
261162,1,300
261249,1,300
261261,1,300
261268,1,300
261331,1,300
261345,1,300
261366,1,300
261373,1,300
261379,1,300
261390,1,300
261423,1,300
261444,1,300
261477,1,300
261493,1,300
261560,1,300
261573,1,300
261575,1,300
261587,1,300
261613,1,300
261630,1,300
261878,1,300
261883,1,300
261896,1,300
261917,1,300
261940,1,300
261974,1,300
262017,1,300
262034,1,300
262040,1,300
262053,1,300
262053,1,300
262154,1,300
262183,1,300
262215,1,300
262222,1,300
262229,1,300
262237,1,300
262282,1,300
262327,1,300
262328,1,300
262432,1,300
262446,1,300
262494,1,300
262611,1,300
262631,1,300
262650,1,300
262736,1,300
262787,1,300
262825,1,300
262828,1,300
262830,1,300
262887,1,300
262902,1,300
262905,1,300
262913,1,300
262941,1,300
262973,1,300
263011,1,300
263019,1,300
263039,1,300
263087,1,300
263110,1,300
263119,1,300
263120,1,300
263128,1,300
263130,1,300
263159,1,300
263168,1,300
263168,1,300
263201,1,300
263207,1,300
263316,1,300
263332,1,300
263342,1,300
263344,1,300
263349,1,300
263360,1,300
263375,1,300
263398,1,300
263407,1,300
263448,1,300
263474,1,300
263556,1,300
263680,1,300
263734,1,300
263742,1,300
263756,1,300
263758,1,300
263783,1,300
264075,1,300
264246,1,300
264270,1,300
264314,1,300
264361,1,300
264389,1,300
264430,1,300
264430,1,300
264504,1,300
264517,1,300
264602,1,300
264627,1,300
264673,1,300
264682,1,300
264695,1,300
264717,1,300
264730,1,300
264797,1,300
264803,1,300
264807,1,300
264833,1,300
264834,1,300
264937,1,300
264955,1,300
264965,1,300
265000,1,300
265002,1,300
265003,1,300
265028,1,300
265032,1,300
265049,1,300
265066,1,300
265082,1,300
265137,1,300
265153,1,300
265168,1,300
265180,1,300
265197,1,300
265238,1,300
265344,1,300
265348,1,300
265398,1,300
265418,1,300
265424,1,300
265534,1,300
265606,1,300
265631,1,300
265645,1,300
265653,1,300
265686,1,300
265707,1,300
265820,1,300
265821,1,300
265827,1,300
265839,1,300
265956,1,300
265977,1,300
266005,1,300
266008,1,300
266014,1,300
266019,1,300
266020,1,300
266043,1,300
266046,1,300
266110,1,300
266113,1,300
266130,1,300
266157,1,300
266161,1,300
266319,1,300
266319,1,300
266330,1,300
266348,1,300
266511,1,300
266515,1,300
266524,1,300
266563,1,300
266574,1,300
266580,1,300
266593,1,300
266639,1,300
266652,1,300
266669,1,300
266706,1,300
266787,1,300
266818,1,300
266823,1,300
266829,1,300
267002,1,300
267037,1,300
267042,1,300
267055,1,300
267102,1,300
267132,1,300
267140,1,300
267179,1,300
267240,1,300
267245,1,300
267253,1,300
267256,1,300
267263,1,300
267310,1,300
267385,1,300
267398,1,300
267432,1,300
267519,1,300
267589,1,300
267601,1,300
267645,1,300
267730,1,300
267733,1,300
267742,1,300
267761,1,300
267765,1,300
267780,1,300
267781,1,300
267808,1,300
267892,1,300
268008,1,300
268019,1,300
268024,1,300
268050,1,300
268105,1,300
268110,1,300
268136,1,300
268136,1,300
268161,1,300
268212,1,300
268238,1,300
268274,1,300
268296,1,300
268308,1,300
268343,1,300
268350,1,300
268366,1,300
268470,1,300
268520,1,300
268525,1,300
268549,1,300
268567,1,300
268602,1,300
268647,1,300
268676,1,300
268685,1,300
268688,1,300
268721,1,300
268724,1,300
268729,1,300
268798,1,300
268829,1,300
268889,1,300
268909,1,300
268929,1,300
268941,1,300
268949,1,300
268973,1,300
269005,1,300
269012,1,300
269032,1,300
269076,1,300
269112,1,300
269147,1,300
269160,1,300
269223,1,300
269331,1,300
269394,1,300
269418,1,300
269430,1,300
269447,1,300
269448,1,300
269492,1,300
269499,1,300
269501,1,300
269527,1,300
269537,1,300
269635,1,300
269757,1,300
269757,1,300
269771,1,300
269792,1,300
269795,1,300
269863,1,300
269942,1,300
269958,1,300
269998,1,300
270040,1,300
270046,1,300
270048,1,300
270056,1,300
270063,1,300
270070,1,300
270070,1,300
270079,1,300
270162,1,300
270197,1,300
270204,1,300
270238,1,300
270249,1,300
270298,1,300
270377,1,300
270380,1,300
270398,1,300
270418,1,300
270440,1,300
270544,1,300
270561,1,300
270570,1,300
270599,1,300
270671,1,300
270672,1,300
270679,1,300
270709,1,300
270710,1,300
270753,1,300
270758,1,300
270800,1,300
270811,1,300
270814,1,300
270847,1,300
270882,1,300
270915,1,300
270986,1,300
271004,1,300
271007,1,300
271068,1,300
271097,1,300
271116,1,300
271117,1,300
271133,1,300
271135,1,300
271243,1,300
271252,1,300
271280,1,300
271299,1,300
271306,1,300
271323,1,300
271360,1,300
271386,1,300
271473,1,300
271487,1,300
271505,1,300
271568,1,300
271582,1,300
271697,1,300
271760,1,300
271778,1,300
271787,1,300
271808,1,300
271816,1,300
271825,1,300
271833,1,300
271991,1,300
272022,1,300
272040,1,300
272075,1,300
272091,1,300
272092,1,300
272094,1,300
272171,1,300
272181,1,300
272210,1,300
272213,1,300
272298,1,300
272304,1,300
272328,1,300
272387,1,300
272399,1,300
272448,1,300
272472,1,300
272556,1,300
272574,1,300
272589,1,300
272657,1,300
272703,1,300
272707,1,300
272719,1,300
272784,1,300
272794,1,300
272843,1,300
272878,1,300
273015,1,300
273023,1,300
273039,1,300
273041,1,300
273054,1,300
273055,1,300
273064,1,300
273066,1,300
273071,1,300
273075,1,300
273077,1,300
273081,1,300
273082,1,300
273115,1,300
273133,1,300
273149,1,300
273153,1,300
273166,1,300
273168,1,300
273173,1,300
273222,1,300
273245,1,300
273335,1,300
273396,1,300
273420,1,300
273439,1,300
273441,1,300
273453,1,300
273472,1,300
273499,1,300
273517,1,300
273532,1,300
273558,1,300
273562,1,300
273583,1,300
273598,1,300
273607,1,300
274016,1,300
274029,1,300
274043,1,300
274052,1,300
274055,1,300
274145,1,300
274148,1,300
274161,1,300
274209,1,300
274218,1,300
274238,1,300
274243,1,300
274245,1,300
274254,1,300
274293,1,300
274347,1,300
274382,1,300
274401,1,300
274413,1,300
274453,1,300
274458,1,300
274533,1,300
274534,1,300
274544,1,300
274628,1,300
274657,1,300
274687,1,300
274703,1,300
274757,1,300
274758,1,300
274771,1,300
274795,1,300
275106,1,300
275231,1,300
275232,1,300
275234,1,300
275252,1,300
275294,1,300
275335,1,300
275354,1,300
275376,1,300
275381,1,300
275388,1,300
275389,1,300
275404,1,300
275526,1,300
275528,1,300
275550,1,300
275555,1,300
275660,1,300
275682,1,300
275695,1,300
275715,1,300
275737,1,300
275762,1,300
275783,1,300
275794,1,300
275819,1,300
275856,1,300
275894,1,300
275894,1,300
275930,1,300
275943,1,300
275979,1,300
276025,1,300
276083,1,300
276107,1,300
276110,1,300
276111,1,300
276145,1,300
276166,1,300
276203,1,300
276241,1,300
276263,1,300
276289,1,300
276304,1,300
276324,1,300
276370,1,300
276382,1,300
276425,1,300
276462,1,300
276470,1,300
276524,1,300
276559,1,300
276574,1,300
276586,1,300
276757,1,300
276827,1,300
277004,1,300
277011,1,300
277029,1,300
277051,1,300
277067,1,300
277076,1,300
277078,1,300
277090,1,300
277092,1,300
277109,1,300
277127,1,300
277138,1,300
277140,1,300
277177,1,300
277197,1,300
277213,1,300
277240,1,300
277258,1,300
277292,1,300
277324,1,300
277325,1,300
277377,1,300
277394,1,300
277411,1,300
277452,1,300
277480,1,300
277495,1,300
277527,1,300
277547,1,300
277597,1,300
277612,1,300
277624,1,300
277659,1,300
277662,1,300
277674,1,300
277684,1,300
277686,1,300
277694,1,300
277739,1,300
277772,1,300
278001,1,300
278011,1,300
278088,1,300
278125,1,300
278128,1,300
278132,1,300
278132,1,300
278145,1,300
278148,1,300
278204,1,300
278263,1,300
278282,1,300
278283,1,300
278325,1,300
278327,1,300
278340,1,300
278393,1,300
278461,1,300
278546,1,300
278564,1,300
278605,1,300
278607,1,300
278611,1,300
278620,1,300
278644,1,300
278714,1,300
278717,1,300
278728,1,300
278748,1,300
278788,1,300
278789,1,300
278868,1,300
279013,1,300
279053,1,300
279110,1,300
279122,1,300
279140,1,300
279141,1,300
279177,1,300
279220,1,300
279223,1,300
279230,1,300
279320,1,300
279351,1,300
279364,1,300
279471,1,300
279480,1,300
279518,1,300
279554,1,300
279566,1,300
279604,1,300
279634,1,300
279636,1,300
279654,1,300
279691,1,300
279693,1,300
279707,1,300
279711,1,300
279720,1,300
279751,1,300
279768,1,300
279779,1,300
279835,1,300
279907,1,300
280013,1,300
280061,1,300
280121,1,300
280207,1,300
280350,1,300
280428,1,300
280432,1,300
280459,1,300
280517,1,300
280536,1,300
280553,1,300
280600,1,300
280691,1,300
280717,1,300
280750,1,300
280776,1,300
280810,1,300
280924,1,300
280927,1,300
280962,1,300
280963,1,300
281011,1,300
281018,1,300
281029,1,300
281043,1,300
281112,1,300
281131,1,300
281155,1,300
281160,1,300
281182,1,300
281190,1,300
281199,1,300
281212,1,300
281216,1,300
281220,1,300
281227,1,300
281227,1,300
281230,1,300
281232,1,300
281243,1,300
281255,1,300
281263,1,300
281275,1,300
281277,1,300
281279,1,300
281302,1,300
281319,1,300
281339,1,300
281365,1,300
281386,1,300
281392,1,300
281402,1,300
281418,1,300
281490,1,300
281549,1,300
281559,1,300
281563,1,300
281576,1,300
281642,1,300
281707,1,300
281730,1,300
281769,1,300
281858,1,300
282270,1,300
282308,1,300
282509,1,300
282940,1,300
283589,1,300
283698,1,300
283718,1,300
284115,1,300
284131,1,300
284335,1,300
284340,1,300
284489,1,300
285148,1,300
285777,1,300
286069,1,300
286183,1,300
286296,1,300
286313,1,300
287025,1,300
287084,1,300
287371,1,300
287537,1,300
287602,1,300
287897,1,300
288652,1,300
288696,1,300
288729,1,300
288830,1,300
289693,1,300
289728,1,300
289777,1,300
289857,1,300
290394,1,300
290721,1,300
291240,1,300
291861,1,300
