1020,1,inf
1177,1,inf
2304,1,inf
4196,1,inf
5089,1,inf
5150,1,inf
6913,1,inf
10135,1,inf
10441,1,inf
11118,1,inf
12194,1,inf
15006,1,inf
15338,1,inf
16756,1,inf
18569,1,inf
19260,1,inf
20035,1,inf
20164,1,inf
22389,1,inf
23308,1,inf
24194,1,inf
25237,1,inf
26719,1,inf
27445,1,inf
29662,1,inf
30193,1,inf
30310,1,inf
31816,1,inf
32603,1,inf
34170,1,inf
34902,1,inf
35018,1,inf
36058,1,inf
37023,1,inf
39355,1,inf
40172,1,inf
40834,1,inf
41769,1,inf
42298,1,inf
43882,1,inf
44093,1,inf
45153,1,inf
45229,1,inf
46249,1,inf
49419,1,inf
50047,1,inf
50179,1,inf
52639,1,inf
53526,1,inf
54110,1,inf
55439,1,inf
55736,1,inf
58012,1,inf
60113,1,inf
60997,1,inf
61440,1,inf
66148,1,inf
66518,1,inf
67951,1,inf
69079,1,inf
71430,1,inf
73626,1,inf
75547,1,inf
75830,1,inf
76677,1,inf
78805,1,inf
80501,1,inf
81179,1,inf
81474,1,inf
82632,1,inf
84496,1,inf
85005,1,inf
86550,1,inf
87241,1,inf
88461,1,inf
90220,1,inf
90346,1,inf
91196,1,inf
92153,1,inf
94266,1,inf
94473,1,inf
95159,1,inf
95824,1,inf
97231,1,inf
98584,1,inf
100628,1,inf
100912,1,inf
101133,1,inf
102107,1,inf
103230,1,inf
104750,1,inf
105988,1,inf
106106,1,inf
107099,1,inf
107834,1,inf
108395,1,inf
109484,1,inf
110005,1,inf
110161,1,inf
111591,1,inf
113496,1,inf
114816,1,inf
115050,1,inf
115718,1,inf
117059,1,inf
118531,1,inf
119555,1,inf
121533,1,inf
122199,1,inf
122354,1,inf
123827,1,inf
124400,1,inf
125382,1,inf
126016,1,inf
127571,1,inf
128046,1,inf
129012,1,inf
130316,1,inf
131192,1,inf
132143,1,inf
134947,1,inf
136981,1,inf
137103,1,inf
138877,1,inf
140093,1,inf
141020,1,inf
142166,1,inf
143191,1,inf
144792,1,inf
145069,1,inf
145351,1,inf
146508,1,inf
147449,1,inf
148743,1,inf
149731,1,inf
150000,1,inf
150508,1,inf
151963,1,inf
152110,1,inf
153846,1,inf
155022,1,inf
155738,1,inf
157212,1,inf
159110,1,inf
160797,1,inf
161047,1,inf
162864,1,inf
163273,1,inf
165692,1,inf
166455,1,inf
167818,1,inf
168082,1,inf
168760,1,inf
169628,1,inf
170756,1,inf
171271,1,inf
173685,1,inf
174374,1,inf
175089,1,inf
176405,1,inf
177457,1,inf
178231,1,inf
179121,1,inf
180138,1,inf
181058,1,inf
181135,1,inf
182596,1,inf
183742,1,inf
184327,1,inf
186463,1,inf
187342,1,inf
188938,1,inf
190506,1,inf
190513,1,inf
191144,1,inf
192975,1,inf
193298,1,inf
194704,1,inf
195267,1,inf
196773,1,inf
197113,1,inf
198145,1,inf
200414,1,inf
200543,1,inf
201772,1,inf
202176,1,inf
203107,1,inf
204125,1,inf
205044,1,inf
205203,1,inf
207435,1,inf
210108,1,inf
210326,1,inf
211173,1,inf
213965,1,inf
214016,1,inf
215383,1,inf
215502,1,inf
217674,1,inf
218778,1,inf
220427,1,inf
220499,1,inf
222116,1,inf
226671,1,inf
228448,1,inf
229375,1,inf
229378,1,inf
231879,1,inf
232302,1,inf
233002,1,inf
235255,1,inf
236621,1,inf
237802,1,inf
238101,1,inf
239690,1,inf
240207,1,inf
240356,1,inf
241899,1,inf
243769,1,inf
244539,1,inf
245034,1,inf
245355,1,inf
246358,1,inf
247699,1,inf
249562,1,inf
252139,1,inf
253167,1,inf
258237,1,inf
259688,1,inf
260591,1,inf
260919,1,inf
261381,1,inf
262074,1,inf
264624,1,inf
265189,1,inf
267914,1,inf
269936,1,inf
270931,1,inf
271245,1,inf
271622,1,inf
274023,1,inf
275088,1,inf
275348,1,inf
276140,1,inf
277405,1,inf
278782,1,inf
279308,1,inf
280068,1,inf
280151,1,inf
281805,1,inf
282310,1,inf
283118,1,inf
284186,1,inf
285061,1,inf
285432,1,inf
286380,1,inf
287090,1,inf
290283,1,inf
290915,1,inf
291841,1,inf
293218,1,inf
295353,1,inf
295434,1,inf
300143,1,inf
300165,1,inf
301455,1,inf
302408,1,inf
303485,1,inf
304132,1,inf
306670,1,inf
310230,1,inf
310560,1,inf
311192,1,inf
312075,1,inf
313146,1,inf
314518,1,inf
317297,1,inf
320104,1,inf
321944,1,inf
322104,1,inf
325167,1,inf
327413,1,inf
328041,1,inf
330497,1,inf
330630,1,inf
332085,1,inf
334028,1,inf
334457,1,inf
336935,1,inf
337019,1,inf
338554,1,inf
339514,1,inf
340428,1,inf
340533,1,inf
341046,1,inf
342026,1,inf
346506,1,inf
347136,1,inf
348790,1,inf
349761,1,inf
350197,1,inf
355524,1,inf
355788,1,inf
356797,1,inf
358767,1,inf
360520,1,inf
361147,1,inf
362048,1,inf
363713,1,inf
364950,1,inf
365123,1,inf
365542,1,inf
366191,1,inf
369119,1,inf
371348,1,inf
371804,1,inf
373299,1,inf
374505,1,inf
375409,1,inf
375873,1,inf
378178,1,inf
379149,1,inf
380111,1,inf
380292,1,inf
381783,1,inf
382092,1,inf
385176,1,inf
385517,1,inf
386351,1,inf
387814,1,inf
389933,1,inf
390520,1,inf
394089,1,inf
394364,1,inf
395123,1,inf
395236,1,inf
395333,1,inf
396772,1,inf
397335,1,inf
399320,1,inf
400227,1,inf
400471,1,inf
401246,1,inf
405041,1,inf
405863,1,inf
407657,1,inf
408558,1,inf
409340,1,inf
410069,1,inf
410780,1,inf
413593,1,inf
415473,1,inf
415981,1,inf
417171,1,inf
418397,1,inf
419423,1,inf
420623,1,inf
420760,1,inf
421015,1,inf
422284,1,inf
423041,1,inf
424319,1,inf
425646,1,inf
429043,1,inf
430839,1,inf
430894,1,inf
431222,1,inf
432808,1,inf
433149,1,inf
434887,1,inf
435514,1,inf
437198,1,inf
439026,1,inf
442505,1,inf
443445,1,inf
445481,1,inf
446045,1,inf
446431,1,inf
447726,1,inf
449496,1,inf
450165,1,inf
450356,1,inf
453846,1,inf
454280,1,inf
456522,1,inf
456995,1,inf
457222,1,inf
458168,1,inf
459781,1,inf
460694,1,inf
461862,1,inf
462323,1,inf
463984,1,inf
464574,1,inf
465615,1,inf
465681,1,inf
467041,1,inf
468355,1,inf
470573,1,inf
470606,1,inf
471860,1,inf
473544,1,inf
474102,1,inf
475100,1,inf
475720,1,inf
476869,1,inf
477171,1,inf
479949,1,inf
481299,1,inf
482309,1,inf
482325,1,inf
484830,1,inf
485087,1,inf
485925,1,inf
486145,1,inf
487995,1,inf
489219,1,inf
491628,1,inf
492261,1,inf
493207,1,inf
495428,1,inf
495816,1,inf
497513,1,inf
498344,1,inf
499315,1,inf
500931,1,inf
501326,1,inf
501526,1,inf
502321,1,inf
503035,1,inf
504538,1,inf
505025,1,inf
505555,1,inf
506599,1,inf
508923,1,inf
510388,1,inf
510778,1,inf
511196,1,inf
512256,1,inf
513504,1,inf
514848,1,inf
515086,1,inf
515384,1,inf
516901,1,inf
517088,1,inf
518393,1,inf
519043,1,inf
520504,1,inf
521041,1,inf
521122,1,inf
522935,1,inf
525991,1,inf
525994,1,inf
527322,1,inf
528112,1,inf
528970,1,inf
530024,1,inf
530782,1,inf
532998,1,inf
533122,1,inf
534295,1,inf
535009,1,inf
535280,1,inf
536388,1,inf
537870,1,inf
539449,1,inf
540196,1,inf
541062,1,inf
542625,1,inf
544134,1,inf
545170,1,inf
545456,1,inf
546319,1,inf
549606,1,inf
550067,1,inf
550123,1,inf
554624,1,inf
555746,1,inf
556180,1,inf
556939,1,inf
557230,1,inf
557814,1,inf
558329,1,inf
559241,1,inf
561574,1,inf
561776,1,inf
562878,1,inf
563404,1,inf
565519,1,inf
566391,1,inf
566701,1,inf
568578,1,inf
570272,1,inf
570447,1,inf
572726,1,inf
573401,1,inf
574811,1,inf
575483,1,inf
575664,1,inf
576514,1,inf
577469,1,inf
578078,1,inf
579640,1,inf
581748,1,inf
582738,1,inf
585460,1,inf
585519,1,inf
586251,1,inf
587350,1,inf
589565,1,inf
590679,1,inf
591003,1,inf
591490,1,inf
592255,1,inf
593144,1,inf
594054,1,inf
595091,1,inf
595265,1,inf
597412,1,inf
598094,1,inf
600175,1,inf
600652,1,inf
601217,1,inf
602100,1,inf
603686,1,inf
604748,1,inf
605255,1,inf
605300,1,inf
607693,1,inf
608556,1,inf
611208,1,inf
611726,1,inf
612038,1,inf
613319,1,inf
615610,1,inf
615619,1,inf
616442,1,inf
619037,1,inf
620233,1,inf
620236,1,inf
621543,1,inf
624222,1,inf
625449,1,inf
626067,1,inf
626495,1,inf
627440,1,inf
628415,1,inf
629012,1,inf
630098,1,inf
630670,1,inf
631204,1,inf
632255,1,inf
635309,1,inf
635364,1,inf
636715,1,inf
637022,1,inf
638038,1,inf
639135,1,inf
640484,1,inf
645573,1,inf
647883,1,inf
648406,1,inf
649562,1,inf
650934,1,inf
651339,1,inf
652426,1,inf
653610,1,inf
654785,1,inf
655009,1,inf
655245,1,inf
656052,1,inf
657791,1,inf
660470,1,inf
660564,1,inf
664597,1,inf
665588,1,inf
665746,1,inf
666066,1,inf
667779,1,inf
668444,1,inf
669357,1,inf
671813,1,inf
672047,1,inf
674744,1,inf
675081,1,inf
675887,1,inf
676531,1,inf
678251,1,inf
679026,1,inf
680091,1,inf
680944,1,inf
681547,1,inf
682385,1,inf
684476,1,inf
685504,1,inf
685991,1,inf
686193,1,inf
687194,1,inf
689199,1,inf
690032,1,inf
690108,1,inf
691870,1,inf
693835,1,inf
695034,1,inf
695514,1,inf
696378,1,inf
698425,1,inf
701814,1,inf
703862,1,inf
705389,1,inf
705832,1,inf
706593,1,inf
709214,1,inf
710094,1,inf
710809,1,inf
711497,1,inf
711561,1,inf
712932,1,inf
713901,1,inf
714245,1,inf
715721,1,inf
715787,1,inf
717459,1,inf
720268,1,inf
722214,1,inf
724540,1,inf
726183,1,inf
727376,1,inf
729936,1,inf
730365,1,inf
730946,1,inf
732102,1,inf
733099,1,inf
733141,1,inf
733194,1,inf
733306,1,inf
733351,1,inf
733391,1,inf
733554,1,inf
733558,1,inf
733723,1,inf
734018,1,inf
734050,1,inf
734205,1,inf
734237,1,inf
734425,1,inf
734587,1,inf
734687,1,inf
734998,1,inf
735049,1,inf
735079,1,inf
735104,1,inf
735108,1,inf
735176,1,inf
735201,1,inf
735292,1,inf
735403,1,inf
735763,1,inf
735764,1,inf
735766,1,inf
735767,1,inf
735860,1,inf
735954,1,inf
735979,1,inf
736070,1,inf
736235,1,inf
736240,1,inf
736249,1,inf
736270,1,inf
736710,1,inf
736766,1,inf
736830,1,inf
736938,1,inf
737051,1,inf
737093,1,inf
737165,1,inf
737166,1,inf
737227,1,inf
737310,1,inf
737313,1,inf
737351,1,inf
737357,1,inf
737366,1,inf
737504,1,inf
737529,1,inf
737617,1,inf
737775,1,inf
737929,1,inf
738251,1,inf
738417,1,inf
738499,1,inf
738795,1,inf
738946,1,inf
739024,1,inf
739133,1,inf
739148,1,inf
739191,1,inf
739210,1,inf
739259,1,inf
739323,1,inf
739349,1,inf
739379,1,inf
739419,1,inf
739496,1,inf
739513,1,inf
739629,1,inf
739661,1,inf
739712,1,inf
739782,1,inf
742042,1,inf
742323,1,inf
743119,1,inf
744049,1,inf
745897,1,inf
745954,1,inf
747169,1,inf
748142,1,inf
748183,1,inf
748195,1,inf
748267,1,inf
748282,1,inf
748373,1,inf
748427,1,inf
748504,1,inf
748544,1,inf
748707,1,inf
748832,1,inf
749188,1,inf
749388,1,inf
749390,1,inf
749402,1,inf
749463,1,inf
749571,1,inf
750024,1,inf
750084,1,inf
750093,1,inf
750626,1,inf
750640,1,inf
750704,1,inf
750807,1,inf
750831,1,inf
750895,1,inf
751014,1,inf
751016,1,inf
751042,1,inf
751175,1,inf
751176,1,inf
751237,1,inf
751343,1,inf
751496,1,inf
751724,1,inf
751774,1,inf
752046,1,inf
752053,1,inf
752072,1,inf
752180,1,inf
752348,1,inf
753020,1,inf
753084,1,inf
753256,1,inf
753382,1,inf
753388,1,inf
753466,1,inf
753508,1,inf
753557,1,inf
754035,1,inf
754041,1,inf
754078,1,inf
754289,1,inf
754396,1,inf
754522,1,inf
754591,1,inf
754609,1,inf
754632,1,inf
755393,1,inf
755433,1,inf
755571,1,inf
755662,1,inf
755703,1,inf
755703,1,inf
755765,1,inf
755856,1,inf
755910,1,inf
756007,1,inf
756084,1,inf
756224,1,inf
756362,1,inf
756399,1,inf
756612,1,inf
756803,1,inf
757065,1,inf
757106,1,inf
757122,1,inf
757357,1,inf
757386,1,inf
757421,1,inf
757612,1,inf
757694,1,inf
757805,1,inf
757834,1,inf
757867,1,inf
757949,1,inf
758003,1,inf
758024,1,inf
758280,1,inf
758343,1,inf
758402,1,inf
758409,1,inf
758481,1,inf
758555,1,inf
759138,1,inf
759153,1,inf
759361,1,inf
759478,1,inf
759530,1,inf
759931,1,inf
759946,1,inf
759983,1,inf
760020,1,inf
760450,1,inf
760681,1,inf
760712,1,inf
760778,1,inf
760826,1,inf
760840,1,inf
760889,1,inf
761074,1,inf
761198,1,inf
761311,1,inf
761422,1,inf
761612,1,inf
761692,1,inf
761730,1,inf
761732,1,inf
761741,1,inf
761776,1,inf
762017,1,inf
762030,1,inf
762122,1,inf
762131,1,inf
762633,1,inf
762727,1,inf
763027,1,inf
763042,1,inf
763099,1,inf
763101,1,inf
763166,1,inf
763193,1,inf
763205,1,inf
763206,1,inf
763331,1,inf
763390,1,inf
763522,1,inf
764620,1,inf
764701,1,inf
767142,1,inf
767722,1,inf
770102,1,inf
770437,1,inf
770662,1,inf
770673,1,inf
771725,1,inf
772302,1,inf
774205,1,inf
774714,1,inf
775013,1,inf
775259,1,inf
776032,1,inf
776792,1,inf
777046,1,inf
780145,1,inf
780233,1,inf
781107,1,inf
782723,1,inf
783085,1,inf
783254,1,inf
785271,1,inf
785650,1,inf
786633,1,inf
788456,1,inf
789276,1,inf
790043,1,inf
790174,1,inf
790249,1,inf
790293,1,inf
791164,1,inf
792105,1,inf
795695,1,inf
796453,1,inf
796958,1,inf
797887,1,inf
800346,1,inf
801121,1,inf
802715,1,inf
804576,1,inf
805145,1,inf
805324,1,inf
806306,1,inf
808437,1,inf
809715,1,inf
810325,1,inf
810328,1,inf
811565,1,inf
814372,1,inf
815061,1,inf
815438,1,inf
816318,1,inf
817016,1,inf
817019,1,inf
818508,1,inf
820180,1,inf
820394,1,inf
821792,1,inf
823170,1,inf
823313,1,inf
824582,1,inf
824956,1,inf
825366,1,inf
825511,1,inf
825751,1,inf
826689,1,inf
827160,1,inf
827270,1,inf
827406,1,inf
827443,1,inf
827556,1,inf
827583,1,inf
827618,1,inf
827630,1,inf
827740,1,inf
828081,1,inf
828089,1,inf
828165,1,inf
828175,1,inf
828296,1,inf
828379,1,inf
828389,1,inf
828538,1,inf
828596,1,inf
828650,1,inf
828721,1,inf
828880,1,inf
829051,1,inf
829058,1,inf
829082,1,inf
829086,1,inf
829226,1,inf
829231,1,inf
829338,1,inf
829439,1,inf
829593,1,inf
829700,1,inf
829776,1,inf
829787,1,inf
830149,1,inf
830185,1,inf
830261,1,inf
830267,1,inf
830317,1,inf
830425,1,inf
830473,1,inf
830538,1,inf
830617,1,inf
830669,1,inf
830692,1,inf
830989,1,inf
831058,1,inf
831111,1,inf
831269,1,inf
831359,1,inf
831566,1,inf
831635,1,inf
831693,1,inf
832143,1,inf
833995,1,inf
834160,1,inf
834446,1,inf
835959,1,inf
837010,1,inf
838138,1,inf
838154,1,inf
839258,1,inf
840378,1,inf
840597,1,inf
841010,1,inf
842772,1,inf
843070,1,inf
843508,1,inf
844040,1,inf
845172,1,inf
845366,1,inf
847267,1,inf
849058,1,inf
850927,1,inf
851017,1,inf
851349,1,inf
854287,1,inf
855221,1,inf
856946,1,inf
858952,1,inf
859200,1,inf
860800,1,inf
861164,1,inf
862059,1,inf
863625,1,inf
866296,1,inf
867126,1,inf
868534,1,inf
869242,1,inf
870157,1,inf
870430,1,inf
870811,1,inf
870908,1,inf
871087,1,inf
872413,1,inf
873730,1,inf
874690,1,inf
876359,1,inf
877564,1,inf
878050,1,inf
878303,1,inf
878832,1,inf
880274,1,inf
880486,1,inf
881619,1,inf
882311,1,inf
882529,1,inf
883737,1,inf
884080,1,inf
884118,1,inf
884546,1,inf
885725,1,inf
886447,1,inf
887084,1,inf
887130,1,inf
887224,1,inf
887233,1,inf
887236,1,inf
887313,1,inf
887432,1,inf
887509,1,inf
887523,1,inf
887558,1,inf
887565,1,inf
888074,1,inf
888125,1,inf
888249,1,inf
888333,1,inf
888339,1,inf
888348,1,inf
888408,1,inf
888410,1,inf
888476,1,inf
888563,1,inf
888636,1,inf
889270,1,inf
889496,1,inf
889529,1,inf
889555,1,inf
889596,1,inf
889652,1,inf
889721,1,inf
889793,1,inf
889916,1,inf
890004,1,inf
890100,1,inf
890162,1,inf
890172,1,inf
890187,1,inf
890210,1,inf
890298,1,inf
890451,1,inf
890510,1,inf
890527,1,inf
890851,1,inf
890945,1,inf
891034,1,inf
891082,1,inf
891131,1,inf
891138,1,inf
891145,1,inf
891175,1,inf
891319,1,inf
891398,1,inf
891402,1,inf
891614,1,inf
891630,1,inf
892114,1,inf
892121,1,inf
892317,1,inf
892342,1,inf
892590,1,inf
892664,1,inf
893029,1,inf
893085,1,inf
893141,1,inf
893154,1,inf
893289,1,inf
893324,1,inf
893352,1,inf
893430,1,inf
893612,1,inf
893617,1,inf
893763,1,inf
894020,1,inf
894163,1,inf
895462,1,inf
896049,1,inf
896468,1,inf
896484,1,inf
897610,1,inf
898725,1,inf
900576,1,inf
902268,1,inf
903225,1,inf
903253,1,inf
903849,1,inf
904422,1,inf
905077,1,inf
905125,1,inf
907325,1,inf
908054,1,inf
910444,1,inf
910605,1,inf
910767,1,inf
911636,1,inf
911855,1,inf
912703,1,inf
913054,1,inf
915799,1,inf
916111,1,inf
916561,1,inf
917155,1,inf
918701,1,inf
921129,1,inf
922150,1,inf
922253,1,inf
924409,1,inf
925248,1,inf
925812,1,inf
926592,1,inf
928573,1,inf
930061,1,inf
930191,1,inf
930284,1,inf
930450,1,inf
931015,1,inf
932781,1,inf
933063,1,inf
934839,1,inf
935614,1,inf
936169,1,inf
936360,1,inf
937263,1,inf
939357,1,inf
940217,1,inf
940303,1,inf
942050,1,inf
942116,1,inf
944977,1,inf
945336,1,inf
945382,1,inf
945486,1,inf
945599,1,inf
946633,1,inf
947253,1,inf
948743,1,inf
950042,1,inf
950072,1,inf
950332,1,inf
950627,1,inf
953434,1,inf
954610,1,inf
955533,1,inf
955865,1,inf
956002,1,inf
956402,1,inf
957105,1,inf
958037,1,inf
960946,1,inf
961696,1,inf
962976,1,inf
963078,1,inf
963455,1,inf
963461,1,inf
964012,1,inf
965186,1,inf
965561,1,inf
967221,1,inf
968616,1,inf
970692,1,inf
970918,1,inf
970986,1,inf
971098,1,inf
971114,1,inf
971693,1,inf
972083,1,inf
973410,1,inf
974185,1,inf
975104,1,inf
975214,1,inf
977171,1,inf
978713,1,inf
979583,1,inf
980967,1,inf
981375,1,inf
983011,1,inf
986441,1,inf
989174,1,inf
990271,1,inf
990543,1,inf
990570,1,inf
990657,1,inf
993330,1,inf
994143,1,inf
995429,1,inf
996140,1,inf
996615,1,inf
996860,1,inf
996925,1,inf
997083,1,inf
997097,1,inf
997475,1,inf
999140,1,inf
1000427,1,inf
1000450,1,inf
1000765,1,inf
1002096,1,inf
1002473,1,inf
1004154,1,inf
1004334,1,inf
1005150,1,inf
1005388,1,inf
1007832,1,inf
1008249,1,inf
1009926,1,inf
1010124,1,inf
1010177,1,inf
1010452,1,inf
1010685,1,inf
1014221,1,inf
1015085,1,inf
1015349,1,inf
1016544,1,inf
1017400,1,inf
1018161,1,inf
1019273,1,inf
1020582,1,inf
1020761,1,inf
1022720,1,inf
1023438,1,inf
1023582,1,inf
1024552,1,inf
1025056,1,inf
1025252,1,inf
1026456,1,inf
1026510,1,inf
1028682,1,inf
1029044,1,inf
1030595,1,inf
1030724,1,inf
1030798,1,inf
1031001,1,inf
1031067,1,inf
1033744,1,inf
1036210,1,inf
1037151,1,inf
1038069,1,inf
1040004,1,inf
1040268,1,inf
1041589,1,inf
1042202,1,inf
1046386,1,inf
1047131,1,inf
1048101,1,inf
1049697,1,inf
1050119,1,inf
1050810,1,inf
1050819,1,inf
1053632,1,inf
1055252,1,inf
1055568,1,inf
1056551,1,inf
1056606,1,inf
1058551,1,inf
1058776,1,inf
1059580,1,inf
1059714,1,inf
1060427,1,inf
1060783,1,inf
1061727,1,inf
1062600,1,inf
1063111,1,inf
1064023,1,inf
1064545,1,inf
1064557,1,inf
1066034,1,inf
1066117,1,inf
1066939,1,inf
1067195,1,inf
1067769,1,inf
1068822,1,inf
1070011,1,inf
1070066,1,inf
1070144,1,inf
1070297,1,inf
1070393,1,inf
1071185,1,inf
1073032,1,inf
1074722,1,inf
1075152,1,inf
1075329,1,inf
1077271,1,inf
1077991,1,inf
1080847,1,inf
1080919,1,inf
1081571,1,inf
1082713,1,inf
1083143,1,inf
1083843,1,inf
1084382,1,inf
1085175,1,inf
1085268,1,inf
1088669,1,inf
1089162,1,inf
1090009,1,inf
1090030,1,inf
1090142,1,inf
1090292,1,inf
1090310,1,inf
1091437,1,inf
1091569,1,inf
1092885,1,inf
1095901,1,inf
1096243,1,inf
1097017,1,inf
1097032,1,inf
1099816,1,inf
1100317,1,inf
1101177,1,inf
1102185,1,inf
1103548,1,inf
1104502,1,inf
1106151,1,inf
1110175,1,inf
1110766,1,inf
1111007,1,inf
1111242,1,inf
1112764,1,inf
1113209,1,inf
1115224,1,inf
1115752,1,inf
1116007,1,inf
1117100,1,inf
1117707,1,inf
1118619,1,inf
1118702,1,inf
1120116,1,inf
1120849,1,inf
1121493,1,inf
1123698,1,inf
1124009,1,inf
1124128,1,inf
1124362,1,inf
1125320,1,inf
1126113,1,inf
1128103,1,inf
1129663,1,inf
1130132,1,inf
1130437,1,inf
1130438,1,inf
1130581,1,inf
1131843,1,inf
1132382,1,inf
1133771,1,inf
1134246,1,inf
1136240,1,inf
1136353,1,inf
1136982,1,inf
1137221,1,inf
1138130,1,inf
1139173,1,inf
1140263,1,inf
1140345,1,inf
1141736,1,inf
1142407,1,inf
1143215,1,inf
1144003,1,inf
1145117,1,inf
1145229,1,inf
1145569,1,inf
1146061,1,inf
1148786,1,inf
1150010,1,inf
1150282,1,inf
1150493,1,inf
1150551,1,inf
1150622,1,inf
1153155,1,inf
1154571,1,inf
1155108,1,inf
1155972,1,inf
1157716,1,inf
1157922,1,inf
1158474,1,inf
1161200,1,inf
1162100,1,inf
1162482,1,inf
1165497,1,inf
1166025,1,inf
1166761,1,inf
1168805,1,inf
1170142,1,inf
1170343,1,inf
1170612,1,inf
1171230,1,inf
1171567,1,inf
1172503,1,inf
1172849,1,inf
1173067,1,inf
1173243,1,inf
1175628,1,inf
1175899,1,inf
1176660,1,inf
1177219,1,inf
1177599,1,inf
1179289,1,inf
1180137,1,inf
1180704,1,inf
1182299,1,inf
1182617,1,inf
1184382,1,inf
1184633,1,inf
1184720,1,inf
1185566,1,inf
1185703,1,inf
1186245,1,inf
1187045,1,inf
1187107,1,inf
1188147,1,inf
1189316,1,inf
1190571,1,inf
1190626,1,inf
1190762,1,inf
1190803,1,inf
1191323,1,inf
1193998,1,inf
1194871,1,inf
1195337,1,inf
1195578,1,inf
1196085,1,inf
1197540,1,inf
1198192,1,inf
1200034,1,inf
1200369,1,inf
1201260,1,inf
1202554,1,inf
1203170,1,inf
1204104,1,inf
1205234,1,inf
1205246,1,inf
1206038,1,inf
1210382,1,inf
1210386,1,inf
1210533,1,inf
1210850,1,inf
1210859,1,inf
1211069,1,inf
1212322,1,inf
1213180,1,inf
1214542,1,inf
1215666,1,inf
1217058,1,inf
1217066,1,inf
1218132,1,inf
1219489,1,inf
1220104,1,inf
1220908,1,inf
1223529,1,inf
1224823,1,inf
1225623,1,inf
1225763,1,inf
1226350,1,inf
1227535,1,inf
1228530,1,inf
1229859,1,inf
1230446,1,inf
1230701,1,inf
1230898,1,inf
1231184,1,inf
1231474,1,inf
1232030,1,inf
1232173,1,inf
1234222,1,inf
1236521,1,inf
1237214,1,inf
1237308,1,inf
1238521,1,inf
1239006,1,inf
1240237,1,inf
1240412,1,inf
1241360,1,inf
1242156,1,inf
1242830,1,inf
1245734,1,inf
1246014,1,inf
1246205,1,inf
1246776,1,inf
1247720,1,inf
1247876,1,inf
1249938,1,inf
1250635,1,inf
1250668,1,inf
1250887,1,inf
1251161,1,inf
1251390,1,inf
1253981,1,inf
1254376,1,inf
1255032,1,inf
1256413,1,inf
1258391,1,inf
1259411,1,inf
1260398,1,inf
1260673,1,inf
1263428,1,inf
1263703,1,inf
1263812,1,inf
1264511,1,inf
1264760,1,inf
1265394,1,inf
1265545,1,inf
1266814,1,inf
1267368,1,inf
1267621,1,inf
1269428,1,inf
1269964,1,inf
1270175,1,inf
1270822,1,inf
1270906,1,inf
1271358,1,inf
1271448,1,inf
1271451,1,inf
1271567,1,inf
1273401,1,inf
1274734,1,inf
1275352,1,inf
1275355,1,inf
1275436,1,inf
1276691,1,inf
1277222,1,inf
1277328,1,inf
1277461,1,inf
1277516,1,inf
1278037,1,inf
1278692,1,inf
1280063,1,inf
1280115,1,inf
1280479,1,inf
1281099,1,inf
1281268,1,inf
1282600,1,inf
1283938,1,inf
1284005,1,inf
1284839,1,inf
1285215,1,inf
1285348,1,inf
1285790,1,inf
1287631,1,inf
1287757,1,inf
1288051,1,inf
1288868,1,inf
1289028,1,inf
1290293,1,inf
1290540,1,inf
1290591,1,inf
1290703,1,inf
1291582,1,inf
1292304,1,inf
1292904,1,inf
1294622,1,inf
1295054,1,inf
1295261,1,inf
1297771,1,inf
1298074,1,inf
1299341,1,inf
1299410,1,inf
1299974,1,inf
1300376,1,inf
1301618,1,inf
1302092,1,inf
1302178,1,inf
1302198,1,inf
1304799,1,inf
1305027,1,inf
1305086,1,inf
1305412,1,inf
1306125,1,inf
1307367,1,inf
1309405,1,inf
1310059,1,inf
1310158,1,inf
1310383,1,inf
1310550,1,inf
1315138,1,inf
1315786,1,inf
1316065,1,inf
1316278,1,inf
1317567,1,inf
1318534,1,inf
1320095,1,inf
1320883,1,inf
1322308,1,inf
1322401,1,inf
1322633,1,inf
1323096,1,inf
1323564,1,inf
1324074,1,inf
1324074,1,inf
1326245,1,inf
1326280,1,inf
1326295,1,inf
1327673,1,inf
1327816,1,inf
1328094,1,inf
1328372,1,inf
1330176,1,inf
1330267,1,inf
1330429,1,inf
1330513,1,inf
1330711,1,inf
1331500,1,inf
1331540,1,inf
1332631,1,inf
1332717,1,inf
1333156,1,inf
1333915,1,inf
1335527,1,inf
1335566,1,inf
1336003,1,inf
1336230,1,inf
1338411,1,inf
1338456,1,inf
1339187,1,inf
1339253,1,inf
1340809,1,inf
1340834,1,inf
1341050,1,inf
1341430,1,inf
1343474,1,inf
1344225,1,inf
1344347,1,inf
1344413,1,inf
1344500,1,inf
1345059,1,inf
1345218,1,inf
1345252,1,inf
1346479,1,inf
1346563,1,inf
1347271,1,inf
1347401,1,inf
1348706,1,inf
1348785,1,inf
1349361,1,inf
1349371,1,inf
1350246,1,inf
1350369,1,inf
1350598,1,inf
1350809,1,inf
1351997,1,inf
1352001,1,inf
1352317,1,inf
1352533,1,inf
1353447,1,inf
1354067,1,inf
1354220,1,inf
1354311,1,inf
1355600,1,inf
1355867,1,inf
1356361,1,inf
1357017,1,inf
1357304,1,inf
1358039,1,inf
1358526,1,inf
1360049,1,inf
1360492,1,inf
1360874,1,inf
1362184,1,inf
1363048,1,inf
1363053,1,inf
1363097,1,inf
1363407,1,inf
1364564,1,inf
1364992,1,inf
1365094,1,inf
1365481,1,inf
1366149,1,inf
1366171,1,inf
1367620,1,inf
1369698,1,inf
1370229,1,inf
1370242,1,inf
1372529,1,inf
1373748,1,inf
1374053,1,inf
1375102,1,inf
1375273,1,inf
1376125,1,inf
1376261,1,inf
1377987,1,inf
1378788,1,inf
1381585,1,inf
1381970,1,inf
1382098,1,inf
1382405,1,inf
1383051,1,inf
1383071,1,inf
1383160,1,inf
1383176,1,inf
1384515,1,inf
1384647,1,inf
1384666,1,inf
1385773,1,inf
1386148,1,inf
1386186,1,inf
1386198,1,inf
1386672,1,inf
1387026,1,inf
1387288,1,inf
1389052,1,inf
1389276,1,inf
1389484,1,inf
1389610,1,inf
1390541,1,inf
1390833,1,inf
1391229,1,inf
1391515,1,inf
1391642,1,inf
1391894,1,inf
1392011,1,inf
1392021,1,inf
1393671,1,inf
1394855,1,inf
1395157,1,inf
1395343,1,inf
1395354,1,inf
1395923,1,inf
1396293,1,inf
1397172,1,inf
1397240,1,inf
1397844,1,inf
1398457,1,inf
1399373,1,inf
1399881,1,inf
1399945,1,inf
1400260,1,inf
1400538,1,inf
1400798,1,inf
1401076,1,inf
1401680,1,inf
1401907,1,inf
1401920,1,inf
1402739,1,inf
1402746,1,inf
1403042,1,inf
1403078,1,inf
1403293,1,inf
1405096,1,inf
1405183,1,inf
1405289,1,inf
1405356,1,inf
1405546,1,inf
1406156,1,inf
1406545,1,inf
1406685,1,inf
1407152,1,inf
1407183,1,inf
1407454,1,inf
1407685,1,inf
1408239,1,inf
1408727,1,inf
1408762,1,inf
1409232,1,inf
1409287,1,inf
1409974,1,inf
1410552,1,inf
1410558,1,inf
1410579,1,inf
1410741,1,inf
1410804,1,inf
1411400,1,inf
1412326,1,inf
1412398,1,inf
1412409,1,inf
1412846,1,inf
1413114,1,inf
1413146,1,inf
1413808,1,inf
1414175,1,inf
1415184,1,inf
1415508,1,inf
1415612,1,inf
1417661,1,inf
1417675,1,inf
1418021,1,inf
1418033,1,inf
1418158,1,inf
1418165,1,inf
1418187,1,inf
1418574,1,inf
1418682,1,inf
1419555,1,inf
1420077,1,inf
1420463,1,inf
1420545,1,inf
1421109,1,inf
1421354,1,inf
1422112,1,inf
1422160,1,inf
1423273,1,inf
1424131,1,inf
1424809,1,inf
1425494,1,inf
1426126,1,inf
1426320,1,inf
1426511,1,inf
1426807,1,inf
1427550,1,inf
1428832,1,inf
1429077,1,inf
1429081,1,inf
1429174,1,inf
1429205,1,inf
1430209,1,inf
1430373,1,inf
1430424,1,inf
1430802,1,inf
1432239,1,inf
1432822,1,inf
1432912,1,inf
1433038,1,inf
1433209,1,inf
1433841,1,inf
1434048,1,inf
1434207,1,inf
1434302,1,inf
1435028,1,inf
1435191,1,inf
1435306,1,inf
1436509,1,inf
1436821,1,inf
1438343,1,inf
1438492,1,inf
1441036,1,inf
