950,66.62,5000
985,66.62,5000
1085,66.62,5000
1236,66.62,5000
2697,66.62,5000
3005,66.62,5000
5260,66.62,5000
5676,66.62,5000
5685,66.62,5000
6526,66.62,5000
8113,66.62,5000
9190,66.62,5000
10109,66.62,5000
10126,66.62,5000
10239,66.62,5000
11029,66.62,5000
12034,66.62,5000
12237,66.62,5000
13992,66.62,5000
14286,66.62,5000
14624,66.62,5000
14678,66.62,5000
15103,66.62,5000
15283,66.62,5000
15412,66.62,5000
15512,66.62,5000
17138,66.62,5000
18014,66.62,5000
18459,66.62,5000
18612,66.62,5000
19556,66.62,5000
19753,66.62,5000
21208,66.62,5000
21546,66.62,5000
22048,66.62,5000
22246,66.62,5000
22387,66.62,5000
22486,66.62,5000
22822,66.62,5000
23557,66.62,5000
23863,66.62,5000
24662,66.62,5000
25022,66.62,5000
25325,66.62,5000
25499,66.62,5000
25673,66.62,5000
26080,66.62,5000
26239,66.62,5000
26352,66.62,5000
27544,66.62,5000
28363,66.62,5000
29020,66.62,5000
30114,66.62,5000
30351,66.62,5000
30407,66.62,5000
31227,66.62,5000
32172,66.62,5000
33336,66.62,5000
34108,66.62,5000
35599,66.62,5000
35770,66.62,5000
36082,66.62,5000
37743,66.62,5000
38611,66.62,5000
39021,66.62,5000
40392,66.62,5000
40487,66.62,5000
40691,66.62,5000
41684,66.62,5000
42425,66.62,5000
44446,66.62,5000
45311,66.62,5000
45487,66.62,5000
46259,66.62,5000
46466,66.62,5000
46478,66.62,5000
46516,66.62,5000
47036,66.62,5000
47063,66.62,5000
47087,66.62,5000
48109,66.62,5000
48434,66.62,5000
50510,66.62,5000
50541,66.62,5000
50694,66.62,5000
50740,66.62,5000
51747,66.62,5000
52049,66.62,5000
52078,66.62,5000
52555,66.62,5000
54277,66.62,5000
54421,66.62,5000
55207,66.62,5000
55236,66.62,5000
55530,66.62,5000
55858,66.62,5000
56241,66.62,5000
56888,66.62,5000
56996,66.62,5000
57053,66.62,5000
57457,66.62,5000
58347,66.62,5000
59194,66.62,5000
60310,66.62,5000
61301,66.62,5000
61588,66.62,5000
61883,66.62,5000
65200,66.62,5000
65344,66.62,5000
65820,66.62,5000
66689,66.62,5000
67289,66.62,5000
69332,66.62,5000
70405,66.62,5000
70464,66.62,5000
70731,66.62,5000
72110,66.62,5000
73030,66.62,5000
74525,66.62,5000
75012,66.62,5000
75249,66.62,5000
75441,66.62,5000
75546,66.62,5000
76103,66.62,5000
76555,66.62,5000
77583,66.62,5000
78567,66.62,5000
78737,66.62,5000
79669,66.62,5000
80088,66.62,5000
80296,66.62,5000
80476,66.62,5000
80545,66.62,5000
81339,66.62,5000
81379,66.62,5000
81417,66.62,5000
82142,66.62,5000
82186,66.62,5000
83270,66.62,5000
84139,66.62,5000
84631,66.62,5000
85004,66.62,5000
85203,66.62,5000
85209,66.62,5000
85591,66.62,5000
85699,66.62,5000
88569,66.62,5000
89694,66.62,5000
91719,66.62,5000
92060,66.62,5000
92425,66.62,5000
92599,66.62,5000
93627,66.62,5000
94093,66.62,5000
94305,66.62,5000
94802,66.62,5000
95017,66.62,5000
95622,66.62,5000
95731,66.62,5000
96278,66.62,5000
97043,66.62,5000
99101,66.62,5000
100436,66.62,5000
100474,66.62,5000
101069,66.62,5000
101070,66.62,5000
101110,66.62,5000
102227,66.62,5000
102987,66.62,5000
105987,66.62,5000
106280,66.62,5000
106366,66.62,5000
106406,66.62,5000
107404,66.62,5000
107827,66.62,5000
108827,66.62,5000
108834,66.62,5000
109850,66.62,5000
110165,66.62,5000
110215,66.62,5000
110491,66.62,5000
110719,66.62,5000
110857,66.62,5000
112102,66.62,5000
112331,66.62,5000
113033,66.62,5000
114303,66.62,5000
114893,66.62,5000
115054,66.62,5000
115366,66.62,5000
115508,66.62,5000
115982,66.62,5000
116113,66.62,5000
116258,66.62,5000
116280,66.62,5000
117025,66.62,5000
117729,66.62,5000
119133,66.62,5000
119188,66.62,5000
119507,66.62,5000
120670,66.62,5000
120693,66.62,5000
120693,66.62,5000
121034,66.62,5000
121097,66.62,5000
121726,66.62,5000
124682,66.62,5000
125561,66.62,5000
127199,66.62,5000
127647,66.62,5000
128168,66.62,5000
129792,66.62,5000
130247,66.62,5000
130433,66.62,5000
130494,66.62,5000
131000,66.62,5000
131790,66.62,5000
132015,66.62,5000
132415,66.62,5000
134299,66.62,5000
135088,66.62,5000
135113,66.62,5000
135930,66.62,5000
136245,66.62,5000
136928,66.62,5000
137017,66.62,5000
138086,66.62,5000
138377,66.62,5000
139742,66.62,5000
140036,66.62,5000
140051,66.62,5000
140131,66.62,5000
140162,66.62,5000
140353,66.62,5000
141759,66.62,5000
143039,66.62,5000
143180,66.62,5000
143543,66.62,5000
144747,66.62,5000
144950,66.62,5000
145062,66.62,5000
145804,66.62,5000
146002,66.62,5000
146273,66.62,5000
147080,66.62,5000
147128,66.62,5000
148110,66.62,5000
148345,66.62,5000
148604,66.62,5000
149027,66.62,5000
150025,66.62,5000
150278,66.62,5000
150415,66.62,5000
150755,66.62,5000
151325,66.62,5000
151412,66.62,5000
152986,66.62,5000
153147,66.62,5000
153195,66.62,5000
153459,66.62,5000
155200,66.62,5000
155224,66.62,5000
155599,66.62,5000
157497,66.62,5000
158517,66.62,5000
158724,66.62,5000
159318,66.62,5000
160013,66.62,5000
160050,66.62,5000
160233,66.62,5000
161244,66.62,5000
162539,66.62,5000
165043,66.62,5000
165566,66.62,5000
166178,66.62,5000
166186,66.62,5000
167614,66.62,5000
167893,66.62,5000
168086,66.62,5000
170066,66.62,5000
170512,66.62,5000
170729,66.62,5000
170774,66.62,5000
172508,66.62,5000
173177,66.62,5000
173225,66.62,5000
173314,66.62,5000
173431,66.62,5000
174076,66.62,5000
174268,66.62,5000
175234,66.62,5000
175285,66.62,5000
175424,66.62,5000
175522,66.62,5000
176006,66.62,5000
176606,66.62,5000
177331,66.62,5000
178186,66.62,5000
178568,66.62,5000
179299,66.62,5000
179352,66.62,5000
180161,66.62,5000
180311,66.62,5000
180704,66.62,5000
180794,66.62,5000
182675,66.62,5000
182898,66.62,5000
183953,66.62,5000
183988,66.62,5000
184601,66.62,5000
185083,66.62,5000
186182,66.62,5000
187784,66.62,5000
188387,66.62,5000
189138,66.62,5000
191215,66.62,5000
191348,66.62,5000
192181,66.62,5000
193836,66.62,5000
194535,66.62,5000
195197,66.62,5000
195346,66.62,5000
196229,66.62,5000
197156,66.62,5000
198096,66.62,5000
198106,66.62,5000
199851,66.62,5000
200164,66.62,5000
200306,66.62,5000
200665,66.62,5000
200699,66.62,5000
201429,66.62,5000
202004,66.62,5000
202353,66.62,5000
202541,66.62,5000
203287,66.62,5000
203607,66.62,5000
204096,66.62,5000
204453,66.62,5000
205240,66.62,5000
205572,66.62,5000
205830,66.62,5000
206066,66.62,5000
206091,66.62,5000
206196,66.62,5000
207971,66.62,5000
208200,66.62,5000
208828,66.62,5000
209050,66.62,5000
209128,66.62,5000
209786,66.62,5000
210152,66.62,5000
210219,66.62,5000
210585,66.62,5000
211159,66.62,5000
211331,66.62,5000
211360,66.62,5000
212003,66.62,5000
212404,66.62,5000
214268,66.62,5000
215002,66.62,5000
215125,66.62,5000
215178,66.62,5000
215242,66.62,5000
215284,66.62,5000
215879,66.62,5000
216044,66.62,5000
216091,66.62,5000
218382,66.62,5000
220472,66.62,5000
220570,66.62,5000
220628,66.62,5000
221243,66.62,5000
222277,66.62,5000
223327,66.62,5000
224404,66.62,5000
226437,66.62,5000
226903,66.62,5000
227017,66.62,5000
227633,66.62,5000
227778,66.62,5000
227876,66.62,5000
228308,66.62,5000
228900,66.62,5000
229603,66.62,5000
229850,66.62,5000
230248,66.62,5000
230313,66.62,5000
230653,66.62,5000
230769,66.62,5000
231053,66.62,5000
231480,66.62,5000
232015,66.62,5000
233421,66.62,5000
233596,66.62,5000
234458,66.62,5000
235081,66.62,5000
235272,66.62,5000
235629,66.62,5000
236019,66.62,5000
236454,66.62,5000
236483,66.62,5000
237121,66.62,5000
237282,66.62,5000
238350,66.62,5000
238720,66.62,5000
239047,66.62,5000
239358,66.62,5000
240174,66.62,5000
240792,66.62,5000
240854,66.62,5000
240885,66.62,5000
241289,66.62,5000
241557,66.62,5000
242466,66.62,5000
243018,66.62,5000
243316,66.62,5000
244226,66.62,5000
244261,66.62,5000
245170,66.62,5000
245497,66.62,5000
245783,66.62,5000
245885,66.62,5000
246513,66.62,5000
247205,66.62,5000
247233,66.62,5000
247413,66.62,5000
248125,66.62,5000
250189,66.62,5000
250271,66.62,5000
250502,66.62,5000
252368,66.62,5000
254641,66.62,5000
255161,66.62,5000
255231,66.62,5000
255421,66.62,5000
256402,66.62,5000
256657,66.62,5000
257415,66.62,5000
257899,66.62,5000
258189,66.62,5000
259700,66.62,5000
261377,66.62,5000
261734,66.62,5000
261784,66.62,5000
262423,66.62,5000
262502,66.62,5000
263264,66.62,5000
263283,66.62,5000
264056,66.62,5000
264285,66.62,5000
265387,66.62,5000
265510,66.62,5000
265522,66.62,5000
265599,66.62,5000
266419,66.62,5000
267261,66.62,5000
268079,66.62,5000
268460,66.62,5000
269084,66.62,5000
269121,66.62,5000
269513,66.62,5000
270175,66.62,5000
270396,66.62,5000
270569,66.62,5000
270629,66.62,5000
271310,66.62,5000
271980,66.62,5000
272736,66.62,5000
273547,66.62,5000
274478,66.62,5000
275036,66.62,5000
275324,66.62,5000
275480,66.62,5000
275649,66.62,5000
275866,66.62,5000
276768,66.62,5000
276811,66.62,5000
278981,66.62,5000
280192,66.62,5000
280290,66.62,5000
280612,66.62,5000
281185,66.62,5000
281528,66.62,5000
282115,66.62,5000
283372,66.62,5000
284210,66.62,5000
285112,66.62,5000
285276,66.62,5000
285344,66.62,5000
286605,66.62,5000
287703,66.62,5000
289616,66.62,5000
290033,66.62,5000
290521,66.62,5000
290771,66.62,5000
292216,66.62,5000
293277,66.62,5000
294111,66.62,5000
294553,66.62,5000
295140,66.62,5000
295254,66.62,5000
295791,66.62,5000
297795,66.62,5000
297878,66.62,5000
298028,66.62,5000
298411,66.62,5000
298784,66.62,5000
299098,66.62,5000
299317,66.62,5000
300302,66.62,5000
300545,66.62,5000
300962,66.62,5000
301047,66.62,5000
301157,66.62,5000
301260,66.62,5000
303743,66.62,5000
303807,66.62,5000
304181,66.62,5000
304842,66.62,5000
305350,66.62,5000
305637,66.62,5000
305934,66.62,5000
306227,66.62,5000
306227,66.62,5000
306262,66.62,5000
307485,66.62,5000
308250,66.62,5000
309573,66.62,5000
310153,66.62,5000
310178,66.62,5000
310190,66.62,5000
310247,66.62,5000
310444,66.62,5000
310766,66.62,5000
311581,66.62,5000
313229,66.62,5000
315733,66.62,5000
315879,66.62,5000
316021,66.62,5000
316454,66.62,5000
317124,66.62,5000
319915,66.62,5000
320096,66.62,5000
320289,66.62,5000
320925,66.62,5000
321155,66.62,5000
322973,66.62,5000
323782,66.62,5000
324247,66.62,5000
324316,66.62,5000
324910,66.62,5000
325339,66.62,5000
327048,66.62,5000
327173,66.62,5000
328006,66.62,5000
328300,66.62,5000
329122,66.62,5000
329953,66.62,5000
330116,66.62,5000
330283,66.62,5000
330598,66.62,5000
330721,66.62,5000
331424,66.62,5000
331486,66.62,5000
332376,66.62,5000
332706,66.62,5000
333841,66.62,5000
334014,66.62,5000
334079,66.62,5000
335054,66.62,5000
335417,66.62,5000
335552,66.62,5000
335555,66.62,5000
336668,66.62,5000
336960,66.62,5000
337376,66.62,5000
337542,66.62,5000
337728,66.62,5000
338919,66.62,5000
339015,66.62,5000
339084,66.62,5000
339373,66.62,5000
339455,66.62,5000
340009,66.62,5000
340097,66.62,5000
340276,66.62,5000
342506,66.62,5000
343989,66.62,5000
344096,66.62,5000
344528,66.62,5000
344637,66.62,5000
345888,66.62,5000
346190,66.62,5000
346209,66.62,5000
347179,66.62,5000
347862,66.62,5000
348566,66.62,5000
349222,66.62,5000
349672,66.62,5000
349703,66.62,5000
351214,66.62,5000
352056,66.62,5000
354089,66.62,5000
354205,66.62,5000
354298,66.62,5000
356326,66.62,5000
358344,66.62,5000
358442,66.62,5000
359113,66.62,5000
359233,66.62,5000
359362,66.62,5000
359363,66.62,5000
360528,66.62,5000
360797,66.62,5000
361152,66.62,5000
361191,66.62,5000
362145,66.62,5000
362188,66.62,5000
363290,66.62,5000
363609,66.62,5000
364783,66.62,5000
365046,66.62,5000
365218,66.62,5000
365457,66.62,5000
365543,66.62,5000
365596,66.62,5000
366630,66.62,5000
366827,66.62,5000
367085,66.62,5000
367407,66.62,5000
368388,66.62,5000
368452,66.62,5000
369077,66.62,5000
369199,66.62,5000
369331,66.62,5000
369423,66.62,5000
371804,66.62,5000
372242,66.62,5000
372602,66.62,5000
373009,66.62,5000
373056,66.62,5000
373596,66.62,5000
374686,66.62,5000
374950,66.62,5000
375691,66.62,5000
377624,66.62,5000
378095,66.62,5000
379078,66.62,5000
379478,66.62,5000
379630,66.62,5000
380195,66.62,5000
381004,66.62,5000
384150,66.62,5000
385077,66.62,5000
385509,66.62,5000
388963,66.62,5000
389158,66.62,5000
389562,66.62,5000
389803,66.62,5000
390853,66.62,5000
390868,66.62,5000
391504,66.62,5000
391614,66.62,5000
391856,66.62,5000
392234,66.62,5000
392252,66.62,5000
392365,66.62,5000
393854,66.62,5000
394169,66.62,5000
394262,66.62,5000
394321,66.62,5000
394703,66.62,5000
394804,66.62,5000
395140,66.62,5000
395367,66.62,5000
396215,66.62,5000
396742,66.62,5000
397616,66.62,5000
399129,66.62,5000
399597,66.62,5000
399891,66.62,5000
400140,66.62,5000
400388,66.62,5000
401354,66.62,5000
401485,66.62,5000
402695,66.62,5000
402942,66.62,5000
403025,66.62,5000
403306,66.62,5000
404394,66.62,5000
404430,66.62,5000
404548,66.62,5000
404724,66.62,5000
405406,66.62,5000
406032,66.62,5000
409189,66.62,5000
409256,66.62,5000
409973,66.62,5000
411524,66.62,5000
412386,66.62,5000
414049,66.62,5000
414428,66.62,5000
414947,66.62,5000
415218,66.62,5000
416689,66.62,5000
417811,66.62,5000
420506,66.62,5000
420547,66.62,5000
420623,66.62,5000
421552,66.62,5000
423631,66.62,5000
423748,66.62,5000
424266,66.62,5000
424327,66.62,5000
424660,66.62,5000
424686,66.62,5000
425324,66.62,5000
425936,66.62,5000
427014,66.62,5000
427331,66.62,5000
429055,66.62,5000
429229,66.62,5000
429240,66.62,5000
429322,66.62,5000
429400,66.62,5000
430101,66.62,5000
430658,66.62,5000
431450,66.62,5000
432040,66.62,5000
432535,66.62,5000
433065,66.62,5000
433240,66.62,5000
433696,66.62,5000
434307,66.62,5000
434390,66.62,5000
434423,66.62,5000
434441,66.62,5000
435085,66.62,5000
435714,66.62,5000
436047,66.62,5000
437027,66.62,5000
437121,66.62,5000
439248,66.62,5000
439611,66.62,5000
439933,66.62,5000
441673,66.62,5000
442286,66.62,5000
444442,66.62,5000
444568,66.62,5000
444645,66.62,5000
445906,66.62,5000
446125,66.62,5000
448485,66.62,5000
449212,66.62,5000
449345,66.62,5000
449697,66.62,5000
453773,66.62,5000
454021,66.62,5000
454213,66.62,5000
454309,66.62,5000
454359,66.62,5000
455213,66.62,5000
455579,66.62,5000
455943,66.62,5000
456356,66.62,5000
457006,66.62,5000
457256,66.62,5000
457598,66.62,5000
457696,66.62,5000
458197,66.62,5000
458747,66.62,5000
459188,66.62,5000
459321,66.62,5000
459356,66.62,5000
459385,66.62,5000
460631,66.62,5000
460635,66.62,5000
461289,66.62,5000
461554,66.62,5000
462319,66.62,5000
463048,66.62,5000
463081,66.62,5000
463208,66.62,5000
464820,66.62,5000
465019,66.62,5000
465134,66.62,5000
465145,66.62,5000
465501,66.62,5000
465653,66.62,5000
466504,66.62,5000
466761,66.62,5000
467170,66.62,5000
467727,66.62,5000
468128,66.62,5000
468130,66.62,5000
469122,66.62,5000
469551,66.62,5000
470008,66.62,5000
471134,66.62,5000
472865,66.62,5000
473087,66.62,5000
474285,66.62,5000
474318,66.62,5000
474907,66.62,5000
475728,66.62,5000
476574,66.62,5000
477153,66.62,5000
478336,66.62,5000
479026,66.62,5000
479093,66.62,5000
479778,66.62,5000
481627,66.62,5000
481879,66.62,5000
482191,66.62,5000
482258,66.62,5000
483562,66.62,5000
484040,66.62,5000
484273,66.62,5000
484589,66.62,5000
484635,66.62,5000
486400,66.62,5000
486425,66.62,5000
486974,66.62,5000
487735,66.62,5000
488021,66.62,5000
488433,66.62,5000
488721,66.62,5000
489101,66.62,5000
489493,66.62,5000
490266,66.62,5000
490291,66.62,5000
490291,66.62,5000
491405,66.62,5000
491743,66.62,5000
492083,66.62,5000
492413,66.62,5000
493046,66.62,5000
493158,66.62,5000
493249,66.62,5000
494064,66.62,5000
494276,66.62,5000
494985,66.62,5000
495006,66.62,5000
495138,66.62,5000
495192,66.62,5000
496230,66.62,5000
496650,66.62,5000
497683,66.62,5000
498183,66.62,5000
498547,66.62,5000
499016,66.62,5000
499642,66.62,5000
500065,66.62,5000
500183,66.62,5000
500643,66.62,5000
502306,66.62,5000
504156,66.62,5000
504369,66.62,5000
504677,66.62,5000
505166,66.62,5000
507789,66.62,5000
509037,66.62,5000
509434,66.62,5000
509671,66.62,5000
511188,66.62,5000
512448,66.62,5000
514245,66.62,5000
514276,66.62,5000
514347,66.62,5000
516419,66.62,5000
516601,66.62,5000
517126,66.62,5000
517494,66.62,5000
518243,66.62,5000
519017,66.62,5000
519066,66.62,5000
519434,66.62,5000
519561,66.62,5000
520051,66.62,5000
520093,66.62,5000
521287,66.62,5000
521460,66.62,5000
522146,66.62,5000
522524,66.62,5000
524072,66.62,5000
524296,66.62,5000
525023,66.62,5000
525262,66.62,5000
525455,66.62,5000
525570,66.62,5000
525882,66.62,5000
526107,66.62,5000
526296,66.62,5000
526313,66.62,5000
527223,66.62,5000
527512,66.62,5000
528603,66.62,5000
528610,66.62,5000
529326,66.62,5000
529973,66.62,5000
530153,66.62,5000
530282,66.62,5000
530642,66.62,5000
530674,66.62,5000
531077,66.62,5000
531385,66.62,5000
533182,66.62,5000
534798,66.62,5000
534966,66.62,5000
535064,66.62,5000
535109,66.62,5000
535146,66.62,5000
536523,66.62,5000
537062,66.62,5000
538181,66.62,5000
539436,66.62,5000
540172,66.62,5000
540203,66.62,5000
541099,66.62,5000
544134,66.62,5000
544564,66.62,5000
544689,66.62,5000
545482,66.62,5000
547121,66.62,5000
547638,66.62,5000
549027,66.62,5000
549585,66.62,5000
549817,66.62,5000
549838,66.62,5000
550327,66.62,5000
551396,66.62,5000
551634,66.62,5000
552050,66.62,5000
552345,66.62,5000
553073,66.62,5000
553073,66.62,5000
553672,66.62,5000
554166,66.62,5000
554196,66.62,5000
554658,66.62,5000
554749,66.62,5000
555096,66.62,5000
555167,66.62,5000
555622,66.62,5000
556953,66.62,5000
557753,66.62,5000
558349,66.62,5000
558923,66.62,5000
559418,66.62,5000
559463,66.62,5000
559577,66.62,5000
559638,66.62,5000
559885,66.62,5000
560278,66.62,5000
561101,66.62,5000
561889,66.62,5000
562330,66.62,5000
562789,66.62,5000
563152,66.62,5000
564141,66.62,5000
564196,66.62,5000
564222,66.62,5000
565312,66.62,5000
567130,66.62,5000
568996,66.62,5000
569127,66.62,5000
569255,66.62,5000
569315,66.62,5000
570740,66.62,5000
573455,66.62,5000
573455,66.62,5000
574012,66.62,5000
574850,66.62,5000
575218,66.62,5000
575272,66.62,5000
577013,66.62,5000
578197,66.62,5000
578868,66.62,5000
579087,66.62,5000
579239,66.62,5000
579484,66.62,5000
579853,66.62,5000
580274,66.62,5000
580739,66.62,5000
581217,66.62,5000
581434,66.62,5000
583231,66.62,5000
583465,66.62,5000
584126,66.62,5000
584152,66.62,5000
584338,66.62,5000
585113,66.62,5000
585186,66.62,5000
586006,66.62,5000
586384,66.62,5000
586826,66.62,5000
587320,66.62,5000
587396,66.62,5000
588142,66.62,5000
588323,66.62,5000
589121,66.62,5000
589939,66.62,5000
590342,66.62,5000
590560,66.62,5000
590627,66.62,5000
590643,66.62,5000
592766,66.62,5000
592916,66.62,5000
593142,66.62,5000
593368,66.62,5000
593987,66.62,5000
594096,66.62,5000
594245,66.62,5000
594349,66.62,5000
594627,66.62,5000
595904,66.62,5000
597505,66.62,5000
598274,66.62,5000
599266,66.62,5000
599863,66.62,5000
599927,66.62,5000
602458,66.62,5000
603857,66.62,5000
604076,66.62,5000
604418,66.62,5000
605354,66.62,5000
607055,66.62,5000
608103,66.62,5000
609303,66.62,5000
610959,66.62,5000
610990,66.62,5000
611316,66.62,5000
611338,66.62,5000
611837,66.62,5000
613448,66.62,5000
613599,66.62,5000
614056,66.62,5000
614266,66.62,5000
614549,66.62,5000
614604,66.62,5000
615054,66.62,5000
615184,66.62,5000
616284,66.62,5000
616939,66.62,5000
617241,66.62,5000
617259,66.62,5000
618031,66.62,5000
618338,66.62,5000
619164,66.62,5000
619291,66.62,5000
619768,66.62,5000
619981,66.62,5000
620156,66.62,5000
620185,66.62,5000
621799,66.62,5000
622054,66.62,5000
622325,66.62,5000
622653,66.62,5000
623186,66.62,5000
624043,66.62,5000
624383,66.62,5000
624541,66.62,5000
624549,66.62,5000
625573,66.62,5000
625834,66.62,5000
626820,66.62,5000
627101,66.62,5000
628030,66.62,5000
629023,66.62,5000
629182,66.62,5000
629287,66.62,5000
630948,66.62,5000
631026,66.62,5000
631437,66.62,5000
632134,66.62,5000
632145,66.62,5000
632328,66.62,5000
633379,66.62,5000
634228,66.62,5000
634365,66.62,5000
634452,66.62,5000
635102,66.62,5000
636214,66.62,5000
639177,66.62,5000
640465,66.62,5000
642074,66.62,5000
642323,66.62,5000
643171,66.62,5000
643978,66.62,5000
644053,66.62,5000
644127,66.62,5000
645488,66.62,5000
645499,66.62,5000
646192,66.62,5000
646593,66.62,5000
647150,66.62,5000
647424,66.62,5000
648012,66.62,5000
648262,66.62,5000
649216,66.62,5000
649792,66.62,5000
649952,66.62,5000
650069,66.62,5000
650248,66.62,5000
650450,66.62,5000
651745,66.62,5000
652915,66.62,5000
653035,66.62,5000
653061,66.62,5000
653723,66.62,5000
654007,66.62,5000
654379,66.62,5000
655029,66.62,5000
655111,66.62,5000
655642,66.62,5000
656410,66.62,5000
656574,66.62,5000
657063,66.62,5000
657285,66.62,5000
658474,66.62,5000
659307,66.62,5000
659920,66.62,5000
659957,66.62,5000
660364,66.62,5000
661010,66.62,5000
662333,66.62,5000
664283,66.62,5000
664805,66.62,5000
665290,66.62,5000
668071,66.62,5000
669359,66.62,5000
669655,66.62,5000
669782,66.62,5000
670636,66.62,5000
673204,66.62,5000
674039,66.62,5000
674044,66.62,5000
674095,66.62,5000
674098,66.62,5000
674267,66.62,5000
675296,66.62,5000
675373,66.62,5000
676448,66.62,5000
676487,66.62,5000
677069,66.62,5000
677243,66.62,5000
678424,66.62,5000
679380,66.62,5000
679442,66.62,5000
679489,66.62,5000
679624,66.62,5000
680126,66.62,5000
681369,66.62,5000
681768,66.62,5000
682597,66.62,5000
683543,66.62,5000
683686,66.62,5000
684012,66.62,5000
684590,66.62,5000
684906,66.62,5000
684950,66.62,5000
684993,66.62,5000
685318,66.62,5000
685745,66.62,5000
686082,66.62,5000
686980,66.62,5000
687075,66.62,5000
687438,66.62,5000
689097,66.62,5000
689215,66.62,5000
689226,66.62,5000
689345,66.62,5000
690039,66.62,5000
691267,66.62,5000
692234,66.62,5000
693714,66.62,5000
693882,66.62,5000
694112,66.62,5000
694891,66.62,5000
694895,66.62,5000
694898,66.62,5000
695192,66.62,5000
695291,66.62,5000
696966,66.62,5000
697328,66.62,5000
698623,66.62,5000
699181,66.62,5000
699402,66.62,5000
700064,66.62,5000
701859,66.62,5000
703209,66.62,5000
704924,66.62,5000
704994,66.62,5000
705311,66.62,5000
705380,66.62,5000
705387,66.62,5000
706623,66.62,5000
706848,66.62,5000
706924,66.62,5000
707999,66.62,5000
708172,66.62,5000
708290,66.62,5000
708311,66.62,5000
709077,66.62,5000
709799,66.62,5000
710177,66.62,5000
710299,66.62,5000
710733,66.62,5000
711622,66.62,5000
712733,66.62,5000
712971,66.62,5000
713182,66.62,5000
714178,66.62,5000
714335,66.62,5000
714354,66.62,5000
714434,66.62,5000
714919,66.62,5000
715371,66.62,5000
715656,66.62,5000
716458,66.62,5000
717446,66.62,5000
718032,66.62,5000
718333,66.62,5000
718463,66.62,5000
719096,66.62,5000
719137,66.62,5000
719181,66.62,5000
719191,66.62,5000
720266,66.62,5000
720288,66.62,5000
721147,66.62,5000
721317,66.62,5000
722451,66.62,5000
723537,66.62,5000
724869,66.62,5000
724934,66.62,5000
725655,66.62,5000
725701,66.62,5000
726151,66.62,5000
727165,66.62,5000
728896,66.62,5000
729520,66.62,5000
729628,66.62,5000
729681,66.62,5000
733980,66.62,5000
734143,66.62,5000
734204,66.62,5000
734227,66.62,5000
735248,66.62,5000
736381,66.62,5000
737446,66.62,5000
738391,66.62,5000
738532,66.62,5000
738578,66.62,5000
739158,66.62,5000
739257,66.62,5000
739258,66.62,5000
739410,66.62,5000
741039,66.62,5000
741057,66.62,5000
741199,66.62,5000
742499,66.62,5000
743328,66.62,5000
743344,66.62,5000
743851,66.62,5000
744167,66.62,5000
744245,66.62,5000
744281,66.62,5000
744496,66.62,5000
745214,66.62,5000
745366,66.62,5000
746109,66.62,5000
746156,66.62,5000
748193,66.62,5000
748439,66.62,5000
749818,66.62,5000
749890,66.62,5000
749896,66.62,5000
750031,66.62,5000
750063,66.62,5000
750676,66.62,5000
752119,66.62,5000
752174,66.62,5000
753209,66.62,5000
753334,66.62,5000
753365,66.62,5000
754076,66.62,5000
754092,66.62,5000
754095,66.62,5000
754175,66.62,5000
757063,66.62,5000
757362,66.62,5000
758680,66.62,5000
759335,66.62,5000
759495,66.62,5000
760038,66.62,5000
761932,66.62,5000
762328,66.62,5000
763032,66.62,5000
764389,66.62,5000
764571,66.62,5000
765289,66.62,5000
765826,66.62,5000
766948,66.62,5000
767087,66.62,5000
768131,66.62,5000
768189,66.62,5000
769163,66.62,5000
769257,66.62,5000
769497,66.62,5000
769599,66.62,5000
770117,66.62,5000
770132,66.62,5000
771015,66.62,5000
771080,66.62,5000
772005,66.62,5000
772211,66.62,5000
773390,66.62,5000
773746,66.62,5000
774014,66.62,5000
774077,66.62,5000
774377,66.62,5000
774452,66.62,5000
775154,66.62,5000
775344,66.62,5000
777156,66.62,5000
777917,66.62,5000
777943,66.62,5000
778171,66.62,5000
778303,66.62,5000
779094,66.62,5000
779629,66.62,5000
779632,66.62,5000
780100,66.62,5000
780300,66.62,5000
781263,66.62,5000
782082,66.62,5000
782118,66.62,5000
783099,66.62,5000
784063,66.62,5000
784148,66.62,5000
784290,66.62,5000
784511,66.62,5000
784809,66.62,5000
785237,66.62,5000
786281,66.62,5000
788976,66.62,5000
789380,66.62,5000
789586,66.62,5000
790265,66.62,5000
790510,66.62,5000
790619,66.62,5000
791920,66.62,5000
794201,66.62,5000
794587,66.62,5000
794621,66.62,5000
795633,66.62,5000
796181,66.62,5000
797591,66.62,5000
799011,66.62,5000
799022,66.62,5000
799283,66.62,5000
800145,66.62,5000
800499,66.62,5000
801898,66.62,5000
802513,66.62,5000
802532,66.62,5000
802751,66.62,5000
803114,66.62,5000
804000,66.62,5000
804104,66.62,5000
804258,66.62,5000
804441,66.62,5000
804551,66.62,5000
805041,66.62,5000
805255,66.62,5000
806376,66.62,5000
806459,66.62,5000
807627,66.62,5000
808299,66.62,5000
808485,66.62,5000
808759,66.62,5000
809024,66.62,5000
809161,66.62,5000
809261,66.62,5000
809690,66.62,5000
811050,66.62,5000
811143,66.62,5000
811174,66.62,5000
812114,66.62,5000
812557,66.62,5000
813145,66.62,5000
813482,66.62,5000
814580,66.62,5000
815043,66.62,5000
815260,66.62,5000
815396,66.62,5000
816061,66.62,5000
816293,66.62,5000
817679,66.62,5000
817933,66.62,5000
818423,66.62,5000
819657,66.62,5000
820141,66.62,5000
820321,66.62,5000
821409,66.62,5000
821433,66.62,5000
822964,66.62,5000
823086,66.62,5000
824452,66.62,5000
824543,66.62,5000
824603,66.62,5000
826550,66.62,5000
827993,66.62,5000
829106,66.62,5000
829803,66.62,5000
829901,66.62,5000
830304,66.62,5000
831154,66.62,5000
831325,66.62,5000
832196,66.62,5000
832598,66.62,5000
833027,66.62,5000
833052,66.62,5000
834086,66.62,5000
834128,66.62,5000
834336,66.62,5000
834524,66.62,5000
835005,66.62,5000
836813,66.62,5000
837349,66.62,5000
837786,66.62,5000
838032,66.62,5000
838414,66.62,5000
839007,66.62,5000
839056,66.62,5000
839612,66.62,5000
839692,66.62,5000
840277,66.62,5000
840526,66.62,5000
841469,66.62,5000
842843,66.62,5000
842910,66.62,5000
843388,66.62,5000
843709,66.62,5000
844048,66.62,5000
844066,66.62,5000
844417,66.62,5000
844447,66.62,5000
846286,66.62,5000
846626,66.62,5000
847367,66.62,5000
847428,66.62,5000
847529,66.62,5000
849272,66.62,5000
849328,66.62,5000
849466,66.62,5000
851360,66.62,5000
852315,66.62,5000
854938,66.62,5000
855442,66.62,5000
855482,66.62,5000
856505,66.62,5000
858548,66.62,5000
859003,66.62,5000
859513,66.62,5000
859661,66.62,5000
860177,66.62,5000
861832,66.62,5000
862515,66.62,5000
864464,66.62,5000
864743,66.62,5000
865030,66.62,5000
865059,66.62,5000
865239,66.62,5000
865356,66.62,5000
865995,66.62,5000
866223,66.62,5000
866718,66.62,5000
867249,66.62,5000
868386,66.62,5000
868510,66.62,5000
869074,66.62,5000
869092,66.62,5000
869439,66.62,5000
869561,66.62,5000
870043,66.62,5000
870122,66.62,5000
871049,66.62,5000
871188,66.62,5000
872089,66.62,5000
873705,66.62,5000
873758,66.62,5000
874073,66.62,5000
874438,66.62,5000
874509,66.62,5000
874552,66.62,5000
875989,66.62,5000
876134,66.62,5000
876392,66.62,5000
876811,66.62,5000
877160,66.62,5000
877475,66.62,5000
877772,66.62,5000
878288,66.62,5000
878986,66.62,5000
880349,66.62,5000
880981,66.62,5000
881143,66.62,5000
882614,66.62,5000
884550,66.62,5000
884986,66.62,5000
885079,66.62,5000
886779,66.62,5000
887744,66.62,5000
889591,66.62,5000
890108,66.62,5000
890149,66.62,5000
890934,66.62,5000
893472,66.62,5000
894637,66.62,5000
895017,66.62,5000
895046,66.62,5000
895168,66.62,5000
895468,66.62,5000
895888,66.62,5000
896558,66.62,5000
896738,66.62,5000
897537,66.62,5000
897771,66.62,5000
898553,66.62,5000
898857,66.62,5000
899331,66.62,5000
899338,66.62,5000
899447,66.62,5000
899734,66.62,5000
900345,66.62,5000
900539,66.62,5000
901996,66.62,5000
902156,66.62,5000
902210,66.62,5000
902314,66.62,5000
903131,66.62,5000
903409,66.62,5000
904012,66.62,5000
904153,66.62,5000
904433,66.62,5000
905091,66.62,5000
905168,66.62,5000
906434,66.62,5000
906486,66.62,5000
907404,66.62,5000
907496,66.62,5000
908027,66.62,5000
909202,66.62,5000
909330,66.62,5000
909665,66.62,5000
910033,66.62,5000
910441,66.62,5000
910544,66.62,5000
912200,66.62,5000
913065,66.62,5000
914444,66.62,5000
914490,66.62,5000
915075,66.62,5000
915219,66.62,5000
915682,66.62,5000
916200,66.62,5000
917172,66.62,5000
919075,66.62,5000
919353,66.62,5000
919625,66.62,5000
920135,66.62,5000
921859,66.62,5000
922525,66.62,5000
923870,66.62,5000
924027,66.62,5000
924318,66.62,5000
924395,66.62,5000
926220,66.62,5000
926783,66.62,5000
927037,66.62,5000
927135,66.62,5000
928532,66.62,5000
928761,66.62,5000
929333,66.62,5000
929978,66.62,5000
930122,66.62,5000
930237,66.62,5000
930480,66.62,5000
930641,66.62,5000
931205,66.62,5000
932241,66.62,5000
932470,66.62,5000
933398,66.62,5000
933565,66.62,5000
934219,66.62,5000
934414,66.62,5000
934441,66.62,5000
934791,66.62,5000
935786,66.62,5000
936352,66.62,5000
936402,66.62,5000
936887,66.62,5000
937230,66.62,5000
937451,66.62,5000
938292,66.62,5000
938461,66.62,5000
939428,66.62,5000
939560,66.62,5000
939592,66.62,5000
940063,66.62,5000
940312,66.62,5000
940799,66.62,5000
940961,66.62,5000
941753,66.62,5000
941824,66.62,5000
942519,66.62,5000
943041,66.62,5000
944729,66.62,5000
944782,66.62,5000
945940,66.62,5000
948085,66.62,5000
949074,66.62,5000
949235,66.62,5000
949259,66.62,5000
950547,66.62,5000
952137,66.62,5000
953368,66.62,5000
954013,66.62,5000
954286,66.62,5000
954484,66.62,5000
956618,66.62,5000
957687,66.62,5000
957744,66.62,5000
958277,66.62,5000
958295,66.62,5000
959087,66.62,5000
959213,66.62,5000
959243,66.62,5000
959270,66.62,5000
960249,66.62,5000
960464,66.62,5000
961401,66.62,5000
961714,66.62,5000
962170,66.62,5000
962703,66.62,5000
963166,66.62,5000
963919,66.62,5000
964005,66.62,5000
964338,66.62,5000
964350,66.62,5000
964440,66.62,5000
964600,66.62,5000
966648,66.62,5000
966723,66.62,5000
967336,66.62,5000
967369,66.62,5000
968189,66.62,5000
968269,66.62,5000
969332,66.62,5000
969884,66.62,5000
970104,66.62,5000
970119,66.62,5000
970788,66.62,5000
970821,66.62,5000
971061,66.62,5000
971682,66.62,5000
972324,66.62,5000
973069,66.62,5000
973396,66.62,5000
974368,66.62,5000
974863,66.62,5000
974957,66.62,5000
978096,66.62,5000
979437,66.62,5000
979457,66.62,5000
979648,66.62,5000
980321,66.62,5000
981070,66.62,5000
982560,66.62,5000
984448,66.62,5000
984755,66.62,5000
984827,66.62,5000
985994,66.62,5000
987213,66.62,5000
988345,66.62,5000
989163,66.62,5000
989711,66.62,5000
990506,66.62,5000
990591,66.62,5000
990632,66.62,5000
990928,66.62,5000
991325,66.62,5000
991334,66.62,5000
992227,66.62,5000
992532,66.62,5000
993004,66.62,5000
993795,66.62,5000
994145,66.62,5000
994244,66.62,5000
994540,66.62,5000
994634,66.62,5000
994707,66.62,5000
994826,66.62,5000
995002,66.62,5000
995121,66.62,5000
995131,66.62,5000
996483,66.62,5000
997083,66.62,5000
997272,66.62,5000
999343,66.62,5000
999457,66.62,5000
1000248,66.62,5000
1000400,66.62,5000
1000812,66.62,5000
1000870,66.62,5000
1001908,66.62,5000
1002054,66.62,5000
1003038,66.62,5000
1004481,66.62,5000
1004634,66.62,5000
1005850,66.62,5000
1008747,66.62,5000
1009249,66.62,5000
1009543,66.62,5000
1010028,66.62,5000
1010305,66.62,5000
1010465,66.62,5000
1012304,66.62,5000
1013612,66.62,5000
1014066,66.62,5000
1014290,66.62,5000
1014969,66.62,5000
1015600,66.62,5000
1016328,66.62,5000
1017555,66.62,5000
1018110,66.62,5000
1019259,66.62,5000
1020381,66.62,5000
1021634,66.62,5000
1021856,66.62,5000
1022075,66.62,5000
1022181,66.62,5000
1023284,66.62,5000
1023318,66.62,5000
1024141,66.62,5000
1024286,66.62,5000
1024813,66.62,5000
1024821,66.62,5000
1025308,66.62,5000
1025972,66.62,5000
1026040,66.62,5000
1026275,66.62,5000
1026854,66.62,5000
1027424,66.62,5000
1028929,66.62,5000
1029333,66.62,5000
1029442,66.62,5000
1030133,66.62,5000
1030497,66.62,5000
1030549,66.62,5000
1031215,66.62,5000
1032196,66.62,5000
1032688,66.62,5000
1033089,66.62,5000
1034020,66.62,5000
1034291,66.62,5000
1034366,66.62,5000
1034555,66.62,5000
1035754,66.62,5000
1035805,66.62,5000
1036064,66.62,5000
1036315,66.62,5000
1037638,66.62,5000
1039532,66.62,5000
1039928,66.62,5000
1040093,66.62,5000
1040377,66.62,5000
1042153,66.62,5000
1043310,66.62,5000
1044048,66.62,5000
1044288,66.62,5000
1044336,66.62,5000
1046882,66.62,5000
1049422,66.62,5000
1049477,66.62,5000
1049732,66.62,5000
1049923,66.62,5000
1050124,66.62,5000
1052124,66.62,5000
1053477,66.62,5000
1053503,66.62,5000
1054321,66.62,5000
1054696,66.62,5000
1055121,66.62,5000
1055225,66.62,5000
1055755,66.62,5000
1056299,66.62,5000
1056308,66.62,5000
1056347,66.62,5000
1057019,66.62,5000
1057131,66.62,5000
1057371,66.62,5000
1058464,66.62,5000
1058517,66.62,5000
1058779,66.62,5000
1059895,66.62,5000
1060000,66.62,5000
1060121,66.62,5000
1060146,66.62,5000
1060466,66.62,5000
1060835,66.62,5000
1061098,66.62,5000
1061700,66.62,5000
1061757,66.62,5000
1063353,66.62,5000
1063628,66.62,5000
1063945,66.62,5000
1064108,66.62,5000
1064461,66.62,5000
1064851,66.62,5000
1065132,66.62,5000
1065844,66.62,5000
1066389,66.62,5000
1066792,66.62,5000
1066794,66.62,5000
1066827,66.62,5000
1067591,66.62,5000
1067696,66.62,5000
1068669,66.62,5000
1069251,66.62,5000
1069428,66.62,5000
1069833,66.62,5000
1070713,66.62,5000
1071589,66.62,5000
1072624,66.62,5000
1073565,66.62,5000
1073628,66.62,5000
1074042,66.62,5000
1074286,66.62,5000
1074513,66.62,5000
1076016,66.62,5000
1077692,66.62,5000
1079092,66.62,5000
1079492,66.62,5000
1079947,66.62,5000
1080632,66.62,5000
1081266,66.62,5000
1082321,66.62,5000
1083131,66.62,5000
1084698,66.62,5000
1084735,66.62,5000
1084874,66.62,5000
1084997,66.62,5000
1085794,66.62,5000
1085812,66.62,5000
1086443,66.62,5000
1086714,66.62,5000
1087702,66.62,5000
1088401,66.62,5000
1088490,66.62,5000
1089016,66.62,5000
1089080,66.62,5000
1089196,66.62,5000
1089335,66.62,5000
1089566,66.62,5000
1090104,66.62,5000
1090746,66.62,5000
1091215,66.62,5000
1091230,66.62,5000
1091960,66.62,5000
1092049,66.62,5000
1092340,66.62,5000
1093124,66.62,5000
1093375,66.62,5000
1094121,66.62,5000
1094225,66.62,5000
1094790,66.62,5000
1094955,66.62,5000
1095549,66.62,5000
1095720,66.62,5000
1096138,66.62,5000
1096285,66.62,5000
1097731,66.62,5000
1098363,66.62,5000
1098537,66.62,5000
1098903,66.62,5000
1099010,66.62,5000
1099739,66.62,5000
1099959,66.62,5000
1101774,66.62,5000
1102294,66.62,5000
1104115,66.62,5000
1105043,66.62,5000
1105744,66.62,5000
1106069,66.62,5000
1108163,66.62,5000
1109569,66.62,5000
1110005,66.62,5000
1110030,66.62,5000
1110234,66.62,5000
1111554,66.62,5000
1111823,66.62,5000
1112280,66.62,5000
1113047,66.62,5000
1113198,66.62,5000
1115288,66.62,5000
1115903,66.62,5000
1116560,66.62,5000
1117139,66.62,5000
1117561,66.62,5000
1117849,66.62,5000
1118698,66.62,5000
1118733,66.62,5000
1119345,66.62,5000
1119527,66.62,5000
1119745,66.62,5000
1120008,66.62,5000
1121320,66.62,5000
1121378,66.62,5000
1121394,66.62,5000
1122117,66.62,5000
1122560,66.62,5000
1123113,66.62,5000
1123223,66.62,5000
1124082,66.62,5000
1124104,66.62,5000
1124242,66.62,5000
1124340,66.62,5000
1124410,66.62,5000
1125333,66.62,5000
1125712,66.62,5000
1127192,66.62,5000
1127915,66.62,5000
1129263,66.62,5000
1129378,66.62,5000
1129523,66.62,5000
1129541,66.62,5000
1129972,66.62,5000
1130104,66.62,5000
1130826,66.62,5000
1132192,66.62,5000
1132968,66.62,5000
1134210,66.62,5000
1134598,66.62,5000
1134705,66.62,5000
1136964,66.62,5000
1137200,66.62,5000
1137500,66.62,5000
1137661,66.62,5000
1138302,66.62,5000
1139513,66.62,5000
1139637,66.62,5000
1139728,66.62,5000
1140131,66.62,5000
1140278,66.62,5000
1141033,66.62,5000
1141730,66.62,5000
1142147,66.62,5000
1142361,66.62,5000
1143880,66.62,5000
1144664,66.62,5000
1144733,66.62,5000
1144898,66.62,5000
1145383,66.62,5000
1146301,66.62,5000
1146583,66.62,5000
1148038,66.62,5000
1148415,66.62,5000
1148685,66.62,5000
1149161,66.62,5000
1149548,66.62,5000
1149993,66.62,5000
1150220,66.62,5000
1150417,66.62,5000
1150709,66.62,5000
1152138,66.62,5000
1152610,66.62,5000
1152893,66.62,5000
1153823,66.62,5000
1154069,66.62,5000
1154249,66.62,5000
1154705,66.62,5000
1154758,66.62,5000
1155296,66.62,5000
1155402,66.62,5000
1156427,66.62,5000
1156464,66.62,5000
1156807,66.62,5000
1157097,66.62,5000
1157922,66.62,5000
1158178,66.62,5000
1158420,66.62,5000
1159157,66.62,5000
1159261,66.62,5000
1159312,66.62,5000
1159387,66.62,5000
1160021,66.62,5000
1160030,66.62,5000
1161471,66.62,5000
1162256,66.62,5000
1162350,66.62,5000
1162617,66.62,5000
1164305,66.62,5000
1164543,66.62,5000
1165097,66.62,5000
1168372,66.62,5000
1168550,66.62,5000
1170683,66.62,5000
1171076,66.62,5000
1171283,66.62,5000
1172131,66.62,5000
1172807,66.62,5000
1173317,66.62,5000
1173718,66.62,5000
1174245,66.62,5000
1174453,66.62,5000
1174559,66.62,5000
1175288,66.62,5000
1176136,66.62,5000
1177339,66.62,5000
1178928,66.62,5000
1179373,66.62,5000
1179565,66.62,5000
1179729,66.62,5000
1179796,66.62,5000
1180056,66.62,5000
1180220,66.62,5000
1181426,66.62,5000
1181554,66.62,5000
1182161,66.62,5000
1182597,66.62,5000
1183272,66.62,5000
1183363,66.62,5000
1184311,66.62,5000
1184460,66.62,5000
1184492,66.62,5000
1184705,66.62,5000
1185189,66.62,5000
1185939,66.62,5000
1186045,66.62,5000
1186138,66.62,5000
1186657,66.62,5000
1187247,66.62,5000
1187316,66.62,5000
1188005,66.62,5000
1188687,66.62,5000
1189126,66.62,5000
1189131,66.62,5000
1189145,66.62,5000
1189357,66.62,5000
1190191,66.62,5000
1190350,66.62,5000
1191247,66.62,5000
1191433,66.62,5000
1192146,66.62,5000
1193103,66.62,5000
1193446,66.62,5000
1194278,66.62,5000
1194870,66.62,5000
1195605,66.62,5000
1196653,66.62,5000
1197138,66.62,5000
1198490,66.62,5000
1199331,66.62,5000
1199906,66.62,5000
1200001,66.62,5000
1200226,66.62,5000
1202759,66.62,5000
1203303,66.62,5000
1204044,66.62,5000
1204073,66.62,5000
1204839,66.62,5000
1205193,66.62,5000
1206196,66.62,5000
1207953,66.62,5000
1209028,66.62,5000
1209472,66.62,5000
1209672,66.62,5000
1210200,66.62,5000
1211211,66.62,5000
1212009,66.62,5000
1212378,66.62,5000
1213289,66.62,5000
1213306,66.62,5000
1213628,66.62,5000
1214139,66.62,5000
1214339,66.62,5000
1214535,66.62,5000
1215405,66.62,5000
1215454,66.62,5000
1216301,66.62,5000
1216377,66.62,5000
1216739,66.62,5000
1217162,66.62,5000
1218739,66.62,5000
1219077,66.62,5000
1219581,66.62,5000
1219789,66.62,5000
1220559,66.62,5000
1221459,66.62,5000
1221869,66.62,5000
1222113,66.62,5000
1222154,66.62,5000
1223921,66.62,5000
1224022,66.62,5000
1224046,66.62,5000
1224383,66.62,5000
1224474,66.62,5000
1224538,66.62,5000
1225022,66.62,5000
1225905,66.62,5000
1226066,66.62,5000
1229071,66.62,5000
1229620,66.62,5000
1230017,66.62,5000
1230236,66.62,5000
1231045,66.62,5000
1231734,66.62,5000
1232191,66.62,5000
1232192,66.62,5000
1233630,66.62,5000
1234734,66.62,5000
1235026,66.62,5000
1235110,66.62,5000
1240061,66.62,5000
1240284,66.62,5000
1240307,66.62,5000
1241668,66.62,5000
1241762,66.62,5000
1242342,66.62,5000
1242666,66.62,5000
1243834,66.62,5000
1244313,66.62,5000
1244346,66.62,5000
1244917,66.62,5000
1245186,66.62,5000
1245410,66.62,5000
1245562,66.62,5000
1245880,66.62,5000
1246806,66.62,5000
1246832,66.62,5000
1246986,66.62,5000
1247251,66.62,5000
1248073,66.62,5000
1248336,66.62,5000
1249029,66.62,5000
1249666,66.62,5000
1250465,66.62,5000
1250540,66.62,5000
1250572,66.62,5000
1251535,66.62,5000
1252003,66.62,5000
1252221,66.62,5000
1252721,66.62,5000
1253937,66.62,5000
1254002,66.62,5000
1254637,66.62,5000
1254655,66.62,5000
1254740,66.62,5000
1254779,66.62,5000
1255286,66.62,5000
1255960,66.62,5000
1256639,66.62,5000
1257196,66.62,5000
1257534,66.62,5000
1257639,66.62,5000
1258707,66.62,5000
1258735,66.62,5000
1259260,66.62,5000
1259264,66.62,5000
1259616,66.62,5000
1259780,66.62,5000
1260377,66.62,5000
1262818,66.62,5000
1262944,66.62,5000
1263111,66.62,5000
1263199,66.62,5000
1264305,66.62,5000
1264336,66.62,5000
1264577,66.62,5000
1264777,66.62,5000
1265266,66.62,5000
1267054,66.62,5000
1267439,66.62,5000
1267772,66.62,5000
1268144,66.62,5000
1268390,66.62,5000
1269428,66.62,5000
1269434,66.62,5000
1269559,66.62,5000
1270386,66.62,5000
1270995,66.62,5000
1271659,66.62,5000
1272251,66.62,5000
1273327,66.62,5000
1273983,66.62,5000
1274095,66.62,5000
1274273,66.62,5000
1274570,66.62,5000
1275082,66.62,5000
1275175,66.62,5000
1275251,66.62,5000
1275320,66.62,5000
1275495,66.62,5000
1276496,66.62,5000
1276564,66.62,5000
1276921,66.62,5000
1277358,66.62,5000
1277707,66.62,5000
1277772,66.62,5000
1279219,66.62,5000
1279222,66.62,5000
1279246,66.62,5000
1279252,66.62,5000
1279417,66.62,5000
1279591,66.62,5000
1280064,66.62,5000
1280682,66.62,5000
1281352,66.62,5000
1281421,66.62,5000
1281425,66.62,5000
1282454,66.62,5000
1283361,66.62,5000
1283540,66.62,5000
1284086,66.62,5000
1284166,66.62,5000
1284462,66.62,5000
1284672,66.62,5000
1285014,66.62,5000
1285023,66.62,5000
1285071,66.62,5000
1287014,66.62,5000
1287900,66.62,5000
1288320,66.62,5000
1288495,66.62,5000
1289183,66.62,5000
1289314,66.62,5000
1289555,66.62,5000
1289795,66.62,5000
1290394,66.62,5000
1291558,66.62,5000
1291616,66.62,5000
1292212,66.62,5000
1292339,66.62,5000
1293419,66.62,5000
1294605,66.62,5000
1295087,66.62,5000
1295148,66.62,5000
1295336,66.62,5000
1296602,66.62,5000
1296948,66.62,5000
1298044,66.62,5000
1298070,66.62,5000
1299393,66.62,5000
1299620,66.62,5000
1299908,66.62,5000
1300454,66.62,5000
1300656,66.62,5000
1301297,66.62,5000
1301618,66.62,5000
1302004,66.62,5000
1303387,66.62,5000
1304052,66.62,5000
1304639,66.62,5000
1304692,66.62,5000
1304955,66.62,5000
1305010,66.62,5000
1305020,66.62,5000
1307267,66.62,5000
1307489,66.62,5000
1308660,66.62,5000
1309070,66.62,5000
1309438,66.62,5000
1309591,66.62,5000
1309617,66.62,5000
1310635,66.62,5000
1310986,66.62,5000
1312204,66.62,5000
1312241,66.62,5000
1313112,66.62,5000
1313543,66.62,5000
1313856,66.62,5000
1314211,66.62,5000
1314410,66.62,5000
1315012,66.62,5000
1315018,66.62,5000
1315143,66.62,5000
1315722,66.62,5000
1316644,66.62,5000
1316888,66.62,5000
1317789,66.62,5000
1317911,66.62,5000
1318200,66.62,5000
1318300,66.62,5000
1319333,66.62,5000
1319793,66.62,5000
1319814,66.62,5000
1319943,66.62,5000
1320579,66.62,5000
1321491,66.62,5000
1321722,66.62,5000
1322736,66.62,5000
1323488,66.62,5000
1323984,66.62,5000
1324775,66.62,5000
1324996,66.62,5000
1325312,66.62,5000
1325433,66.62,5000
1325876,66.62,5000
1326026,66.62,5000
1326041,66.62,5000
1326152,66.62,5000
1326566,66.62,5000
1328619,66.62,5000
1328627,66.62,5000
1328872,66.62,5000
1329108,66.62,5000
1329209,66.62,5000
1329387,66.62,5000
1329761,66.62,5000
1330255,66.62,5000
1331061,66.62,5000
1331370,66.62,5000
1332314,66.62,5000
1332362,66.62,5000
1333023,66.62,5000
1333345,66.62,5000
1334146,66.62,5000
1334166,66.62,5000
1334446,66.62,5000
1335194,66.62,5000
1335395,66.62,5000
1335958,66.62,5000
1336522,66.62,5000
1336609,66.62,5000
1337478,66.62,5000
1337568,66.62,5000
1338163,66.62,5000
1338184,66.62,5000
1338693,66.62,5000
1338708,66.62,5000
1339264,66.62,5000
1339423,66.62,5000
1339543,66.62,5000
1340111,66.62,5000
1340121,66.62,5000
1340256,66.62,5000
1340328,66.62,5000
1340656,66.62,5000
1342170,66.62,5000
1342737,66.62,5000
1342751,66.62,5000
1342911,66.62,5000
1343051,66.62,5000
1343246,66.62,5000
1343722,66.62,5000
1344032,66.62,5000
1344220,66.62,5000
1344275,66.62,5000
1344304,66.62,5000
1345157,66.62,5000
1345500,66.62,5000
1345865,66.62,5000
1347015,66.62,5000
1347180,66.62,5000
1347403,66.62,5000
1347789,66.62,5000
1349120,66.62,5000
1349328,66.62,5000
1349396,66.62,5000
1349528,66.62,5000
1349565,66.62,5000
1349609,66.62,5000
1350667,66.62,5000
1351080,66.62,5000
1351089,66.62,5000
1351992,66.62,5000
1352262,66.62,5000
1352303,66.62,5000
1352346,66.62,5000
1352606,66.62,5000
1352675,66.62,5000
1353426,66.62,5000
1353495,66.62,5000
1353735,66.62,5000
1354045,66.62,5000
1354598,66.62,5000
1354633,66.62,5000
1354657,66.62,5000
1356380,66.62,5000
1357194,66.62,5000
1357265,66.62,5000
1358012,66.62,5000
1358081,66.62,5000
1359127,66.62,5000
1359193,66.62,5000
1359387,66.62,5000
1359718,66.62,5000
1360102,66.62,5000
1361584,66.62,5000
1362002,66.62,5000
1362107,66.62,5000
1362581,66.62,5000
1363084,66.62,5000
1364689,66.62,5000
1364762,66.62,5000
1365091,66.62,5000
1365163,66.62,5000
1365314,66.62,5000
1365596,66.62,5000
1366027,66.62,5000
1366763,66.62,5000
1367860,66.62,5000
1369425,66.62,5000
1369739,66.62,5000
1369795,66.62,5000
1369840,66.62,5000
1370206,66.62,5000
1370937,66.62,5000
1371310,66.62,5000
1371871,66.62,5000
1372466,66.62,5000
1373309,66.62,5000
1373927,66.62,5000
1374521,66.62,5000
1374533,66.62,5000
1374848,66.62,5000
1374974,66.62,5000
1375085,66.62,5000
1375300,66.62,5000
1375534,66.62,5000
1376010,66.62,5000
1376290,66.62,5000
1377291,66.62,5000
1377817,66.62,5000
1379283,66.62,5000
1379869,66.62,5000
1380015,66.62,5000
1380095,66.62,5000
1380104,66.62,5000
1380595,66.62,5000
1380898,66.62,5000
1381227,66.62,5000
1381253,66.62,5000
1382016,66.62,5000
1382332,66.62,5000
1383089,66.62,5000
1383158,66.62,5000
1383190,66.62,5000
1383290,66.62,5000
1383592,66.62,5000
1383648,66.62,5000
1384018,66.62,5000
1384203,66.62,5000
1384399,66.62,5000
1384455,66.62,5000
1384460,66.62,5000
1385244,66.62,5000
1385308,66.62,5000
1386006,66.62,5000
1386503,66.62,5000
1387621,66.62,5000
1387663,66.62,5000
1388192,66.62,5000
1389354,66.62,5000
1389568,66.62,5000
1389626,66.62,5000
1389706,66.62,5000
1389764,66.62,5000
1389779,66.62,5000
1390184,66.62,5000
1390266,66.62,5000
1390772,66.62,5000
1391064,66.62,5000
1391163,66.62,5000
1393359,66.62,5000
1393551,66.62,5000
1394101,66.62,5000
1394223,66.62,5000
1394548,66.62,5000
1394751,66.62,5000
1394862,66.62,5000
1395518,66.62,5000
1395741,66.62,5000
1396080,66.62,5000
1396278,66.62,5000
1396562,66.62,5000
1397073,66.62,5000
1397382,66.62,5000
1397930,66.62,5000
1398059,66.62,5000
1398307,66.62,5000
1398381,66.62,5000
1399186,66.62,5000
1399571,66.62,5000
1399657,66.62,5000
1399718,66.62,5000
1400113,66.62,5000
1400167,66.62,5000
1400260,66.62,5000
1400425,66.62,5000
1401047,66.62,5000
1401191,66.62,5000
1401248,66.62,5000
1402024,66.62,5000
1402591,66.62,5000
1402915,66.62,5000
1403392,66.62,5000
1404050,66.62,5000
1404139,66.62,5000
1404219,66.62,5000
1404453,66.62,5000
1404680,66.62,5000
1404844,66.62,5000
1405122,66.62,5000
1405122,66.62,5000
1405319,66.62,5000
1405432,66.62,5000
1405506,66.62,5000
1405767,66.62,5000
1405904,66.62,5000
1406217,66.62,5000
1406304,66.62,5000
1406386,66.62,5000
1406491,66.62,5000
1406611,66.62,5000
1407048,66.62,5000
1407191,66.62,5000
1408032,66.62,5000
1408090,66.62,5000
1408144,66.62,5000
1408384,66.62,5000
1408457,66.62,5000
1408544,66.62,5000
1409046,66.62,5000
1409173,66.62,5000
1409268,66.62,5000
1409515,66.62,5000
1409852,66.62,5000
1409933,66.62,5000
1410140,66.62,5000
1410247,66.62,5000
1411040,66.62,5000
1411502,66.62,5000
1412046,66.62,5000
1412155,66.62,5000
1412460,66.62,5000
1412492,66.62,5000
1413062,66.62,5000
1413285,66.62,5000
1413638,66.62,5000
1414130,66.62,5000
1414164,66.62,5000
1414466,66.62,5000
1414552,66.62,5000
1414572,66.62,5000
1414950,66.62,5000
1415450,66.62,5000
1415450,66.62,5000
1415637,66.62,5000
1416038,66.62,5000
1416109,66.62,5000
1416198,66.62,5000
1416418,66.62,5000
1416531,66.62,5000
1417377,66.62,5000
1417804,66.62,5000
1417859,66.62,5000
1418260,66.62,5000
1418305,66.62,5000
1419807,66.62,5000
1419845,66.62,5000
1420001,66.62,5000
1420133,66.62,5000
1420752,66.62,5000
1420816,66.62,5000
1421254,66.62,5000
1422109,66.62,5000
1422240,66.62,5000
1424583,66.62,5000
1424927,66.62,5000
1425207,66.62,5000
1425396,66.62,5000
1425595,66.62,5000
1425620,66.62,5000
1425653,66.62,5000
1426002,66.62,5000
1426072,66.62,5000
1426216,66.62,5000
1426324,66.62,5000
1427093,66.62,5000
1427300,66.62,5000
1427533,66.62,5000
1428243,66.62,5000
1428908,66.62,5000
1429418,66.62,5000
1429471,66.62,5000
1429820,66.62,5000
1429897,66.62,5000
1430338,66.62,5000
1430367,66.62,5000
1430587,66.62,5000
1431018,66.62,5000
1431047,66.62,5000
1431136,66.62,5000
1431333,66.62,5000
1431441,66.62,5000
1432054,66.62,5000
1432894,66.62,5000
1432917,66.62,5000
1433460,66.62,5000
1433555,66.62,5000
1434003,66.62,5000
1434019,66.62,5000
1434085,66.62,5000
1434322,66.62,5000
1434528,66.62,5000
1434699,66.62,5000
1434815,66.62,5000
1435381,66.62,5000
1435421,66.62,5000
1435501,66.62,5000
1436104,66.62,5000
1436132,66.62,5000
1436477,66.62,5000
1437142,66.62,5000
1437890,66.62,5000
1437901,66.62,5000
1438738,66.62,5000
1439326,66.62,5000
1439967,66.62,5000
