139,1,120
167,1,120
179,1,120
298,1,120
314,1,120
751,1,120
786,1,120
802,1,120
819,1,120
1089,1,120
1370,1,120
1692,1,120
1953,1,120
2016,1,120
2021,1,120
2066,1,120
2337,1,120
2490,1,120
2548,1,120
2754,1,120
2856,1,120
3023,1,120
3238,1,120
3277,1,120
3420,1,120
3420,1,120
3525,1,120
3916,1,120
4073,1,120
4108,1,120
4176,1,120
4194,1,120
4267,1,120
4314,1,120
4358,1,120
4506,1,120
4582,1,120
4930,1,120
5009,1,120
5094,1,120
5406,1,120
5436,1,120
5466,1,120
5549,1,120
5553,1,120
6404,1,120
6430,1,120
6883,1,120
7070,1,120
7195,1,120
7237,1,120
7364,1,120
7369,1,120
7704,1,120
7792,1,120
7913,1,120
8162,1,120
8251,1,120
8282,1,120
8339,1,120
8676,1,120
9056,1,120
9101,1,120
9105,1,120
9173,1,120
9187,1,120
9267,1,120
9280,1,120
9304,1,120
9308,1,120
9484,1,120
9524,1,120
9544,1,120
9579,1,120
9590,1,120
9599,1,120
9647,1,120
9694,1,120
9825,1,120
10003,1,120
10068,1,120
10143,1,120
10304,1,120
10616,1,120
10704,1,120
10709,1,120
10766,1,120
10869,1,120
10991,1,120
11086,1,120
11092,1,120
11364,1,120
11367,1,120
11410,1,120
11495,1,120
11632,1,120
11684,1,120
11868,1,120
12276,1,120
12398,1,120
12407,1,120
12432,1,120
12526,1,120
12659,1,120
13013,1,120
13016,1,120
13094,1,120
13143,1,120
13743,1,120
13863,1,120
14013,1,120
14187,1,120
14318,1,120
14356,1,120
14431,1,120
14469,1,120
14512,1,120
14514,1,120
14581,1,120
14620,1,120
14679,1,120
14748,1,120
14852,1,120
14895,1,120
14959,1,120
15095,1,120
15284,1,120
15288,1,120
15342,1,120
15570,1,120
15770,1,120
16060,1,120
16166,1,120
16253,1,120
16280,1,120
16346,1,120
16453,1,120
16633,1,120
16830,1,120
16837,1,120
16983,1,120
17275,1,120
17934,1,120
18216,1,120
19176,1,120
19226,1,120
19452,1,120
19556,1,120
20236,1,120
20243,1,120
20361,1,120
20470,1,120
21045,1,120
21079,1,120
21096,1,120
21126,1,120
21185,1,120
21251,1,120
21255,1,120
21429,1,120
21478,1,120
21543,1,120
21683,1,120
21684,1,120
21869,1,120
21891,1,120
21927,1,120
21941,1,120
22001,1,120
22065,1,120
22157,1,120
22199,1,120
22209,1,120
22210,1,120
22279,1,120
22324,1,120
22351,1,120
22394,1,120
22428,1,120
22440,1,120
22442,1,120
22589,1,120
22708,1,120
22744,1,120
23057,1,120
23116,1,120
23396,1,120
23620,1,120
23733,1,120
23899,1,120
24009,1,120
24134,1,120
24159,1,120
24169,1,120
24258,1,120
24259,1,120
24412,1,120
24493,1,120
24509,1,120
24553,1,120
24581,1,120
25051,1,120
25186,1,120
25304,1,120
25318,1,120
25335,1,120
25347,1,120
25396,1,120
25425,1,120
25649,1,120
25739,1,120
25773,1,120
26244,1,120
26539,1,120
26618,1,120
27013,1,120
27041,1,120
27063,1,120
27072,1,120
27076,1,120
27144,1,120
27174,1,120
27251,1,120
27326,1,120
27459,1,120
27724,1,120
27860,1,120
27917,1,120
28032,1,120
28050,1,120
28235,1,120
28297,1,120
28365,1,120
28396,1,120
28771,1,120
29065,1,120
29078,1,120
29139,1,120
29215,1,120
29289,1,120
29301,1,120
29307,1,120
29368,1,120
29379,1,120
29500,1,120
29511,1,120
29749,1,120
29955,1,120
29967,1,120
30004,1,120
30063,1,120
30150,1,120
30178,1,120
30259,1,120
30368,1,120
31255,1,120
31255,1,120
31485,1,120
31503,1,120
31948,1,120
32122,1,120
32310,1,120
32337,1,120
32345,1,120
32397,1,120
32942,1,120
33052,1,120
33085,1,120
33134,1,120
33249,1,120
33278,1,120
33393,1,120
33433,1,120
33450,1,120
33496,1,120
33505,1,120
33562,1,120
33564,1,120
33569,1,120
33575,1,120
33585,1,120
33588,1,120
33629,1,120
33682,1,120
33691,1,120
33723,1,120
33920,1,120
33958,1,120
33998,1,120
34005,1,120
34007,1,120
34042,1,120
34051,1,120
34110,1,120
34195,1,120
34229,1,120
34234,1,120
34238,1,120
34245,1,120
34268,1,120
34361,1,120
34406,1,120
34447,1,120
34473,1,120
34501,1,120
34509,1,120
34625,1,120
34823,1,120
34853,1,120
34886,1,120
35025,1,120
35055,1,120
35097,1,120
35280,1,120
35408,1,120
35574,1,120
35763,1,120
35930,1,120
35932,1,120
36017,1,120
36113,1,120
36138,1,120
36193,1,120
36193,1,120
36194,1,120
36222,1,120
36284,1,120
36467,1,120
36490,1,120
36563,1,120
36673,1,120
36675,1,120
36776,1,120
36783,1,120
36873,1,120
36916,1,120
36933,1,120
36952,1,120
37152,1,120
37198,1,120
37204,1,120
37300,1,120
37359,1,120
37397,1,120
37418,1,120
37534,1,120
37658,1,120
38010,1,120
38012,1,120
38040,1,120
38080,1,120
38135,1,120
38217,1,120
38225,1,120
38269,1,120
38446,1,120
38558,1,120
38626,1,120
38648,1,120
38737,1,120
39148,1,120
39160,1,120
39247,1,120
39248,1,120
39317,1,120
39708,1,120
39809,1,120
39856,1,120
39897,1,120
40012,1,120
40024,1,120
40048,1,120
40058,1,120
40109,1,120
40134,1,120
40168,1,120
40174,1,120
40180,1,120
40346,1,120
40398,1,120
40520,1,120
40529,1,120
40557,1,120
40692,1,120
40694,1,120
40861,1,120
40909,1,120
40918,1,120
41089,1,120
41290,1,120
41372,1,120
41503,1,120
41531,1,120
41535,1,120
41703,1,120
41708,1,120
41712,1,120
41784,1,120
41790,1,120
41843,1,120
42063,1,120
42250,1,120
42463,1,120
42549,1,120
42550,1,120
42706,1,120
42755,1,120
42820,1,120
42950,1,120
43020,1,120
43030,1,120
43040,1,120
43045,1,120
43193,1,120
43345,1,120
43738,1,120
43759,1,120
43783,1,120
43982,1,120
43992,1,120
44029,1,120
44091,1,120
44210,1,120
44411,1,120
44420,1,120
44491,1,120
44519,1,120
44632,1,120
45025,1,120
45048,1,120
45049,1,120
45059,1,120
45104,1,120
45109,1,120
45109,1,120
45118,1,120
45173,1,120
45191,1,120
45195,1,120
45215,1,120
45238,1,120
45277,1,120
45280,1,120
45282,1,120
45360,1,120
45361,1,120
45374,1,120
45395,1,120
45404,1,120
45478,1,120
45533,1,120
45545,1,120
45562,1,120
45578,1,120
45587,1,120
45616,1,120
45617,1,120
45661,1,120
45704,1,120
45800,1,120
45818,1,120
45851,1,120
45874,1,120
45911,1,120
45938,1,120
46031,1,120
46035,1,120
46080,1,120
46105,1,120
46202,1,120
46269,1,120
46301,1,120
46345,1,120
46373,1,120
46440,1,120
46471,1,120
46489,1,120
46510,1,120
46530,1,120
46656,1,120
46680,1,120
46686,1,120
46716,1,120
46776,1,120
46823,1,120
46831,1,120
46866,1,120
46876,1,120
46934,1,120
46985,1,120
46997,1,120
47037,1,120
47044,1,120
47065,1,120
47086,1,120
47188,1,120
47200,1,120
47308,1,120
47321,1,120
47350,1,120
47381,1,120
47398,1,120
47400,1,120
47501,1,120
47555,1,120
47618,1,120
47647,1,120
47673,1,120
47718,1,120
47738,1,120
47785,1,120
47791,1,120
47791,1,120
47862,1,120
47891,1,120
47901,1,120
48002,1,120
48040,1,120
48059,1,120
48157,1,120
48176,1,120
48220,1,120
48229,1,120
48302,1,120
48331,1,120
48368,1,120
48514,1,120
48590,1,120
48626,1,120
48635,1,120
48662,1,120
48829,1,120
48831,1,120
48831,1,120
48859,1,120
48880,1,120
48918,1,120
48990,1,120
49007,1,120
49032,1,120
49037,1,120
49052,1,120
49074,1,120
49081,1,120
49193,1,120
49295,1,120
49298,1,120
49315,1,120
49498,1,120
49589,1,120
49708,1,120
49780,1,120
49791,1,120
49809,1,120
49898,1,120
49901,1,120
49903,1,120
49918,1,120
49936,1,120
49940,1,120
49962,1,120
49968,1,120
50004,1,120
50122,1,120
50136,1,120
50143,1,120
50195,1,120
50226,1,120
50228,1,120
50241,1,120
50324,1,120
50427,1,120
50473,1,120
50500,1,120
50588,1,120
50631,1,120
50634,1,120
50652,1,120
50660,1,120
50670,1,120
50697,1,120
50720,1,120
50760,1,120
50855,1,120
50870,1,120
50913,1,120
51028,1,120
51028,1,120
51039,1,120
51044,1,120
51126,1,120
51183,1,120
51211,1,120
51282,1,120
51340,1,120
51485,1,120
51505,1,120
51580,1,120
51604,1,120
51810,1,120
51881,1,120
51964,1,120
51975,1,120
52037,1,120
52051,1,120
52062,1,120
52087,1,120
52100,1,120
52116,1,120
52139,1,120
52169,1,120
52192,1,120
52195,1,120
52213,1,120
52217,1,120
52219,1,120
52274,1,120
52293,1,120
52339,1,120
52380,1,120
52411,1,120
52474,1,120
52510,1,120
52533,1,120
52560,1,120
52683,1,120
52795,1,120
52862,1,120
52974,1,120
53061,1,120
53078,1,120
53117,1,120
53123,1,120
53160,1,120
53164,1,120
53208,1,120
53237,1,120
53241,1,120
53242,1,120
53304,1,120
53311,1,120
53315,1,120
53315,1,120
53321,1,120
53338,1,120
53342,1,120
53345,1,120
53371,1,120
53440,1,120
53508,1,120
53528,1,120
53555,1,120
53617,1,120
53680,1,120
53693,1,120
53741,1,120
53861,1,120
54010,1,120
54065,1,120
54084,1,120
54092,1,120
54111,1,120
54120,1,120
54383,1,120
54401,1,120
54411,1,120
54473,1,120
54575,1,120
54631,1,120
54690,1,120
54711,1,120
54716,1,120
54738,1,120
54760,1,120
54766,1,120
54779,1,120
55055,1,120
55071,1,120
55149,1,120
55290,1,120
55328,1,120
55335,1,120
55358,1,120
55368,1,120
55459,1,120
55511,1,120
55522,1,120
55545,1,120
55549,1,120
55625,1,120
55636,1,120
55651,1,120
55666,1,120
55691,1,120
55705,1,120
55791,1,120
55823,1,120
55907,1,120
55946,1,120
55995,1,120
56000,1,120
56011,1,120
56035,1,120
56095,1,120
56125,1,120
56144,1,120
56187,1,120
56199,1,120
56249,1,120
56304,1,120
56305,1,120
56317,1,120
56344,1,120
56445,1,120
56451,1,120
56457,1,120
56480,1,120
56540,1,120
56608,1,120
56729,1,120
56829,1,120
56844,1,120
57007,1,120
57033,1,120
57038,1,120
57113,1,120
57159,1,120
57193,1,120
57194,1,120
57196,1,120
57303,1,120
57308,1,120
57324,1,120
57326,1,120
57343,1,120
57352,1,120
57358,1,120
57383,1,120
57385,1,120
57427,1,120
57429,1,120
57438,1,120
57445,1,120
57453,1,120
57530,1,120
57533,1,120
57566,1,120
57602,1,120
57606,1,120
57661,1,120
57668,1,120
57673,1,120
57682,1,120
57709,1,120
57739,1,120
57752,1,120
57784,1,120
57882,1,120
57919,1,120
57939,1,120
57947,1,120
58001,1,120
58006,1,120
58042,1,120
58052,1,120
58059,1,120
58075,1,120
58080,1,120
58090,1,120
58176,1,120
58187,1,120
58214,1,120
58250,1,120
58269,1,120
58297,1,120
58301,1,120
58359,1,120
58408,1,120
58409,1,120
58535,1,120
58540,1,120
58577,1,120
58584,1,120
58590,1,120
58599,1,120
58613,1,120
58641,1,120
58683,1,120
58685,1,120
58740,1,120
58760,1,120
58769,1,120
58823,1,120
58829,1,120
58844,1,120
58850,1,120
58901,1,120
58915,1,120
58927,1,120
59018,1,120
59084,1,120
59095,1,120
59200,1,120
59239,1,120
59251,1,120
59260,1,120
59286,1,120
59321,1,120
59356,1,120
59373,1,120
59424,1,120
59434,1,120
59462,1,120
59492,1,120
59493,1,120
59514,1,120
59522,1,120
59526,1,120
59546,1,120
59569,1,120
59579,1,120
59640,1,120
59684,1,120
59712,1,120
59737,1,120
59838,1,120
59880,1,120
59928,1,120
59976,1,120
60040,1,120
60047,1,120
60096,1,120
60134,1,120
60149,1,120
60174,1,120
60187,1,120
60236,1,120
60238,1,120
60249,1,120
60282,1,120
60293,1,120
60302,1,120
60320,1,120
60332,1,120
60367,1,120
60414,1,120
60437,1,120
60456,1,120
60461,1,120
60490,1,120
60548,1,120
60565,1,120
60583,1,120
60618,1,120
60626,1,120
60636,1,120
60647,1,120
60675,1,120
60692,1,120
60744,1,120
60753,1,120
61029,1,120
61041,1,120
61140,1,120
61268,1,120
61270,1,120
61274,1,120
61282,1,120
61297,1,120
61326,1,120
61328,1,120
61337,1,120
61351,1,120
61366,1,120
61369,1,120
61404,1,120
61409,1,120
61417,1,120
61427,1,120
61477,1,120
61487,1,120
61514,1,120
61539,1,120
61542,1,120
61587,1,120
61620,1,120
61652,1,120
61718,1,120
61725,1,120
61739,1,120
61745,1,120
61824,1,120
61829,1,120
62094,1,120
62114,1,120
62138,1,120
62157,1,120
62171,1,120
62182,1,120
62233,1,120
62322,1,120
62361,1,120
62370,1,120
62371,1,120
62381,1,120
62399,1,120
62418,1,120
62460,1,120
62466,1,120
62481,1,120
62485,1,120
62506,1,120
62513,1,120
62522,1,120
62525,1,120
62564,1,120
62571,1,120
62648,1,120
62701,1,120
62717,1,120
62722,1,120
62757,1,120
62807,1,120
62822,1,120
62899,1,120
63025,1,120
63033,1,120
63039,1,120
63045,1,120
63096,1,120
63107,1,120
63178,1,120
63211,1,120
63220,1,120
63338,1,120
63410,1,120
63411,1,120
63447,1,120
63490,1,120
63501,1,120
63507,1,120
63514,1,120
63540,1,120
63577,1,120
63581,1,120
63641,1,120
63710,1,120
63795,1,120
63933,1,120
63945,1,120
63947,1,120
63950,1,120
63982,1,120
64009,1,120
64014,1,120
64025,1,120
64026,1,120
64056,1,120
64070,1,120
64091,1,120
64091,1,120
64110,1,120
64112,1,120
64124,1,120
64139,1,120
64172,1,120
64180,1,120
64271,1,120
64294,1,120
64419,1,120
64424,1,120
64453,1,120
64507,1,120
64570,1,120
64653,1,120
64687,1,120
64728,1,120
64756,1,120
64758,1,120
64899,1,120
64958,1,120
64967,1,120
64967,1,120
65010,1,120
65052,1,120
65076,1,120
65090,1,120
65116,1,120
65127,1,120
65152,1,120
65162,1,120
65164,1,120
65175,1,120
65318,1,120
65320,1,120
65350,1,120
65377,1,120
65391,1,120
65399,1,120
65461,1,120
65461,1,120
65494,1,120
65504,1,120
65564,1,120
65568,1,120
65621,1,120
65672,1,120
65685,1,120
65688,1,120
65698,1,120
65714,1,120
65722,1,120
65747,1,120
65755,1,120
65797,1,120
65812,1,120
65813,1,120
65826,1,120
65935,1,120
66002,1,120
66018,1,120
66025,1,120
66043,1,120
66092,1,120
66137,1,120
66211,1,120
66215,1,120
66218,1,120
66229,1,120
66244,1,120
66263,1,120
66293,1,120
66306,1,120
66320,1,120
66358,1,120
66363,1,120
66368,1,120
66382,1,120
66396,1,120
66485,1,120
66496,1,120
66503,1,120
66613,1,120
66616,1,120
66663,1,120
66694,1,120
66694,1,120
66744,1,120
66818,1,120
66832,1,120
67004,1,120
67014,1,120
67069,1,120
67077,1,120
67096,1,120
67135,1,120
67167,1,120
67206,1,120
67219,1,120
67234,1,120
67241,1,120
67277,1,120
67284,1,120
67299,1,120
67321,1,120
67348,1,120
67412,1,120
67423,1,120
67428,1,120
67467,1,120
67552,1,120
67643,1,120
67672,1,120
67688,1,120
67698,1,120
67773,1,120
67791,1,120
67813,1,120
67817,1,120
67972,1,120
68070,1,120
68121,1,120
68172,1,120
68177,1,120
68238,1,120
68275,1,120
68291,1,120
68298,1,120
68331,1,120
68335,1,120
68370,1,120
68412,1,120
68440,1,120
68460,1,120
68480,1,120
68497,1,120
68548,1,120
68606,1,120
68612,1,120
68645,1,120
68651,1,120
68654,1,120
68729,1,120
68737,1,120
68779,1,120
68794,1,120
68825,1,120
68825,1,120
68889,1,120
68929,1,120
68981,1,120
69000,1,120
69000,1,120
69027,1,120
69031,1,120
69079,1,120
69096,1,120
69099,1,120
69112,1,120
69118,1,120
69125,1,120
69128,1,120
69154,1,120
69173,1,120
69181,1,120
69193,1,120
69194,1,120
69222,1,120
69241,1,120
69247,1,120
69263,1,120
69268,1,120
69322,1,120
69361,1,120
69419,1,120
69447,1,120
69449,1,120
69453,1,120
69461,1,120
69463,1,120
69477,1,120
69480,1,120
69487,1,120
69506,1,120
69516,1,120
69541,1,120
69550,1,120
69560,1,120
69604,1,120
69635,1,120
69670,1,120
69671,1,120
69675,1,120
69686,1,120
69687,1,120
69727,1,120
69739,1,120
69749,1,120
69760,1,120
69764,1,120
69767,1,120
69774,1,120
69781,1,120
69799,1,120
69822,1,120
69859,1,120
69885,1,120
69901,1,120
69913,1,120
69915,1,120
69931,1,120
69933,1,120
69945,1,120
70002,1,120
70004,1,120
70004,1,120
70029,1,120
70030,1,120
70040,1,120
70042,1,120
70088,1,120
70130,1,120
70139,1,120
70145,1,120
70149,1,120
70166,1,120
70174,1,120
70185,1,120
70207,1,120
70228,1,120
70230,1,120
70245,1,120
70286,1,120
70306,1,120
70344,1,120
70375,1,120
70378,1,120
70477,1,120
70511,1,120
70512,1,120
70515,1,120
70523,1,120
70529,1,120
70539,1,120
70631,1,120
70641,1,120
70671,1,120
70706,1,120
70724,1,120
70731,1,120
70761,1,120
70781,1,120
70838,1,120
70848,1,120
70875,1,120
70881,1,120
70905,1,120
70908,1,120
70919,1,120
70931,1,120
70938,1,120
71039,1,120
71056,1,120
71061,1,120
71083,1,120
71100,1,120
71132,1,120
71161,1,120
71173,1,120
71223,1,120
71227,1,120
71227,1,120
71248,1,120
71260,1,120
71316,1,120
71316,1,120
71321,1,120
71336,1,120
71368,1,120
71383,1,120
71389,1,120
71468,1,120
71482,1,120
71504,1,120
71513,1,120
71547,1,120
71560,1,120
71639,1,120
71667,1,120
71718,1,120
71750,1,120
71763,1,120
71816,1,120
71821,1,120
71865,1,120
71874,1,120
71957,1,120
72003,1,120
72016,1,120
72030,1,120
72036,1,120
72061,1,120
72071,1,120
72130,1,120
72138,1,120
72147,1,120
72151,1,120
72154,1,120
72199,1,120
72208,1,120
72231,1,120
72263,1,120
72266,1,120
72269,1,120
72292,1,120
72323,1,120
72326,1,120
72328,1,120
72329,1,120
72361,1,120
72374,1,120
72410,1,120
72418,1,120
72457,1,120
72470,1,120
72614,1,120
72635,1,120
72638,1,120
72643,1,120
72644,1,120
72650,1,120
72677,1,120
72681,1,120
72685,1,120
72694,1,120
72751,1,120
72776,1,120
72779,1,120
72797,1,120
72800,1,120
72820,1,120
72877,1,120
72912,1,120
72922,1,120
72923,1,120
72949,1,120
72968,1,120
72969,1,120
72989,1,120
72998,1,120
73000,1,120
73000,1,120
73003,1,120
73009,1,120
73010,1,120
73012,1,120
73016,1,120
73020,1,120
73037,1,120
73071,1,120
73087,1,120
73163,1,120
73195,1,120
73252,1,120
73260,1,120
73263,1,120
73279,1,120
73326,1,120
73330,1,120
73357,1,120
73361,1,120
73392,1,120
73394,1,120
73418,1,120
73477,1,120
73499,1,120
73541,1,120
73543,1,120
73547,1,120
73565,1,120
73631,1,120
73696,1,120
73706,1,120
73744,1,120
73746,1,120
73878,1,120
73890,1,120
73898,1,120
73947,1,120
73950,1,120
73974,1,120
73989,1,120
74016,1,120
74029,1,120
74043,1,120
74061,1,120
74061,1,120
74065,1,120
74065,1,120
74067,1,120
74080,1,120
74086,1,120
74090,1,120
74124,1,120
74126,1,120
74134,1,120
74160,1,120
74182,1,120
74231,1,120
74246,1,120
74250,1,120
74256,1,120
74274,1,120
74280,1,120
74283,1,120
74347,1,120
74370,1,120
74373,1,120
74375,1,120
74386,1,120
74443,1,120
74451,1,120
74465,1,120
74473,1,120
74482,1,120
74484,1,120
74495,1,120
74557,1,120
74578,1,120
74633,1,120
74663,1,120
74686,1,120
74687,1,120
74729,1,120
74732,1,120
74744,1,120
74747,1,120
74752,1,120
74759,1,120
74792,1,120
74802,1,120
74803,1,120
74832,1,120
75030,1,120
75039,1,120
75069,1,120
75071,1,120
75077,1,120
75133,1,120
75136,1,120
75145,1,120
75158,1,120
75164,1,120
75170,1,120
75175,1,120
75180,1,120
75204,1,120
75219,1,120
75223,1,120
75226,1,120
75232,1,120
75276,1,120
75324,1,120
75350,1,120
75354,1,120
75380,1,120
75410,1,120
75428,1,120
75445,1,120
75467,1,120
75479,1,120
75536,1,120
75547,1,120
75550,1,120
75569,1,120
75574,1,120
75617,1,120
75620,1,120
75632,1,120
75658,1,120
75659,1,120
75670,1,120
75683,1,120
75697,1,120
75716,1,120
75752,1,120
75759,1,120
75787,1,120
76004,1,120
76019,1,120
76039,1,120
76040,1,120
76040,1,120
76070,1,120
76097,1,120
76101,1,120
76126,1,120
76150,1,120
76185,1,120
76187,1,120
76189,1,120
76195,1,120
76201,1,120
76210,1,120
76211,1,120
76218,1,120
76223,1,120
76225,1,120
76240,1,120
76245,1,120
76281,1,120
76295,1,120
76348,1,120
76382,1,120
76400,1,120
76412,1,120
76413,1,120
76473,1,120
76488,1,120
76491,1,120
76510,1,120
76538,1,120
76568,1,120
76627,1,120
76687,1,120
76772,1,120
76778,1,120
76795,1,120
76800,1,120
76812,1,120
76831,1,120
76876,1,120
77061,1,120
77072,1,120
77090,1,120
77114,1,120
77170,1,120
77170,1,120
77173,1,120
77191,1,120
77240,1,120
77255,1,120
77256,1,120
77299,1,120
77341,1,120
77353,1,120
77369,1,120
77396,1,120
77399,1,120
77400,1,120
77402,1,120
77444,1,120
77459,1,120
77506,1,120
77525,1,120
77554,1,120
77591,1,120
77593,1,120
77640,1,120
77664,1,120
77686,1,120
77746,1,120
77766,1,120
77804,1,120
77807,1,120
77814,1,120
77818,1,120
77881,1,120
77884,1,120
77932,1,120
77946,1,120
77978,1,120
77984,1,120
77999,1,120
78046,1,120
78055,1,120
78060,1,120
78062,1,120
78092,1,120
78099,1,120
78115,1,120
78120,1,120
78138,1,120
78147,1,120
78153,1,120
78186,1,120
78186,1,120
78187,1,120
78233,1,120
78238,1,120
78248,1,120
78271,1,120
78340,1,120
78376,1,120
78402,1,120
78452,1,120
78468,1,120
78498,1,120
78511,1,120
78522,1,120
78524,1,120
78548,1,120
78549,1,120
78582,1,120
78623,1,120
78673,1,120
78674,1,120
78708,1,120
78740,1,120
78747,1,120
78757,1,120
78791,1,120
78815,1,120
78833,1,120
78846,1,120
78851,1,120
78858,1,120
78906,1,120
78913,1,120
78918,1,120
79007,1,120
79064,1,120
79114,1,120
79121,1,120
79187,1,120
79190,1,120
79255,1,120
79277,1,120
79293,1,120
79293,1,120
79349,1,120
79367,1,120
79390,1,120
79473,1,120
79487,1,120
79512,1,120
79582,1,120
79616,1,120
79628,1,120
79631,1,120
79632,1,120
79670,1,120
79727,1,120
79739,1,120
79786,1,120
79839,1,120
79850,1,120
79881,1,120
79959,1,120
79964,1,120
79964,1,120
79990,1,120
79993,1,120
80001,1,120
80003,1,120
80019,1,120
80023,1,120
80055,1,120
80059,1,120
80065,1,120
80070,1,120
80073,1,120
80073,1,120
80077,1,120
80093,1,120
80098,1,120
80105,1,120
80107,1,120
80137,1,120
80146,1,120
80148,1,120
80149,1,120
80214,1,120
80255,1,120
80335,1,120
80375,1,120
80384,1,120
80396,1,120
80409,1,120
80460,1,120
80474,1,120
80475,1,120
80476,1,120
80481,1,120
80482,1,120
80506,1,120
80627,1,120
80665,1,120
80678,1,120
80681,1,120
80698,1,120
80702,1,120
80709,1,120
80728,1,120
80729,1,120
80781,1,120
80791,1,120
80828,1,120
80830,1,120
80835,1,120
80843,1,120
80864,1,120
80867,1,120
80873,1,120
80901,1,120
81035,1,120
81037,1,120
81073,1,120
81078,1,120
81088,1,120
81117,1,120
81123,1,120
81129,1,120
81140,1,120
81142,1,120
81155,1,120
81162,1,120
81167,1,120
81219,1,120
81223,1,120
81232,1,120
81256,1,120
81295,1,120
81312,1,120
81313,1,120
81330,1,120
81334,1,120
81357,1,120
81360,1,120
81363,1,120
81404,1,120
81415,1,120
81417,1,120
81461,1,120
81473,1,120
81529,1,120
81535,1,120
81557,1,120
81566,1,120
81581,1,120
81611,1,120
81614,1,120
81649,1,120
81658,1,120
81667,1,120
81679,1,120
81705,1,120
81720,1,120
81730,1,120
81738,1,120
81740,1,120
81757,1,120
81768,1,120
81769,1,120
81780,1,120
81783,1,120
81784,1,120
81799,1,120
81822,1,120
81840,1,120
81854,1,120
81864,1,120
81876,1,120
81887,1,120
81889,1,120
81914,1,120
81934,1,120
82016,1,120
82019,1,120
82108,1,120
82112,1,120
82142,1,120
82177,1,120
82183,1,120
82209,1,120
82211,1,120
82253,1,120
82282,1,120
82289,1,120
82296,1,120
82338,1,120
82355,1,120
82371,1,120
82371,1,120
82398,1,120
82440,1,120
82479,1,120
82489,1,120
82511,1,120
82541,1,120
82559,1,120
82564,1,120
82596,1,120
82607,1,120
82659,1,120
82676,1,120
82701,1,120
82724,1,120
82742,1,120
82752,1,120
82752,1,120
82784,1,120
82785,1,120
82806,1,120
82818,1,120
82835,1,120
82854,1,120
82875,1,120
82910,1,120
82912,1,120
82953,1,120
82960,1,120
82964,1,120
82983,1,120
83016,1,120
83034,1,120
83036,1,120
83049,1,120
83051,1,120
83053,1,120
83074,1,120
83079,1,120
83107,1,120
83165,1,120
83198,1,120
83251,1,120
83267,1,120
83291,1,120
83332,1,120
83335,1,120
83347,1,120
83414,1,120
83437,1,120
83457,1,120
83471,1,120
83485,1,120
83491,1,120
83494,1,120
83496,1,120
83521,1,120
83541,1,120
83572,1,120
83576,1,120
83585,1,120
83608,1,120
83608,1,120
83626,1,120
83659,1,120
83675,1,120
83707,1,120
83711,1,120
83714,1,120
83770,1,120
83811,1,120
83819,1,120
83823,1,120
83830,1,120
83850,1,120
83855,1,120
83870,1,120
83876,1,120
83890,1,120
83895,1,120
83908,1,120
83925,1,120
83962,1,120
83966,1,120
83983,1,120
84013,1,120
84014,1,120
84035,1,120
84117,1,120
84151,1,120
84197,1,120
84199,1,120
84227,1,120
84256,1,120
84291,1,120
84292,1,120
84304,1,120
84367,1,120
84407,1,120
84433,1,120
84449,1,120
84468,1,120
84501,1,120
84514,1,120
84586,1,120
84618,1,120
84626,1,120
84630,1,120
84631,1,120
84636,1,120
84657,1,120
84672,1,120
84685,1,120
84718,1,120
84727,1,120
84741,1,120
84750,1,120
84769,1,120
84791,1,120
84866,1,120
84896,1,120
84897,1,120
84898,1,120
84906,1,120
84911,1,120
84914,1,120
84930,1,120
84996,1,120
85001,1,120
85004,1,120
85020,1,120
85022,1,120
85024,1,120
85032,1,120
85037,1,120
85042,1,120
85064,1,120
85075,1,120
85080,1,120
85082,1,120
85084,1,120
85086,1,120
85093,1,120
85099,1,120
85099,1,120
85101,1,120
85103,1,120
85104,1,120
85107,1,120
85132,1,120
85134,1,120
85146,1,120
85148,1,120
85149,1,120
85149,1,120
85166,1,120
85190,1,120
85203,1,120
85204,1,120
85218,1,120
85234,1,120
85241,1,120
85250,1,120
85262,1,120
85265,1,120
85293,1,120
85302,1,120
85322,1,120
85345,1,120
85363,1,120
85400,1,120
85429,1,120
85445,1,120
85458,1,120
85479,1,120
85483,1,120
85510,1,120
85536,1,120
85548,1,120
85596,1,120
85630,1,120
85649,1,120
85680,1,120
85690,1,120
86004,1,120
86019,1,120
86036,1,120
86065,1,120
86078,1,120
86101,1,120
86123,1,120
86125,1,120
86178,1,120
86192,1,120
86202,1,120
86217,1,120
86226,1,120
86248,1,120
86279,1,120
86292,1,120
86307,1,120
86324,1,120
86324,1,120
86352,1,120
86368,1,120
86375,1,120
86397,1,120
86416,1,120
86439,1,120
86456,1,120
86457,1,120
86491,1,120
86510,1,120
86553,1,120
86561,1,120
86625,1,120
86630,1,120
86630,1,120
86648,1,120
86664,1,120
86668,1,120
86687,1,120
86701,1,120
86717,1,120
86772,1,120
86782,1,120
86806,1,120
86824,1,120
86837,1,120
86845,1,120
86943,1,120
86965,1,120
86975,1,120
87022,1,120
87029,1,120
87072,1,120
87096,1,120
87138,1,120
87144,1,120
87166,1,120
87171,1,120
87177,1,120
87212,1,120
87216,1,120
87245,1,120
87254,1,120
87265,1,120
87281,1,120
87304,1,120
87336,1,120
87351,1,120
87358,1,120
87365,1,120
87383,1,120
87389,1,120
87423,1,120
87427,1,120
87430,1,120
87448,1,120
87471,1,120
87480,1,120
87492,1,120
87523,1,120
87533,1,120
87533,1,120
87540,1,120
87553,1,120
87556,1,120
87593,1,120
87648,1,120
87691,1,120
87717,1,120
87752,1,120
87770,1,120
87795,1,120
87846,1,120
87889,1,120
87945,1,120
87998,1,120
87999,1,120
88015,1,120
88056,1,120
88081,1,120
88090,1,120
88091,1,120
88098,1,120
88099,1,120
88104,1,120
88106,1,120
88116,1,120
88132,1,120
88137,1,120
88149,1,120
88236,1,120
88238,1,120
88247,1,120
88255,1,120
88257,1,120
88265,1,120
88270,1,120
88283,1,120
88287,1,120
88310,1,120
88316,1,120
88342,1,120
88344,1,120
88372,1,120
88375,1,120
88387,1,120
88398,1,120
88421,1,120
88453,1,120
88495,1,120
88511,1,120
88526,1,120
88544,1,120
88571,1,120
88595,1,120
88609,1,120
88641,1,120
88661,1,120
88667,1,120
88697,1,120
88768,1,120
88799,1,120
88810,1,120
88814,1,120
88827,1,120
88840,1,120
88843,1,120
88856,1,120
88856,1,120
88927,1,120
88934,1,120
89030,1,120
89042,1,120
89053,1,120
89070,1,120
89080,1,120
89094,1,120
89094,1,120
89108,1,120
89108,1,120
89112,1,120
89120,1,120
89141,1,120
89141,1,120
89163,1,120
89199,1,120
89200,1,120
89201,1,120
89242,1,120
89245,1,120
89303,1,120
89324,1,120
89335,1,120
89360,1,120
89380,1,120
89395,1,120
89423,1,120
89446,1,120
89451,1,120
89468,1,120
89483,1,120
89511,1,120
89591,1,120
89596,1,120
89625,1,120
89642,1,120
89656,1,120
89659,1,120
89669,1,120
89682,1,120
89687,1,120
89706,1,120
89721,1,120
89727,1,120
89729,1,120
89755,1,120
89773,1,120
89786,1,120
89798,1,120
89822,1,120
90007,1,120
90008,1,120
90016,1,120
90017,1,120
90056,1,120
90100,1,120
90102,1,120
90117,1,120
90181,1,120
90190,1,120
90210,1,120
90249,1,120
90254,1,120
90283,1,120
90312,1,120
90323,1,120
90346,1,120
90357,1,120
90361,1,120
90376,1,120
90384,1,120
90385,1,120
90409,1,120
90414,1,120
90416,1,120
90442,1,120
90452,1,120
90511,1,120
90521,1,120
90533,1,120
90537,1,120
90566,1,120
90586,1,120
90621,1,120
90639,1,120
90647,1,120
90665,1,120
90676,1,120
90749,1,120
90777,1,120
90787,1,120
90791,1,120
90793,1,120
90855,1,120
90871,1,120
90886,1,120
91006,1,120
91020,1,120
91048,1,120
91098,1,120
91099,1,120
91109,1,120
91154,1,120
91155,1,120
91164,1,120
91164,1,120
91171,1,120
91202,1,120
91238,1,120
91244,1,120
91256,1,120
91292,1,120
91300,1,120
91314,1,120
91339,1,120
91345,1,120
91373,1,120
91389,1,120
91392,1,120
91397,1,120
91400,1,120
91419,1,120
91426,1,120
91443,1,120
91447,1,120
91481,1,120
91521,1,120
91549,1,120
91555,1,120
91563,1,120
91615,1,120
91622,1,120
91689,1,120
91722,1,120
91729,1,120
91740,1,120
91773,1,120
91788,1,120
91832,1,120
91853,1,120
91873,1,120
91877,1,120
91879,1,120
91901,1,120
91914,1,120
92051,1,120
92105,1,120
92121,1,120
92149,1,120
92191,1,120
92264,1,120
92266,1,120
92280,1,120
92281,1,120
92291,1,120
92298,1,120
92347,1,120
92367,1,120
92383,1,120
92390,1,120
92395,1,120
92406,1,120
92461,1,120
92487,1,120
92487,1,120
92495,1,120
92513,1,120
92514,1,120
92526,1,120
92560,1,120
92590,1,120
92594,1,120
92623,1,120
92679,1,120
92685,1,120
92696,1,120
92729,1,120
92752,1,120
92754,1,120
92754,1,120
92760,1,120
92809,1,120
92823,1,120
92834,1,120
92840,1,120
92855,1,120
92903,1,120
92904,1,120
92915,1,120
92919,1,120
92921,1,120
92934,1,120
93030,1,120
93062,1,120
93065,1,120
93087,1,120
93090,1,120
93129,1,120
93131,1,120
93136,1,120
93162,1,120
93185,1,120
93187,1,120
93191,1,120
93193,1,120
93202,1,120
93212,1,120
93243,1,120
93252,1,120
93264,1,120
93278,1,120
93334,1,120
93338,1,120
93338,1,120
93352,1,120
93353,1,120
93356,1,120
93356,1,120
93358,1,120
93368,1,120
93396,1,120
93399,1,120
93406,1,120
93407,1,120
93422,1,120
93429,1,120
93436,1,120
93438,1,120
93440,1,120
93443,1,120
93482,1,120
93485,1,120
93516,1,120
93533,1,120
93553,1,120
93570,1,120
93574,1,120
93586,1,120
93597,1,120
93617,1,120
93633,1,120
93659,1,120
93670,1,120
93689,1,120
93692,1,120
93698,1,120
93707,1,120
93715,1,120
93718,1,120
93728,1,120
93731,1,120
93754,1,120
93828,1,120
93846,1,120
93849,1,120
93889,1,120
93889,1,120
93904,1,120
93916,1,120
93931,1,120
93932,1,120
93933,1,120
93935,1,120
93937,1,120
93941,1,120
93952,1,120
94000,1,120
94017,1,120
94022,1,120
94026,1,120
94039,1,120
94061,1,120
94063,1,120
94069,1,120
94104,1,120
94113,1,120
94115,1,120
94127,1,120
94163,1,120
94179,1,120
94211,1,120
94227,1,120
94228,1,120
94265,1,120
94282,1,120
94298,1,120
94319,1,120
94338,1,120
94353,1,120
94354,1,120
94367,1,120
94388,1,120
94422,1,120
94456,1,120
94475,1,120
94537,1,120
94616,1,120
94635,1,120
94651,1,120
94693,1,120
94705,1,120
94706,1,120
94714,1,120
94724,1,120
94755,1,120
94778,1,120
94800,1,120
94801,1,120
94807,1,120
94811,1,120
94830,1,120
94830,1,120
94831,1,120
94835,1,120
94842,1,120
94850,1,120
94856,1,120
94857,1,120
94871,1,120
94876,1,120
95025,1,120
95060,1,120
95062,1,120
95070,1,120
95072,1,120
95072,1,120
95096,1,120
95144,1,120
95162,1,120
95167,1,120
95175,1,120
95266,1,120
95268,1,120
95273,1,120
95278,1,120
95334,1,120
95409,1,120
95415,1,120
95442,1,120
95456,1,120
95466,1,120
95473,1,120
95476,1,120
95477,1,120
95547,1,120
95558,1,120
95694,1,120
95707,1,120
95728,1,120
95741,1,120
95779,1,120
95780,1,120
95790,1,120
95798,1,120
95807,1,120
95811,1,120
95828,1,120
95829,1,120
95843,1,120
95854,1,120
95896,1,120
95911,1,120
95916,1,120
95926,1,120
95970,1,120
95976,1,120
95991,1,120
95996,1,120
96019,1,120
96027,1,120
96051,1,120
96052,1,120
96060,1,120
96070,1,120
96096,1,120
96112,1,120
96128,1,120
96188,1,120
96206,1,120
96227,1,120
96234,1,120
96239,1,120
96267,1,120
96272,1,120
96284,1,120
96289,1,120
96309,1,120
96355,1,120
96356,1,120
96426,1,120
96449,1,120
96455,1,120
96458,1,120
96502,1,120
96520,1,120
96523,1,120
96547,1,120
96552,1,120
96597,1,120
96600,1,120
96603,1,120
96648,1,120
96665,1,120
96701,1,120
96722,1,120
96731,1,120
96744,1,120
96790,1,120
96798,1,120
96804,1,120
96811,1,120
96811,1,120
96906,1,120
96928,1,120
96976,1,120
97020,1,120
97024,1,120
97028,1,120
97028,1,120
97053,1,120
97059,1,120
97074,1,120
97081,1,120
97097,1,120
97107,1,120
97113,1,120
97119,1,120
97136,1,120
97162,1,120
97166,1,120
97169,1,120
97186,1,120
97196,1,120
97198,1,120
97205,1,120
97209,1,120
97214,1,120
97228,1,120
97231,1,120
97310,1,120
97316,1,120
97352,1,120
97352,1,120
97355,1,120
97376,1,120
97382,1,120
97399,1,120
97415,1,120
97461,1,120
97462,1,120
97546,1,120
97574,1,120
97578,1,120
97607,1,120
97638,1,120
97700,1,120
97706,1,120
97737,1,120
97759,1,120
97775,1,120
97786,1,120
97798,1,120
97802,1,120
97803,1,120
97819,1,120
97820,1,120
97827,1,120
97878,1,120
97892,1,120
97928,1,120
97952,1,120
97963,1,120
97971,1,120
97994,1,120
98015,1,120
98017,1,120
98075,1,120
98090,1,120
98092,1,120
98183,1,120
98188,1,120
98193,1,120
98221,1,120
98229,1,120
98231,1,120
98262,1,120
98296,1,120
98340,1,120
98344,1,120
98357,1,120
98365,1,120
98387,1,120
98388,1,120
98473,1,120
98482,1,120
98483,1,120
98488,1,120
98545,1,120
98637,1,120
98642,1,120
98657,1,120
98718,1,120
98719,1,120
98737,1,120
98742,1,120
98744,1,120
98755,1,120
98778,1,120
98787,1,120
98819,1,120
98824,1,120
98839,1,120
98841,1,120
98846,1,120
98866,1,120
98875,1,120
98894,1,120
98943,1,120
98947,1,120
98959,1,120
99006,1,120
99007,1,120
99027,1,120
99031,1,120
99047,1,120
99051,1,120
99067,1,120
99092,1,120
99107,1,120
99138,1,120
99139,1,120
99161,1,120
99179,1,120
99191,1,120
99233,1,120
99259,1,120
99264,1,120
99283,1,120
99286,1,120
99286,1,120
99297,1,120
99327,1,120
99336,1,120
99343,1,120
99345,1,120
99392,1,120
99405,1,120
99432,1,120
99486,1,120
99503,1,120
99515,1,120
99533,1,120
99556,1,120
99558,1,120
99563,1,120
99563,1,120
99599,1,120
99635,1,120
99651,1,120
99664,1,120
99671,1,120
99695,1,120
99703,1,120
99706,1,120
99708,1,120
99759,1,120
99921,1,120
99930,1,120
99933,1,120
99969,1,120
99971,1,120
100005,1,120
100030,1,120
100037,1,120
100038,1,120
100044,1,120
100047,1,120
100063,1,120
100081,1,120
100083,1,120
100151,1,120
100170,1,120
100184,1,120
100199,1,120
100213,1,120
100213,1,120
100250,1,120
100261,1,120
100278,1,120
100298,1,120
100315,1,120
100327,1,120
100341,1,120
100342,1,120
100356,1,120
100365,1,120
100369,1,120
100384,1,120
100440,1,120
100504,1,120
100526,1,120
100531,1,120
100544,1,120
100549,1,120
100593,1,120
100615,1,120
100621,1,120
100659,1,120
100668,1,120
100678,1,120
100685,1,120
100690,1,120
100698,1,120
100699,1,120
100716,1,120
100727,1,120
100769,1,120
100802,1,120
100806,1,120
100813,1,120
100844,1,120
100861,1,120
100863,1,120
101002,1,120
101009,1,120
101021,1,120
101054,1,120
101056,1,120
101083,1,120
101133,1,120
101161,1,120
101171,1,120
101223,1,120
101226,1,120
101228,1,120
101237,1,120
101305,1,120
101380,1,120
101400,1,120
101435,1,120
101513,1,120
101520,1,120
101525,1,120
101563,1,120
101564,1,120
101583,1,120
101628,1,120
101647,1,120
101723,1,120
101807,1,120
101814,1,120
101815,1,120
101859,1,120
101868,1,120
101884,1,120
101896,1,120
101933,1,120
101944,1,120
101951,1,120
102009,1,120
102010,1,120
102013,1,120
102014,1,120
102016,1,120
102034,1,120
102035,1,120
102074,1,120
102076,1,120
102083,1,120
102085,1,120
102103,1,120
102104,1,120
102114,1,120
102128,1,120
102241,1,120
102246,1,120
102248,1,120
102279,1,120
102290,1,120
102305,1,120
102307,1,120
102326,1,120
102327,1,120
102331,1,120
102367,1,120
102388,1,120
102421,1,120
102433,1,120
102445,1,120
102488,1,120
102509,1,120
102537,1,120
102539,1,120
102567,1,120
102574,1,120
102577,1,120
102643,1,120
102661,1,120
102668,1,120
102673,1,120
102692,1,120
102694,1,120
102728,1,120
102764,1,120
102765,1,120
102776,1,120
102783,1,120
102900,1,120
102924,1,120
102930,1,120
102963,1,120
102972,1,120
103004,1,120
103005,1,120
103016,1,120
103035,1,120
103042,1,120
103057,1,120
103078,1,120
103126,1,120
103136,1,120
103165,1,120
103184,1,120
103201,1,120
103219,1,120
103242,1,120
103242,1,120
103243,1,120
103271,1,120
103283,1,120
103287,1,120
103368,1,120
103409,1,120
103478,1,120
103508,1,120
103550,1,120
103562,1,120
103581,1,120
103595,1,120
103617,1,120
103635,1,120
103640,1,120
103642,1,120
103658,1,120
103732,1,120
103739,1,120
103751,1,120
103753,1,120
103799,1,120
103831,1,120
103928,1,120
103929,1,120
103938,1,120
103964,1,120
103981,1,120
103984,1,120
103988,1,120
103995,1,120
104028,1,120
104029,1,120
104089,1,120
104099,1,120
104130,1,120
104189,1,120
104215,1,120
104221,1,120
104239,1,120
104306,1,120
104307,1,120
104336,1,120
104338,1,120
104351,1,120
104360,1,120
104369,1,120
104372,1,120
104374,1,120
104376,1,120
104407,1,120
104446,1,120
104472,1,120
104483,1,120
104490,1,120
104492,1,120
104520,1,120
104581,1,120
104602,1,120
104615,1,120
104654,1,120
104665,1,120
104740,1,120
104788,1,120
104803,1,120
104838,1,120
104840,1,120
104853,1,120
104883,1,120
104888,1,120
104896,1,120
104917,1,120
104918,1,120
104922,1,120
105009,1,120
105011,1,120
105033,1,120
105074,1,120
105096,1,120
105096,1,120
105112,1,120
105138,1,120
105145,1,120
105175,1,120
105216,1,120
105223,1,120
105231,1,120
105259,1,120
105261,1,120
105262,1,120
105268,1,120
105271,1,120
105282,1,120
105283,1,120
105298,1,120
105298,1,120
105318,1,120
105325,1,120
105340,1,120
105344,1,120
105345,1,120
105366,1,120
105368,1,120
105385,1,120
105401,1,120
105407,1,120
105412,1,120
105437,1,120
105462,1,120
105502,1,120
105504,1,120
105522,1,120
105530,1,120
105552,1,120
105559,1,120
105572,1,120
105579,1,120
105587,1,120
105725,1,120
105738,1,120
105741,1,120
105774,1,120
105802,1,120
105810,1,120
105873,1,120
105898,1,120
105898,1,120
105907,1,120
106022,1,120
106026,1,120
106043,1,120
106059,1,120
106130,1,120
106139,1,120
106184,1,120
106188,1,120
106244,1,120
106248,1,120
106254,1,120
106264,1,120
106311,1,120
106322,1,120
106322,1,120
106326,1,120
106339,1,120
106391,1,120
106403,1,120
106424,1,120
106428,1,120
106448,1,120
106515,1,120
106522,1,120
106526,1,120
106575,1,120
106587,1,120
106670,1,120
106730,1,120
106875,1,120
106878,1,120
106908,1,120
106920,1,120
106933,1,120
106935,1,120
106942,1,120
106953,1,120
106968,1,120
106970,1,120
106975,1,120
106991,1,120
107008,1,120
107019,1,120
107042,1,120
107087,1,120
107104,1,120
107117,1,120
107165,1,120
107177,1,120
107177,1,120
107224,1,120
107262,1,120
107310,1,120
107331,1,120
107470,1,120
107499,1,120
107522,1,120
107524,1,120
107533,1,120
107597,1,120
107610,1,120
107682,1,120
107729,1,120
107741,1,120
107757,1,120
107770,1,120
107788,1,120
107846,1,120
107884,1,120
107906,1,120
107907,1,120
107970,1,120
108007,1,120
108012,1,120
108023,1,120
108061,1,120
108064,1,120
108069,1,120
108072,1,120
108106,1,120
108115,1,120
108127,1,120
108170,1,120
108184,1,120
108207,1,120
108214,1,120
108219,1,120
108254,1,120
108265,1,120
108281,1,120
108297,1,120
108356,1,120
108582,1,120
108614,1,120
108620,1,120
108621,1,120
108686,1,120
108765,1,120
108847,1,120
108850,1,120
108895,1,120
108901,1,120
108927,1,120
108941,1,120
108950,1,120
108973,1,120
109002,1,120
109005,1,120
109016,1,120
109017,1,120
109039,1,120
109057,1,120
109067,1,120
109070,1,120
109075,1,120
109087,1,120
109092,1,120
109096,1,120
109102,1,120
109107,1,120
109120,1,120
109123,1,120
109125,1,120
109129,1,120
109143,1,120
109150,1,120
109151,1,120
109158,1,120
109203,1,120
109223,1,120
109252,1,120
109282,1,120
109336,1,120
109340,1,120
109345,1,120
109367,1,120
109369,1,120
109433,1,120
109466,1,120
109466,1,120
109514,1,120
109542,1,120
109549,1,120
109623,1,120
109632,1,120
109636,1,120
109659,1,120
109669,1,120
109715,1,120
109725,1,120
109747,1,120
109764,1,120
109798,1,120
110028,1,120
110046,1,120
110101,1,120
110108,1,120
110162,1,120
110164,1,120
110183,1,120
110189,1,120
110198,1,120
110224,1,120
110225,1,120
110250,1,120
110254,1,120
110264,1,120
110312,1,120
110313,1,120
110333,1,120
110359,1,120
110370,1,120
110391,1,120
110407,1,120
110438,1,120
110466,1,120
110479,1,120
110492,1,120
110534,1,120
110640,1,120
110689,1,120
110723,1,120
110750,1,120
110769,1,120
110784,1,120
110816,1,120
110819,1,120
110820,1,120
110827,1,120
110857,1,120
110873,1,120
110882,1,120
111006,1,120
111046,1,120
111063,1,120
111093,1,120
111100,1,120
111125,1,120
111158,1,120
111193,1,120
111252,1,120
111262,1,120
111270,1,120
111283,1,120
111311,1,120
111318,1,120
111324,1,120
111336,1,120
111352,1,120
111399,1,120
111405,1,120
111420,1,120
111421,1,120
111447,1,120
111473,1,120
111508,1,120
111510,1,120
111528,1,120
111528,1,120
111571,1,120
111578,1,120
111580,1,120
111580,1,120
111637,1,120
111653,1,120
111695,1,120
111762,1,120
111763,1,120
111779,1,120
111803,1,120
111819,1,120
112056,1,120
112068,1,120
112076,1,120
112105,1,120
112124,1,120
112151,1,120
112161,1,120
112162,1,120
112188,1,120
112253,1,120
112254,1,120
112261,1,120
112346,1,120
112371,1,120
112383,1,120
112390,1,120
112432,1,120
112460,1,120
112461,1,120
112478,1,120
112512,1,120
112512,1,120
112534,1,120
112675,1,120
112677,1,120
112724,1,120
112744,1,120
112754,1,120
112783,1,120
112845,1,120
112903,1,120
112904,1,120
112931,1,120
112933,1,120
112939,1,120
112995,1,120
113011,1,120
113046,1,120
113052,1,120
113061,1,120
113081,1,120
113110,1,120
113177,1,120
113181,1,120
113196,1,120
113198,1,120
113229,1,120
113339,1,120
113398,1,120
113416,1,120
113440,1,120
113502,1,120
113544,1,120
113547,1,120
113558,1,120
113591,1,120
113603,1,120
113640,1,120
113669,1,120
113683,1,120
113683,1,120
113688,1,120
113703,1,120
113737,1,120
113755,1,120
113837,1,120
113926,1,120
113926,1,120
114010,1,120
114011,1,120
114030,1,120
114037,1,120
114055,1,120
114060,1,120
114079,1,120
114101,1,120
114102,1,120
114102,1,120
114149,1,120
114158,1,120
114173,1,120
114185,1,120
114204,1,120
114216,1,120
114237,1,120
114239,1,120
114285,1,120
114341,1,120
114363,1,120
114383,1,120
114437,1,120
114447,1,120
114468,1,120
114469,1,120
114475,1,120
114523,1,120
114527,1,120
114538,1,120
114548,1,120
114654,1,120
114812,1,120
114841,1,120
114907,1,120
114950,1,120
115008,1,120
115016,1,120
115019,1,120
115053,1,120
115060,1,120
115061,1,120
115109,1,120
115131,1,120
115168,1,120
115170,1,120
115195,1,120
115201,1,120
115213,1,120
115225,1,120
115242,1,120
115242,1,120
115267,1,120
115313,1,120
115603,1,120
115612,1,120
115619,1,120
115627,1,120
115694,1,120
115697,1,120
115707,1,120
115796,1,120
115797,1,120
115820,1,120
115848,1,120
115915,1,120
116015,1,120
116018,1,120
116023,1,120
116038,1,120
116071,1,120
116080,1,120
116096,1,120
116101,1,120
116101,1,120
116113,1,120
116121,1,120
116134,1,120
116159,1,120
116178,1,120
116195,1,120
116212,1,120
116248,1,120
116266,1,120
116274,1,120
116306,1,120
116323,1,120
116337,1,120
116341,1,120
116352,1,120
116355,1,120
116361,1,120
116385,1,120
116389,1,120
116410,1,120
116464,1,120
116501,1,120
116505,1,120
116511,1,120
116513,1,120
116524,1,120
116536,1,120
116542,1,120
116566,1,120
116598,1,120
116603,1,120
116604,1,120
116690,1,120
116696,1,120
116704,1,120
117005,1,120
117014,1,120
117029,1,120
117053,1,120
117061,1,120
117126,1,120
117180,1,120
117190,1,120
117203,1,120
117272,1,120
117276,1,120
117337,1,120
117340,1,120
117345,1,120
117361,1,120
117372,1,120
117444,1,120
117522,1,120
117542,1,120
117547,1,120
117557,1,120
117582,1,120
117602,1,120
117623,1,120
117652,1,120
117692,1,120
117708,1,120
117733,1,120
117739,1,120
117758,1,120
117758,1,120
117780,1,120
117803,1,120
117869,1,120
117882,1,120
117918,1,120
117982,1,120
117995,1,120
118008,1,120
118084,1,120
118118,1,120
118124,1,120
118153,1,120
118170,1,120
118215,1,120
118223,1,120
118229,1,120
118266,1,120
118282,1,120
118340,1,120
118387,1,120
118495,1,120
118511,1,120
118520,1,120
118535,1,120
118552,1,120
118584,1,120
118750,1,120
118786,1,120
118838,1,120
118910,1,120
118937,1,120
118969,1,120
118979,1,120
119011,1,120
119035,1,120
119058,1,120
119074,1,120
119122,1,120
119152,1,120
119153,1,120
119194,1,120
119200,1,120
119218,1,120
119363,1,120
119439,1,120
119446,1,120
119591,1,120
119633,1,120
119643,1,120
119647,1,120
119801,1,120
119803,1,120
119830,1,120
119870,1,120
119881,1,120
119938,1,120
119983,1,120
120005,1,120
120008,1,120
120020,1,120
120041,1,120
120075,1,120
120087,1,120
120092,1,120
120093,1,120
120103,1,120
120109,1,120
120119,1,120
120127,1,120
120150,1,120
120167,1,120
120180,1,120
120198,1,120
120201,1,120
120208,1,120
120233,1,120
120294,1,120
120407,1,120
120409,1,120
120410,1,120
120413,1,120
120416,1,120
120520,1,120
120521,1,120
120609,1,120
120825,1,120
120932,1,120
120959,1,120
121009,1,120
121037,1,120
121048,1,120
121225,1,120
121264,1,120
121308,1,120
121342,1,120
121363,1,120
121385,1,120
121435,1,120
121485,1,120
121492,1,120
121497,1,120
121525,1,120
121571,1,120
121577,1,120
121602,1,120
121660,1,120
121677,1,120
121700,1,120
121742,1,120
121750,1,120
121771,1,120
121787,1,120
121841,1,120
121892,1,120
122007,1,120
122088,1,120
122119,1,120
122123,1,120
122124,1,120
122184,1,120
122185,1,120
122210,1,120
122234,1,120
122235,1,120
122258,1,120
122275,1,120
122278,1,120
122376,1,120
122407,1,120
122418,1,120
122424,1,120
122428,1,120
122526,1,120
122565,1,120
122610,1,120
122663,1,120
122757,1,120
122797,1,120
122835,1,120
122838,1,120
123171,1,120
123189,1,120
123272,1,120
123299,1,120
123351,1,120
123378,1,120
123388,1,120
123398,1,120
123428,1,120
123461,1,120
123487,1,120
123583,1,120
123593,1,120
123728,1,120
123758,1,120
123816,1,120
123909,1,120
123914,1,120
123917,1,120
123950,1,120
123966,1,120
123973,1,120
123986,1,120
124051,1,120
124069,1,120
124100,1,120
124134,1,120
124148,1,120
124171,1,120
124224,1,120
124228,1,120
124384,1,120
124401,1,120
124425,1,120
124449,1,120
124459,1,120
124628,1,120
124640,1,120
124642,1,120
124688,1,120
124692,1,120
124692,1,120
124808,1,120
124928,1,120
124931,1,120
124977,1,120
124979,1,120
125012,1,120
125059,1,120
125078,1,120
125078,1,120
125097,1,120
125117,1,120
125160,1,120
125238,1,120
125253,1,120
125290,1,120
125330,1,120
125345,1,120
125397,1,120
125429,1,120
125503,1,120
125526,1,120
125535,1,120
125614,1,120
125642,1,120
125664,1,120
125706,1,120
125826,1,120
125837,1,120
125865,1,120
125878,1,120
126081,1,120
126171,1,120
126346,1,120
126425,1,120
126466,1,120
126638,1,120
126641,1,120
126703,1,120
126704,1,120
126711,1,120
126719,1,120
126809,1,120
126841,1,120
126848,1,120
126884,1,120
126959,1,120
126966,1,120
126999,1,120
127048,1,120
127051,1,120
127051,1,120
127059,1,120
127098,1,120
127104,1,120
127170,1,120
127172,1,120
127212,1,120
127224,1,120
127259,1,120
127270,1,120
127270,1,120
127282,1,120
127368,1,120
127377,1,120
127390,1,120
127404,1,120
127520,1,120
127613,1,120
127752,1,120
127840,1,120
127987,1,120
128021,1,120
128122,1,120
128140,1,120
128169,1,120
128207,1,120
128213,1,120
128246,1,120
128260,1,120
128301,1,120
128313,1,120
128347,1,120
128432,1,120
128537,1,120
128678,1,120
128760,1,120
128799,1,120
128819,1,120
128871,1,120
129030,1,120
129088,1,120
129162,1,120
129180,1,120
129183,1,120
129184,1,120
129224,1,120
129232,1,120
129237,1,120
129249,1,120
129292,1,120
129297,1,120
129321,1,120
129349,1,120
129360,1,120
129374,1,120
129451,1,120
129497,1,120
129523,1,120
129582,1,120
129638,1,120
129690,1,120
129744,1,120
129788,1,120
129869,1,120
129894,1,120
129896,1,120
129904,1,120
129905,1,120
129964,1,120
130001,1,120
130022,1,120
130026,1,120
130044,1,120
130056,1,120
130072,1,120
130081,1,120
130093,1,120
130204,1,120
130209,1,120
130367,1,120
130439,1,120
130457,1,120
130580,1,120
130658,1,120
130782,1,120
130795,1,120
130835,1,120
130869,1,120
130878,1,120
130898,1,120
130898,1,120
130899,1,120
130910,1,120
130931,1,120
131027,1,120
131049,1,120
131200,1,120
131222,1,120
131245,1,120
131255,1,120
131291,1,120
131297,1,120
131319,1,120
131400,1,120
131404,1,120
131414,1,120
131552,1,120
131557,1,120
131569,1,120
131622,1,120
131626,1,120
131648,1,120
131671,1,120
132010,1,120
132054,1,120
132058,1,120
132073,1,120
132113,1,120
132143,1,120
132144,1,120
132149,1,120
132189,1,120
132295,1,120
132417,1,120
132498,1,120
132567,1,120
132595,1,120
132596,1,120
132619,1,120
132628,1,120
132772,1,120
133032,1,120
133123,1,120
133138,1,120
133242,1,120
133253,1,120
133275,1,120
133324,1,120
133368,1,120
133530,1,120
133573,1,120
133576,1,120
133603,1,120
133706,1,120
133857,1,120
134074,1,120
134216,1,120
134364,1,120
134382,1,120
134400,1,120
134411,1,120
134536,1,120
134613,1,120
134907,1,120
134911,1,120
134952,1,120
135007,1,120
135019,1,120
135086,1,120
135105,1,120
135105,1,120
135133,1,120
135133,1,120
135146,1,120
135191,1,120
135215,1,120
135254,1,120
135268,1,120
135282,1,120
135293,1,120
135300,1,120
135303,1,120
135317,1,120
135371,1,120
135404,1,120
135448,1,120
136001,1,120
136032,1,120
136075,1,120
136115,1,120
136180,1,120
136215,1,120
136338,1,120
136342,1,120
136446,1,120
136457,1,120
136461,1,120
136474,1,120
136525,1,120
136587,1,120
136635,1,120
136712,1,120
136713,1,120
137022,1,120
137071,1,120
137159,1,120
137248,1,120
137264,1,120
137324,1,120
137348,1,120
137375,1,120
137395,1,120
137414,1,120
137434,1,120
137508,1,120
137562,1,120
137653,1,120
137835,1,120
138021,1,120
138147,1,120
138298,1,120
138523,1,120
138596,1,120
138626,1,120
138696,1,120
138722,1,120
138760,1,120
138775,1,120
138776,1,120
138785,1,120
138793,1,120
138894,1,120
138903,1,120
139015,1,120
139020,1,120
139186,1,120
139249,1,120
139334,1,120
139472,1,120
139568,1,120
139576,1,120
139659,1,120
139698,1,120
139727,1,120
139731,1,120
139835,1,120
139885,1,120
139906,1,120
139913,1,120
140132,1,120
140133,1,120
140233,1,120
140279,1,120
140312,1,120
140338,1,120
140482,1,120
140883,1,120
140900,1,120
141033,1,120
141096,1,120
141101,1,120
141138,1,120
141156,1,120
141168,1,120
141238,1,120
141268,1,120
141419,1,120
141435,1,120
141536,1,120
141539,1,120
141544,1,120
141709,1,120
141742,1,120
141747,1,120
141870,1,120
141931,1,120
142045,1,120
142091,1,120
142123,1,120
142129,1,120
142138,1,120
142544,1,120
142591,1,120
142701,1,120
142785,1,120
142839,1,120
142938,1,120
142982,1,120
143017,1,120
143147,1,120
143198,1,120
143252,1,120
143355,1,120
143442,1,120
143481,1,120
143706,1,120
143793,1,120
143816,1,120
143852,1,120
143898,1,120
144154,1,120
144211,1,120
144312,1,120
144454,1,120
144528,1,120
144629,1,120
144650,1,120
144898,1,120
145036,1,120
145073,1,120
145150,1,120
145213,1,120
145255,1,120
145340,1,120
145443,1,120
145495,1,120
145717,1,120
145830,1,120
145882,1,120
145969,1,120
146110,1,120
146141,1,120
146158,1,120
146228,1,120
146253,1,120
146273,1,120
146288,1,120
146295,1,120
146338,1,120
146391,1,120
146727,1,120
146812,1,120
146893,1,120
147008,1,120
147020,1,120
147051,1,120
147066,1,120
147114,1,120
147275,1,120
147299,1,120
147427,1,120
147659,1,120
147779,1,120
147871,1,120
148028,1,120
148052,1,120
148170,1,120
148220,1,120
148310,1,120
148373,1,120
148387,1,120
148468,1,120
148682,1,120
148789,1,120
148869,1,120
148932,1,120
148960,1,120
149015,1,120
149016,1,120
149091,1,120
149139,1,120
149208,1,120
149230,1,120
149278,1,120
149771,1,120
150007,1,120
150070,1,120
150118,1,120
150211,1,120
150230,1,120
150302,1,120
150409,1,120
150506,1,120
151039,1,120
151211,1,120
151418,1,120
151710,1,120
151763,1,120
151870,1,120
151874,1,120
151883,1,120
151932,1,120
152480,1,120
152627,1,120
152881,1,120
153100,1,120
153109,1,120
153226,1,120
153231,1,120
153257,1,120
153308,1,120
153472,1,120
153482,1,120
153483,1,120
153542,1,120
153568,1,120
153582,1,120
153647,1,120
153694,1,120
153712,1,120
153734,1,120
153773,1,120
154001,1,120
154080,1,120
154161,1,120
154245,1,120
154263,1,120
154266,1,120
154363,1,120
154435,1,120
154518,1,120
154591,1,120
154629,1,120
154699,1,120
155129,1,120
155282,1,120
155371,1,120
155441,1,120
155501,1,120
155736,1,120
155906,1,120
156032,1,120
156083,1,120
156121,1,120
156657,1,120
156683,1,120
156711,1,120
156730,1,120
156757,1,120
156816,1,120
157201,1,120
157382,1,120
157409,1,120
157442,1,120
157463,1,120
158203,1,120
158223,1,120
158396,1,120
158436,1,120
158571,1,120
158683,1,120
158729,1,120
158738,1,120
159016,1,120
159046,1,120
159076,1,120
159092,1,120
159209,1,120
159280,1,120
159294,1,120
159315,1,120
159477,1,120
160043,1,120
160179,1,120
160274,1,120
160393,1,120
160411,1,120
160427,1,120
160753,1,120
160822,1,120
160828,1,120
160865,1,120
160886,1,120
161071,1,120
161085,1,120
161105,1,120
161178,1,120
161192,1,120
162718,1,120
162915,1,120
163121,1,120
163127,1,120
163746,1,120
163759,1,120
163825,1,120
163975,1,120
164110,1,120
164171,1,120
164187,1,120
164433,1,120
164545,1,120
164704,1,120
165024,1,120
165100,1,120
165120,1,120
165134,1,120
165154,1,120
165368,1,120
165375,1,120
165434,1,120
165444,1,120
165497,1,120
165519,1,120
165626,1,120
165727,1,120
165742,1,120
165743,1,120
165981,1,120
166016,1,120
166043,1,120
166053,1,120
166053,1,120
166154,1,120
166156,1,120
166532,1,120
166855,1,120
167053,1,120
167123,1,120
167179,1,120
167215,1,120
167260,1,120
167263,1,120
167274,1,120
167276,1,120
167292,1,120
167323,1,120
167545,1,120
167767,1,120
168080,1,120
168204,1,120
168232,1,120
168242,1,120
168524,1,120
168535,1,120
168552,1,120
168690,1,120
169057,1,120
169256,1,120
169587,1,120
169687,1,120
170133,1,120
170423,1,120
170538,1,120
170589,1,120
170626,1,120
170827,1,120
171003,1,120
171019,1,120
171375,1,120
171686,1,120
171951,1,120
172097,1,120
172119,1,120
172231,1,120
172575,1,120
172630,1,120
172674,1,120
172788,1,120
172820,1,120
172878,1,120
172929,1,120
172984,1,120
172999,1,120
173236,1,120
173413,1,120
173574,1,120
173590,1,120
173623,1,120
174022,1,120
174198,1,120
174746,1,120
174910,1,120
175022,1,120
175448,1,120
175955,1,120
176002,1,120
176277,1,120
176394,1,120
176596,1,120
176682,1,120
176744,1,120
177007,1,120
177026,1,120
177258,1,120
177269,1,120
177351,1,120
177425,1,120
177456,1,120
177498,1,120
177516,1,120
177580,1,120
177584,1,120
177666,1,120
177735,1,120
177830,1,120
177924,1,120
177952,1,120
177966,1,120
177973,1,120
178011,1,120
178121,1,120
178154,1,120
178242,1,120
178244,1,120
178366,1,120
178603,1,120
178705,1,120
178709,1,120
178851,1,120
178905,1,120
178924,1,120
179066,1,120
179232,1,120
179273,1,120
179290,1,120
179300,1,120
179355,1,120
179786,1,120
180107,1,120
180186,1,120
180203,1,120
180255,1,120
180256,1,120
180284,1,120
180652,1,120
181149,1,120
181313,1,120
181396,1,120
181623,1,120
182021,1,120
182117,1,120
182168,1,120
182260,1,120
182432,1,120
182445,1,120
182846,1,120
182925,1,120
183051,1,120
183119,1,120
183133,1,120
183179,1,120
183341,1,120
183429,1,120
183620,1,120
184145,1,120
184282,1,120
184505,1,120
184598,1,120
184677,1,120
184707,1,120
184825,1,120
184830,1,120
185002,1,120
185008,1,120
185037,1,120
185082,1,120
185131,1,120
185197,1,120
185368,1,120
185554,1,120
185579,1,120
185635,1,120
186126,1,120
186264,1,120
186307,1,120
186350,1,120
186363,1,120
186636,1,120
187200,1,120
187636,1,120
187659,1,120
187679,1,120
187696,1,120
187934,1,120
188064,1,120
188208,1,120
188351,1,120
188357,1,120
188544,1,120
189025,1,120
189034,1,120
189181,1,120
189275,1,120
189277,1,120
189321,1,120
189329,1,120
189442,1,120
189623,1,120
189625,1,120
189628,1,120
189635,1,120
189640,1,120
189693,1,120
189711,1,120
189767,1,120
189837,1,120
189837,1,120
189850,1,120
190051,1,120
190304,1,120
190382,1,120
190755,1,120
190763,1,120
190802,1,120
191120,1,120
191153,1,120
191165,1,120
191394,1,120
191404,1,120
191438,1,120
191500,1,120
191516,1,120
192270,1,120
192356,1,120
192379,1,120
192443,1,120
192506,1,120
192513,1,120
192541,1,120
192564,1,120
192580,1,120
192667,1,120
192725,1,120
193164,1,120
193327,1,120
193372,1,120
193464,1,120
193723,1,120
193761,1,120
194101,1,120
194472,1,120
194532,1,120
194699,1,120
194719,1,120
194929,1,120
194940,1,120
195022,1,120
195101,1,120
195172,1,120
195232,1,120
195368,1,120
195471,1,120
195655,1,120
195713,1,120
196095,1,120
196169,1,120
196192,1,120
196233,1,120
196366,1,120
196448,1,120
196581,1,120
196636,1,120
196752,1,120
197168,1,120
197175,1,120
197385,1,120
197397,1,120
197431,1,120
197632,1,120
197943,1,120
198180,1,120
198961,1,120
199005,1,120
199088,1,120
199145,1,120
199212,1,120
199218,1,120
199435,1,120
199461,1,120
199541,1,120
199746,1,120
199802,1,120
199921,1,120
200030,1,120
200074,1,120
200203,1,120
200588,1,120
201020,1,120
201044,1,120
201183,1,120
201203,1,120
201226,1,120
201238,1,120
201250,1,120
201275,1,120
201296,1,120
201328,1,120
201333,1,120
201360,1,120
201441,1,120
201555,1,120
201569,1,120
201574,1,120
201652,1,120
201676,1,120
201693,1,120
201772,1,120
201814,1,120
201844,1,120
201873,1,120
201965,1,120
201975,1,120
202023,1,120
202258,1,120
202267,1,120
202269,1,120
202299,1,120
202308,1,120
202419,1,120
202473,1,120
202582,1,120
202688,1,120
203059,1,120
203583,1,120
203653,1,120
203666,1,120
203952,1,120
204037,1,120
204095,1,120
204219,1,120
204313,1,120
204350,1,120
204427,1,120
204430,1,120
204451,1,120
204478,1,120
204593,1,120
204648,1,120
204759,1,120
204788,1,120
205006,1,120
205020,1,120
205032,1,120
205085,1,120
205111,1,120
205289,1,120
205429,1,120
205481,1,120
205524,1,120
205588,1,120
205828,1,120
206112,1,120
206118,1,120
206459,1,120
206556,1,120
206811,1,120
206819,1,120
206862,1,120
206927,1,120
206955,1,120
207027,1,120
207133,1,120
207144,1,120
207365,1,120
207491,1,120
207522,1,120
207549,1,120
207552,1,120
207615,1,120
207619,1,120
207644,1,120
208079,1,120
208160,1,120
208214,1,120
208257,1,120
208330,1,120
208595,1,120
208799,1,120
208982,1,120
208989,1,120
209074,1,120
209084,1,120
209167,1,120
209196,1,120
209505,1,120
209929,1,120
210160,1,120
210223,1,120
210546,1,120
210821,1,120
210843,1,120
210929,1,120
211016,1,120
211042,1,120
211081,1,120
211150,1,120
211251,1,120
211284,1,120
211599,1,120
211784,1,120
211913,1,120
212103,1,120
212205,1,120
212620,1,120
212858,1,120
212897,1,120
213039,1,120
213072,1,120
213089,1,120
213089,1,120
213090,1,120
213185,1,120
213218,1,120
213317,1,120
213353,1,120
213392,1,120
213449,1,120
213500,1,120
213511,1,120
213589,1,120
213678,1,120
213732,1,120
213789,1,120
213795,1,120
213833,1,120
213895,1,120
213931,1,120
214040,1,120
214052,1,120
214054,1,120
214080,1,120
214082,1,120
214083,1,120
214124,1,120
214163,1,120
214364,1,120
214456,1,120
214618,1,120
214932,1,120
214985,1,120
215001,1,120
215029,1,120
215041,1,120
215070,1,120
215077,1,120
215137,1,120
215148,1,120
215163,1,120
215177,1,120
215184,1,120
215252,1,120
215288,1,120
215444,1,120
215538,1,120
215837,1,120
215981,1,120
215993,1,120
216005,1,120
216053,1,120
216088,1,120
216106,1,120
216188,1,120
216334,1,120
216415,1,120
216564,1,120
216657,1,120
216672,1,120
217002,1,120
217051,1,120
217083,1,120
217179,1,120
217253,1,120
217386,1,120
217727,1,120
217746,1,120
218207,1,120
218220,1,120
218305,1,120
218334,1,120
218346,1,120
218426,1,120
218468,1,120
218645,1,120
218665,1,120
218730,1,120
218846,1,120
218871,1,120
219040,1,120
219042,1,120
219049,1,120
219070,1,120
219157,1,120
219159,1,120
219338,1,120
219421,1,120
219725,1,120
219793,1,120
220046,1,120
220061,1,120
220070,1,120
220146,1,120
220464,1,120
220531,1,120
220586,1,120
220732,1,120
220792,1,120
220828,1,120
220897,1,120
220966,1,120
221002,1,120
221013,1,120
221019,1,120
221032,1,120
221099,1,120
221200,1,120
221200,1,120
221240,1,120
221290,1,120
221372,1,120
221381,1,120
221499,1,120
221559,1,120
222263,1,120
222720,1,120
222938,1,120
223062,1,120
223097,1,120
223124,1,120
223172,1,120
223296,1,120
223320,1,120
223349,1,120
223389,1,120
223396,1,120
223500,1,120
223542,1,120
223557,1,120
223578,1,120
223648,1,120
223753,1,120
223927,1,120
223958,1,120
224123,1,120
224136,1,120
224222,1,120
224286,1,120
224406,1,120
224514,1,120
224524,1,120
224581,1,120
224790,1,120
224904,1,120
225026,1,120
225028,1,120
225029,1,120
225057,1,120
225135,1,120
225273,1,120
225299,1,120
225303,1,120
225348,1,120
225348,1,120
225362,1,120
225408,1,120
225448,1,120
225500,1,120
225586,1,120
225635,1,120
225684,1,120
225699,1,120
225705,1,120
225740,1,120
225763,1,120
225958,1,120
225972,1,120
226007,1,120
226012,1,120
226017,1,120
226055,1,120
226065,1,120
226070,1,120
226071,1,120
226075,1,120
226076,1,120
226102,1,120
226168,1,120
226177,1,120
226180,1,120
226199,1,120
226210,1,120
226224,1,120
226229,1,120
226241,1,120
226292,1,120
226304,1,120
226358,1,120
226486,1,120
226494,1,120
226501,1,120
226510,1,120
226552,1,120
226660,1,120
226678,1,120
227079,1,120
227217,1,120
227234,1,120
227358,1,120
227529,1,120
227553,1,120
227573,1,120
227625,1,120
227632,1,120
227754,1,120
228006,1,120
228019,1,120
228085,1,120
228105,1,120
228119,1,120
228138,1,120
228184,1,120
228207,1,120
228219,1,120
228252,1,120
228261,1,120
228299,1,120
228357,1,120
228361,1,120
228386,1,120
228434,1,120
228526,1,120
228540,1,120
228564,1,120
228578,1,120
228631,1,120
228648,1,120
228675,1,120
228686,1,120
228698,1,120
228752,1,120
228814,1,120
228817,1,120
228828,1,120
228830,1,120
228927,1,120
228984,1,120
228989,1,120
229044,1,120
229070,1,120
229073,1,120
229124,1,120
229161,1,120
229318,1,120
229328,1,120
229382,1,120
229452,1,120
229453,1,120
229529,1,120
229534,1,120
229537,1,120
229545,1,120
229652,1,120
229697,1,120
229850,1,120
230002,1,120
230023,1,120
230053,1,120
230140,1,120
230183,1,120
230204,1,120
230230,1,120
230276,1,120
230293,1,120
230412,1,120
230541,1,120
230563,1,120
230599,1,120
230620,1,120
230655,1,120
230884,1,120
230927,1,120
231016,1,120
231051,1,120
231085,1,120
231087,1,120
231150,1,120
231303,1,120
231438,1,120
231481,1,120
231494,1,120
231534,1,120
231563,1,120
231599,1,120
231604,1,120
231626,1,120
231679,1,120
231806,1,120
231865,1,120
231915,1,120
231920,1,120
231963,1,120
232033,1,120
232047,1,120
232058,1,120
232070,1,120
232081,1,120
232088,1,120
232092,1,120
232136,1,120
232198,1,120
232209,1,120
232287,1,120
232330,1,120
232371,1,120
232405,1,120
232460,1,120
232539,1,120
232540,1,120
232581,1,120
232585,1,120
232774,1,120
232783,1,120
232786,1,120
233058,1,120
233122,1,120
233243,1,120
233250,1,120
233258,1,120
233319,1,120
233432,1,120
233483,1,120
233556,1,120
233557,1,120
233615,1,120
233690,1,120
233851,1,120
233855,1,120
233958,1,120
234006,1,120
234025,1,120
234072,1,120
234095,1,120
234181,1,120
234203,1,120
234215,1,120
234292,1,120
234328,1,120
234416,1,120
234434,1,120
234494,1,120
234675,1,120
234766,1,120
234877,1,120
234913,1,120
234915,1,120
235038,1,120
235131,1,120
235175,1,120
235350,1,120
235380,1,120
235397,1,120
235420,1,120
235494,1,120
235591,1,120
235679,1,120
235780,1,120
235828,1,120
235893,1,120
236007,1,120
236014,1,120
236015,1,120
236064,1,120
236109,1,120
236126,1,120
236155,1,120
236196,1,120
236304,1,120
236328,1,120
236412,1,120
236444,1,120
236471,1,120
236499,1,120
236547,1,120
236734,1,120
236947,1,120
237005,1,120
237010,1,120
237016,1,120
237021,1,120
237025,1,120
237031,1,120
237047,1,120
237055,1,120
237058,1,120
237085,1,120
237095,1,120
237097,1,120
237148,1,120
237153,1,120
237158,1,120
237177,1,120
237197,1,120
237212,1,120
237244,1,120
237257,1,120
237280,1,120
237292,1,120
237331,1,120
237378,1,120
237389,1,120
237433,1,120
237550,1,120
237577,1,120
237587,1,120
237597,1,120
237609,1,120
237634,1,120
237644,1,120
237661,1,120
237697,1,120
237712,1,120
237812,1,120
237813,1,120
237847,1,120
237852,1,120
238026,1,120
238091,1,120
238099,1,120
238183,1,120
238183,1,120
238208,1,120
238230,1,120
238280,1,120
238287,1,120
238294,1,120
238311,1,120
238347,1,120
238373,1,120
238375,1,120
238378,1,120
238405,1,120
238494,1,120
238571,1,120
238576,1,120
238656,1,120
238735,1,120
239204,1,120
239208,1,120
239233,1,120
239268,1,120
239291,1,120
239336,1,120
239469,1,120
239473,1,120
239670,1,120
239779,1,120
239794,1,120
239882,1,120
239914,1,120
239969,1,120
240003,1,120
240025,1,120
240029,1,120
240055,1,120
240085,1,120
240096,1,120
240102,1,120
240102,1,120
240147,1,120
240157,1,120
240205,1,120
240218,1,120
240247,1,120
240267,1,120
240281,1,120
240298,1,120
240380,1,120
240544,1,120
240545,1,120
240611,1,120
240669,1,120
240688,1,120
240693,1,120
240726,1,120
240779,1,120
240801,1,120
240906,1,120
240952,1,120
241033,1,120
241061,1,120
241063,1,120
241079,1,120
241158,1,120
241191,1,120
241192,1,120
241197,1,120
241221,1,120
241226,1,120
241248,1,120
241259,1,120
241342,1,120
241386,1,120
241405,1,120
241472,1,120
241563,1,120
241567,1,120
241580,1,120
241712,1,120
241772,1,120
241776,1,120
241901,1,120
241911,1,120
242051,1,120
242062,1,120
242104,1,120
242115,1,120
242132,1,120
242156,1,120
242273,1,120
242328,1,120
242338,1,120
242392,1,120
242417,1,120
242422,1,120
242475,1,120
242481,1,120
242560,1,120
242567,1,120
242579,1,120
242588,1,120
242597,1,120
242646,1,120
243086,1,120
243144,1,120
243145,1,120
243161,1,120
243173,1,120
243191,1,120
243274,1,120
243312,1,120
243326,1,120
243514,1,120
243519,1,120
243568,1,120
243661,1,120
243718,1,120
243725,1,120
243760,1,120
243761,1,120
243840,1,120
243847,1,120
243866,1,120
243869,1,120
243918,1,120
244010,1,120
244011,1,120
244202,1,120
244221,1,120
244277,1,120
244341,1,120
244361,1,120
244463,1,120
244503,1,120
244530,1,120
244543,1,120
244567,1,120
244583,1,120
244605,1,120
244805,1,120
244806,1,120
244809,1,120
244838,1,120
244913,1,120
244966,1,120
244984,1,120
244995,1,120
245011,1,120
245031,1,120
245066,1,120
245068,1,120
245071,1,120
245119,1,120
245222,1,120
245226,1,120
245268,1,120
245320,1,120
245323,1,120
245342,1,120
245366,1,120
245492,1,120
245650,1,120
245673,1,120
245680,1,120
245748,1,120
245822,1,120
246139,1,120
246170,1,120
246199,1,120
246230,1,120
246319,1,120
246323,1,120
246323,1,120
246362,1,120
246429,1,120
246450,1,120
246481,1,120
246553,1,120
246593,1,120
246609,1,120
246613,1,120
246627,1,120
246636,1,120
246722,1,120
246743,1,120
247033,1,120
247134,1,120
247147,1,120
247177,1,120
247484,1,120
247499,1,120
247501,1,120
247521,1,120
247535,1,120
247554,1,120
247654,1,120
247663,1,120
248009,1,120
248009,1,120
248022,1,120
248027,1,120
248055,1,120
248073,1,120
248128,1,120
248138,1,120
248152,1,120
248167,1,120
248322,1,120
248380,1,120
248411,1,120
248608,1,120
248687,1,120
248711,1,120
248853,1,120
248872,1,120
248893,1,120
249020,1,120
249065,1,120
249074,1,120
249097,1,120
249114,1,120
249128,1,120
249147,1,120
249181,1,120
249192,1,120
249207,1,120
249353,1,120
249353,1,120
249377,1,120
249397,1,120
249452,1,120
249454,1,120
249466,1,120
249468,1,120
249485,1,120
249516,1,120
249553,1,120
249559,1,120
249598,1,120
249683,1,120
249691,1,120
249784,1,120
249790,1,120
249792,1,120
250195,1,120
250201,1,120
250211,1,120
250245,1,120
250262,1,120
250267,1,120
250287,1,120
250291,1,120
250555,1,120
250705,1,120
250808,1,120
250910,1,120
250964,1,120
251056,1,120
251114,1,120
251115,1,120
251140,1,120
251184,1,120
251263,1,120
251268,1,120
251293,1,120
251316,1,120
251434,1,120
251534,1,120
251538,1,120
251583,1,120
251677,1,120
251679,1,120
251737,1,120
251786,1,120
251904,1,120
251957,1,120
252032,1,120
252436,1,120
252438,1,120
252460,1,120
252546,1,120
252729,1,120
252734,1,120
252744,1,120
252749,1,120
252764,1,120
252851,1,120
252882,1,120
252997,1,120
253002,1,120
253024,1,120
253060,1,120
253079,1,120
253080,1,120
253091,1,120
253107,1,120
253119,1,120
253132,1,120
253158,1,120
253161,1,120
253189,1,120
253267,1,120
253451,1,120
253465,1,120
253487,1,120
253493,1,120
253558,1,120
253595,1,120
253605,1,120
253858,1,120
253895,1,120
253955,1,120
254043,1,120
254079,1,120
254084,1,120
254092,1,120
254210,1,120
254237,1,120
254237,1,120
254285,1,120
254378,1,120
254399,1,120
254419,1,120
254469,1,120
254516,1,120
254557,1,120
254751,1,120
254867,1,120
255171,1,120
255296,1,120
255330,1,120
255377,1,120
255460,1,120
255488,1,120
255494,1,120
255503,1,120
255552,1,120
255639,1,120
255676,1,120
255683,1,120
255717,1,120
255750,1,120
255790,1,120
255864,1,120
256074,1,120
256135,1,120
256163,1,120
256203,1,120
256348,1,120
256422,1,120
256433,1,120
256471,1,120
256485,1,120
256500,1,120
256587,1,120
256674,1,120
256789,1,120
256880,1,120
256928,1,120
257007,1,120
257072,1,120
257087,1,120
257159,1,120
257186,1,120
257234,1,120
257238,1,120
257249,1,120
257291,1,120
257338,1,120
257398,1,120
257428,1,120
257449,1,120
257457,1,120
257505,1,120
257552,1,120
257659,1,120
257676,1,120
257731,1,120
257770,1,120
258020,1,120
258059,1,120
258108,1,120
258251,1,120
258373,1,120
258427,1,120
258566,1,120
258567,1,120
258582,1,120
258582,1,120
258661,1,120
258665,1,120
258697,1,120
258727,1,120
258753,1,120
258815,1,120
259030,1,120
259054,1,120
259080,1,120
259096,1,120
259111,1,120
259344,1,120
259363,1,120
259376,1,120
259479,1,120
259733,1,120
259904,1,120
259983,1,120
260086,1,120
260114,1,120
260185,1,120
260242,1,120
260244,1,120
260290,1,120
260397,1,120
260413,1,120
260486,1,120
260494,1,120
260707,1,120
260730,1,120
260738,1,120
260794,1,120
260807,1,120
260825,1,120
260825,1,120
261067,1,120
261074,1,120
261076,1,120
261077,1,120
261141,1,120
261149,1,120
261149,1,120
261152,1,120
261163,1,120
261211,1,120
261316,1,120
261406,1,120
261426,1,120
261503,1,120
261544,1,120
261578,1,120
261620,1,120
261686,1,120
261804,1,120
261818,1,120
261851,1,120
262029,1,120
262066,1,120
262085,1,120
262102,1,120
262203,1,120
262273,1,120
262403,1,120
262529,1,120
262681,1,120
262725,1,120
262838,1,120
263075,1,120
263109,1,120
263123,1,120
263222,1,120
263234,1,120
263335,1,120
263461,1,120
263557,1,120
263663,1,120
263734,1,120
263824,1,120
263830,1,120
263853,1,120
264079,1,120
264166,1,120
264174,1,120
264200,1,120
264375,1,120
264376,1,120
264435,1,120
264636,1,120
264673,1,120
264684,1,120
265016,1,120
265066,1,120
265175,1,120
265204,1,120
265232,1,120
265266,1,120
265399,1,120
265818,1,120
266024,1,120
266031,1,120
266073,1,120
266161,1,120
266358,1,120
266467,1,120
266587,1,120
266601,1,120
266620,1,120
266701,1,120
266762,1,120
266911,1,120
267030,1,120
267273,1,120
267348,1,120
267388,1,120
267404,1,120
267433,1,120
267486,1,120
267495,1,120
267612,1,120
268128,1,120
268318,1,120
268385,1,120
268612,1,120
268628,1,120
268651,1,120
268731,1,120
268740,1,120
268882,1,120
269184,1,120
269373,1,120
269373,1,120
269620,1,120
269777,1,120
269884,1,120
270066,1,120
270069,1,120
270092,1,120
270149,1,120
270678,1,120
270857,1,120
271007,1,120
271044,1,120
271087,1,120
271178,1,120
271201,1,120
271400,1,120
271764,1,120
272077,1,120
272085,1,120
272408,1,120
272616,1,120
273106,1,120
273491,1,120
273883,1,120
273895,1,120
273972,1,120
273977,1,120
274010,1,120
274094,1,120
274416,1,120
274504,1,120
274687,1,120
275039,1,120
275193,1,120
275207,1,120
275409,1,120
275701,1,120
275928,1,120
276132,1,120
276170,1,120
276179,1,120
276197,1,120
276301,1,120
276324,1,120
276416,1,120
277373,1,120
277408,1,120
277663,1,120
277787,1,120
278905,1,120
279332,1,120
279386,1,120
279593,1,120
279761,1,120
280747,1,120
280822,1,120
280894,1,120
281032,1,120
281042,1,120
281074,1,120
281112,1,120
281442,1,120
282078,1,120
282247,1,120
282408,1,120
282467,1,120
282901,1,120
283099,1,120
283104,1,120
283146,1,120
283275,1,120
283376,1,120
283518,1,120
283530,1,120
283562,1,120
283762,1,120
283771,1,120
283906,1,120
283962,1,120
284014,1,120
284022,1,120
284038,1,120
284124,1,120
284130,1,120
284188,1,120
284226,1,120
284593,1,120
284896,1,120
284962,1,120
285034,1,120
285133,1,120
285173,1,120
285192,1,120
285286,1,120
285289,1,120
285646,1,120
285741,1,120
286834,1,120
286968,1,120
287193,1,120
287296,1,120
287368,1,120
287554,1,120
287691,1,120
287701,1,120
287890,1,120
288228,1,120
288251,1,120
288296,1,120
288349,1,120
288585,1,120
288888,1,120
288979,1,120
289053,1,120
289073,1,120
289350,1,120
289551,1,120
289607,1,120
290102,1,120
290303,1,120
291282,1,120
291572,1,120
291720,1,120
