10,1,600
14,1,600
57,1,600
154,1,600
401,1,600
503,1,600
941,1,600
1014,1,600
1072,1,600
1208,1,600
1309,1,600
1516,1,600
1898,1,600
2002,1,600
2053,1,600
2255,1,600
2359,1,600
2541,1,600
2763,1,600
3043,1,600
3058,1,600
3283,1,600
3332,1,600
3364,1,600
3392,1,600
3495,1,600
3528,1,600
3553,1,600
4416,1,600
4511,1,600
4593,1,600
4704,1,600
4713,1,600
4776,1,600
4791,1,600
4795,1,600
5100,1,600
5247,1,600
5325,1,600
5477,1,600
5553,1,600
6054,1,600
6114,1,600
6316,1,600
6508,1,600
6907,1,600
7028,1,600
7140,1,600
7352,1,600
7354,1,600
7384,1,600
7477,1,600
7945,1,600
8023,1,600
8150,1,600
8304,1,600
8350,1,600
9086,1,600
9116,1,600
9147,1,600
9179,1,600
9199,1,600
9279,1,600
9329,1,600
9401,1,600
9434,1,600
9440,1,600
9465,1,600
9526,1,600
9571,1,600
9754,1,600
9781,1,600
10004,1,600
10074,1,600
10116,1,600
10279,1,600
10673,1,600
10805,1,600
10909,1,600
11006,1,600
11131,1,600
11137,1,600
11205,1,600
11208,1,600
11304,1,600
11326,1,600
11627,1,600
11838,1,600
11929,1,600
12024,1,600
12064,1,600
12324,1,600
12496,1,600
12764,1,600
12784,1,600
12787,1,600
12843,1,600
12890,1,600
13130,1,600
13444,1,600
13702,1,600
13770,1,600
13809,1,600
13952,1,600
14052,1,600
14056,1,600
14112,1,600
14114,1,600
14159,1,600
14176,1,600
14197,1,600
14225,1,600
14302,1,600
14378,1,600
14474,1,600
14545,1,600
14874,1,600
15020,1,600
15136,1,600
15145,1,600
15842,1,600
15979,1,600
16027,1,600
16140,1,600
16234,1,600
16753,1,600
16777,1,600
17191,1,600
17355,1,600
17440,1,600
17477,1,600
17707,1,600
18461,1,600
19553,1,600
19779,1,600
19867,1,600
20467,1,600
20479,1,600
20498,1,600
20666,1,600
20833,1,600
21090,1,600
21106,1,600
21439,1,600
21490,1,600
21530,1,600
21537,1,600
21574,1,600
21580,1,600
21584,1,600
21596,1,600
21629,1,600
21633,1,600
21692,1,600
21798,1,600
21801,1,600
21807,1,600
21810,1,600
21812,1,600
22027,1,600
22061,1,600
22260,1,600
22313,1,600
22347,1,600
22389,1,600
22395,1,600
22466,1,600
22477,1,600
22482,1,600
22502,1,600
23089,1,600
23267,1,600
23541,1,600
23644,1,600
23657,1,600
23886,1,600
23927,1,600
24072,1,600
24126,1,600
24157,1,600
24232,1,600
24234,1,600
24253,1,600
24291,1,600
24319,1,600
24592,1,600
24611,1,600
24622,1,600
24674,1,600
24702,1,600
25078,1,600
25233,1,600
25512,1,600
25555,1,600
25671,1,600
26000,1,600
26102,1,600
26149,1,600
26198,1,600
26215,1,600
26570,1,600
26586,1,600
27085,1,600
27281,1,600
27296,1,600
27338,1,600
27671,1,600
27736,1,600
27870,1,600
27910,1,600
27932,1,600
28090,1,600
28370,1,600
28381,1,600
28440,1,600
28468,1,600
28642,1,600
28856,1,600
28905,1,600
29104,1,600
29159,1,600
29228,1,600
29255,1,600
29448,1,600
29491,1,600
29540,1,600
29559,1,600
29957,1,600
30101,1,600
30219,1,600
30331,1,600
30359,1,600
30787,1,600
30930,1,600
31062,1,600
31081,1,600
31104,1,600
31130,1,600
31450,1,600
31563,1,600
32248,1,600
32397,1,600
32414,1,600
32658,1,600
33062,1,600
33063,1,600
33063,1,600
33106,1,600
33116,1,600
33206,1,600
33295,1,600
33340,1,600
33405,1,600
33423,1,600
33427,1,600
33429,1,600
33436,1,600
33438,1,600
33457,1,600
33489,1,600
33513,1,600
33552,1,600
33572,1,600
33584,1,600
33615,1,600
33624,1,600
33648,1,600
33762,1,600
33781,1,600
33799,1,600
34003,1,600
34050,1,600
34074,1,600
34149,1,600
34185,1,600
34188,1,600
34258,1,600
34276,1,600
34303,1,600
34382,1,600
34400,1,600
34444,1,600
34456,1,600
34522,1,600
34576,1,600
35060,1,600
35168,1,600
35177,1,600
35254,1,600
35271,1,600
35450,1,600
35548,1,600
35609,1,600
35719,1,600
35752,1,600
35771,1,600
35786,1,600
36069,1,600
36074,1,600
36192,1,600
36281,1,600
36529,1,600
36564,1,600
36709,1,600
36716,1,600
37069,1,600
37119,1,600
37156,1,600
37159,1,600
37322,1,600
37420,1,600
37549,1,600
37690,1,600
37837,1,600
37879,1,600
37937,1,600
38008,1,600
38208,1,600
38222,1,600
38274,1,600
38294,1,600
38518,1,600
38596,1,600
38683,1,600
38753,1,600
38888,1,600
39041,1,600
39075,1,600
39283,1,600
39290,1,600
39430,1,600
39495,1,600
39583,1,600
39599,1,600
39688,1,600
39724,1,600
39727,1,600
39936,1,600
39959,1,600
40112,1,600
40128,1,600
40303,1,600
40360,1,600
40369,1,600
40390,1,600
40419,1,600
40443,1,600
40496,1,600
40628,1,600
40634,1,600
40677,1,600
40719,1,600
40729,1,600
40748,1,600
41002,1,600
41021,1,600
41052,1,600
41116,1,600
41176,1,600
41196,1,600
41274,1,600
41546,1,600
41562,1,600
41646,1,600
41818,1,600
42197,1,600
42382,1,600
42393,1,600
42399,1,600
42401,1,600
42577,1,600
42617,1,600
42653,1,600
42692,1,600
43066,1,600
43491,1,600
43760,1,600
43965,1,600
43969,1,600
44176,1,600
44209,1,600
44224,1,600
44249,1,600
44323,1,600
44333,1,600
44340,1,600
44376,1,600
44397,1,600
44473,1,600
44506,1,600
44572,1,600
44609,1,600
44796,1,600
45006,1,600
45060,1,600
45064,1,600
45088,1,600
45094,1,600
45098,1,600
45132,1,600
45180,1,600
45183,1,600
45184,1,600
45199,1,600
45214,1,600
45264,1,600
45282,1,600
45288,1,600
45359,1,600
45361,1,600
45404,1,600
45430,1,600
45459,1,600
45461,1,600
45494,1,600
45541,1,600
45544,1,600
45572,1,600
45582,1,600
45613,1,600
45629,1,600
45658,1,600
45720,1,600
46064,1,600
46119,1,600
46138,1,600
46146,1,600
46158,1,600
46171,1,600
46174,1,600
46187,1,600
46204,1,600
46230,1,600
46242,1,600
46275,1,600
46434,1,600
46565,1,600
46590,1,600
46611,1,600
46633,1,600
46657,1,600
46673,1,600
46782,1,600
46801,1,600
46980,1,600
47032,1,600
47090,1,600
47126,1,600
47140,1,600
47182,1,600
47258,1,600
47261,1,600
47270,1,600
47321,1,600
47358,1,600
47362,1,600
47418,1,600
47581,1,600
47630,1,600
47637,1,600
47689,1,600
47758,1,600
47788,1,600
47863,1,600
47872,1,600
47883,1,600
47927,1,600
47955,1,600
47967,1,600
48016,1,600
48023,1,600
48073,1,600
48138,1,600
48159,1,600
48363,1,600
48436,1,600
48455,1,600
48463,1,600
48582,1,600
48616,1,600
48635,1,600
48660,1,600
48725,1,600
48745,1,600
48752,1,600
48868,1,600
48898,1,600
48958,1,600
48984,1,600
48999,1,600
49043,1,600
49074,1,600
49095,1,600
49207,1,600
49211,1,600
49213,1,600
49456,1,600
49477,1,600
49535,1,600
49542,1,600
49544,1,600
49547,1,600
49563,1,600
49661,1,600
49879,1,600
50021,1,600
50082,1,600
50084,1,600
50119,1,600
50129,1,600
50140,1,600
50149,1,600
50190,1,600
50205,1,600
50258,1,600
50272,1,600
50390,1,600
50409,1,600
50556,1,600
50573,1,600
50730,1,600
50814,1,600
50910,1,600
50926,1,600
50946,1,600
50952,1,600
50975,1,600
51015,1,600
51074,1,600
51105,1,600
51164,1,600
51189,1,600
51210,1,600
51226,1,600
51265,1,600
51290,1,600
51292,1,600
51296,1,600
51298,1,600
51352,1,600
51365,1,600
51371,1,600
51401,1,600
51431,1,600
51519,1,600
51560,1,600
51571,1,600
51583,1,600
51631,1,600
51691,1,600
51705,1,600
51800,1,600
51834,1,600
51948,1,600
51953,1,600
51971,1,600
52032,1,600
52065,1,600
52098,1,600
52134,1,600
52270,1,600
52361,1,600
52437,1,600
52438,1,600
52451,1,600
52510,1,600
52553,1,600
52555,1,600
52566,1,600
52587,1,600
52606,1,600
52616,1,600
52686,1,600
52805,1,600
52807,1,600
52873,1,600
52975,1,600
53063,1,600
53110,1,600
53116,1,600
53347,1,600
53385,1,600
53404,1,600
53427,1,600
53474,1,600
53514,1,600
53523,1,600
53535,1,600
53536,1,600
53559,1,600
53577,1,600
53792,1,600
53873,1,600
53927,1,600
53989,1,600
54008,1,600
54048,1,600
54068,1,600
54155,1,600
54193,1,600
54198,1,600
54263,1,600
54292,1,600
54436,1,600
54483,1,600
54530,1,600
54567,1,600
54675,1,600
54682,1,600
54858,1,600
54870,1,600
54883,1,600
54947,1,600
54950,1,600
55027,1,600
55136,1,600
55144,1,600
55172,1,600
55214,1,600
55218,1,600
55282,1,600
55414,1,600
55432,1,600
55451,1,600
55480,1,600
55508,1,600
55539,1,600
55565,1,600
55565,1,600
55588,1,600
55675,1,600
55811,1,600
55900,1,600
55961,1,600
55998,1,600
56021,1,600
56049,1,600
56051,1,600
56060,1,600
56084,1,600
56097,1,600
56107,1,600
56199,1,600
56212,1,600
56223,1,600
56250,1,600
56257,1,600
56311,1,600
56422,1,600
56471,1,600
56500,1,600
56524,1,600
56543,1,600
56617,1,600
56624,1,600
56630,1,600
57028,1,600
57118,1,600
57135,1,600
57179,1,600
57205,1,600
57215,1,600
57264,1,600
57339,1,600
57441,1,600
57449,1,600
57450,1,600
57472,1,600
57475,1,600
57533,1,600
57558,1,600
57575,1,600
57671,1,600
57680,1,600
57714,1,600
57736,1,600
57795,1,600
57858,1,600
57886,1,600
57954,1,600
57966,1,600
57992,1,600
58008,1,600
58015,1,600
58095,1,600
58107,1,600
58114,1,600
58135,1,600
58147,1,600
58171,1,600
58172,1,600
58239,1,600
58245,1,600
58306,1,600
58307,1,600
58354,1,600
58354,1,600
58354,1,600
58359,1,600
58373,1,600
58397,1,600
58397,1,600
58402,1,600
58418,1,600
58424,1,600
58428,1,600
58433,1,600
58434,1,600
58451,1,600
58513,1,600
58538,1,600
58595,1,600
58660,1,600
58703,1,600
58719,1,600
58720,1,600
58747,1,600
58758,1,600
58764,1,600
58767,1,600
58865,1,600
58875,1,600
58954,1,600
58999,1,600
59000,1,600
59005,1,600
59014,1,600
59048,1,600
59049,1,600
59130,1,600
59139,1,600
59162,1,600
59247,1,600
59289,1,600
59309,1,600
59335,1,600
59352,1,600
59361,1,600
59436,1,600
59462,1,600
59473,1,600
59526,1,600
59560,1,600
59563,1,600
59578,1,600
59668,1,600
59690,1,600
59694,1,600
59715,1,600
59755,1,600
59814,1,600
59817,1,600
59831,1,600
59834,1,600
59917,1,600
59918,1,600
60026,1,600
60075,1,600
60302,1,600
60321,1,600
60399,1,600
60424,1,600
60441,1,600
60447,1,600
60457,1,600
60547,1,600
60554,1,600
60670,1,600
60688,1,600
60689,1,600
60704,1,600
60743,1,600
60771,1,600
60774,1,600
60790,1,600
60863,1,600
60881,1,600
60902,1,600
60904,1,600
60951,1,600
60986,1,600
60987,1,600
61018,1,600
61032,1,600
61060,1,600
61086,1,600
61122,1,600
61211,1,600
61224,1,600
61246,1,600
61263,1,600
61270,1,600
61276,1,600
61278,1,600
61322,1,600
61373,1,600
61424,1,600
61430,1,600
61446,1,600
61500,1,600
61512,1,600
61520,1,600
61555,1,600
61606,1,600
61626,1,600
61632,1,600
61667,1,600
61697,1,600
61717,1,600
61758,1,600
61799,1,600
62044,1,600
62103,1,600
62188,1,600
62197,1,600
62215,1,600
62270,1,600
62277,1,600
62331,1,600
62373,1,600
62385,1,600
62403,1,600
62412,1,600
62447,1,600
62460,1,600
62488,1,600
62596,1,600
62597,1,600
62636,1,600
62717,1,600
62769,1,600
62844,1,600
62862,1,600
62926,1,600
62938,1,600
62973,1,600
62990,1,600
63009,1,600
63016,1,600
63072,1,600
63072,1,600
63074,1,600
63083,1,600
63106,1,600
63124,1,600
63131,1,600
63136,1,600
63142,1,600
63156,1,600
63175,1,600
63196,1,600
63200,1,600
63267,1,600
63319,1,600
63330,1,600
63363,1,600
63377,1,600
63409,1,600
63433,1,600
63474,1,600
63490,1,600
63571,1,600
63632,1,600
63687,1,600
63782,1,600
63805,1,600
63809,1,600
63847,1,600
64033,1,600
64089,1,600
64100,1,600
64128,1,600
64160,1,600
64204,1,600
64262,1,600
64302,1,600
64317,1,600
64319,1,600
64342,1,600
64451,1,600
64451,1,600
64468,1,600
64527,1,600
64690,1,600
64703,1,600
64706,1,600
64709,1,600
64725,1,600
64726,1,600
64741,1,600
64777,1,600
64810,1,600
64842,1,600
64966,1,600
64966,1,600
64967,1,600
64986,1,600
65001,1,600
65027,1,600
65050,1,600
65086,1,600
65118,1,600
65229,1,600
65230,1,600
65241,1,600
65253,1,600
65274,1,600
65323,1,600
65332,1,600
65335,1,600
65361,1,600
65371,1,600
65378,1,600
65441,1,600
65512,1,600
65529,1,600
65533,1,600
65553,1,600
65582,1,600
65583,1,600
65604,1,600
65636,1,600
65649,1,600
65672,1,600
65712,1,600
66224,1,600
66233,1,600
66307,1,600
66318,1,600
66346,1,600
66354,1,600
66367,1,600
66378,1,600
66413,1,600
66448,1,600
66464,1,600
66499,1,600
66506,1,600
66514,1,600
66583,1,600
66609,1,600
66700,1,600
66722,1,600
66725,1,600
66744,1,600
66824,1,600
66850,1,600
66899,1,600
66915,1,600
66959,1,600
66977,1,600
67028,1,600
67041,1,600
67091,1,600
67138,1,600
67191,1,600
67262,1,600
67319,1,600
67522,1,600
67532,1,600
67560,1,600
67573,1,600
67590,1,600
67660,1,600
67710,1,600
67718,1,600
67760,1,600
67764,1,600
67848,1,600
67857,1,600
68001,1,600
68010,1,600
68019,1,600
68022,1,600
68034,1,600
68047,1,600
68050,1,600
68055,1,600
68056,1,600
68083,1,600
68090,1,600
68108,1,600
68115,1,600
68146,1,600
68150,1,600
68158,1,600
68262,1,600
68412,1,600
68422,1,600
68500,1,600
68543,1,600
68660,1,600
68692,1,600
68697,1,600
68729,1,600
68758,1,600
68838,1,600
68857,1,600
68869,1,600
68897,1,600
68898,1,600
68929,1,600
68939,1,600
69009,1,600
69022,1,600
69030,1,600
69033,1,600
69039,1,600
69061,1,600
69068,1,600
69071,1,600
69075,1,600
69076,1,600
69103,1,600
69108,1,600
69109,1,600
69167,1,600
69175,1,600
69208,1,600
69208,1,600
69243,1,600
69275,1,600
69326,1,600
69337,1,600
69347,1,600
69353,1,600
69360,1,600
69384,1,600
69390,1,600
69435,1,600
69475,1,600
69495,1,600
69501,1,600
69525,1,600
69584,1,600
69587,1,600
69605,1,600
69638,1,600
69644,1,600
69649,1,600
69659,1,600
69664,1,600
69666,1,600
69715,1,600
69772,1,600
69800,1,600
69806,1,600
69822,1,600
69854,1,600
69889,1,600
69892,1,600
69903,1,600
69908,1,600
69937,1,600
69942,1,600
69982,1,600
70001,1,600
70007,1,600
70008,1,600
70009,1,600
70033,1,600
70039,1,600
70048,1,600
70049,1,600
70062,1,600
70089,1,600
70104,1,600
70130,1,600
70130,1,600
70139,1,600
70147,1,600
70159,1,600
70163,1,600
70192,1,600
70223,1,600
70250,1,600
70272,1,600
70287,1,600
70287,1,600
70379,1,600
70382,1,600
70397,1,600
70432,1,600
70459,1,600
70459,1,600
70499,1,600
70545,1,600
70582,1,600
70585,1,600
70643,1,600
70648,1,600
70665,1,600
70730,1,600
70756,1,600
70764,1,600
70776,1,600
70800,1,600
70818,1,600
70831,1,600
70841,1,600
70853,1,600
70865,1,600
70874,1,600
70881,1,600
70897,1,600
70973,1,600
70977,1,600
71045,1,600
71095,1,600
71108,1,600
71151,1,600
71172,1,600
71175,1,600
71182,1,600
71215,1,600
71227,1,600
71238,1,600
71264,1,600
71286,1,600
71315,1,600
71378,1,600
71406,1,600
71424,1,600
71503,1,600
71513,1,600
71513,1,600
71564,1,600
71604,1,600
71634,1,600
71663,1,600
71677,1,600
71767,1,600
71784,1,600
71828,1,600
71909,1,600
71962,1,600
72012,1,600
72014,1,600
72049,1,600
72056,1,600
72063,1,600
72076,1,600
72101,1,600
72106,1,600
72119,1,600
72122,1,600
72123,1,600
72143,1,600
72144,1,600
72188,1,600
72193,1,600
72201,1,600
72209,1,600
72213,1,600
72230,1,600
72234,1,600
72239,1,600
72269,1,600
72280,1,600
72303,1,600
72343,1,600
72353,1,600
72382,1,600
72389,1,600
72402,1,600
72461,1,600
72519,1,600
72520,1,600
72527,1,600
72529,1,600
72556,1,600
72667,1,600
72674,1,600
72702,1,600
72703,1,600
72716,1,600
72722,1,600
72732,1,600
72737,1,600
72783,1,600
72785,1,600
72808,1,600
72818,1,600
72844,1,600
72876,1,600
72923,1,600
72926,1,600
72937,1,600
72968,1,600
73004,1,600
73012,1,600
73019,1,600
73023,1,600
73051,1,600
73099,1,600
73146,1,600
73171,1,600
73180,1,600
73200,1,600
73207,1,600
73207,1,600
73215,1,600
73237,1,600
73287,1,600
73294,1,600
73318,1,600
73399,1,600
73429,1,600
73435,1,600
73461,1,600
73464,1,600
73477,1,600
73486,1,600
73496,1,600
73509,1,600
73560,1,600
73572,1,600
73586,1,600
73594,1,600
73599,1,600
73650,1,600
73705,1,600
73720,1,600
73728,1,600
73730,1,600
73749,1,600
73759,1,600
73764,1,600
73793,1,600
73799,1,600
74021,1,600
74039,1,600
74047,1,600
74048,1,600
74053,1,600
74063,1,600
74084,1,600
74092,1,600
74106,1,600
74144,1,600
74276,1,600
74289,1,600
74340,1,600
74419,1,600
74482,1,600
74686,1,600
74712,1,600
74738,1,600
74752,1,600
74780,1,600
74809,1,600
74847,1,600
74861,1,600
74865,1,600
74948,1,600
74992,1,600
75012,1,600
75028,1,600
75043,1,600
75044,1,600
75045,1,600
75049,1,600
75059,1,600
75060,1,600
75065,1,600
75067,1,600
75074,1,600
75075,1,600
75089,1,600
75107,1,600
75115,1,600
75124,1,600
75142,1,600
75150,1,600
75161,1,600
75181,1,600
75227,1,600
75245,1,600
75304,1,600
75304,1,600
75309,1,600
75354,1,600
75357,1,600
75372,1,600
75374,1,600
75375,1,600
75375,1,600
75385,1,600
75443,1,600
75539,1,600
75552,1,600
75562,1,600
75567,1,600
75587,1,600
75610,1,600
75623,1,600
75658,1,600
75704,1,600
75710,1,600
75710,1,600
75737,1,600
75739,1,600
75797,1,600
75817,1,600
75817,1,600
75900,1,600
75941,1,600
75948,1,600
75993,1,600
76001,1,600
76013,1,600
76017,1,600
76018,1,600
76025,1,600
76037,1,600
76074,1,600
76111,1,600
76165,1,600
76191,1,600
76228,1,600
76234,1,600
76241,1,600
76254,1,600
76276,1,600
76309,1,600
76318,1,600
76355,1,600
76358,1,600
76369,1,600
76386,1,600
76391,1,600
76407,1,600
76435,1,600
76449,1,600
76450,1,600
76461,1,600
76573,1,600
76698,1,600
76698,1,600
76728,1,600
76759,1,600
76785,1,600
76838,1,600
76845,1,600
76864,1,600
76872,1,600
76976,1,600
76983,1,600
76994,1,600
77022,1,600
77032,1,600
77036,1,600
77068,1,600
77082,1,600
77098,1,600
77108,1,600
77115,1,600
77178,1,600
77218,1,600
77285,1,600
77289,1,600
77302,1,600
77362,1,600
77378,1,600
77387,1,600
77401,1,600
77407,1,600
77509,1,600
77532,1,600
77556,1,600
77561,1,600
77570,1,600
77587,1,600
77607,1,600
77625,1,600
77665,1,600
77741,1,600
77746,1,600
77775,1,600
77781,1,600
77782,1,600
77800,1,600
77831,1,600
77869,1,600
77878,1,600
77900,1,600
77944,1,600
77966,1,600
78041,1,600
78044,1,600
78055,1,600
78062,1,600
78117,1,600
78123,1,600
78135,1,600
78141,1,600
78239,1,600
78259,1,600
78270,1,600
78283,1,600
78330,1,600
78339,1,600
78353,1,600
78368,1,600
78385,1,600
78438,1,600
78440,1,600
78445,1,600
78452,1,600
78463,1,600
78569,1,600
78594,1,600
78608,1,600
78609,1,600
78609,1,600
78611,1,600
78621,1,600
78654,1,600
78654,1,600
78690,1,600
78721,1,600
78723,1,600
78792,1,600
78806,1,600
78807,1,600
78812,1,600
78886,1,600
78915,1,600
78923,1,600
78944,1,600
78966,1,600
79032,1,600
79043,1,600
79091,1,600
79148,1,600
79211,1,600
79218,1,600
79251,1,600
79266,1,600
79283,1,600
79293,1,600
79344,1,600
79359,1,600
79369,1,600
79418,1,600
79448,1,600
79500,1,600
79510,1,600
79516,1,600
79598,1,600
79644,1,600
79648,1,600
79655,1,600
79661,1,600
79664,1,600
79673,1,600
79678,1,600
79688,1,600
79699,1,600
79707,1,600
79720,1,600
79741,1,600
79758,1,600
79767,1,600
79796,1,600
79827,1,600
79894,1,600
79906,1,600
79944,1,600
79979,1,600
80001,1,600
80039,1,600
80105,1,600
80108,1,600
80118,1,600
80137,1,600
80145,1,600
80163,1,600
80178,1,600
80183,1,600
80212,1,600
80215,1,600
80266,1,600
80300,1,600
80309,1,600
80370,1,600
80400,1,600
80428,1,600
80442,1,600
80446,1,600
80471,1,600
80474,1,600
80483,1,600
80500,1,600
80505,1,600
80529,1,600
80541,1,600
80558,1,600
80606,1,600
80610,1,600
80640,1,600
80681,1,600
80700,1,600
80723,1,600
80727,1,600
80767,1,600
80806,1,600
80882,1,600
80906,1,600
81012,1,600
81026,1,600
81038,1,600
81049,1,600
81056,1,600
81107,1,600
81138,1,600
81141,1,600
81155,1,600
81167,1,600
81168,1,600
81187,1,600
81192,1,600
81241,1,600
81291,1,600
81371,1,600
81400,1,600
81400,1,600
81431,1,600
81447,1,600
81447,1,600
81469,1,600
81487,1,600
81504,1,600
81510,1,600
81584,1,600
81588,1,600
81589,1,600
81631,1,600
81648,1,600
81650,1,600
81726,1,600
81735,1,600
81743,1,600
81765,1,600
81769,1,600
81799,1,600
81805,1,600
81814,1,600
81820,1,600
81821,1,600
81836,1,600
81879,1,600
81903,1,600
81950,1,600
81955,1,600
81958,1,600
81959,1,600
81966,1,600
82001,1,600
82008,1,600
82013,1,600
82022,1,600
82037,1,600
82039,1,600
82048,1,600
82055,1,600
82058,1,600
82059,1,600
82084,1,600
82084,1,600
82085,1,600
82089,1,600
82094,1,600
82103,1,600
82120,1,600
82149,1,600
82173,1,600
82184,1,600
82284,1,600
82285,1,600
82367,1,600
82421,1,600
82445,1,600
82453,1,600
82457,1,600
82458,1,600
82461,1,600
82489,1,600
82528,1,600
82540,1,600
82559,1,600
82574,1,600
82582,1,600
82583,1,600
82586,1,600
82621,1,600
82663,1,600
82697,1,600
82712,1,600
82719,1,600
82734,1,600
82755,1,600
82780,1,600
82822,1,600
82830,1,600
82839,1,600
82845,1,600
82901,1,600
82905,1,600
82906,1,600
82907,1,600
83004,1,600
83036,1,600
83044,1,600
83077,1,600
83080,1,600
83109,1,600
83115,1,600
83118,1,600
83141,1,600
83150,1,600
83154,1,600
83156,1,600
83176,1,600
83259,1,600
83268,1,600
83288,1,600
83295,1,600
83295,1,600
83302,1,600
83338,1,600
83351,1,600
83358,1,600
83391,1,600
83471,1,600
83481,1,600
83488,1,600
83544,1,600
83623,1,600
83682,1,600
83683,1,600
83725,1,600
83760,1,600
83777,1,600
83784,1,600
83817,1,600
83820,1,600
83824,1,600
83849,1,600
83874,1,600
83909,1,600
83910,1,600
83949,1,600
83976,1,600
83976,1,600
83986,1,600
84006,1,600
84025,1,600
84044,1,600
84055,1,600
84068,1,600
84088,1,600
84155,1,600
84158,1,600
84221,1,600
84253,1,600
84292,1,600
84299,1,600
84305,1,600
84314,1,600
84325,1,600
84355,1,600
84368,1,600
84395,1,600
84423,1,600
84429,1,600
84433,1,600
84502,1,600
84510,1,600
84566,1,600
84577,1,600
84582,1,600
84593,1,600
84636,1,600
84670,1,600
84697,1,600
84742,1,600
84750,1,600
84770,1,600
84778,1,600
84835,1,600
84851,1,600
84852,1,600
84865,1,600
84871,1,600
84881,1,600
84899,1,600
84902,1,600
84948,1,600
84978,1,600
84996,1,600
85011,1,600
85018,1,600
85021,1,600
85028,1,600
85042,1,600
85067,1,600
85091,1,600
85111,1,600
85135,1,600
85153,1,600
85175,1,600
85183,1,600
85203,1,600
85211,1,600
85215,1,600
85233,1,600
85238,1,600
85354,1,600
85365,1,600
85371,1,600
85411,1,600
85433,1,600
85456,1,600
85456,1,600
85507,1,600
85537,1,600
85553,1,600
85570,1,600
85585,1,600
85614,1,600
85627,1,600
85663,1,600
85700,1,600
85721,1,600
85738,1,600
85767,1,600
85790,1,600
85793,1,600
85813,1,600
85863,1,600
85878,1,600
85887,1,600
85902,1,600
85915,1,600
85949,1,600
86026,1,600
86047,1,600
86129,1,600
86136,1,600
86149,1,600
86158,1,600
86190,1,600
86194,1,600
86280,1,600
86281,1,600
86288,1,600
86291,1,600
86327,1,600
86378,1,600
86390,1,600
86395,1,600
86421,1,600
86456,1,600
86473,1,600
86493,1,600
86494,1,600
86507,1,600
86561,1,600
86568,1,600
86578,1,600
86584,1,600
86597,1,600
86604,1,600
86614,1,600
86676,1,600
86711,1,600
86712,1,600
86728,1,600
86760,1,600
86808,1,600
86811,1,600
86826,1,600
86827,1,600
86862,1,600
86863,1,600
86875,1,600
86882,1,600
86896,1,600
86898,1,600
86905,1,600
86907,1,600
87006,1,600
87018,1,600
87038,1,600
87057,1,600
87099,1,600
87110,1,600
87131,1,600
87132,1,600
87145,1,600
87169,1,600
87186,1,600
87202,1,600
87265,1,600
87271,1,600
87282,1,600
87325,1,600
87351,1,600
87408,1,600
87413,1,600
87469,1,600
87479,1,600
87481,1,600
87524,1,600
87539,1,600
87548,1,600
87575,1,600
87587,1,600
87588,1,600
87653,1,600
87690,1,600
87735,1,600
87743,1,600
87804,1,600
87817,1,600
87827,1,600
87840,1,600
87844,1,600
87907,1,600
87921,1,600
87930,1,600
87949,1,600
87990,1,600
88007,1,600
88022,1,600
88029,1,600
88061,1,600
88086,1,600
88106,1,600
88109,1,600
88118,1,600
88146,1,600
88155,1,600
88157,1,600
88182,1,600
88186,1,600
88193,1,600
88195,1,600
88210,1,600
88217,1,600
88251,1,600
88294,1,600
88320,1,600
88330,1,600
88340,1,600
88391,1,600
88413,1,600
88438,1,600
88484,1,600
88504,1,600
88511,1,600
88724,1,600
88780,1,600
88800,1,600
88803,1,600
88841,1,600
88873,1,600
88876,1,600
88885,1,600
88903,1,600
88919,1,600
88928,1,600
88955,1,600
89003,1,600
89018,1,600
89027,1,600
89059,1,600
89078,1,600
89139,1,600
89163,1,600
89174,1,600
89175,1,600
89196,1,600
89199,1,600
89219,1,600
89254,1,600
89255,1,600
89279,1,600
89285,1,600
89322,1,600
89367,1,600
89369,1,600
89383,1,600
89398,1,600
89399,1,600
89411,1,600
89452,1,600
89491,1,600
89526,1,600
89532,1,600
89538,1,600
89561,1,600
89562,1,600
89577,1,600
89585,1,600
89623,1,600
89629,1,600
89643,1,600
89660,1,600
89695,1,600
89711,1,600
89760,1,600
89772,1,600
89772,1,600
89789,1,600
89803,1,600
89803,1,600
89817,1,600
89822,1,600
89840,1,600
89861,1,600
89866,1,600
89917,1,600
89918,1,600
89943,1,600
90009,1,600
90010,1,600
90017,1,600
90032,1,600
90045,1,600
90053,1,600
90093,1,600
90096,1,600
90110,1,600
90117,1,600
90191,1,600
90201,1,600
90220,1,600
90250,1,600
90316,1,600
90331,1,600
90347,1,600
90354,1,600
90398,1,600
90401,1,600
90416,1,600
90423,1,600
90431,1,600
90471,1,600
90505,1,600
90550,1,600
90563,1,600
90575,1,600
90612,1,600
90627,1,600
90659,1,600
90667,1,600
90692,1,600
90694,1,600
90710,1,600
90722,1,600
90750,1,600
90759,1,600
90766,1,600
90769,1,600
90774,1,600
91015,1,600
91039,1,600
91047,1,600
91047,1,600
91081,1,600
91097,1,600
91098,1,600
91106,1,600
91112,1,600
91131,1,600
91152,1,600
91175,1,600
91213,1,600
91240,1,600
91244,1,600
91274,1,600
91312,1,600
91325,1,600
91330,1,600
91332,1,600
91340,1,600
91442,1,600
91452,1,600
91458,1,600
91473,1,600
91524,1,600
91581,1,600
91583,1,600
91599,1,600
91602,1,600
91610,1,600
91639,1,600
91674,1,600
91711,1,600
91716,1,600
91772,1,600
91776,1,600
91794,1,600
91804,1,600
91821,1,600
91876,1,600
91989,1,600
91997,1,600
92019,1,600
92166,1,600
92198,1,600
92219,1,600
92224,1,600
92260,1,600
92269,1,600
92358,1,600
92359,1,600
92376,1,600
92380,1,600
92413,1,600
92429,1,600
92540,1,600
92553,1,600
92608,1,600
92609,1,600
92647,1,600
92695,1,600
92698,1,600
92725,1,600
92732,1,600
92741,1,600
92766,1,600
92799,1,600
92806,1,600
92825,1,600
92860,1,600
92884,1,600
92885,1,600
92901,1,600
92927,1,600
92936,1,600
92951,1,600
92959,1,600
92978,1,600
92990,1,600
93002,1,600
93006,1,600
93020,1,600
93039,1,600
93039,1,600
93040,1,600
93053,1,600
93053,1,600
93058,1,600
93069,1,600
93087,1,600
93109,1,600
93109,1,600
93183,1,600
93184,1,600
93191,1,600
93200,1,600
93203,1,600
93208,1,600
93246,1,600
93259,1,600
93271,1,600
93279,1,600
93321,1,600
93322,1,600
93322,1,600
93325,1,600
93336,1,600
93366,1,600
93380,1,600
93413,1,600
93415,1,600
93439,1,600
93461,1,600
93476,1,600
93482,1,600
93493,1,600
93504,1,600
93519,1,600
93532,1,600
93535,1,600
93542,1,600
93547,1,600
93551,1,600
93554,1,600
93558,1,600
93586,1,600
93593,1,600
93635,1,600
93641,1,600
93654,1,600
93729,1,600
93741,1,600
93755,1,600
93776,1,600
93779,1,600
93807,1,600
93817,1,600
93832,1,600
93849,1,600
93876,1,600
93901,1,600
93937,1,600
93939,1,600
93949,1,600
93959,1,600
93965,1,600
93971,1,600
93991,1,600
94016,1,600
94025,1,600
94033,1,600
94038,1,600
94043,1,600
94079,1,600
94089,1,600
94123,1,600
94143,1,600
94267,1,600
94272,1,600
94273,1,600
94274,1,600
94280,1,600
94295,1,600
94347,1,600
94360,1,600
94397,1,600
94398,1,600
94400,1,600
94401,1,600
94416,1,600
94430,1,600
94437,1,600
94443,1,600
94460,1,600
94461,1,600
94476,1,600
94489,1,600
94512,1,600
94562,1,600
94572,1,600
94580,1,600
94596,1,600
94597,1,600
94614,1,600
94619,1,600
94627,1,600
94650,1,600
94650,1,600
94657,1,600
94661,1,600
94685,1,600
94752,1,600
94761,1,600
94763,1,600
94802,1,600
94802,1,600
94806,1,600
94867,1,600
94891,1,600
94912,1,600
94932,1,600
95027,1,600
95036,1,600
95039,1,600
95054,1,600
95056,1,600
95057,1,600
95074,1,600
95090,1,600
95140,1,600
95185,1,600
95212,1,600
95214,1,600
95224,1,600
95226,1,600
95234,1,600
95238,1,600
95343,1,600
95347,1,600
95354,1,600
95396,1,600
95401,1,600
95417,1,600
95447,1,600
95510,1,600
95549,1,600
95579,1,600
95580,1,600
95580,1,600
95628,1,600
95631,1,600
95632,1,600
95641,1,600
95642,1,600
95686,1,600
95696,1,600
95775,1,600
95776,1,600
95781,1,600
95799,1,600
95812,1,600
95831,1,600
95840,1,600
95857,1,600
95876,1,600
95920,1,600
95971,1,600
95991,1,600
96001,1,600
96004,1,600
96005,1,600
96008,1,600
96095,1,600
96108,1,600
96216,1,600
96284,1,600
96322,1,600
96331,1,600
96343,1,600
96383,1,600
96423,1,600
96453,1,600
96465,1,600
96466,1,600
96509,1,600
96510,1,600
96540,1,600
96541,1,600
96595,1,600
96604,1,600
96606,1,600
96634,1,600
96638,1,600
96649,1,600
96669,1,600
96682,1,600
96715,1,600
96762,1,600
96832,1,600
96836,1,600
96842,1,600
96870,1,600
96895,1,600
96931,1,600
96931,1,600
96946,1,600
97012,1,600
97032,1,600
97040,1,600
97041,1,600
97061,1,600
97071,1,600
97105,1,600
97109,1,600
97121,1,600
97122,1,600
97145,1,600
97158,1,600
97164,1,600
97170,1,600
97184,1,600
97185,1,600
97191,1,600
97192,1,600
97206,1,600
97207,1,600
97233,1,600
97257,1,600
97295,1,600
97301,1,600
97309,1,600
97324,1,600
97338,1,600
97341,1,600
97350,1,600
97361,1,600
97427,1,600
97432,1,600
97472,1,600
97495,1,600
97499,1,600
97517,1,600
97538,1,600
97598,1,600
97604,1,600
97624,1,600
97625,1,600
97638,1,600
97641,1,600
97642,1,600
97733,1,600
97785,1,600
97815,1,600
97832,1,600
97860,1,600
97939,1,600
97996,1,600
98035,1,600
98035,1,600
98053,1,600
98084,1,600
98089,1,600
98090,1,600
98105,1,600
98122,1,600
98126,1,600
98150,1,600
98201,1,600
98204,1,600
98207,1,600
98264,1,600
98279,1,600
98292,1,600
98306,1,600
98329,1,600
98340,1,600
98360,1,600
98372,1,600
98373,1,600
98374,1,600
98430,1,600
98439,1,600
98441,1,600
98483,1,600
98519,1,600
98529,1,600
98546,1,600
98557,1,600
98562,1,600
98583,1,600
98609,1,600
98629,1,600
98669,1,600
98720,1,600
98721,1,600
98744,1,600
98758,1,600
98782,1,600
98797,1,600
98802,1,600
98806,1,600
98820,1,600
98837,1,600
98849,1,600
98867,1,600
98875,1,600
99035,1,600
99042,1,600
99073,1,600
99089,1,600
99090,1,600
99100,1,600
99105,1,600
99118,1,600
99132,1,600
99136,1,600
99147,1,600
99150,1,600
99175,1,600
99192,1,600
99219,1,600
99253,1,600
99285,1,600
99349,1,600
99351,1,600
99360,1,600
99382,1,600
99387,1,600
99398,1,600
99438,1,600
99439,1,600
99442,1,600
99446,1,600
99465,1,600
99467,1,600
99561,1,600
99602,1,600
99618,1,600
99640,1,600
99658,1,600
99685,1,600
99706,1,600
99741,1,600
99757,1,600
99765,1,600
99801,1,600
99815,1,600
99902,1,600
99906,1,600
99927,1,600
100008,1,600
100020,1,600
100032,1,600
100044,1,600
100056,1,600
100068,1,600
100070,1,600
100116,1,600
100131,1,600
100234,1,600
100255,1,600
100276,1,600
100299,1,600
100332,1,600
100345,1,600
100356,1,600
100382,1,600
100437,1,600
100447,1,600
100480,1,600
100499,1,600
100501,1,600
100502,1,600
100513,1,600
100519,1,600
100584,1,600
100611,1,600
100638,1,600
100649,1,600
100672,1,600
100753,1,600
100787,1,600
100801,1,600
100808,1,600
100852,1,600
100865,1,600
100872,1,600
100872,1,600
100876,1,600
100909,1,600
100911,1,600
100921,1,600
100924,1,600
100928,1,600
100958,1,600
101020,1,600
101030,1,600
101048,1,600
101060,1,600
101067,1,600
101091,1,600
101123,1,600
101134,1,600
101154,1,600
101158,1,600
101212,1,600
101263,1,600
101312,1,600
101407,1,600
101424,1,600
101473,1,600
101480,1,600
101484,1,600
101493,1,600
101539,1,600
101549,1,600
101558,1,600
101612,1,600
101629,1,600
101658,1,600
101691,1,600
101778,1,600
101828,1,600
101888,1,600
101894,1,600
101896,1,600
101929,1,600
101934,1,600
102002,1,600
102010,1,600
102034,1,600
102053,1,600
102055,1,600
102073,1,600
102077,1,600
102103,1,600
102104,1,600
102111,1,600
102114,1,600
102117,1,600
102117,1,600
102140,1,600
102151,1,600
102157,1,600
102171,1,600
102198,1,600
102201,1,600
102205,1,600
102221,1,600
102229,1,600
102294,1,600
102303,1,600
102326,1,600
102356,1,600
102380,1,600
102403,1,600
102451,1,600
102520,1,600
102544,1,600
102624,1,600
102678,1,600
102729,1,600
102732,1,600
102742,1,600
102768,1,600
102778,1,600
102782,1,600
102875,1,600
102897,1,600
102906,1,600
102908,1,600
102922,1,600
102958,1,600
102970,1,600
102995,1,600
103004,1,600
103017,1,600
103017,1,600
103024,1,600
103029,1,600
103059,1,600
103062,1,600
103108,1,600
103113,1,600
103115,1,600
103127,1,600
103162,1,600
103166,1,600
103195,1,600
103229,1,600
103231,1,600
103256,1,600
103268,1,600
103282,1,600
103324,1,600
103381,1,600
103390,1,600
103410,1,600
103415,1,600
103416,1,600
103484,1,600
103500,1,600
103502,1,600
103503,1,600
103514,1,600
103525,1,600
103533,1,600
103578,1,600
103602,1,600
103628,1,600
103659,1,600
103670,1,600
103721,1,600
103741,1,600
103757,1,600
103780,1,600
104029,1,600
104032,1,600
104050,1,600
104064,1,600
104112,1,600
104130,1,600
104176,1,600
104204,1,600
104304,1,600
104498,1,600
104526,1,600
104589,1,600
104617,1,600
104620,1,600
104640,1,600
104645,1,600
104668,1,600
104682,1,600
104750,1,600
104757,1,600
104764,1,600
104780,1,600
104821,1,600
104850,1,600
104857,1,600
104858,1,600
104967,1,600
104975,1,600
104994,1,600
104999,1,600
105001,1,600
105006,1,600
105007,1,600
105010,1,600
105027,1,600
105028,1,600
105047,1,600
105049,1,600
105050,1,600
105054,1,600
105058,1,600
105064,1,600
105082,1,600
105089,1,600
105121,1,600
105127,1,600
105128,1,600
105128,1,600
105142,1,600
105151,1,600
105155,1,600
105167,1,600
105185,1,600
105188,1,600
105197,1,600
105225,1,600
105249,1,600
105258,1,600
105262,1,600
105288,1,600
105301,1,600
105308,1,600
105353,1,600
105363,1,600
105367,1,600
105375,1,600
105391,1,600
105415,1,600
105425,1,600
105436,1,600
105449,1,600
105488,1,600
105499,1,600
105505,1,600
105523,1,600
105546,1,600
105555,1,600
105576,1,600
105600,1,600
105622,1,600
105631,1,600
105687,1,600
105689,1,600
105697,1,600
105715,1,600
105743,1,600
105745,1,600
105768,1,600
106051,1,600
106176,1,600
106178,1,600
106210,1,600
106230,1,600
106234,1,600
106272,1,600
106323,1,600
106324,1,600
106345,1,600
106345,1,600
106369,1,600
106380,1,600
106383,1,600
106429,1,600
106470,1,600
106471,1,600
106504,1,600
106571,1,600
106614,1,600
106620,1,600
106645,1,600
106679,1,600
106679,1,600
106702,1,600
106718,1,600
106734,1,600
106750,1,600
106762,1,600
106799,1,600
106803,1,600
106825,1,600
106861,1,600
106895,1,600
106929,1,600
107002,1,600
107010,1,600
107017,1,600
107138,1,600
107155,1,600
107178,1,600
107189,1,600
107208,1,600
107214,1,600
107216,1,600
107240,1,600
107257,1,600
107281,1,600
107355,1,600
107355,1,600
107396,1,600
107425,1,600
107444,1,600
107475,1,600
107476,1,600
107478,1,600
107490,1,600
107533,1,600
107543,1,600
107604,1,600
107609,1,600
107648,1,600
107688,1,600
107706,1,600
107715,1,600
107724,1,600
107745,1,600
107759,1,600
107766,1,600
107768,1,600
107780,1,600
107780,1,600
108035,1,600
108050,1,600
108061,1,600
108151,1,600
108180,1,600
108209,1,600
108220,1,600
108233,1,600
108241,1,600
108247,1,600
108259,1,600
108291,1,600
108327,1,600
108396,1,600
108463,1,600
108481,1,600
108526,1,600
108527,1,600
108633,1,600
108651,1,600
108661,1,600
108702,1,600
108707,1,600
108721,1,600
108726,1,600
108731,1,600
108765,1,600
108766,1,600
108802,1,600
108923,1,600
108946,1,600
109017,1,600
109019,1,600
109030,1,600
109041,1,600
109056,1,600
109105,1,600
109191,1,600
109207,1,600
109226,1,600
109233,1,600
109235,1,600
109240,1,600
109331,1,600
109344,1,600
109357,1,600
109375,1,600
109423,1,600
109473,1,600
109498,1,600
109501,1,600
109516,1,600
109562,1,600
109589,1,600
109591,1,600
109600,1,600
109618,1,600
109705,1,600
109713,1,600
109749,1,600
109752,1,600
109781,1,600
109783,1,600
109786,1,600
109814,1,600
109838,1,600
110044,1,600
110063,1,600
110153,1,600
110190,1,600
110218,1,600
110233,1,600
110238,1,600
110274,1,600
110278,1,600
110289,1,600
110434,1,600
110440,1,600
110444,1,600
110524,1,600
110543,1,600
110585,1,600
110622,1,600
110646,1,600
110686,1,600
110737,1,600
110739,1,600
110763,1,600
110804,1,600
110842,1,600
110992,1,600
110996,1,600
111017,1,600
111030,1,600
111033,1,600
111036,1,600
111041,1,600
111046,1,600
111051,1,600
111076,1,600
111088,1,600
111089,1,600
111092,1,600
111102,1,600
111102,1,600
111105,1,600
111121,1,600
111135,1,600
111191,1,600
111193,1,600
111304,1,600
111306,1,600
111359,1,600
111386,1,600
111443,1,600
111449,1,600
111463,1,600
111479,1,600
111500,1,600
111522,1,600
111528,1,600
111529,1,600
111532,1,600
111568,1,600
111568,1,600
111671,1,600
111791,1,600
111801,1,600
111844,1,600
111848,1,600
111862,1,600
111886,1,600
111887,1,600
111910,1,600
111913,1,600
111929,1,600
112054,1,600
112057,1,600
112107,1,600
112110,1,600
112120,1,600
112198,1,600
112206,1,600
112209,1,600
112211,1,600
112214,1,600
112247,1,600
112274,1,600
112323,1,600
112336,1,600
112454,1,600
112457,1,600
112483,1,600
112494,1,600
112534,1,600
112571,1,600
112579,1,600
112634,1,600
112667,1,600
112670,1,600
112684,1,600
112701,1,600
112706,1,600
112708,1,600
112743,1,600
112753,1,600
112768,1,600
112784,1,600
112810,1,600
112826,1,600
112840,1,600
112905,1,600
113056,1,600
113087,1,600
113213,1,600
113218,1,600
113338,1,600
113351,1,600
113365,1,600
113406,1,600
113473,1,600
113497,1,600
113627,1,600
113650,1,600
113652,1,600
113676,1,600
113677,1,600
113742,1,600
113743,1,600
113781,1,600
113810,1,600
113838,1,600
113863,1,600
113898,1,600
113920,1,600
113955,1,600
113990,1,600
114001,1,600
114034,1,600
114048,1,600
114061,1,600
114065,1,600
114073,1,600
114085,1,600
114097,1,600
114109,1,600
114120,1,600
114126,1,600
114129,1,600
114218,1,600
114226,1,600
114249,1,600
114255,1,600
114284,1,600
114299,1,600
114322,1,600
114361,1,600
114363,1,600
114364,1,600
114368,1,600
114389,1,600
114392,1,600
114394,1,600
114399,1,600
114469,1,600
114476,1,600
114558,1,600
114559,1,600
114578,1,600
114587,1,600
114664,1,600
114706,1,600
114723,1,600
114804,1,600
115033,1,600
115054,1,600
115059,1,600
115068,1,600
115070,1,600
115084,1,600
115126,1,600
115138,1,600
115141,1,600
115161,1,600
115170,1,600
115211,1,600
115254,1,600
115261,1,600
115280,1,600
115351,1,600
115438,1,600
115460,1,600
115473,1,600
115487,1,600
115497,1,600
115506,1,600
115531,1,600
115558,1,600
115577,1,600
115587,1,600
115596,1,600
115667,1,600
115675,1,600
115679,1,600
115755,1,600
116007,1,600
116007,1,600
116041,1,600
116070,1,600
116105,1,600
116127,1,600
116152,1,600
116167,1,600
116196,1,600
116212,1,600
116253,1,600
116292,1,600
116294,1,600
116299,1,600
116331,1,600
116380,1,600
116384,1,600
116409,1,600
116477,1,600
116513,1,600
116518,1,600
116532,1,600
116569,1,600
116569,1,600
116620,1,600
116662,1,600
116693,1,600
116698,1,600
116729,1,600
116745,1,600
116764,1,600
116770,1,600
117019,1,600
117095,1,600
117129,1,600
117137,1,600
117144,1,600
117155,1,600
117160,1,600
117239,1,600
117251,1,600
117255,1,600
117353,1,600
117362,1,600
117414,1,600
117462,1,600
117507,1,600
117510,1,600
117541,1,600
117601,1,600
117605,1,600
117620,1,600
117626,1,600
117640,1,600
117668,1,600
117693,1,600
117752,1,600
117772,1,600
117775,1,600
117799,1,600
117807,1,600
117890,1,600
117937,1,600
117955,1,600
117991,1,600
118014,1,600
118043,1,600
118057,1,600
118058,1,600
118099,1,600
118217,1,600
118233,1,600
118258,1,600
118330,1,600
118373,1,600
118413,1,600
118454,1,600
118461,1,600
118472,1,600
118571,1,600
118590,1,600
118666,1,600
118679,1,600
118815,1,600
118822,1,600
118882,1,600
118917,1,600
118925,1,600
118967,1,600
118989,1,600
119018,1,600
119045,1,600
119089,1,600
119106,1,600
119130,1,600
119238,1,600
119249,1,600
119267,1,600
119343,1,600
119374,1,600
119392,1,600
119481,1,600
119512,1,600
119574,1,600
119578,1,600
119658,1,600
119658,1,600
119779,1,600
119804,1,600
119830,1,600
119853,1,600
120006,1,600
120042,1,600
120046,1,600
120048,1,600
120080,1,600
120120,1,600
120178,1,600
120214,1,600
120236,1,600
120237,1,600
120346,1,600
120351,1,600
120406,1,600
120453,1,600
120477,1,600
120574,1,600
120612,1,600
120624,1,600
120675,1,600
120684,1,600
120692,1,600
120717,1,600
120746,1,600
120783,1,600
120800,1,600
120827,1,600
120855,1,600
121006,1,600
121031,1,600
121072,1,600
121133,1,600
121266,1,600
121387,1,600
121400,1,600
121426,1,600
121432,1,600
121453,1,600
121472,1,600
121499,1,600
121541,1,600
121596,1,600
121690,1,600
121800,1,600
121804,1,600
121818,1,600
121835,1,600
121899,1,600
121927,1,600
121982,1,600
122007,1,600
122019,1,600
122024,1,600
122098,1,600
122121,1,600
122123,1,600
122258,1,600
122266,1,600
122291,1,600
122348,1,600
122358,1,600
122395,1,600
122438,1,600
122441,1,600
122570,1,600
122593,1,600
122627,1,600
122660,1,600
122729,1,600
122755,1,600
122763,1,600
122769,1,600
122818,1,600
122888,1,600
122944,1,600
123007,1,600
123078,1,600
123127,1,600
123189,1,600
123199,1,600
123298,1,600
123314,1,600
123327,1,600
123368,1,600
123422,1,600
123436,1,600
123525,1,600
123615,1,600
123656,1,600
123717,1,600
123795,1,600
123831,1,600
123842,1,600
123844,1,600
123882,1,600
123993,1,600
123997,1,600
124033,1,600
124053,1,600
124067,1,600
124149,1,600
124176,1,600
124214,1,600
124244,1,600
124277,1,600
124295,1,600
124302,1,600
124307,1,600
124319,1,600
124330,1,600
124336,1,600
124366,1,600
124397,1,600
124408,1,600
124410,1,600
124419,1,600
124425,1,600
124449,1,600
124456,1,600
124475,1,600
124530,1,600
125049,1,600
125156,1,600
125293,1,600
125349,1,600
125358,1,600
125423,1,600
125494,1,600
125502,1,600
125514,1,600
125515,1,600
125531,1,600
125647,1,600
125667,1,600
125706,1,600
125718,1,600
125889,1,600
125950,1,600
125985,1,600
126016,1,600
126072,1,600
126088,1,600
126179,1,600
126312,1,600
126433,1,600
126446,1,600
126526,1,600
126567,1,600
126584,1,600
126592,1,600
126609,1,600
126676,1,600
126681,1,600
126699,1,600
126813,1,600
126851,1,600
126918,1,600
126939,1,600
126945,1,600
127005,1,600
127041,1,600
127083,1,600
127092,1,600
127103,1,600
127256,1,600
127319,1,600
127416,1,600
127444,1,600
127573,1,600
127655,1,600
127737,1,600
127803,1,600
127805,1,600
127888,1,600
127915,1,600
127928,1,600
127956,1,600
127960,1,600
127962,1,600
128067,1,600
128089,1,600
128113,1,600
128158,1,600
128206,1,600
128225,1,600
128250,1,600
128251,1,600
128265,1,600
128428,1,600
128451,1,600
128655,1,600
128681,1,600
128724,1,600
128808,1,600
128986,1,600
129016,1,600
129023,1,600
129035,1,600
129042,1,600
129057,1,600
129177,1,600
129178,1,600
129215,1,600
129247,1,600
129305,1,600
129314,1,600
129353,1,600
129395,1,600
129407,1,600
129430,1,600
129527,1,600
129573,1,600
129578,1,600
129643,1,600
129735,1,600
129795,1,600
129806,1,600
129868,1,600
129872,1,600
129887,1,600
129947,1,600
130016,1,600
130025,1,600
130056,1,600
130060,1,600
130095,1,600
130096,1,600
130163,1,600
130182,1,600
130199,1,600
130264,1,600
130408,1,600
130481,1,600
130498,1,600
130515,1,600
130661,1,600
130734,1,600
130734,1,600
130734,1,600
130738,1,600
130778,1,600
130866,1,600
130957,1,600
130978,1,600
131055,1,600
131192,1,600
131255,1,600
131381,1,600
131562,1,600
131605,1,600
131772,1,600
131777,1,600
131927,1,600
132042,1,600
132067,1,600
132069,1,600
132079,1,600
132084,1,600
132138,1,600
132192,1,600
132194,1,600
132217,1,600
132229,1,600
132261,1,600
132380,1,600
132399,1,600
132407,1,600
132413,1,600
132494,1,600
132562,1,600
132638,1,600
132652,1,600
132884,1,600
132885,1,600
132939,1,600
132987,1,600
133029,1,600
133174,1,600
133176,1,600
133194,1,600
133286,1,600
133326,1,600
133359,1,600
133455,1,600
133639,1,600
133707,1,600
133782,1,600
133991,1,600
134003,1,600
134068,1,600
134087,1,600
134103,1,600
134158,1,600
134420,1,600
134475,1,600
134557,1,600
134685,1,600
134764,1,600
134779,1,600
134783,1,600
134887,1,600
134900,1,600
134923,1,600
135019,1,600
135383,1,600
135428,1,600
135461,1,600
135501,1,600
135651,1,600
135726,1,600
135727,1,600
135839,1,600
136022,1,600
136079,1,600
136101,1,600
136152,1,600
136165,1,600
136192,1,600
136200,1,600
136224,1,600
136259,1,600
136265,1,600
136328,1,600
136358,1,600
136441,1,600
136497,1,600
136511,1,600
136560,1,600
136592,1,600
136610,1,600
136695,1,600
136715,1,600
137059,1,600
137186,1,600
137212,1,600
137483,1,600
137686,1,600
137717,1,600
137725,1,600
137764,1,600
137786,1,600
137816,1,600
138035,1,600
138120,1,600
138222,1,600
138237,1,600
138281,1,600
138301,1,600
138320,1,600
138325,1,600
138398,1,600
138570,1,600
138741,1,600
138856,1,600
138902,1,600
139002,1,600
139017,1,600
139062,1,600
139090,1,600
139111,1,600
139133,1,600
139255,1,600
139283,1,600
139424,1,600
139613,1,600
139660,1,600
139700,1,600
139897,1,600
139910,1,600
139986,1,600
140043,1,600
140128,1,600
140191,1,600
140196,1,600
140337,1,600
140467,1,600
140479,1,600
140483,1,600
140492,1,600
140495,1,600
140652,1,600
140722,1,600
141053,1,600
141071,1,600
141267,1,600
141290,1,600
141434,1,600
141451,1,600
141482,1,600
141491,1,600
141612,1,600
141712,1,600
141728,1,600
141806,1,600
141897,1,600
142010,1,600
142041,1,600
142080,1,600
142110,1,600
142143,1,600
142207,1,600
142226,1,600
142267,1,600
142324,1,600
142364,1,600
142377,1,600
142561,1,600
142764,1,600
142785,1,600
143317,1,600
143410,1,600
143433,1,600
143507,1,600
143639,1,600
143645,1,600
144029,1,600
144039,1,600
144104,1,600
144118,1,600
144149,1,600
144448,1,600
144532,1,600
144562,1,600
144638,1,600
144730,1,600
144744,1,600
144844,1,600
145033,1,600
145054,1,600
145063,1,600
145068,1,600
145101,1,600
145149,1,600
145153,1,600
145176,1,600
145248,1,600
145254,1,600
145339,1,600
145384,1,600
146031,1,600
146032,1,600
146363,1,600
146401,1,600
146429,1,600
146519,1,600
146548,1,600
146553,1,600
146627,1,600
146726,1,600
147013,1,600
147097,1,600
147104,1,600
147432,1,600
147635,1,600
147674,1,600
147675,1,600
147707,1,600
148004,1,600
148087,1,600
148133,1,600
148160,1,600
148193,1,600
148247,1,600
148265,1,600
148330,1,600
148351,1,600
148431,1,600
148479,1,600
148744,1,600
149355,1,600
149476,1,600
149584,1,600
149598,1,600
149729,1,600
149733,1,600
150011,1,600
150058,1,600
150205,1,600
150251,1,600
150267,1,600
150461,1,600
150490,1,600
150558,1,600
151153,1,600
151292,1,600
151378,1,600
151729,1,600
151926,1,600
152003,1,600
152083,1,600
152142,1,600
152197,1,600
152491,1,600
152635,1,600
152690,1,600
152759,1,600
153013,1,600
153066,1,600
153127,1,600
153147,1,600
153179,1,600
153262,1,600
153300,1,600
153454,1,600
153518,1,600
153526,1,600
153586,1,600
153646,1,600
153719,1,600
153801,1,600
154107,1,600
154128,1,600
154401,1,600
154441,1,600
154467,1,600
154471,1,600
154540,1,600
154589,1,600
154760,1,600
154888,1,600
155071,1,600
155336,1,600
155569,1,600
155635,1,600
155883,1,600
156017,1,600
156077,1,600
156159,1,600
156354,1,600
156811,1,600
157005,1,600
157045,1,600
157134,1,600
157211,1,600
157218,1,600
157220,1,600
157466,1,600
157631,1,600
157736,1,600
158036,1,600
158216,1,600
158364,1,600
158436,1,600
158455,1,600
158521,1,600
158981,1,600
159243,1,600
159336,1,600
159480,1,600
159605,1,600
159661,1,600
159779,1,600
160037,1,600
160042,1,600
160067,1,600
160301,1,600
160325,1,600
160340,1,600
160482,1,600
160798,1,600
160814,1,600
160912,1,600
160913,1,600
161030,1,600
161083,1,600
161676,1,600
162049,1,600
162062,1,600
162069,1,600
162076,1,600
162755,1,600
162817,1,600
163052,1,600
163133,1,600
163157,1,600
163648,1,600
164063,1,600
164825,1,600
165069,1,600
165228,1,600
165235,1,600
165280,1,600
165296,1,600
165301,1,600
165348,1,600
165354,1,600
165355,1,600
165365,1,600
165396,1,600
165423,1,600
165567,1,600
165604,1,600
165634,1,600
165671,1,600
165687,1,600
165694,1,600
165776,1,600
166018,1,600
166057,1,600
166233,1,600
166306,1,600
166615,1,600
166745,1,600
167093,1,600
167132,1,600
167762,1,600
167898,1,600
167947,1,600
168137,1,600
168143,1,600
168343,1,600
168361,1,600
168372,1,600
168467,1,600
168598,1,600
168692,1,600
168747,1,600
168770,1,600
168821,1,600
168991,1,600
169245,1,600
169426,1,600
169952,1,600
170025,1,600
170073,1,600
170091,1,600
170095,1,600
170211,1,600
170231,1,600
170538,1,600
170924,1,600
171192,1,600
171354,1,600
171371,1,600
171410,1,600
171413,1,600
171539,1,600
171606,1,600
172056,1,600
172177,1,600
172240,1,600
172461,1,600
172506,1,600
172533,1,600
172534,1,600
172572,1,600
173013,1,600
173065,1,600
174584,1,600
174599,1,600
174625,1,600
175051,1,600
175382,1,600
175460,1,600
175530,1,600
175587,1,600
175642,1,600
176008,1,600
176052,1,600
176387,1,600
176614,1,600
177039,1,600
177094,1,600
177154,1,600
177327,1,600
177353,1,600
177406,1,600
177417,1,600
177456,1,600
177478,1,600
177538,1,600
177802,1,600
177832,1,600
177884,1,600
177887,1,600
177891,1,600
177929,1,600
177974,1,600
178029,1,600
178050,1,600
178080,1,600
178157,1,600
178188,1,600
178200,1,600
178530,1,600
178537,1,600
178802,1,600
178981,1,600
179004,1,600
179048,1,600
179149,1,600
179348,1,600
179646,1,600
179653,1,600
179880,1,600
180034,1,600
180046,1,600
180080,1,600
180240,1,600
180686,1,600
180733,1,600
180749,1,600
181067,1,600
181088,1,600
181097,1,600
181536,1,600
181632,1,600
182244,1,600
182621,1,600
183072,1,600
183104,1,600
183113,1,600
183153,1,600
183159,1,600
183173,1,600
183405,1,600
183432,1,600
183452,1,600
183581,1,600
183640,1,600
184287,1,600
184340,1,600
184383,1,600
184491,1,600
184585,1,600
184707,1,600
184786,1,600
184887,1,600
184928,1,600
184929,1,600
185251,1,600
185740,1,600
185793,1,600
185829,1,600
185914,1,600
185925,1,600
186329,1,600
186374,1,600
186449,1,600
186457,1,600
186750,1,600
187139,1,600
187160,1,600
187292,1,600
187332,1,600
187768,1,600
188014,1,600
188171,1,600
188236,1,600
188315,1,600
188326,1,600
188372,1,600
189079,1,600
189088,1,600
189216,1,600
189238,1,600
189256,1,600
189297,1,600
189346,1,600
189359,1,600
189511,1,600
189526,1,600
189579,1,600
189591,1,600
189686,1,600
189693,1,600
189823,1,600
189838,1,600
189882,1,600
190285,1,600
190287,1,600
190350,1,600
190517,1,600
190754,1,600
190789,1,600
190965,1,600
191238,1,600
191275,1,600
191604,1,600
191648,1,600
191894,1,600
191972,1,600
192009,1,600
192037,1,600
192076,1,600
192174,1,600
192478,1,600
192563,1,600
192643,1,600
192733,1,600
192752,1,600
192792,1,600
193258,1,600
193298,1,600
193451,1,600
193736,1,600
193776,1,600
193945,1,600
194300,1,600
194592,1,600
194649,1,600
194661,1,600
194680,1,600
194927,1,600
195023,1,600
195070,1,600
195080,1,600
195132,1,600
195132,1,600
195301,1,600
195444,1,600
195537,1,600
195802,1,600
196057,1,600
196089,1,600
196501,1,600
196503,1,600
196558,1,600
196584,1,600
196586,1,600
196653,1,600
197107,1,600
197164,1,600
197473,1,600
198393,1,600
198396,1,600
198564,1,600
198575,1,600
198683,1,600
199091,1,600
199150,1,600
199299,1,600
199420,1,600
199515,1,600
199534,1,600
199578,1,600
199789,1,600
199863,1,600
199907,1,600
200153,1,600
200302,1,600
200491,1,600
201120,1,600
201164,1,600
201166,1,600
201179,1,600
201213,1,600
201285,1,600
201290,1,600
201322,1,600
201347,1,600
201388,1,600
201501,1,600
201653,1,600
201720,1,600
201733,1,600
201804,1,600
201881,1,600
201892,1,600
201960,1,600
201965,1,600
201982,1,600
201995,1,600
202084,1,600
202104,1,600
202125,1,600
202436,1,600
202536,1,600
202622,1,600
202757,1,600
202768,1,600
202854,1,600
202925,1,600
202938,1,600
203038,1,600
203205,1,600
203235,1,600
203507,1,600
203590,1,600
203817,1,600
203824,1,600
203832,1,600
203961,1,600
204245,1,600
204654,1,600
204677,1,600
204686,1,600
204701,1,600
204862,1,600
204962,1,600
204971,1,600
205042,1,600
205068,1,600
205159,1,600
205313,1,600
205389,1,600
205605,1,600
205792,1,600
205946,1,600
206122,1,600
206196,1,600
206223,1,600
206314,1,600
206344,1,600
206415,1,600
206495,1,600
206522,1,600
206734,1,600
206871,1,600
207214,1,600
207252,1,600
207380,1,600
207391,1,600
207404,1,600
207502,1,600
207741,1,600
207945,1,600
207993,1,600
208016,1,600
208024,1,600
208040,1,600
208109,1,600
208133,1,600
208248,1,600
208356,1,600
208413,1,600
208493,1,600
208560,1,600
208616,1,600
209660,1,600
209869,1,600
210067,1,600
210106,1,600
210142,1,600
210249,1,600
210289,1,600
210340,1,600
210353,1,600
210431,1,600
211032,1,600
211177,1,600
211222,1,600
211273,1,600
211326,1,600
211688,1,600
212122,1,600
212201,1,600
212286,1,600
212294,1,600
212342,1,600
212964,1,600
213039,1,600
213051,1,600
213076,1,600
213218,1,600
213232,1,600
213243,1,600
213268,1,600
213319,1,600
213334,1,600
213420,1,600
213441,1,600
213619,1,600
213634,1,600
213727,1,600
213857,1,600
213900,1,600
213912,1,600
214012,1,600
214077,1,600
214111,1,600
214125,1,600
214190,1,600
214193,1,600
214235,1,600
214255,1,600
214275,1,600
214330,1,600
214335,1,600
214422,1,600
214511,1,600
214612,1,600
214768,1,600
214786,1,600
214991,1,600
215014,1,600
215040,1,600
215055,1,600
215142,1,600
215170,1,600
215185,1,600
215191,1,600
215192,1,600
215378,1,600
215435,1,600
215504,1,600
215527,1,600
216163,1,600
216439,1,600
216448,1,600
216653,1,600
216676,1,600
216713,1,600
216750,1,600
216777,1,600
216832,1,600
217063,1,600
217124,1,600
217149,1,600
217240,1,600
217259,1,600
217347,1,600
217946,1,600
217949,1,600
217951,1,600
218001,1,600
218044,1,600
218080,1,600
218128,1,600
218144,1,600
218249,1,600
218294,1,600
218584,1,600
218721,1,600
218828,1,600
219041,1,600
219050,1,600
219077,1,600
219157,1,600
219320,1,600
219394,1,600
219416,1,600
219639,1,600
219700,1,600
219715,1,600
220012,1,600
220025,1,600
220105,1,600
220106,1,600
220299,1,600
220401,1,600
220428,1,600
220436,1,600
220545,1,600
220568,1,600
220595,1,600
220819,1,600
221041,1,600
221042,1,600
221262,1,600
221278,1,600
221745,1,600
221793,1,600
221875,1,600
221900,1,600
221987,1,600
222044,1,600
222190,1,600
222212,1,600
222260,1,600
222275,1,600
222392,1,600
222487,1,600
222501,1,600
222614,1,600
223050,1,600
223051,1,600
223052,1,600
223277,1,600
223444,1,600
223586,1,600
223630,1,600
223713,1,600
223845,1,600
224013,1,600
224020,1,600
224449,1,600
224500,1,600
224719,1,600
224769,1,600
224771,1,600
224924,1,600
224971,1,600
225005,1,600
225020,1,600
225131,1,600
225182,1,600
225185,1,600
225192,1,600
225212,1,600
225216,1,600
225219,1,600
225232,1,600
225263,1,600
225275,1,600
225293,1,600
225294,1,600
225324,1,600
225335,1,600
225343,1,600
225475,1,600
225490,1,600
225644,1,600
225658,1,600
225756,1,600
225759,1,600
225837,1,600
225849,1,600
226040,1,600
226150,1,600
226155,1,600
226173,1,600
226175,1,600
226197,1,600
226199,1,600
226222,1,600
226244,1,600
226248,1,600
226280,1,600
226301,1,600
226409,1,600
226413,1,600
226460,1,600
226491,1,600
226560,1,600
226633,1,600
226657,1,600
226742,1,600
227011,1,600
227068,1,600
227165,1,600
227194,1,600
227257,1,600
227348,1,600
227378,1,600
227406,1,600
227444,1,600
227552,1,600
227558,1,600
227640,1,600
227651,1,600
227657,1,600
227726,1,600
227782,1,600
227894,1,600
227945,1,600
227999,1,600
228002,1,600
228071,1,600
228130,1,600
228164,1,600
228185,1,600
228199,1,600
228218,1,600
228413,1,600
228424,1,600
228656,1,600
228680,1,600
228774,1,600
228806,1,600
228836,1,600
228841,1,600
228869,1,600
228944,1,600
228956,1,600
229001,1,600
229003,1,600
229070,1,600
229073,1,600
229136,1,600
229219,1,600
229284,1,600
229302,1,600
229334,1,600
229371,1,600
229527,1,600
229597,1,600
229630,1,600
229805,1,600
229887,1,600
229916,1,600
229920,1,600
229921,1,600
230134,1,600
230241,1,600
230348,1,600
230402,1,600
230431,1,600
230458,1,600
230477,1,600
230537,1,600
230660,1,600
230706,1,600
231010,1,600
231024,1,600
231098,1,600
231135,1,600
231160,1,600
231219,1,600
231221,1,600
231251,1,600
231279,1,600
231290,1,600
231305,1,600
231310,1,600
231319,1,600
231367,1,600
231370,1,600
231495,1,600
231548,1,600
231633,1,600
231636,1,600
231690,1,600
231829,1,600
231835,1,600
231935,1,600
232042,1,600
232072,1,600
232095,1,600
232136,1,600
232151,1,600
232155,1,600
232164,1,600
232187,1,600
232237,1,600
232274,1,600
232327,1,600
232407,1,600
232425,1,600
232508,1,600
232543,1,600
232550,1,600
232656,1,600
232659,1,600
233218,1,600
233308,1,600
233388,1,600
233463,1,600
233504,1,600
233538,1,600
233582,1,600
233608,1,600
233691,1,600
233921,1,600
233970,1,600
233975,1,600
234022,1,600
234033,1,600
234066,1,600
234295,1,600
234321,1,600
234531,1,600
234605,1,600
234694,1,600
234742,1,600
234834,1,600
234911,1,600
234995,1,600
235039,1,600
235051,1,600
235263,1,600
235353,1,600
235369,1,600
235483,1,600
235488,1,600
235491,1,600
235508,1,600
235577,1,600
235614,1,600
235870,1,600
235970,1,600
236001,1,600
236015,1,600
236040,1,600
236061,1,600
236096,1,600
236121,1,600
236152,1,600
236162,1,600
236210,1,600
236219,1,600
236233,1,600
236234,1,600
236281,1,600
236324,1,600
236357,1,600
236361,1,600
236416,1,600
236518,1,600
236621,1,600
236649,1,600
236660,1,600
236796,1,600
236898,1,600
237038,1,600
237077,1,600
237084,1,600
237107,1,600
237123,1,600
237156,1,600
237177,1,600
237191,1,600
237338,1,600
237404,1,600
237505,1,600
237587,1,600
237602,1,600
237659,1,600
237691,1,600
237707,1,600
237732,1,600
237747,1,600
237770,1,600
237948,1,600
237960,1,600
238000,1,600
238008,1,600
238066,1,600
238087,1,600
238104,1,600
238105,1,600
238115,1,600
238125,1,600
238138,1,600
238151,1,600
238170,1,600
238183,1,600
238189,1,600
238221,1,600
238225,1,600
238260,1,600
238265,1,600
238284,1,600
238297,1,600
238324,1,600
238350,1,600
238367,1,600
238367,1,600
238431,1,600
238433,1,600
238434,1,600
238442,1,600
238456,1,600
238460,1,600
238528,1,600
238549,1,600
239027,1,600
239049,1,600
239147,1,600
239157,1,600
239357,1,600
239384,1,600
239397,1,600
239404,1,600
239433,1,600
239440,1,600
239513,1,600
239522,1,600
239574,1,600
239581,1,600
239645,1,600
239847,1,600
239853,1,600
239984,1,600
239986,1,600
240014,1,600
240025,1,600
240035,1,600
240081,1,600
240089,1,600
240123,1,600
240154,1,600
240214,1,600
240234,1,600
240251,1,600
240322,1,600
240356,1,600
240389,1,600
240435,1,600
240558,1,600
240623,1,600
240669,1,600
240698,1,600
240755,1,600
240838,1,600
240898,1,600
241015,1,600
241022,1,600
241067,1,600
241093,1,600
241105,1,600
241121,1,600
241192,1,600
241194,1,600
241231,1,600
241262,1,600
241445,1,600
241574,1,600
241590,1,600
241647,1,600
241651,1,600
241858,1,600
241909,1,600
242019,1,600
242021,1,600
242043,1,600
242104,1,600
242124,1,600
242186,1,600
242200,1,600
242275,1,600
242307,1,600
242468,1,600
242493,1,600
242506,1,600
242541,1,600
242589,1,600
242590,1,600
242591,1,600
242625,1,600
242630,1,600
242691,1,600
242697,1,600
243006,1,600
243061,1,600
243074,1,600
243164,1,600
243179,1,600
243191,1,600
243204,1,600
243288,1,600
243333,1,600
243394,1,600
243485,1,600
243502,1,600
243544,1,600
243565,1,600
243632,1,600
243762,1,600
243829,1,600
243955,1,600
243970,1,600
244055,1,600
244060,1,600
244068,1,600
244097,1,600
244114,1,600
244152,1,600
244152,1,600
244167,1,600
244174,1,600
244249,1,600
244375,1,600
244378,1,600
244621,1,600
244697,1,600
244755,1,600
244756,1,600
244758,1,600
244784,1,600
244803,1,600
244839,1,600
244935,1,600
245006,1,600
245019,1,600
245031,1,600
245032,1,600
245101,1,600
245153,1,600
245171,1,600
245461,1,600
245468,1,600
245533,1,600
245588,1,600
245627,1,600
245706,1,600
245728,1,600
245806,1,600
245832,1,600
245892,1,600
246012,1,600
246029,1,600
246094,1,600
246123,1,600
246165,1,600
246181,1,600
246348,1,600
246439,1,600
246453,1,600
246476,1,600
246512,1,600
246557,1,600
246593,1,600
246787,1,600
246861,1,600
246883,1,600
246932,1,600
247231,1,600
247249,1,600
247542,1,600
247720,1,600
247823,1,600
247835,1,600
247850,1,600
248010,1,600
248042,1,600
248047,1,600
248149,1,600
248195,1,600
248206,1,600
248239,1,600
248265,1,600
248321,1,600
248334,1,600
248414,1,600
248478,1,600
248632,1,600
248735,1,600
248905,1,600
249039,1,600
249062,1,600
249118,1,600
249127,1,600
249131,1,600
249132,1,600
249147,1,600
249148,1,600
249158,1,600
249197,1,600
249215,1,600
249237,1,600
249267,1,600
249278,1,600
249279,1,600
249284,1,600
249286,1,600
249287,1,600
249296,1,600
249323,1,600
249334,1,600
249359,1,600
249364,1,600
249365,1,600
249394,1,600
249437,1,600
249510,1,600
249615,1,600
249653,1,600
249658,1,600
249666,1,600
250035,1,600
250074,1,600
250096,1,600
250175,1,600
250284,1,600
250332,1,600
250343,1,600
250434,1,600
250488,1,600
250532,1,600
250578,1,600
250591,1,600
250701,1,600
250747,1,600
250795,1,600
250839,1,600
251040,1,600
251137,1,600
251146,1,600
251213,1,600
251228,1,600
251349,1,600
251360,1,600
251383,1,600
251394,1,600
251463,1,600
251465,1,600
251476,1,600
251476,1,600
251604,1,600
252039,1,600
252078,1,600
252150,1,600
252157,1,600
252323,1,600
252406,1,600
252435,1,600
252506,1,600
252514,1,600
252675,1,600
252694,1,600
252714,1,600
252778,1,600
252795,1,600
252801,1,600
252804,1,600
252819,1,600
253251,1,600
253365,1,600
253432,1,600
253453,1,600
253467,1,600
253746,1,600
253749,1,600
253807,1,600
253833,1,600
253875,1,600
253918,1,600
254010,1,600
254018,1,600
254035,1,600
254129,1,600
254132,1,600
254176,1,600
254185,1,600
254186,1,600
254197,1,600
254267,1,600
254306,1,600
254309,1,600
254561,1,600
254583,1,600
254758,1,600
254764,1,600
254926,1,600
254976,1,600
255012,1,600
255204,1,600
255232,1,600
255278,1,600
255352,1,600
255377,1,600
255410,1,600
255410,1,600
255472,1,600
255511,1,600
255520,1,600
255626,1,600
255695,1,600
255733,1,600
255763,1,600
256107,1,600
256125,1,600
256168,1,600
256198,1,600
256239,1,600
256361,1,600
256430,1,600
256553,1,600
256557,1,600
256587,1,600
256601,1,600
256878,1,600
256901,1,600
256953,1,600
257044,1,600
257099,1,600
257124,1,600
257153,1,600
257155,1,600
257229,1,600
257244,1,600
257280,1,600
257351,1,600
257369,1,600
257401,1,600
257478,1,600
257583,1,600
257623,1,600
257624,1,600
257741,1,600
257804,1,600
257980,1,600
258181,1,600
258350,1,600
258364,1,600
258382,1,600
258422,1,600
258526,1,600
258567,1,600
258569,1,600
258783,1,600
258789,1,600
258813,1,600
258834,1,600
258841,1,600
258878,1,600
259109,1,600
259116,1,600
259138,1,600
259160,1,600
259170,1,600
259279,1,600
259353,1,600
259427,1,600
259479,1,600
259586,1,600
259778,1,600
259810,1,600
259963,1,600
260016,1,600
260044,1,600
260140,1,600
260339,1,600
260421,1,600
260442,1,600
260472,1,600
260514,1,600
260534,1,600
260681,1,600
260702,1,600
260724,1,600
260894,1,600
260896,1,600
261030,1,600
261030,1,600
261040,1,600
261052,1,600
261286,1,600
261287,1,600
261411,1,600
261413,1,600
261425,1,600
261474,1,600
261522,1,600
261582,1,600
261584,1,600
261700,1,600
261744,1,600
261887,1,600
262003,1,600
262015,1,600
262052,1,600
262078,1,600
262100,1,600
262104,1,600
262110,1,600
262174,1,600
262207,1,600
262420,1,600
262421,1,600
262560,1,600
262576,1,600
263148,1,600
263203,1,600
263364,1,600
263763,1,600
263859,1,600
263871,1,600
263904,1,600
263974,1,600
263981,1,600
263988,1,600
264025,1,600
264032,1,600
264154,1,600
264181,1,600
264433,1,600
264680,1,600
264700,1,600
264779,1,600
264871,1,600
264909,1,600
264965,1,600
265112,1,600
265135,1,600
265159,1,600
265546,1,600
265781,1,600
265865,1,600
266053,1,600
266121,1,600
266200,1,600
266284,1,600
266339,1,600
266407,1,600
266511,1,600
266532,1,600
266584,1,600
266751,1,600
267001,1,600
267010,1,600
267013,1,600
267341,1,600
267358,1,600
267395,1,600
267575,1,600
267624,1,600
267701,1,600
267800,1,600
267906,1,600
268132,1,600
268188,1,600
268228,1,600
268339,1,600
268970,1,600
268974,1,600
269055,1,600
269314,1,600
269320,1,600
269422,1,600
269708,1,600
269951,1,600
270042,1,600
270277,1,600
270358,1,600
270407,1,600
270570,1,600
270780,1,600
270816,1,600
270990,1,600
271050,1,600
271061,1,600
271229,1,600
271576,1,600
271787,1,600
271808,1,600
272063,1,600
272204,1,600
272223,1,600
272291,1,600
272561,1,600
273133,1,600
273245,1,600
273309,1,600
273506,1,600
273556,1,600
274040,1,600
274583,1,600
274618,1,600
274700,1,600
274715,1,600
274734,1,600
275550,1,600
275836,1,600
275992,1,600
276096,1,600
276145,1,600
276152,1,600
276299,1,600
276368,1,600
276559,1,600
276654,1,600
277430,1,600
277532,1,600
277973,1,600
278242,1,600
279046,1,600
279133,1,600
279788,1,600
280069,1,600
280114,1,600
280691,1,600
281675,1,600
281803,1,600
282049,1,600
282092,1,600
282151,1,600
282686,1,600
283006,1,600
283038,1,600
283106,1,600
283133,1,600
283155,1,600
283199,1,600
283244,1,600
283312,1,600
283367,1,600
283372,1,600
283473,1,600
283685,1,600
283724,1,600
283727,1,600
283819,1,600
283894,1,600
284031,1,600
284094,1,600
284121,1,600
284167,1,600
284245,1,600
284514,1,600
284746,1,600
284907,1,600
285035,1,600
285185,1,600
285254,1,600
285293,1,600
285388,1,600
285431,1,600
286000,1,600
286127,1,600
286260,1,600
286462,1,600
286520,1,600
286523,1,600
287260,1,600
287450,1,600
287538,1,600
287542,1,600
287549,1,600
288012,1,600
288054,1,600
288478,1,600
288516,1,600
289216,1,600
289227,1,600
289474,1,600
289702,1,600
290344,1,600
290454,1,600
290614,1,600
290666,1,600
