6,1,250
49,1,250
720,1,250
832,1,250
884,1,250
1052,1,250
1054,1,250
1120,1,250
1217,1,250
1369,1,250
1546,1,250
1625,1,250
1727,1,250
1786,1,250
1867,1,250
1917,1,250
2188,1,250
2198,1,250
3344,1,250
3370,1,250
3858,1,250
4227,1,250
4236,1,250
4511,1,250
4821,1,250
5050,1,250
5075,1,250
5730,1,250
6228,1,250
6561,1,250
6807,1,250
6842,1,250
6954,1,250
6974,1,250
7304,1,250
7553,1,250
7857,1,250
8025,1,250
8412,1,250
8753,1,250
9012,1,250
9055,1,250
9184,1,250
9253,1,250
9427,1,250
9431,1,250
9558,1,250
10208,1,250
10264,1,250
10454,1,250
10592,1,250
10724,1,250
10788,1,250
11060,1,250
11580,1,250
11617,1,250
12172,1,250
12281,1,250
12610,1,250
12752,1,250
13046,1,250
13165,1,250
13531,1,250
13646,1,250
14125,1,250
14462,1,250
14648,1,250
14881,1,250
15100,1,250
15358,1,250
15393,1,250
15813,1,250
15884,1,250
15931,1,250
16538,1,250
17084,1,250
17452,1,250
17599,1,250
17905,1,250
18092,1,250
18125,1,250
18378,1,250
18389,1,250
18412,1,250
18724,1,250
18968,1,250
18986,1,250
18991,1,250
19012,1,250
19018,1,250
19077,1,250
19097,1,250
19106,1,250
19106,1,250
19413,1,250
19455,1,250
19486,1,250
19505,1,250
19580,1,250
19608,1,250
19807,1,250
19881,1,250
20276,1,250
21024,1,250
21414,1,250
21652,1,250
21738,1,250
21910,1,250
21965,1,250
22048,1,250
22139,1,250
22999,1,250
23293,1,250
23294,1,250
23381,1,250
24147,1,250
24654,1,250
24823,1,250
24942,1,250
25030,1,250
25095,1,250
25119,1,250
25142,1,250
25197,1,250
25367,1,250
25446,1,250
26628,1,250
26724,1,250
26801,1,250
27121,1,250
27342,1,250
27355,1,250
27407,1,250
27594,1,250
27832,1,250
28048,1,250
28051,1,250
28056,1,250
28064,1,250
28280,1,250
28509,1,250
28720,1,250
29046,1,250
29181,1,250
29217,1,250
29286,1,250
29341,1,250
29779,1,250
29979,1,250
30189,1,250
30408,1,250
31032,1,250
31272,1,250
31416,1,250
31524,1,250
31952,1,250
32255,1,250
32620,1,250
32841,1,250
33175,1,250
33298,1,250
33361,1,250
33405,1,250
33757,1,250
33894,1,250
34471,1,250
35129,1,250
37784,1,250
39014,1,250
39608,1,250
39715,1,250
40073,1,250
40716,1,250
41131,1,250
41490,1,250
41571,1,250
41737,1,250
42015,1,250
42016,1,250
42031,1,250
42084,1,250
42196,1,250
42215,1,250
42293,1,250
42355,1,250
42362,1,250
42384,1,250
42443,1,250
42523,1,250
42525,1,250
42639,1,250
42742,1,250
42946,1,250
42973,1,250
43160,1,250
43274,1,250
43277,1,250
43281,1,250
43305,1,250
43316,1,250
43416,1,250
43480,1,250
43519,1,250
43720,1,250
43751,1,250
43777,1,250
43942,1,250
44096,1,250
44098,1,250
44239,1,250
44256,1,250
44338,1,250
44347,1,250
44425,1,250
44795,1,250
44874,1,250
45146,1,250
45152,1,250
45491,1,250
45703,1,250
45774,1,250
45839,1,250
45847,1,250
46179,1,250
46323,1,250
46424,1,250
47010,1,250
47368,1,250
47529,1,250
47620,1,250
47662,1,250
47751,1,250
47890,1,250
47922,1,250
48231,1,250
48263,1,250
48322,1,250
48408,1,250
48441,1,250
48465,1,250
48629,1,250
48652,1,250
48664,1,250
49068,1,250
49463,1,250
49578,1,250
50243,1,250
50257,1,250
50326,1,250
50390,1,250
50725,1,250
51033,1,250
51468,1,250
51629,1,250
52004,1,250
52080,1,250
52093,1,250
52232,1,250
52259,1,250
52509,1,250
52546,1,250
52607,1,250
52704,1,250
52781,1,250
53197,1,250
53529,1,250
53572,1,250
53730,1,250
53749,1,250
53764,1,250
53923,1,250
54235,1,250
54719,1,250
54744,1,250
54939,1,250
55152,1,250
55293,1,250
55396,1,250
55400,1,250
55463,1,250
55501,1,250
55667,1,250
55718,1,250
55969,1,250
56250,1,250
56281,1,250
56435,1,250
56486,1,250
56625,1,250
56687,1,250
56690,1,250
57040,1,250
57080,1,250
57430,1,250
57486,1,250
57651,1,250
57672,1,250
57682,1,250
57728,1,250
57770,1,250
57808,1,250
57832,1,250
57836,1,250
58022,1,250
58191,1,250
58436,1,250
58598,1,250
58624,1,250
58674,1,250
58705,1,250
58917,1,250
59182,1,250
59539,1,250
59574,1,250
59876,1,250
60255,1,250
60539,1,250
60601,1,250
60640,1,250
61222,1,250
61305,1,250
61756,1,250
62055,1,250
62124,1,250
62218,1,250
62273,1,250
62291,1,250
62442,1,250
62508,1,250
62627,1,250
62893,1,250
62943,1,250
63160,1,250
63190,1,250
63256,1,250
63312,1,250
63507,1,250
63552,1,250
63583,1,250
63596,1,250
63602,1,250
63602,1,250
64127,1,250
64735,1,250
65062,1,250
65163,1,250
65404,1,250
65709,1,250
66082,1,250
66083,1,250
66118,1,250
66145,1,250
66145,1,250
66153,1,250
66372,1,250
66457,1,250
66483,1,250
66554,1,250
66650,1,250
66706,1,250
66714,1,250
66811,1,250
66895,1,250
66902,1,250
66956,1,250
66977,1,250
67077,1,250
67124,1,250
67257,1,250
67355,1,250
67411,1,250
67450,1,250
67505,1,250
67573,1,250
67582,1,250
67616,1,250
67642,1,250
67659,1,250
67725,1,250
67812,1,250
67821,1,250
67832,1,250
67848,1,250
67871,1,250
67880,1,250
67890,1,250
68175,1,250
68274,1,250
68287,1,250
68355,1,250
68441,1,250
68504,1,250
68651,1,250
69065,1,250
69225,1,250
69303,1,250
69352,1,250
69361,1,250
69447,1,250
69592,1,250
69687,1,250
69710,1,250
69722,1,250
69745,1,250
69838,1,250
69903,1,250
69939,1,250
70003,1,250
70046,1,250
70113,1,250
70139,1,250
70228,1,250
70245,1,250
70283,1,250
70286,1,250
70309,1,250
70383,1,250
70454,1,250
70546,1,250
70837,1,250
71018,1,250
71200,1,250
71478,1,250
71512,1,250
71515,1,250
71548,1,250
71590,1,250
71666,1,250
71754,1,250
72195,1,250
72382,1,250
72486,1,250
72572,1,250
72847,1,250
72879,1,250
73008,1,250
73029,1,250
73114,1,250
73195,1,250
73265,1,250
73345,1,250
73352,1,250
73426,1,250
73530,1,250
73710,1,250
73752,1,250
73910,1,250
74002,1,250
74297,1,250
74517,1,250
74712,1,250
74893,1,250
74907,1,250
75291,1,250
75793,1,250
76327,1,250
76427,1,250
76500,1,250
76675,1,250
76735,1,250
76745,1,250
76790,1,250
77481,1,250
77484,1,250
77656,1,250
77707,1,250
77757,1,250
77936,1,250
78132,1,250
78217,1,250
78287,1,250
78521,1,250
78525,1,250
78642,1,250
78761,1,250
78914,1,250
78958,1,250
79028,1,250
79084,1,250
79085,1,250
79259,1,250
79451,1,250
79656,1,250
80004,1,250
80060,1,250
80202,1,250
80435,1,250
80954,1,250
81089,1,250
81172,1,250
81237,1,250
81339,1,250
81342,1,250
81363,1,250
81416,1,250
81424,1,250
81541,1,250
81565,1,250
81572,1,250
81701,1,250
81730,1,250
81874,1,250
81946,1,250
82101,1,250
82307,1,250
82372,1,250
82577,1,250
82849,1,250
82986,1,250
83315,1,250
83386,1,250
83504,1,250
83540,1,250
83590,1,250
83668,1,250
83744,1,250
83812,1,250
84358,1,250
84388,1,250
84889,1,250
84890,1,250
84940,1,250
85160,1,250
85366,1,250
85469,1,250
85554,1,250
85569,1,250
85727,1,250
85772,1,250
86050,1,250
86090,1,250
86103,1,250
86233,1,250
86444,1,250
86844,1,250
86879,1,250
86903,1,250
86913,1,250
87049,1,250
87056,1,250
87061,1,250
87100,1,250
87225,1,250
87231,1,250
87330,1,250
87404,1,250
87418,1,250
88027,1,250
88192,1,250
88300,1,250
88346,1,250
88506,1,250
88526,1,250
88536,1,250
88661,1,250
88972,1,250
88982,1,250
89412,1,250
89893,1,250
89991,1,250
90015,1,250
90115,1,250
90121,1,250
90140,1,250
90342,1,250
90498,1,250
90504,1,250
90547,1,250
90563,1,250
90569,1,250
90596,1,250
90625,1,250
90633,1,250
90638,1,250
90680,1,250
90824,1,250
90827,1,250
90921,1,250
91000,1,250
91053,1,250
91112,1,250
91263,1,250
91301,1,250
91368,1,250
91406,1,250
91442,1,250
91482,1,250
91485,1,250
91526,1,250
91526,1,250
91534,1,250
91617,1,250
91721,1,250
91728,1,250
91755,1,250
91793,1,250
91867,1,250
91920,1,250
91933,1,250
91951,1,250
92014,1,250
92018,1,250
92032,1,250
92057,1,250
92204,1,250
92215,1,250
92289,1,250
92319,1,250
92342,1,250
92368,1,250
92446,1,250
92507,1,250
92541,1,250
92636,1,250
92764,1,250
92784,1,250
92820,1,250
92876,1,250
93017,1,250
93030,1,250
93136,1,250
93322,1,250
93356,1,250
93375,1,250
93405,1,250
93413,1,250
93417,1,250
93511,1,250
93593,1,250
93626,1,250
93641,1,250
93743,1,250
93746,1,250
93795,1,250
94009,1,250
94016,1,250
94065,1,250
94076,1,250
94178,1,250
94278,1,250
94325,1,250
94354,1,250
94388,1,250
94452,1,250
94515,1,250
94595,1,250
94673,1,250
94692,1,250
94716,1,250
94741,1,250
94749,1,250
94817,1,250
94839,1,250
94886,1,250
94886,1,250
94897,1,250
94926,1,250
94960,1,250
95004,1,250
95034,1,250
95042,1,250
95071,1,250
95091,1,250
95130,1,250
95148,1,250
95220,1,250
95242,1,250
95266,1,250
95320,1,250
95374,1,250
95529,1,250
95592,1,250
95648,1,250
95668,1,250
95898,1,250
95930,1,250
95970,1,250
96071,1,250
96151,1,250
96164,1,250
96698,1,250
96768,1,250
96788,1,250
96794,1,250
97046,1,250
97058,1,250
97087,1,250
97100,1,250
97130,1,250
97135,1,250
97393,1,250
97453,1,250
97485,1,250
97489,1,250
97514,1,250
97607,1,250
97716,1,250
97807,1,250
97822,1,250
97988,1,250
98171,1,250
98232,1,250
98335,1,250
98454,1,250
98464,1,250
98606,1,250
98786,1,250
98906,1,250
98953,1,250
98971,1,250
98990,1,250
99165,1,250
99431,1,250
99467,1,250
99505,1,250
99806,1,250
99967,1,250
99991,1,250
100037,1,250
100133,1,250
100191,1,250
100211,1,250
100266,1,250
100292,1,250
100315,1,250
100316,1,250
100494,1,250
100570,1,250
100700,1,250
100720,1,250
100827,1,250
100830,1,250
100844,1,250
100872,1,250
101068,1,250
101069,1,250
101141,1,250
101157,1,250
101207,1,250
101237,1,250
101249,1,250
101340,1,250
101368,1,250
101433,1,250
101556,1,250
101557,1,250
101564,1,250
101664,1,250
101726,1,250
101768,1,250
101785,1,250
101839,1,250
101926,1,250
101966,1,250
102058,1,250
102075,1,250
102111,1,250
102323,1,250
102384,1,250
102444,1,250
102446,1,250
102762,1,250
102806,1,250
102822,1,250
103004,1,250
103137,1,250
103186,1,250
103300,1,250
103312,1,250
103440,1,250
103471,1,250
103483,1,250
103649,1,250
103838,1,250
103972,1,250
104181,1,250
104248,1,250
104248,1,250
104257,1,250
104289,1,250
104338,1,250
104415,1,250
104417,1,250
104447,1,250
104493,1,250
104502,1,250
104516,1,250
104574,1,250
104643,1,250
104690,1,250
104810,1,250
104826,1,250
104881,1,250
105007,1,250
105018,1,250
105036,1,250
105094,1,250
105189,1,250
105250,1,250
105345,1,250
105387,1,250
105483,1,250
105498,1,250
105560,1,250
105561,1,250
105588,1,250
105613,1,250
105620,1,250
105626,1,250
105719,1,250
105844,1,250
105962,1,250
106009,1,250
106066,1,250
106162,1,250
106193,1,250
106208,1,250
106298,1,250
106341,1,250
106357,1,250
106373,1,250
106389,1,250
106452,1,250
106673,1,250
106684,1,250
106710,1,250
106758,1,250
106818,1,250
107028,1,250
107035,1,250
107197,1,250
107211,1,250
107225,1,250
107238,1,250
107296,1,250
107323,1,250
107370,1,250
107395,1,250
107474,1,250
107537,1,250
107545,1,250
107625,1,250
107652,1,250
107794,1,250
107877,1,250
107934,1,250
108077,1,250
108114,1,250
108276,1,250
108309,1,250
108355,1,250
108392,1,250
108536,1,250
108591,1,250
108635,1,250
108661,1,250
108781,1,250
109034,1,250
109036,1,250
109100,1,250
109174,1,250
109227,1,250
109307,1,250
109363,1,250
109449,1,250
109481,1,250
109588,1,250
109718,1,250
109746,1,250
109917,1,250
109964,1,250
109989,1,250
110005,1,250
110029,1,250
110063,1,250
110066,1,250
110091,1,250
110300,1,250
110411,1,250
110503,1,250
110673,1,250
110690,1,250
111198,1,250
111339,1,250
111412,1,250
111419,1,250
111429,1,250
111453,1,250
111555,1,250
111574,1,250
111579,1,250
111597,1,250
111674,1,250
111717,1,250
111723,1,250
111725,1,250
111875,1,250
111886,1,250
111895,1,250
111979,1,250
112172,1,250
112378,1,250
112396,1,250
112506,1,250
112567,1,250
112569,1,250
112581,1,250
112709,1,250
112771,1,250
112802,1,250
112869,1,250
112974,1,250
113000,1,250
113008,1,250
113098,1,250
113179,1,250
113252,1,250
113537,1,250
113561,1,250
113685,1,250
113724,1,250
113831,1,250
113836,1,250
113862,1,250
113984,1,250
114046,1,250
114103,1,250
114113,1,250
114134,1,250
114179,1,250
114189,1,250
114200,1,250
114211,1,250
114226,1,250
114228,1,250
114244,1,250
114278,1,250
114317,1,250
114323,1,250
114349,1,250
114349,1,250
114355,1,250
114442,1,250
114447,1,250
114473,1,250
114492,1,250
114522,1,250
114545,1,250
114575,1,250
114579,1,250
114582,1,250
114587,1,250
114598,1,250
114606,1,250
114622,1,250
114637,1,250
114668,1,250
114670,1,250
114678,1,250
114687,1,250
114695,1,250
114699,1,250
114716,1,250
114717,1,250
114723,1,250
114751,1,250
114814,1,250
114948,1,250
115016,1,250
115076,1,250
115101,1,250
115152,1,250
115219,1,250
115220,1,250
115229,1,250
115281,1,250
115342,1,250
115414,1,250
115429,1,250
115432,1,250
115434,1,250
115452,1,250
115475,1,250
115528,1,250
115542,1,250
115579,1,250
115628,1,250
115630,1,250
115699,1,250
115717,1,250
115776,1,250
115815,1,250
115823,1,250
115881,1,250
115934,1,250
115939,1,250
115960,1,250
115967,1,250
116027,1,250
116036,1,250
116039,1,250
116131,1,250
116132,1,250
116179,1,250
116192,1,250
116199,1,250
116257,1,250
116327,1,250
116356,1,250
116393,1,250
116482,1,250
116639,1,250
116657,1,250
116722,1,250
116773,1,250
116787,1,250
116808,1,250
116814,1,250
116861,1,250
116867,1,250
117013,1,250
117047,1,250
117082,1,250
117237,1,250
117260,1,250
117261,1,250
117278,1,250
117313,1,250
117319,1,250
117393,1,250
117418,1,250
117431,1,250
117433,1,250
117474,1,250
117526,1,250
117589,1,250
117698,1,250
117897,1,250
117897,1,250
118034,1,250
118090,1,250
118109,1,250
118139,1,250
118148,1,250
118253,1,250
118274,1,250
118305,1,250
118374,1,250
118415,1,250
118575,1,250
118578,1,250
118735,1,250
118741,1,250
118757,1,250
118801,1,250
118813,1,250
118834,1,250
118850,1,250
118871,1,250
118877,1,250
118881,1,250
118881,1,250
118917,1,250
118923,1,250
118943,1,250
119002,1,250
119010,1,250
119046,1,250
119079,1,250
119128,1,250
119131,1,250
119190,1,250
119248,1,250
119277,1,250
119311,1,250
119318,1,250
119339,1,250
119355,1,250
119439,1,250
119511,1,250
119571,1,250
119591,1,250
119603,1,250
119607,1,250
119675,1,250
119746,1,250
119848,1,250
119876,1,250
119958,1,250
119964,1,250
120075,1,250
120084,1,250
120110,1,250
120135,1,250
120140,1,250
120155,1,250
120172,1,250
120226,1,250
120246,1,250
120592,1,250
120622,1,250
120649,1,250
120702,1,250
120777,1,250
120871,1,250
120905,1,250
120940,1,250
121083,1,250
121102,1,250
121119,1,250
121160,1,250
121162,1,250
121188,1,250
121196,1,250
121254,1,250
121292,1,250
121353,1,250
121425,1,250
121437,1,250
121465,1,250
121477,1,250
121549,1,250
121624,1,250
121704,1,250
121831,1,250
121853,1,250
121867,1,250
122060,1,250
122164,1,250
122169,1,250
122174,1,250
122200,1,250
122297,1,250
122338,1,250
122390,1,250
122398,1,250
122400,1,250
122439,1,250
122440,1,250
122473,1,250
122528,1,250
122541,1,250
122737,1,250
122749,1,250
122751,1,250
122752,1,250
122785,1,250
122844,1,250
122925,1,250
122985,1,250
123003,1,250
123072,1,250
123111,1,250
123196,1,250
123210,1,250
123222,1,250
123314,1,250
123342,1,250
123506,1,250
123620,1,250
123761,1,250
123800,1,250
123823,1,250
123876,1,250
123876,1,250
123876,1,250
123884,1,250
123927,1,250
124026,1,250
124061,1,250
124070,1,250
124109,1,250
124127,1,250
124185,1,250
124200,1,250
124268,1,250
124269,1,250
124335,1,250
124385,1,250
124397,1,250
124420,1,250
124438,1,250
124461,1,250
124507,1,250
124549,1,250
124569,1,250
124587,1,250
124651,1,250
124708,1,250
124734,1,250
124781,1,250
124869,1,250
124882,1,250
124943,1,250
125009,1,250
125035,1,250
125077,1,250
125103,1,250
125180,1,250
125230,1,250
125352,1,250
125379,1,250
125396,1,250
125402,1,250
125488,1,250
125492,1,250
125540,1,250
125650,1,250
125766,1,250
125842,1,250
125931,1,250
126047,1,250
126051,1,250
126159,1,250
126211,1,250
126219,1,250
126379,1,250
126407,1,250
126415,1,250
126416,1,250
126543,1,250
126545,1,250
126552,1,250
126554,1,250
126660,1,250
126743,1,250
126789,1,250
126988,1,250
127013,1,250
127016,1,250
127076,1,250
127183,1,250
127216,1,250
127242,1,250
127320,1,250
127352,1,250
127379,1,250
127390,1,250
127439,1,250
127623,1,250
127787,1,250
127797,1,250
127801,1,250
127829,1,250
127947,1,250
128026,1,250
128036,1,250
128038,1,250
128067,1,250
128097,1,250
128150,1,250
128213,1,250
128213,1,250
128261,1,250
128265,1,250
128284,1,250
128451,1,250
128605,1,250
128669,1,250
128692,1,250
128709,1,250
128767,1,250
128777,1,250
128788,1,250
128799,1,250
128860,1,250
128952,1,250
129056,1,250
129095,1,250
129130,1,250
129171,1,250
129186,1,250
129221,1,250
129232,1,250
129275,1,250
129305,1,250
129389,1,250
129433,1,250
129472,1,250
129476,1,250
129488,1,250
129696,1,250
129704,1,250
129714,1,250
129760,1,250
129878,1,250
129969,1,250
130028,1,250
130206,1,250
130242,1,250
130261,1,250
130268,1,250
130305,1,250
130320,1,250
130346,1,250
130375,1,250
130409,1,250
130460,1,250
130473,1,250
130483,1,250
130547,1,250
130664,1,250
130792,1,250
130856,1,250
130878,1,250
130885,1,250
130963,1,250
131020,1,250
131030,1,250
131080,1,250
131289,1,250
131303,1,250
131363,1,250
131420,1,250
131456,1,250
131508,1,250
131516,1,250
131644,1,250
131724,1,250
131825,1,250
131907,1,250
131945,1,250
132007,1,250
132076,1,250
132093,1,250
132119,1,250
132131,1,250
132214,1,250
132221,1,250
132253,1,250
132297,1,250
132369,1,250
132415,1,250
132420,1,250
132458,1,250
132477,1,250
132582,1,250
132596,1,250
132648,1,250
132796,1,250
132807,1,250
132852,1,250
132872,1,250
132880,1,250
132890,1,250
132893,1,250
132964,1,250
133012,1,250
133020,1,250
133032,1,250
133061,1,250
133068,1,250
133069,1,250
133115,1,250
133362,1,250
133377,1,250
133388,1,250
133411,1,250
133413,1,250
133454,1,250
133456,1,250
133457,1,250
133501,1,250
133606,1,250
133621,1,250
133634,1,250
133692,1,250
133734,1,250
133769,1,250
134008,1,250
134080,1,250
134136,1,250
134182,1,250
134236,1,250
134253,1,250
134294,1,250
134324,1,250
134356,1,250
134391,1,250
134559,1,250
134621,1,250
134693,1,250
134701,1,250
134712,1,250
134810,1,250
134815,1,250
134879,1,250
134986,1,250
135012,1,250
135017,1,250
135021,1,250
135169,1,250
135176,1,250
135307,1,250
135308,1,250
135384,1,250
135457,1,250
135540,1,250
135580,1,250
135663,1,250
135689,1,250
135776,1,250
135800,1,250
135979,1,250
136033,1,250
136049,1,250
136130,1,250
136183,1,250
136244,1,250
136361,1,250
136440,1,250
136509,1,250
136565,1,250
136586,1,250
136628,1,250
136631,1,250
136645,1,250
136679,1,250
136688,1,250
136777,1,250
136826,1,250
136848,1,250
137000,1,250
137108,1,250
137153,1,250
137156,1,250
137188,1,250
137308,1,250
137360,1,250
137365,1,250
137418,1,250
137525,1,250
137543,1,250
137609,1,250
137627,1,250
137655,1,250
137667,1,250
137782,1,250
137807,1,250
137826,1,250
137842,1,250
137856,1,250
137908,1,250
137914,1,250
138018,1,250
138024,1,250
138119,1,250
138181,1,250
138205,1,250
138213,1,250
138213,1,250
138312,1,250
138365,1,250
138375,1,250
138376,1,250
138381,1,250
138392,1,250
138466,1,250
138495,1,250
138505,1,250
138526,1,250
138539,1,250
138564,1,250
138579,1,250
138582,1,250
138585,1,250
138588,1,250
138592,1,250
138604,1,250
138692,1,250
138715,1,250
138738,1,250
138753,1,250
138762,1,250
138810,1,250
138832,1,250
138834,1,250
138837,1,250
138851,1,250
138884,1,250
138899,1,250
138911,1,250
138924,1,250
138967,1,250
139007,1,250
139015,1,250
139023,1,250
139060,1,250
139074,1,250
139153,1,250
139161,1,250
139197,1,250
139225,1,250
139254,1,250
139275,1,250
139325,1,250
139331,1,250
139380,1,250
139441,1,250
139499,1,250
139507,1,250
139525,1,250
139545,1,250
139556,1,250
139573,1,250
139617,1,250
139621,1,250
139712,1,250
139726,1,250
139744,1,250
139754,1,250
139776,1,250
139779,1,250
139793,1,250
139834,1,250
139911,1,250
139941,1,250
139965,1,250
139965,1,250
140062,1,250
140066,1,250
140077,1,250
140081,1,250
140089,1,250
140120,1,250
140131,1,250
140179,1,250
140218,1,250
140281,1,250
140285,1,250
140310,1,250
140357,1,250
140437,1,250
140449,1,250
140457,1,250
140471,1,250
140478,1,250
140496,1,250
140499,1,250
140504,1,250
140509,1,250
140559,1,250
140571,1,250
140607,1,250
140722,1,250
140722,1,250
140745,1,250
140753,1,250
140755,1,250
140785,1,250
140802,1,250
140848,1,250
140852,1,250
140871,1,250
140896,1,250
140947,1,250
140998,1,250
140999,1,250
141005,1,250
141008,1,250
141081,1,250
141130,1,250
141164,1,250
141195,1,250
141237,1,250
141241,1,250
141244,1,250
141266,1,250
141290,1,250
141296,1,250
141324,1,250
141355,1,250
141384,1,250
141395,1,250
141398,1,250
141413,1,250
141433,1,250
141446,1,250
141461,1,250
141470,1,250
141480,1,250
141652,1,250
141674,1,250
141873,1,250
141951,1,250
142001,1,250
142016,1,250
142036,1,250
142085,1,250
142104,1,250
142109,1,250
142150,1,250
142155,1,250
142194,1,250
142200,1,250
142233,1,250
142245,1,250
142285,1,250
142336,1,250
142373,1,250
142422,1,250
142470,1,250
142474,1,250
142489,1,250
142534,1,250
142569,1,250
142579,1,250
142609,1,250
142647,1,250
142705,1,250
142710,1,250
142721,1,250
142733,1,250
142755,1,250
142772,1,250
142806,1,250
142807,1,250
142837,1,250
142861,1,250
142869,1,250
142870,1,250
142897,1,250
142912,1,250
142932,1,250
142964,1,250
143021,1,250
143035,1,250
143044,1,250
143077,1,250
143112,1,250
143116,1,250
143139,1,250
143186,1,250
143218,1,250
143224,1,250
143256,1,250
143271,1,250
143294,1,250
143304,1,250
143364,1,250
143368,1,250
143413,1,250
143447,1,250
143462,1,250
143467,1,250
143496,1,250
143510,1,250
143585,1,250
143657,1,250
143659,1,250
143753,1,250
143822,1,250
143872,1,250
143941,1,250
144018,1,250
144039,1,250
144055,1,250
144064,1,250
144078,1,250
144100,1,250
144264,1,250
144386,1,250
144425,1,250
144447,1,250
144459,1,250
144506,1,250
144555,1,250
144557,1,250
144649,1,250
144659,1,250
144770,1,250
144837,1,250
144837,1,250
144843,1,250
144845,1,250
144877,1,250
144914,1,250
144921,1,250
144926,1,250
144929,1,250
144949,1,250
144954,1,250
145045,1,250
145052,1,250
145052,1,250
145077,1,250
145096,1,250
145130,1,250
145133,1,250
145133,1,250
145188,1,250
145230,1,250
145230,1,250
145235,1,250
145260,1,250
145317,1,250
145318,1,250
145326,1,250
145341,1,250
145347,1,250
145350,1,250
145358,1,250
145415,1,250
145534,1,250
145572,1,250
145618,1,250
145623,1,250
145723,1,250
145727,1,250
145795,1,250
145837,1,250
145889,1,250
145911,1,250
145914,1,250
145956,1,250
145958,1,250
145959,1,250
145966,1,250
146063,1,250
146077,1,250
146106,1,250
146145,1,250
146183,1,250
146216,1,250
146265,1,250
146310,1,250
146356,1,250
146415,1,250
146419,1,250
146427,1,250
146518,1,250
146587,1,250
146596,1,250
146619,1,250
146624,1,250
146711,1,250
146715,1,250
146781,1,250
146781,1,250
146790,1,250
146791,1,250
146828,1,250
146862,1,250
146875,1,250
146963,1,250
146995,1,250
147018,1,250
147026,1,250
147030,1,250
147049,1,250
147065,1,250
147100,1,250
147123,1,250
147156,1,250
147255,1,250
147328,1,250
147333,1,250
147338,1,250
147371,1,250
147382,1,250
147445,1,250
147450,1,250
147469,1,250
147478,1,250
147552,1,250
147559,1,250
147562,1,250
147608,1,250
147645,1,250
147767,1,250
147784,1,250
147824,1,250
147833,1,250
147926,1,250
147934,1,250
147940,1,250
147945,1,250
148027,1,250
148233,1,250
148258,1,250
148284,1,250
148287,1,250
148315,1,250
148350,1,250
148372,1,250
148375,1,250
148379,1,250
148501,1,250
148541,1,250
148542,1,250
148574,1,250
148606,1,250
148629,1,250
148706,1,250
148767,1,250
148801,1,250
148847,1,250
148860,1,250
148885,1,250
149009,1,250
149013,1,250
149015,1,250
149029,1,250
149046,1,250
149094,1,250
149115,1,250
149123,1,250
149131,1,250
149186,1,250
149252,1,250
149326,1,250
149385,1,250
149422,1,250
149424,1,250
149431,1,250
149509,1,250
149519,1,250
149595,1,250
149602,1,250
149639,1,250
149699,1,250
149714,1,250
149717,1,250
149794,1,250
149800,1,250
149816,1,250
149841,1,250
149895,1,250
149963,1,250
149988,1,250
149991,1,250
149991,1,250
150142,1,250
150171,1,250
150261,1,250
150312,1,250
150320,1,250
150386,1,250
150443,1,250
150444,1,250
150498,1,250
150507,1,250
150507,1,250
150565,1,250
150619,1,250
150674,1,250
150696,1,250
150716,1,250
150723,1,250
150802,1,250
150806,1,250
150889,1,250
150904,1,250
150949,1,250
151011,1,250
151056,1,250
151103,1,250
151144,1,250
151175,1,250
151210,1,250
151247,1,250
151306,1,250
151306,1,250
151312,1,250
151435,1,250
151458,1,250
151478,1,250
151500,1,250
151506,1,250
151515,1,250
151539,1,250
151637,1,250
151641,1,250
151815,1,250
151837,1,250
151863,1,250
151958,1,250
152007,1,250
152023,1,250
152034,1,250
152043,1,250
152056,1,250
152069,1,250
152082,1,250
152085,1,250
152115,1,250
152118,1,250
152119,1,250
152124,1,250
152131,1,250
152138,1,250
152157,1,250
152185,1,250
152250,1,250
152261,1,250
152270,1,250
152398,1,250
152515,1,250
152516,1,250
152662,1,250
152665,1,250
152670,1,250
152698,1,250
152718,1,250
152740,1,250
152766,1,250
152805,1,250
152808,1,250
152852,1,250
152872,1,250
152890,1,250
153016,1,250
153146,1,250
153190,1,250
153233,1,250
153318,1,250
153324,1,250
153349,1,250
153384,1,250
153479,1,250
153506,1,250
153512,1,250
153524,1,250
153574,1,250
153710,1,250
153724,1,250
153748,1,250
153800,1,250
153804,1,250
153828,1,250
153830,1,250
153837,1,250
153872,1,250
153950,1,250
153964,1,250
154013,1,250
154040,1,250
154040,1,250
154046,1,250
154104,1,250
154120,1,250
154152,1,250
154201,1,250
154286,1,250
154341,1,250
154374,1,250
154423,1,250
154440,1,250
154453,1,250
154505,1,250
154538,1,250
154586,1,250
154588,1,250
154598,1,250
154598,1,250
154637,1,250
154651,1,250
154727,1,250
154742,1,250
154853,1,250
154862,1,250
154926,1,250
154968,1,250
155002,1,250
155024,1,250
155029,1,250
155079,1,250
155109,1,250
155122,1,250
155156,1,250
155161,1,250
155175,1,250
155224,1,250
155247,1,250
155252,1,250
155266,1,250
155278,1,250
155356,1,250
155359,1,250
155362,1,250
155415,1,250
155432,1,250
155448,1,250
155458,1,250
155468,1,250
155471,1,250
155487,1,250
155492,1,250
155521,1,250
155539,1,250
155557,1,250
155646,1,250
155741,1,250
155754,1,250
155762,1,250
155772,1,250
155864,1,250
155975,1,250
156011,1,250
156062,1,250
156069,1,250
156086,1,250
156219,1,250
156276,1,250
156332,1,250
156340,1,250
156371,1,250
156384,1,250
156445,1,250
156482,1,250
156521,1,250
156570,1,250
156579,1,250
156580,1,250
156601,1,250
156603,1,250
156605,1,250
156641,1,250
156666,1,250
156721,1,250
156724,1,250
156775,1,250
156784,1,250
156810,1,250
156879,1,250
157015,1,250
157128,1,250
157150,1,250
157257,1,250
157273,1,250
157280,1,250
157403,1,250
157439,1,250
157455,1,250
157459,1,250
157620,1,250
157621,1,250
157643,1,250
157647,1,250
157679,1,250
157760,1,250
157782,1,250
157867,1,250
157911,1,250
157926,1,250
157947,1,250
158021,1,250
158051,1,250
158064,1,250
158065,1,250
158183,1,250
158222,1,250
158296,1,250
158329,1,250
158362,1,250
158376,1,250
158441,1,250
158578,1,250
158609,1,250
158678,1,250
158705,1,250
158723,1,250
158736,1,250
158760,1,250
158791,1,250
158793,1,250
158849,1,250
158938,1,250
158939,1,250
159021,1,250
159049,1,250
159093,1,250
159153,1,250
159201,1,250
159214,1,250
159280,1,250
159459,1,250
159511,1,250
159582,1,250
159625,1,250
159644,1,250
159644,1,250
159656,1,250
159661,1,250
159663,1,250
159674,1,250
159675,1,250
159920,1,250
159953,1,250
159955,1,250
159963,1,250
159979,1,250
159987,1,250
160005,1,250
160006,1,250
160016,1,250
160039,1,250
160058,1,250
160059,1,250
160059,1,250
160076,1,250
160409,1,250
160455,1,250
160471,1,250
160494,1,250
160512,1,250
160518,1,250
160519,1,250
160577,1,250
160593,1,250
160605,1,250
160690,1,250
160748,1,250
160802,1,250
160837,1,250
160856,1,250
160883,1,250
160910,1,250
160930,1,250
160931,1,250
160932,1,250
160967,1,250
160985,1,250
161066,1,250
161094,1,250
161097,1,250
161280,1,250
161282,1,250
161305,1,250
161321,1,250
161333,1,250
161360,1,250
161361,1,250
161378,1,250
161382,1,250
161430,1,250
161435,1,250
161474,1,250
161494,1,250
161561,1,250
161599,1,250
161606,1,250
161622,1,250
161629,1,250
161683,1,250
161702,1,250
161714,1,250
161747,1,250
161756,1,250
161772,1,250
161828,1,250
161862,1,250
161949,1,250
161955,1,250
161995,1,250
162008,1,250
162046,1,250
162069,1,250
162075,1,250
162076,1,250
162128,1,250
162138,1,250
162140,1,250
162148,1,250
162198,1,250
162209,1,250
162226,1,250
162279,1,250
162281,1,250
162327,1,250
162360,1,250
162461,1,250
162477,1,250
162490,1,250
162567,1,250
162573,1,250
162660,1,250
162667,1,250
162669,1,250
162710,1,250
162714,1,250
162776,1,250
162789,1,250
162810,1,250
162830,1,250
162831,1,250
162837,1,250
162870,1,250
162898,1,250
162934,1,250
162948,1,250
162950,1,250
162954,1,250
162958,1,250
163013,1,250
163065,1,250
163103,1,250
163113,1,250
163141,1,250
163152,1,250
163184,1,250
163213,1,250
163233,1,250
163236,1,250
163267,1,250
163325,1,250
163327,1,250
163342,1,250
163370,1,250
163434,1,250
163436,1,250
163446,1,250
163462,1,250
163470,1,250
163541,1,250
163541,1,250
163541,1,250
163585,1,250
163586,1,250
163596,1,250
163642,1,250
163658,1,250
163709,1,250
163739,1,250
163745,1,250
163806,1,250
163816,1,250
163870,1,250
163877,1,250
163902,1,250
163920,1,250
163925,1,250
163939,1,250
163996,1,250
164036,1,250
164040,1,250
164065,1,250
164072,1,250
164188,1,250
164191,1,250
164207,1,250
164228,1,250
164261,1,250
164269,1,250
164271,1,250
164278,1,250
164501,1,250
164510,1,250
164523,1,250
164549,1,250
164551,1,250
164563,1,250
164575,1,250
164583,1,250
164586,1,250
164761,1,250
164769,1,250
164862,1,250
164869,1,250
164872,1,250
164884,1,250
165037,1,250
165102,1,250
165163,1,250
165167,1,250
165172,1,250
165172,1,250
165215,1,250
165255,1,250
165277,1,250
165287,1,250
165327,1,250
165342,1,250
165356,1,250
165372,1,250
165378,1,250
165425,1,250
165466,1,250
165477,1,250
165529,1,250
165560,1,250
165562,1,250
165571,1,250
165626,1,250
165630,1,250
165657,1,250
165670,1,250
165692,1,250
165710,1,250
165812,1,250
165847,1,250
165851,1,250
165865,1,250
165869,1,250
165915,1,250
165942,1,250
166009,1,250
166066,1,250
166136,1,250
166221,1,250
166221,1,250
166253,1,250
166271,1,250
166288,1,250
166353,1,250
166406,1,250
166427,1,250
166506,1,250
166511,1,250
166560,1,250
166572,1,250
166591,1,250
166601,1,250
166649,1,250
166659,1,250
166699,1,250
166708,1,250
166750,1,250
166763,1,250
166777,1,250
166807,1,250
166824,1,250
166830,1,250
166837,1,250
166861,1,250
166866,1,250
166883,1,250
167014,1,250
167014,1,250
167036,1,250
167070,1,250
167073,1,250
167137,1,250
167188,1,250
167191,1,250
167212,1,250
167229,1,250
167232,1,250
167246,1,250
167302,1,250
167309,1,250
167337,1,250
167403,1,250
167412,1,250
167413,1,250
167478,1,250
167480,1,250
167505,1,250
167511,1,250
167586,1,250
167610,1,250
167643,1,250
167689,1,250
167694,1,250
167697,1,250
167726,1,250
167736,1,250
167768,1,250
167778,1,250
167788,1,250
167846,1,250
167858,1,250
168051,1,250
168128,1,250
168140,1,250
168432,1,250
168471,1,250
168475,1,250
168488,1,250
168529,1,250
168589,1,250
168610,1,250
168650,1,250
168663,1,250
168673,1,250
168681,1,250
168697,1,250
168717,1,250
168724,1,250
168770,1,250
168832,1,250
168860,1,250
168870,1,250
168927,1,250
169010,1,250
169056,1,250
169085,1,250
169140,1,250
169264,1,250
169295,1,250
169334,1,250
169387,1,250
169390,1,250
169394,1,250
169407,1,250
169441,1,250
169467,1,250
169468,1,250
169478,1,250
169509,1,250
169552,1,250
169606,1,250
169612,1,250
169700,1,250
169711,1,250
169712,1,250
169794,1,250
169837,1,250
169889,1,250
169898,1,250
169921,1,250
170026,1,250
170038,1,250
170071,1,250
170098,1,250
170105,1,250
170211,1,250
170226,1,250
170267,1,250
170386,1,250
170406,1,250
170497,1,250
170499,1,250
170510,1,250
170590,1,250
170638,1,250
170768,1,250
170813,1,250
170857,1,250
170870,1,250
170916,1,250
170931,1,250
170963,1,250
170983,1,250
170985,1,250
171032,1,250
171042,1,250
171072,1,250
171075,1,250
171096,1,250
171101,1,250
171103,1,250
171126,1,250
171155,1,250
171157,1,250
171180,1,250
171209,1,250
171213,1,250
171295,1,250
171303,1,250
171336,1,250
171345,1,250
171350,1,250
171465,1,250
171467,1,250
171471,1,250
171486,1,250
171515,1,250
171535,1,250
171590,1,250
171625,1,250
171719,1,250
171812,1,250
171835,1,250
172011,1,250
172017,1,250
172031,1,250
172058,1,250
172135,1,250
172143,1,250
172167,1,250
172239,1,250
172244,1,250
172389,1,250
172403,1,250
172459,1,250
172473,1,250
172567,1,250
172613,1,250
172637,1,250
172650,1,250
172728,1,250
172752,1,250
172771,1,250
172862,1,250
172864,1,250
172868,1,250
172917,1,250
172928,1,250
172931,1,250
172937,1,250
172951,1,250
172960,1,250
173002,1,250
173014,1,250
173020,1,250
173024,1,250
173066,1,250
173067,1,250
173087,1,250
173111,1,250
173124,1,250
173127,1,250
173162,1,250
173181,1,250
173234,1,250
173249,1,250
173297,1,250
173351,1,250
173374,1,250
173384,1,250
173449,1,250
173453,1,250
173506,1,250
173596,1,250
173602,1,250
173603,1,250
173633,1,250
173686,1,250
173695,1,250
173707,1,250
173748,1,250
173761,1,250
173769,1,250
173821,1,250
173842,1,250
173894,1,250
173913,1,250
174001,1,250
174015,1,250
174027,1,250
174031,1,250
174091,1,250
174130,1,250
174132,1,250
174146,1,250
174155,1,250
174165,1,250
174196,1,250
174196,1,250
174223,1,250
174275,1,250
174279,1,250
174284,1,250
174300,1,250
174320,1,250
174333,1,250
174389,1,250
174391,1,250
174399,1,250
174425,1,250
174446,1,250
174455,1,250
174483,1,250
174500,1,250
174513,1,250
174531,1,250
174554,1,250
174624,1,250
174668,1,250
174776,1,250
174780,1,250
174920,1,250
174945,1,250
174990,1,250
175006,1,250
175037,1,250
175045,1,250
175047,1,250
175054,1,250
175058,1,250
175062,1,250
175125,1,250
175138,1,250
175142,1,250
175173,1,250
175193,1,250
175219,1,250
175282,1,250
175338,1,250
175366,1,250
175388,1,250
175391,1,250
175420,1,250
175432,1,250
175469,1,250
175478,1,250
175551,1,250
175555,1,250
175556,1,250
175623,1,250
175627,1,250
175700,1,250
175751,1,250
175767,1,250
175778,1,250
175915,1,250
175922,1,250
175972,1,250
176020,1,250
176022,1,250
176023,1,250
176030,1,250
176033,1,250
176038,1,250
176047,1,250
176080,1,250
176083,1,250
176153,1,250
176184,1,250
176221,1,250
176244,1,250
176273,1,250
176304,1,250
176310,1,250
176398,1,250
176429,1,250
176440,1,250
176461,1,250
176484,1,250
176535,1,250
176567,1,250
176613,1,250
176716,1,250
176796,1,250
176856,1,250
176888,1,250
176909,1,250
176916,1,250
176932,1,250
176951,1,250
176999,1,250
177006,1,250
177011,1,250
177020,1,250
177030,1,250
177067,1,250
177112,1,250
177167,1,250
177216,1,250
177269,1,250
177273,1,250
177332,1,250
177341,1,250
177450,1,250
177451,1,250
177456,1,250
177523,1,250
177526,1,250
177538,1,250
177579,1,250
177585,1,250
177617,1,250
177622,1,250
177657,1,250
177716,1,250
177803,1,250
177819,1,250
177832,1,250
177879,1,250
177897,1,250
177944,1,250
177948,1,250
178039,1,250
178057,1,250
178062,1,250
178064,1,250
178080,1,250
178083,1,250
178101,1,250
178152,1,250
178180,1,250
178196,1,250
178215,1,250
178215,1,250
178261,1,250
178263,1,250
178290,1,250
178310,1,250
178327,1,250
178398,1,250
178410,1,250
178416,1,250
178431,1,250
178491,1,250
178545,1,250
178693,1,250
178709,1,250
178725,1,250
178739,1,250
178769,1,250
178852,1,250
178869,1,250
178869,1,250
178879,1,250
178908,1,250
178917,1,250
178926,1,250
178957,1,250
178973,1,250
179002,1,250
179003,1,250
179098,1,250
179098,1,250
179100,1,250
179107,1,250
179108,1,250
179151,1,250
179195,1,250
179220,1,250
179302,1,250
179310,1,250
179369,1,250
179413,1,250
179416,1,250
179461,1,250
179466,1,250
179484,1,250
179487,1,250
179551,1,250
179664,1,250
179696,1,250
179706,1,250
179742,1,250
179780,1,250
179834,1,250
180002,1,250
180016,1,250
180022,1,250
180027,1,250
180041,1,250
180042,1,250
180063,1,250
180070,1,250
180100,1,250
180140,1,250
180243,1,250
180286,1,250
180303,1,250
180336,1,250
180349,1,250
180428,1,250
180472,1,250
180473,1,250
180474,1,250
180474,1,250
180500,1,250
180523,1,250
180526,1,250
180542,1,250
180542,1,250
180546,1,250
180647,1,250
180650,1,250
180657,1,250
180659,1,250
180680,1,250
180683,1,250
180696,1,250
180714,1,250
180731,1,250
180765,1,250
180806,1,250
180864,1,250
181045,1,250
181117,1,250
181151,1,250
181211,1,250
181217,1,250
181228,1,250
181307,1,250
181312,1,250
181360,1,250
181373,1,250
181394,1,250
181399,1,250
181555,1,250
181570,1,250
181620,1,250
181675,1,250
181680,1,250
181685,1,250
181701,1,250
181705,1,250
181709,1,250
181713,1,250
181726,1,250
181790,1,250
181798,1,250
181803,1,250
181817,1,250
181828,1,250
181871,1,250
181941,1,250
181958,1,250
182027,1,250
182056,1,250
182117,1,250
182152,1,250
182179,1,250
182195,1,250
182225,1,250
182228,1,250
182238,1,250
182269,1,250
182282,1,250
182307,1,250
182352,1,250
182453,1,250
182495,1,250
182501,1,250
182507,1,250
182511,1,250
182523,1,250
182529,1,250
182591,1,250
182614,1,250
182692,1,250
182696,1,250
182817,1,250
182853,1,250
182857,1,250
182930,1,250
182943,1,250
183001,1,250
183064,1,250
183071,1,250
183080,1,250
183093,1,250
183103,1,250
183104,1,250
183150,1,250
183177,1,250
183208,1,250
183212,1,250
183257,1,250
183282,1,250
183320,1,250
183321,1,250
183336,1,250
183343,1,250
183348,1,250
183399,1,250
183567,1,250
183610,1,250
183707,1,250
183715,1,250
183733,1,250
183752,1,250
183759,1,250
183817,1,250
183871,1,250
183900,1,250
183958,1,250
183982,1,250
184027,1,250
184044,1,250
184061,1,250
184106,1,250
184121,1,250
184136,1,250
184151,1,250
184215,1,250
184221,1,250
184231,1,250
184232,1,250
184280,1,250
184313,1,250
184361,1,250
184373,1,250
184379,1,250
184379,1,250
184532,1,250
184567,1,250
184570,1,250
184587,1,250
184587,1,250
184618,1,250
184648,1,250
184663,1,250
184689,1,250
184704,1,250
184738,1,250
184739,1,250
184754,1,250
184761,1,250
184767,1,250
184819,1,250
184820,1,250
184909,1,250
184927,1,250
184983,1,250
184993,1,250
184994,1,250
185051,1,250
185081,1,250
185082,1,250
185115,1,250
185127,1,250
185177,1,250
185203,1,250
185282,1,250
185449,1,250
185466,1,250
185499,1,250
185500,1,250
185532,1,250
185532,1,250
185582,1,250
185603,1,250
185611,1,250
185732,1,250
185798,1,250
185805,1,250
185823,1,250
185888,1,250
185919,1,250
185959,1,250
185967,1,250
186009,1,250
186017,1,250
186029,1,250
186041,1,250
186114,1,250
186115,1,250
186121,1,250
186142,1,250
186143,1,250
186180,1,250
186186,1,250
186190,1,250
186240,1,250
186269,1,250
186283,1,250
186344,1,250
186380,1,250
186390,1,250
186406,1,250
186418,1,250
186435,1,250
186458,1,250
186471,1,250
186474,1,250
186502,1,250
186523,1,250
186543,1,250
186563,1,250
186569,1,250
186578,1,250
186601,1,250
186611,1,250
186634,1,250
186636,1,250
186637,1,250
186681,1,250
186703,1,250
186718,1,250
186734,1,250
186738,1,250
186739,1,250
186772,1,250
186795,1,250
186820,1,250
186825,1,250
186844,1,250
186867,1,250
186882,1,250
186913,1,250
186931,1,250
186932,1,250
186941,1,250
186967,1,250
187012,1,250
187017,1,250
187057,1,250
187133,1,250
187166,1,250
187201,1,250
187208,1,250
187241,1,250
187259,1,250
187295,1,250
187311,1,250
187365,1,250
187394,1,250
187405,1,250
187436,1,250
187458,1,250
187491,1,250
187508,1,250
187527,1,250
187545,1,250
187545,1,250
187587,1,250
187619,1,250
187620,1,250
187660,1,250
187661,1,250
187679,1,250
187704,1,250
187723,1,250
187741,1,250
187742,1,250
187746,1,250
187774,1,250
187797,1,250
187805,1,250
187816,1,250
187816,1,250
187816,1,250
187859,1,250
187866,1,250
187871,1,250
187877,1,250
187891,1,250
187906,1,250
187909,1,250
188026,1,250
188148,1,250
188174,1,250
188232,1,250
188236,1,250
188245,1,250
188247,1,250
188271,1,250
188279,1,250
188293,1,250
188324,1,250
188369,1,250
188401,1,250
188447,1,250
188486,1,250
188513,1,250
188518,1,250
188558,1,250
188568,1,250
188596,1,250
188602,1,250
188607,1,250
188620,1,250
188665,1,250
188703,1,250
188775,1,250
188777,1,250
188790,1,250
188826,1,250
188867,1,250
188932,1,250
189036,1,250
189075,1,250
189169,1,250
189177,1,250
189182,1,250
189184,1,250
189224,1,250
189258,1,250
189269,1,250
189279,1,250
189294,1,250
189314,1,250
189334,1,250
189372,1,250
189376,1,250
189411,1,250
189430,1,250
189464,1,250
189534,1,250
189543,1,250
189587,1,250
189623,1,250
189656,1,250
189658,1,250
189684,1,250
189727,1,250
189729,1,250
189789,1,250
189843,1,250
189876,1,250
189908,1,250
189946,1,250
189958,1,250
190040,1,250
190041,1,250
190048,1,250
190063,1,250
190068,1,250
190074,1,250
190084,1,250
190085,1,250
190093,1,250
190104,1,250
190203,1,250
190301,1,250
190313,1,250
190315,1,250
190320,1,250
190369,1,250
190381,1,250
190413,1,250
190440,1,250
190443,1,250
190485,1,250
190548,1,250
190601,1,250
190608,1,250
190624,1,250
190668,1,250
190712,1,250
190712,1,250
190717,1,250
190776,1,250
190778,1,250
190806,1,250
190825,1,250
190827,1,250
190830,1,250
190835,1,250
190852,1,250
190857,1,250
190860,1,250
190868,1,250
190871,1,250
190880,1,250
190948,1,250
191020,1,250
191061,1,250
191094,1,250
191189,1,250
191215,1,250
191216,1,250
191270,1,250
191282,1,250
191303,1,250
191401,1,250
191423,1,250
191462,1,250
191533,1,250
191558,1,250
191568,1,250
191589,1,250
191628,1,250
191649,1,250
191659,1,250
191660,1,250
191673,1,250
191705,1,250
191708,1,250
191790,1,250
191797,1,250
191804,1,250
191853,1,250
191881,1,250
191888,1,250
191918,1,250
191956,1,250
191970,1,250
192029,1,250
192066,1,250
192099,1,250
192126,1,250
192138,1,250
192139,1,250
192214,1,250
192240,1,250
192291,1,250
192292,1,250
192325,1,250
192349,1,250
192403,1,250
192434,1,250
192443,1,250
192609,1,250
192624,1,250
192634,1,250
192653,1,250
192658,1,250
192666,1,250
192706,1,250
192807,1,250
192830,1,250
192869,1,250
192878,1,250
192923,1,250
193142,1,250
193150,1,250
193180,1,250
193295,1,250
193296,1,250
193305,1,250
193313,1,250
193317,1,250
193335,1,250
193366,1,250
193417,1,250
193427,1,250
193436,1,250
193476,1,250
193481,1,250
193513,1,250
193666,1,250
193695,1,250
193698,1,250
193709,1,250
193740,1,250
193781,1,250
193854,1,250
193990,1,250
194019,1,250
194023,1,250
194025,1,250
194055,1,250
194083,1,250
194113,1,250
194169,1,250
194179,1,250
194194,1,250
194212,1,250
194217,1,250
194261,1,250
194417,1,250
194418,1,250
194459,1,250
194505,1,250
194602,1,250
194633,1,250
194688,1,250
194839,1,250
194840,1,250
194885,1,250
195002,1,250
195040,1,250
195043,1,250
195055,1,250
195063,1,250
195064,1,250
195111,1,250
195120,1,250
195122,1,250
195128,1,250
195147,1,250
195198,1,250
195214,1,250
195219,1,250
195228,1,250
195299,1,250
195345,1,250
195371,1,250
195372,1,250
195437,1,250
195448,1,250
195454,1,250
195481,1,250
195504,1,250
195510,1,250
195547,1,250
195548,1,250
195609,1,250
195622,1,250
195645,1,250
195656,1,250
195664,1,250
195715,1,250
195750,1,250
195797,1,250
195806,1,250
195872,1,250
195891,1,250
195955,1,250
196018,1,250
196025,1,250
196026,1,250
196036,1,250
196038,1,250
196054,1,250
196068,1,250
196084,1,250
196084,1,250
196113,1,250
196163,1,250
196243,1,250
196261,1,250
196312,1,250
196336,1,250
196361,1,250
196382,1,250
196437,1,250
196437,1,250
196439,1,250
196621,1,250
196633,1,250
196675,1,250
196693,1,250
196705,1,250
196727,1,250
196743,1,250
196797,1,250
196801,1,250
196824,1,250
196891,1,250
196956,1,250
197027,1,250
197130,1,250
197146,1,250
197152,1,250
197233,1,250
197237,1,250
197244,1,250
197244,1,250
197249,1,250
197291,1,250
197300,1,250
197308,1,250
197389,1,250
197397,1,250
197411,1,250
197428,1,250
197433,1,250
197471,1,250
197483,1,250
197491,1,250
197556,1,250
197619,1,250
197661,1,250
197694,1,250
197732,1,250
197791,1,250
197841,1,250
197985,1,250
198064,1,250
198065,1,250
198099,1,250
198222,1,250
198293,1,250
198317,1,250
198379,1,250
198384,1,250
198407,1,250
198442,1,250
198460,1,250
198468,1,250
198502,1,250
198550,1,250
198614,1,250
198658,1,250
198676,1,250
198680,1,250
198681,1,250
198682,1,250
198694,1,250
198708,1,250
198779,1,250
198787,1,250
198796,1,250
198799,1,250
198870,1,250
198910,1,250
198913,1,250
198933,1,250
199017,1,250
199025,1,250
199083,1,250
199105,1,250
199128,1,250
199133,1,250
199189,1,250
199223,1,250
199226,1,250
199245,1,250
199267,1,250
199284,1,250
199295,1,250
199305,1,250
199341,1,250
199344,1,250
199402,1,250
199439,1,250
199442,1,250
199518,1,250
199521,1,250
199592,1,250
199600,1,250
199619,1,250
199654,1,250
199656,1,250
199756,1,250
199792,1,250
199804,1,250
199813,1,250
199894,1,250
199959,1,250
199976,1,250
200006,1,250
200098,1,250
200170,1,250
200188,1,250
200210,1,250
200218,1,250
200313,1,250
200314,1,250
200318,1,250
200331,1,250
200359,1,250
200387,1,250
200444,1,250
200448,1,250
200476,1,250
200488,1,250
200511,1,250
200552,1,250
200616,1,250
200665,1,250
200670,1,250
200704,1,250
200785,1,250
200839,1,250
200877,1,250
200889,1,250
200895,1,250
200930,1,250
200967,1,250
201022,1,250
201045,1,250
201066,1,250
201081,1,250
201102,1,250
201115,1,250
201144,1,250
201160,1,250
201167,1,250
201179,1,250
201219,1,250
201223,1,250
201247,1,250
201251,1,250
201294,1,250
201315,1,250
201332,1,250
201334,1,250
201334,1,250
201386,1,250
201389,1,250
201409,1,250
201475,1,250
201492,1,250
201515,1,250
201532,1,250
201537,1,250
201556,1,250
201613,1,250
201619,1,250
201628,1,250
201665,1,250
201672,1,250
201732,1,250
201741,1,250
201744,1,250
201804,1,250
201809,1,250
201816,1,250
201837,1,250
201951,1,250
201975,1,250
201977,1,250
202054,1,250
202080,1,250
202197,1,250
202225,1,250
202274,1,250
202282,1,250
202354,1,250
202379,1,250
202453,1,250
202486,1,250
202526,1,250
202527,1,250
202538,1,250
202551,1,250
202573,1,250
202588,1,250
202598,1,250
202733,1,250
202745,1,250
203004,1,250
203045,1,250
203062,1,250
203063,1,250
203072,1,250
203081,1,250
203116,1,250
203150,1,250
203178,1,250
203209,1,250
203260,1,250
203359,1,250
203367,1,250
203425,1,250
203449,1,250
203542,1,250
203572,1,250
203578,1,250
203617,1,250
203674,1,250
203755,1,250
203769,1,250
203788,1,250
203807,1,250
203880,1,250
203883,1,250
203886,1,250
204062,1,250
204085,1,250
204088,1,250
204121,1,250
204179,1,250
204209,1,250
204215,1,250
204216,1,250
204222,1,250
204249,1,250
204270,1,250
204365,1,250
204445,1,250
204468,1,250
204479,1,250
204489,1,250
204503,1,250
204547,1,250
204554,1,250
204570,1,250
204578,1,250
204599,1,250
204614,1,250
204663,1,250
204663,1,250
204665,1,250
204709,1,250
204735,1,250
204784,1,250
204822,1,250
204857,1,250
204908,1,250
204958,1,250
204965,1,250
204980,1,250
205051,1,250
205135,1,250
205142,1,250
205155,1,250
205179,1,250
205278,1,250
205308,1,250
205318,1,250
205360,1,250
205441,1,250
205456,1,250
205466,1,250
205475,1,250
205502,1,250
205504,1,250
205545,1,250
205614,1,250
205641,1,250
205645,1,250
205728,1,250
205729,1,250
205749,1,250
205775,1,250
205778,1,250
205784,1,250
205811,1,250
205872,1,250
205887,1,250
205893,1,250
205932,1,250
205941,1,250
205942,1,250
205958,1,250
205974,1,250
206009,1,250
206034,1,250
206058,1,250
206088,1,250
206112,1,250
206217,1,250
206246,1,250
206331,1,250
206399,1,250
206411,1,250
206426,1,250
206529,1,250
206545,1,250
206555,1,250
206576,1,250
206580,1,250
206702,1,250
206739,1,250
206773,1,250
206828,1,250
206876,1,250
206952,1,250
206997,1,250
207005,1,250
207013,1,250
207020,1,250
207034,1,250
207080,1,250
207093,1,250
207124,1,250
207153,1,250
207206,1,250
207243,1,250
207339,1,250
207359,1,250
207409,1,250
207473,1,250
207482,1,250
207502,1,250
207585,1,250
207648,1,250
207715,1,250
207765,1,250
207789,1,250
207805,1,250
207848,1,250
207939,1,250
207955,1,250
207989,1,250
208018,1,250
208030,1,250
208035,1,250
208081,1,250
208104,1,250
208116,1,250
208129,1,250
208180,1,250
208197,1,250
208239,1,250
208269,1,250
208289,1,250
208291,1,250
208312,1,250
208389,1,250
208412,1,250
208420,1,250
208456,1,250
208467,1,250
208484,1,250
208514,1,250
208514,1,250
208517,1,250
208537,1,250
208675,1,250
208732,1,250
208744,1,250
208773,1,250
208796,1,250
208818,1,250
208877,1,250
208988,1,250
209021,1,250
209029,1,250
209037,1,250
209040,1,250
209144,1,250
209155,1,250
209175,1,250
209216,1,250
209219,1,250
209264,1,250
209317,1,250
209327,1,250
209339,1,250
209365,1,250
209365,1,250
209367,1,250
209399,1,250
209532,1,250
209533,1,250
209542,1,250
209591,1,250
209686,1,250
209713,1,250
209717,1,250
209719,1,250
209719,1,250
209736,1,250
209821,1,250
209832,1,250
209846,1,250
209879,1,250
209948,1,250
209957,1,250
210023,1,250
210081,1,250
210125,1,250
210153,1,250
210212,1,250
210229,1,250
210271,1,250
210297,1,250
210343,1,250
210389,1,250
210389,1,250
210415,1,250
210443,1,250
210449,1,250
210460,1,250
210474,1,250
210474,1,250
210480,1,250
210512,1,250
210539,1,250
210557,1,250
210562,1,250
210571,1,250
210583,1,250
210606,1,250
210696,1,250
210721,1,250
210727,1,250
210767,1,250
210801,1,250
210805,1,250
210808,1,250
210844,1,250
210851,1,250
210878,1,250
210887,1,250
210897,1,250
210923,1,250
210949,1,250
211060,1,250
211068,1,250
211084,1,250
211099,1,250
211103,1,250
211131,1,250
211153,1,250
211197,1,250
211241,1,250
211242,1,250
211243,1,250
211266,1,250
211302,1,250
211303,1,250
211330,1,250
211353,1,250
211364,1,250
211388,1,250
211392,1,250
211463,1,250
211493,1,250
211533,1,250
211545,1,250
211576,1,250
211622,1,250
211643,1,250
211660,1,250
211664,1,250
211682,1,250
211682,1,250
211780,1,250
211818,1,250
211880,1,250
211886,1,250
211903,1,250
211926,1,250
211944,1,250
212041,1,250
212083,1,250
212136,1,250
212186,1,250
212212,1,250
212244,1,250
212251,1,250
212356,1,250
212379,1,250
212406,1,250
212426,1,250
212479,1,250
212485,1,250
212495,1,250
212556,1,250
212582,1,250
212713,1,250
212777,1,250
212824,1,250
212862,1,250
212886,1,250
212995,1,250
213008,1,250
213013,1,250
213046,1,250
213053,1,250
213056,1,250
213130,1,250
213133,1,250
213149,1,250
213168,1,250
213211,1,250
213225,1,250
213260,1,250
213331,1,250
213336,1,250
213393,1,250
213530,1,250
213530,1,250
213583,1,250
213611,1,250
213628,1,250
213682,1,250
213715,1,250
213720,1,250
213742,1,250
213745,1,250
213833,1,250
213919,1,250
213986,1,250
214004,1,250
214013,1,250
214069,1,250
214136,1,250
214138,1,250
214160,1,250
214287,1,250
214288,1,250
214319,1,250
214349,1,250
214785,1,250
214816,1,250
214834,1,250
214841,1,250
214879,1,250
214883,1,250
215049,1,250
215177,1,250
215207,1,250
215207,1,250
215238,1,250
215294,1,250
215299,1,250
215386,1,250
215438,1,250
215439,1,250
215448,1,250
215489,1,250
215516,1,250
215520,1,250
215529,1,250
215684,1,250
215726,1,250
215729,1,250
215760,1,250
215802,1,250
215833,1,250
215888,1,250
215931,1,250
216006,1,250
216021,1,250
216055,1,250
216101,1,250
216150,1,250
216174,1,250
216270,1,250
216278,1,250
216331,1,250
216401,1,250
216414,1,250
216501,1,250
216587,1,250
216596,1,250
216642,1,250
216656,1,250
216703,1,250
216718,1,250
216767,1,250
216783,1,250
216794,1,250
216799,1,250
216810,1,250
216854,1,250
216867,1,250
216880,1,250
216890,1,250
216961,1,250
216975,1,250
217040,1,250
217169,1,250
217196,1,250
217294,1,250
217373,1,250
217417,1,250
217553,1,250
217572,1,250
217572,1,250
217574,1,250
217626,1,250
217626,1,250
217663,1,250
217717,1,250
217742,1,250
217759,1,250
217777,1,250
217823,1,250
217823,1,250
217848,1,250
217937,1,250
217968,1,250
218048,1,250
218056,1,250
218095,1,250
218148,1,250
218167,1,250
218258,1,250
218269,1,250
218371,1,250
218381,1,250
218395,1,250
218401,1,250
218417,1,250
218440,1,250
218445,1,250
218488,1,250
218597,1,250
218709,1,250
218815,1,250
218850,1,250
218857,1,250
218902,1,250
218916,1,250
218926,1,250
218963,1,250
218971,1,250
219017,1,250
219020,1,250
219141,1,250
219167,1,250
219209,1,250
219335,1,250
219407,1,250
219461,1,250
219482,1,250
219532,1,250
219534,1,250
219561,1,250
219662,1,250
219725,1,250
219731,1,250
219876,1,250
220014,1,250
220030,1,250
220066,1,250
220068,1,250
220079,1,250
220082,1,250
220091,1,250
220207,1,250
220210,1,250
220211,1,250
220308,1,250
220337,1,250
220346,1,250
220352,1,250
220360,1,250
220362,1,250
220374,1,250
220498,1,250
220501,1,250
220503,1,250
220578,1,250
220616,1,250
220689,1,250
220719,1,250
220814,1,250
220848,1,250
220892,1,250
220944,1,250
220955,1,250
220961,1,250
221047,1,250
221111,1,250
221130,1,250
221135,1,250
221151,1,250
221186,1,250
221206,1,250
221292,1,250
221359,1,250
221503,1,250
221557,1,250
221574,1,250
221722,1,250
221837,1,250
221842,1,250
221847,1,250
221889,1,250
221932,1,250
222120,1,250
222153,1,250
222183,1,250
222212,1,250
222248,1,250
222272,1,250
222304,1,250
222308,1,250
222318,1,250
222328,1,250
222369,1,250
222395,1,250
222422,1,250
222426,1,250
222455,1,250
222457,1,250
222476,1,250
222513,1,250
222571,1,250
222638,1,250
222685,1,250
222797,1,250
222812,1,250
222873,1,250
222979,1,250
222993,1,250
222995,1,250
223077,1,250
223097,1,250
223114,1,250
223234,1,250
223334,1,250
223415,1,250
223542,1,250
223550,1,250
223589,1,250
223609,1,250
223624,1,250
223628,1,250
223634,1,250
223676,1,250
223685,1,250
223685,1,250
223861,1,250
223890,1,250
223904,1,250
223905,1,250
223961,1,250
223964,1,250
223966,1,250
224020,1,250
224042,1,250
224049,1,250
224053,1,250
224102,1,250
224121,1,250
224142,1,250
224148,1,250
224197,1,250
224242,1,250
224303,1,250
224305,1,250
224364,1,250
224372,1,250
224508,1,250
224512,1,250
224568,1,250
224640,1,250
224769,1,250
224779,1,250
224812,1,250
224846,1,250
224907,1,250
224924,1,250
224928,1,250
224976,1,250
224976,1,250
224978,1,250
225014,1,250
225032,1,250
225104,1,250
225158,1,250
225196,1,250
225214,1,250
225222,1,250
225244,1,250
225247,1,250
225338,1,250
225434,1,250
225461,1,250
225473,1,250
225524,1,250
225545,1,250
225551,1,250
225556,1,250
225564,1,250
225590,1,250
225591,1,250
225606,1,250
225620,1,250
225681,1,250
225744,1,250
225761,1,250
225805,1,250
225814,1,250
225852,1,250
225940,1,250
225942,1,250
225974,1,250
226023,1,250
226033,1,250
226097,1,250
226099,1,250
226121,1,250
226250,1,250
226296,1,250
226305,1,250
226520,1,250
226523,1,250
226590,1,250
226634,1,250
226686,1,250
226723,1,250
226735,1,250
226882,1,250
226924,1,250
226957,1,250
227026,1,250
227201,1,250
227300,1,250
227358,1,250
227379,1,250
227413,1,250
227536,1,250
227643,1,250
227647,1,250
227705,1,250
227754,1,250
227761,1,250
227800,1,250
227813,1,250
227850,1,250
227853,1,250
227909,1,250
227937,1,250
227978,1,250
228014,1,250
228029,1,250
228046,1,250
228053,1,250
228066,1,250
228146,1,250
228238,1,250
228331,1,250
228382,1,250
228515,1,250
228516,1,250
228586,1,250
228596,1,250
228601,1,250
228607,1,250
228626,1,250
228734,1,250
228813,1,250
228842,1,250
228859,1,250
228984,1,250
229061,1,250
229069,1,250
229098,1,250
229167,1,250
229180,1,250
229250,1,250
229321,1,250
229333,1,250
229370,1,250
229389,1,250
229425,1,250
229438,1,250
229459,1,250
229500,1,250
229658,1,250
229669,1,250
229713,1,250
229763,1,250
229767,1,250
229863,1,250
229910,1,250
229944,1,250
230047,1,250
230097,1,250
230100,1,250
230117,1,250
230226,1,250
230436,1,250
230455,1,250
230520,1,250
230558,1,250
230572,1,250
230797,1,250
230806,1,250
230824,1,250
230897,1,250
230911,1,250
231014,1,250
231064,1,250
231065,1,250
231086,1,250
231105,1,250
231145,1,250
231172,1,250
231185,1,250
231341,1,250
231346,1,250
231514,1,250
231660,1,250
231786,1,250
231818,1,250
231824,1,250
231835,1,250
231844,1,250
231879,1,250
231894,1,250
231901,1,250
231934,1,250
231990,1,250
232009,1,250
232010,1,250
232060,1,250
232217,1,250
232227,1,250
232234,1,250
232237,1,250
232247,1,250
232302,1,250
232359,1,250
232421,1,250
232452,1,250
232504,1,250
232609,1,250
232657,1,250
232677,1,250
232678,1,250
232850,1,250
232851,1,250
233014,1,250
233016,1,250
233093,1,250
233197,1,250
233219,1,250
233318,1,250
233319,1,250
233336,1,250
233347,1,250
233375,1,250
233387,1,250
233455,1,250
233465,1,250
233475,1,250
233478,1,250
233519,1,250
233543,1,250
233552,1,250
233570,1,250
233582,1,250
233604,1,250
233633,1,250
233637,1,250
233697,1,250
233705,1,250
233723,1,250
233838,1,250
234027,1,250
234028,1,250
234043,1,250
234064,1,250
234081,1,250
234143,1,250
234209,1,250
234226,1,250
234245,1,250
234262,1,250
234277,1,250
234279,1,250
234328,1,250
234338,1,250
234393,1,250
234426,1,250
234426,1,250
234435,1,250
234463,1,250
234474,1,250
234554,1,250
234635,1,250
234635,1,250
234657,1,250
234699,1,250
234797,1,250
234852,1,250
234889,1,250
234894,1,250
235089,1,250
235155,1,250
235210,1,250
235226,1,250
235299,1,250
235380,1,250
235384,1,250
235388,1,250
235419,1,250
235454,1,250
235483,1,250
235496,1,250
235501,1,250
235535,1,250
235550,1,250
235646,1,250
235647,1,250
235672,1,250
235689,1,250
235753,1,250
235759,1,250
235847,1,250
235888,1,250
235901,1,250
236026,1,250
236045,1,250
236070,1,250
236162,1,250
236164,1,250
236189,1,250
236247,1,250
236276,1,250
236315,1,250
236453,1,250
236456,1,250
236469,1,250
236504,1,250
236511,1,250
236556,1,250
236568,1,250
236685,1,250
236725,1,250
236856,1,250
236861,1,250
236867,1,250
236891,1,250
236915,1,250
236967,1,250
236988,1,250
236989,1,250
237031,1,250
237041,1,250
237094,1,250
237177,1,250
237178,1,250
237180,1,250
237184,1,250
237218,1,250
237279,1,250
237349,1,250
237502,1,250
237518,1,250
237550,1,250
237622,1,250
237630,1,250
237637,1,250
237740,1,250
237759,1,250
237803,1,250
238057,1,250
238117,1,250
238169,1,250
238179,1,250
238242,1,250
238331,1,250
238350,1,250
238406,1,250
238421,1,250
238641,1,250
238650,1,250
238672,1,250
238717,1,250
238771,1,250
238937,1,250
238961,1,250
239199,1,250
239225,1,250
239307,1,250
239603,1,250
239702,1,250
239771,1,250
239814,1,250
239844,1,250
239851,1,250
239864,1,250
240082,1,250
240098,1,250
240124,1,250
240162,1,250
240244,1,250
240264,1,250
240355,1,250
240494,1,250
240594,1,250
240691,1,250
240695,1,250
240821,1,250
240844,1,250
240911,1,250
240931,1,250
240934,1,250
240971,1,250
240975,1,250
241139,1,250
241175,1,250
241207,1,250
241297,1,250
241297,1,250
241311,1,250
241460,1,250
241463,1,250
241502,1,250
241521,1,250
241527,1,250
241546,1,250
241548,1,250
241754,1,250
241757,1,250
241822,1,250
241914,1,250
241916,1,250
241953,1,250
242019,1,250
242088,1,250
242157,1,250
242175,1,250
242244,1,250
242257,1,250
242303,1,250
242307,1,250
242639,1,250
242817,1,250
242868,1,250
242880,1,250
242925,1,250
242963,1,250
243064,1,250
243080,1,250
243139,1,250
243181,1,250
243201,1,250
243207,1,250
243207,1,250
243240,1,250
243262,1,250
243270,1,250
243272,1,250
243272,1,250
243349,1,250
243528,1,250
243537,1,250
243678,1,250
243698,1,250
243763,1,250
243784,1,250
243784,1,250
243865,1,250
244011,1,250
244012,1,250
244022,1,250
244023,1,250
244070,1,250
244192,1,250
244227,1,250
244230,1,250
244340,1,250
244384,1,250
244525,1,250
244694,1,250
244696,1,250
244839,1,250
244841,1,250
244888,1,250
244897,1,250
244897,1,250
244897,1,250
245006,1,250
245099,1,250
245110,1,250
245166,1,250
245222,1,250
245255,1,250
245264,1,250
245300,1,250
245382,1,250
245442,1,250
245454,1,250
245510,1,250
245528,1,250
245590,1,250
245597,1,250
245620,1,250
245695,1,250
245747,1,250
245772,1,250
245783,1,250
245842,1,250
246025,1,250
246056,1,250
246314,1,250
246371,1,250
246376,1,250
246563,1,250
246606,1,250
246627,1,250
246800,1,250
246802,1,250
246835,1,250
246856,1,250
247006,1,250
247062,1,250
247146,1,250
247206,1,250
247322,1,250
247376,1,250
247406,1,250
247459,1,250
247463,1,250
247501,1,250
247525,1,250
247611,1,250
247649,1,250
247731,1,250
247752,1,250
247780,1,250
247781,1,250
247804,1,250
247813,1,250
247861,1,250
247870,1,250
247917,1,250
248137,1,250
248186,1,250
248429,1,250
248480,1,250
248576,1,250
248579,1,250
248847,1,250
248927,1,250
248951,1,250
248989,1,250
249162,1,250
249184,1,250
249201,1,250
249207,1,250
249285,1,250
249306,1,250
249312,1,250
249330,1,250
249333,1,250
249348,1,250
249349,1,250
249363,1,250
249456,1,250
249542,1,250
249600,1,250
249608,1,250
249716,1,250
249726,1,250
249772,1,250
249777,1,250
249799,1,250
249897,1,250
249927,1,250
250130,1,250
250151,1,250
250208,1,250
250336,1,250
250344,1,250
250361,1,250
250524,1,250
250527,1,250
250577,1,250
250584,1,250
250588,1,250
250715,1,250
250716,1,250
250767,1,250
250937,1,250
251019,1,250
251039,1,250
251114,1,250
251138,1,250
251247,1,250
251476,1,250
251495,1,250
251539,1,250
251748,1,250
251963,1,250
251976,1,250
252006,1,250
252035,1,250
252089,1,250
252132,1,250
252140,1,250
252187,1,250
252216,1,250
252232,1,250
252247,1,250
252285,1,250
252324,1,250
252394,1,250
252513,1,250
252549,1,250
252618,1,250
252688,1,250
252697,1,250
252728,1,250
252796,1,250
252831,1,250
253014,1,250
253028,1,250
253114,1,250
253173,1,250
253207,1,250
253251,1,250
253281,1,250
253335,1,250
253416,1,250
253451,1,250
253483,1,250
253501,1,250
253514,1,250
253542,1,250
253594,1,250
253623,1,250
253635,1,250
253672,1,250
253741,1,250
253748,1,250
253758,1,250
253817,1,250
254040,1,250
254064,1,250
254078,1,250
254223,1,250
254326,1,250
254394,1,250
254472,1,250
254571,1,250
254822,1,250
254850,1,250
254855,1,250
254869,1,250
254883,1,250
254949,1,250
255200,1,250
255379,1,250
255557,1,250
255560,1,250
255764,1,250
255787,1,250
255823,1,250
255896,1,250
255934,1,250
255946,1,250
255965,1,250
256001,1,250
256090,1,250
256109,1,250
256193,1,250
256242,1,250
256286,1,250
256341,1,250
256366,1,250
256431,1,250
256472,1,250
256701,1,250
256704,1,250
256731,1,250
256801,1,250
256815,1,250
257002,1,250
257015,1,250
257029,1,250
257096,1,250
257127,1,250
257234,1,250
257344,1,250
257362,1,250
257436,1,250
257588,1,250
257609,1,250
257621,1,250
257671,1,250
257761,1,250
257783,1,250
257967,1,250
258006,1,250
258034,1,250
258050,1,250
258148,1,250
258229,1,250
258244,1,250
258257,1,250
258283,1,250
258315,1,250
258450,1,250
258583,1,250
258665,1,250
258779,1,250
258835,1,250
258871,1,250
259098,1,250
259100,1,250
259167,1,250
259179,1,250
259369,1,250
259374,1,250
259379,1,250
259583,1,250
259612,1,250
259716,1,250
259721,1,250
259771,1,250
259792,1,250
259793,1,250
259801,1,250
259832,1,250
259852,1,250
260085,1,250
260295,1,250
260359,1,250
260400,1,250
260540,1,250
260545,1,250
260589,1,250
260692,1,250
260724,1,250
260862,1,250
260954,1,250
261054,1,250
261088,1,250
261238,1,250
261262,1,250
261296,1,250
261325,1,250
261363,1,250
261409,1,250
261498,1,250
261629,1,250
261721,1,250
261788,1,250
261790,1,250
261840,1,250
261864,1,250
261865,1,250
262058,1,250
262076,1,250
262227,1,250
262276,1,250
262333,1,250
262424,1,250
262662,1,250
262850,1,250
262873,1,250
262879,1,250
262890,1,250
262949,1,250
262950,1,250
263012,1,250
263019,1,250
263185,1,250
263225,1,250
263285,1,250
263326,1,250
263382,1,250
263434,1,250
263452,1,250
263473,1,250
263575,1,250
263679,1,250
263894,1,250
263904,1,250
263919,1,250
264045,1,250
264125,1,250
264212,1,250
264273,1,250
264289,1,250
264371,1,250
264409,1,250
264501,1,250
264572,1,250
264584,1,250
264665,1,250
264692,1,250
264751,1,250
264756,1,250
264804,1,250
264833,1,250
264952,1,250
265008,1,250
265232,1,250
265242,1,250
265348,1,250
265395,1,250
265806,1,250
265814,1,250
266028,1,250
266243,1,250
266262,1,250
266311,1,250
266494,1,250
266555,1,250
266581,1,250
266629,1,250
266715,1,250
266728,1,250
266750,1,250
266865,1,250
266915,1,250
267034,1,250
267055,1,250
267089,1,250
267108,1,250
267168,1,250
267283,1,250
267328,1,250
267578,1,250
267596,1,250
267668,1,250
267745,1,250
268323,1,250
268459,1,250
268482,1,250
268483,1,250
268553,1,250
268590,1,250
268638,1,250
268889,1,250
268911,1,250
269158,1,250
269162,1,250
269233,1,250
269406,1,250
269413,1,250
269608,1,250
269756,1,250
269780,1,250
269880,1,250
269994,1,250
270041,1,250
270318,1,250
270466,1,250
270579,1,250
270743,1,250
270859,1,250
270952,1,250
271149,1,250
271178,1,250
271191,1,250
271409,1,250
271700,1,250
271708,1,250
271836,1,250
272020,1,250
272028,1,250
272066,1,250
272069,1,250
272228,1,250
272331,1,250
272376,1,250
272395,1,250
272486,1,250
272490,1,250
272540,1,250
272707,1,250
272751,1,250
272800,1,250
273025,1,250
273057,1,250
273105,1,250
273189,1,250
273221,1,250
273228,1,250
273245,1,250
273334,1,250
273458,1,250
273527,1,250
273545,1,250
273549,1,250
273707,1,250
273711,1,250
273817,1,250
273822,1,250
273828,1,250
274040,1,250
274263,1,250
274290,1,250
274303,1,250
274515,1,250
274672,1,250
274844,1,250
274862,1,250
274972,1,250
274996,1,250
275307,1,250
275382,1,250
275463,1,250
275544,1,250
275805,1,250
275982,1,250
275991,1,250
276084,1,250
276092,1,250
276217,1,250
276217,1,250
276259,1,250
276322,1,250
276530,1,250
276655,1,250
276739,1,250
276802,1,250
276973,1,250
277006,1,250
277008,1,250
277039,1,250
277071,1,250
277097,1,250
277157,1,250
277309,1,250
277577,1,250
277825,1,250
277846,1,250
277892,1,250
277956,1,250
278012,1,250
278068,1,250
278320,1,250
278534,1,250
278537,1,250
278617,1,250
278853,1,250
279147,1,250
279615,1,250
279746,1,250
279965,1,250
279991,1,250
280016,1,250
280045,1,250
280246,1,250
280354,1,250
280536,1,250
280675,1,250
280734,1,250
280831,1,250
281079,1,250
281099,1,250
281162,1,250
281179,1,250
281181,1,250
281272,1,250
281529,1,250
281640,1,250
282018,1,250
282023,1,250
282061,1,250
282153,1,250
282167,1,250
282167,1,250
282177,1,250
282225,1,250
282323,1,250
282341,1,250
282539,1,250
282576,1,250
282588,1,250
282643,1,250
282646,1,250
282673,1,250
282709,1,250
282738,1,250
282891,1,250
282955,1,250
283035,1,250
283041,1,250
283069,1,250
283344,1,250
283385,1,250
283448,1,250
283765,1,250
283837,1,250
283843,1,250
283892,1,250
283928,1,250
284457,1,250
284462,1,250
284522,1,250
284666,1,250
284685,1,250
284723,1,250
284728,1,250
284772,1,250
285135,1,250
285313,1,250
285417,1,250
285553,1,250
285658,1,250
286037,1,250
286059,1,250
286063,1,250
286069,1,250
286160,1,250
286212,1,250
286293,1,250
286315,1,250
286372,1,250
286549,1,250
286661,1,250
286724,1,250
286858,1,250
286873,1,250
286926,1,250
286948,1,250
286972,1,250
287075,1,250
287452,1,250
287562,1,250
287793,1,250
287861,1,250
288378,1,250
288444,1,250
288451,1,250
288455,1,250
288577,1,250
288589,1,250
288635,1,250
289171,1,250
289239,1,250
289306,1,250
289619,1,250
289639,1,250
289698,1,250
289860,1,250
290020,1,250
290040,1,250
290713,1,250
291049,1,250
291345,1,250
291533,1,250
291553,1,250
291710,1,250
291764,1,250
291817,1,250
291919,1,250
291927,1,250
292019,1,250
292036,1,250
292052,1,250
292055,1,250
292135,1,250
292179,1,250
292189,1,250
292400,1,250
292648,1,250
292766,1,250
292926,1,250
292955,1,250
293009,1,250
293036,1,250
293192,1,250
293255,1,250
293301,1,250
293502,1,250
293792,1,250
293813,1,250
294467,1,250
294488,1,250
294817,1,250
295010,1,250
295375,1,250
295515,1,250
296000,1,250
296014,1,250
296235,1,250
296339,1,250
296353,1,250
297052,1,250
297077,1,250
297100,1,250
297109,1,250
297134,1,250
297154,1,250
297232,1,250
297272,1,250
297394,1,250
297500,1,250
297545,1,250
297667,1,250
297733,1,250
297757,1,250
297843,1,250
298600,1,250
298686,1,250
298749,1,250
298897,1,250
299046,1,250
299133,1,250
299267,1,250
299859,1,250
299942,1,250
299995,1,250
300339,1,250
300350,1,250
300490,1,250
300511,1,250
300740,1,250
300767,1,250
300784,1,250
300885,1,250
301038,1,250
301131,1,250
301295,1,250
301722,1,250
301781,1,250
301885,1,250
302161,1,250
302260,1,250
302984,1,250
302989,1,250
303009,1,250
303507,1,250
303528,1,250
303627,1,250
303783,1,250
303978,1,250
304103,1,250
304880,1,250
305004,1,250
305032,1,250
305381,1,250
305395,1,250
305748,1,250
306031,1,250
306091,1,250
306124,1,250
306228,1,250
306259,1,250
306478,1,250
306537,1,250
306550,1,250
306563,1,250
306649,1,250
306982,1,250
307712,1,250
307939,1,250
308011,1,250
308055,1,250
308330,1,250
308365,1,250
308367,1,250
308446,1,250
308602,1,250
308767,1,250
308828,1,250
308878,1,250
309011,1,250
309047,1,250
309052,1,250
309171,1,250
309284,1,250
309298,1,250
309437,1,250
309540,1,250
309887,1,250
309942,1,250
310030,1,250
310168,1,250
310520,1,250
310661,1,250
310769,1,250
310967,1,250
311177,1,250
311289,1,250
311306,1,250
311369,1,250
311415,1,250
311526,1,250
311551,1,250
311648,1,250
311721,1,250
311796,1,250
311821,1,250
312039,1,250
312866,1,250
312892,1,250
312989,1,250
313468,1,250
313534,1,250
313697,1,250
313780,1,250
314089,1,250
314126,1,250
314197,1,250
314304,1,250
314404,1,250
314761,1,250
314840,1,250
315060,1,250
315207,1,250
315208,1,250
315293,1,250
315621,1,250
315883,1,250
316163,1,250
316270,1,250
316292,1,250
316434,1,250
316555,1,250
316919,1,250
317075,1,250
317201,1,250
317267,1,250
317578,1,250
317694,1,250
317782,1,250
318276,1,250
318444,1,250
318460,1,250
318550,1,250
318668,1,250
318942,1,250
319308,1,250
319464,1,250
319536,1,250
319536,1,250
319663,1,250
319749,1,250
319752,1,250
319847,1,250
320017,1,250
320160,1,250
320194,1,250
320395,1,250
320449,1,250
320496,1,250
320682,1,250
321037,1,250
321370,1,250
321449,1,250
321456,1,250
321565,1,250
321775,1,250
321775,1,250
321840,1,250
321912,1,250
321946,1,250
322040,1,250
322516,1,250
323022,1,250
323236,1,250
323420,1,250
323816,1,250
324164,1,250
324334,1,250
324800,1,250
324871,1,250
325085,1,250
325411,1,250
325511,1,250
326538,1,250
326685,1,250
327886,1,250
328022,1,250
328053,1,250
328304,1,250
328380,1,250
328605,1,250
328783,1,250
328870,1,250
329094,1,250
329658,1,250
330021,1,250
330073,1,250
330145,1,250
330224,1,250
330505,1,250
330533,1,250
330669,1,250
330700,1,250
330733,1,250
330896,1,250
330897,1,250
330912,1,250
330956,1,250
331205,1,250
331262,1,250
331382,1,250
331382,1,250
331479,1,250
331540,1,250
331667,1,250
331674,1,250
331919,1,250
332197,1,250
332293,1,250
332444,1,250
332500,1,250
332730,1,250
332943,1,250
332965,1,250
333073,1,250
333122,1,250
333189,1,250
333238,1,250
333448,1,250
333452,1,250
334084,1,250
334259,1,250
334526,1,250
335563,1,250
335840,1,250
336007,1,250
336182,1,250
336290,1,250
336351,1,250
336553,1,250
336671,1,250
337206,1,250
337365,1,250
337369,1,250
338059,1,250
338678,1,250
338787,1,250
338911,1,250
338990,1,250
339112,1,250
339304,1,250
340595,1,250
340651,1,250
340932,1,250
341337,1,250
341341,1,250
341612,1,250
341804,1,250
341852,1,250
341885,1,250
342448,1,250
342458,1,250
342733,1,250
342759,1,250
342785,1,250
343410,1,250
343792,1,250
344267,1,250
344302,1,250
344424,1,250
344453,1,250
344509,1,250
344598,1,250
345280,1,250
345526,1,250
345534,1,250
345603,1,250
345633,1,250
345666,1,250
345960,1,250
346419,1,250
346625,1,250
346835,1,250
347134,1,250
347168,1,250
347244,1,250
347314,1,250
347361,1,250
347689,1,250
347707,1,250
347859,1,250
348008,1,250
348024,1,250
348349,1,250
348538,1,250
348758,1,250
348880,1,250
349165,1,250
349386,1,250
350288,1,250
350722,1,250
351267,1,250
351476,1,250
351735,1,250
352252,1,250
352763,1,250
353089,1,250
353698,1,250
353912,1,250
354028,1,250
354065,1,250
354083,1,250
354110,1,250
354176,1,250
354194,1,250
354283,1,250
354371,1,250
354535,1,250
354552,1,250
354554,1,250
354644,1,250
354686,1,250
354713,1,250
354719,1,250
354768,1,250
354872,1,250
354913,1,250
355021,1,250
355071,1,250
355101,1,250
355106,1,250
355142,1,250
355184,1,250
355263,1,250
355330,1,250
355330,1,250
355500,1,250
355551,1,250
355752,1,250
355756,1,250
355843,1,250
355907,1,250
355949,1,250
356140,1,250
356168,1,250
356327,1,250
356363,1,250
356376,1,250
356592,1,250
356613,1,250
356766,1,250
357032,1,250
357063,1,250
357323,1,250
357342,1,250
357374,1,250
357429,1,250
357675,1,250
357815,1,250
358001,1,250
358033,1,250
358129,1,250
358228,1,250
358338,1,250
358459,1,250
358503,1,250
358604,1,250
359086,1,250
359114,1,250
359234,1,250
359672,1,250
359771,1,250
359820,1,250
359823,1,250
359858,1,250
359890,1,250
359945,1,250
360350,1,250
360928,1,250
361023,1,250
361037,1,250
361110,1,250
361253,1,250
361370,1,250
361430,1,250
361510,1,250
361547,1,250
361695,1,250
361774,1,250
362090,1,250
362149,1,250
363255,1,250
363557,1,250
363602,1,250
363749,1,250
363990,1,250
364038,1,250
364384,1,250
364396,1,250
364683,1,250
364925,1,250
365071,1,250
365140,1,250
365182,1,250
365329,1,250
365491,1,250
365698,1,250
365920,1,250
366432,1,250
366570,1,250
367023,1,250
367263,1,250
367282,1,250
367345,1,250
367397,1,250
367596,1,250
367736,1,250
367799,1,250
368034,1,250
368098,1,250
368133,1,250
368204,1,250
368263,1,250
368967,1,250
369018,1,250
369033,1,250
369060,1,250
369121,1,250
369128,1,250
369373,1,250
369470,1,250
369531,1,250
369555,1,250
369661,1,250
369753,1,250
369775,1,250
369916,1,250
369946,1,250
370026,1,250
370041,1,250
370060,1,250
370287,1,250
370433,1,250
371017,1,250
371389,1,250
371632,1,250
371800,1,250
372007,1,250
372354,1,250
373510,1,250
373522,1,250
373671,1,250
373678,1,250
373714,1,250
374104,1,250
374105,1,250
374300,1,250
374353,1,250
374369,1,250
374373,1,250
374728,1,250
375188,1,250
375252,1,250
375263,1,250
375315,1,250
375346,1,250
375486,1,250
375651,1,250
376103,1,250
376391,1,250
376524,1,250
376634,1,250
376660,1,250
376797,1,250
376943,1,250
377867,1,250
378013,1,250
378071,1,250
378073,1,250
378121,1,250
378275,1,250
378487,1,250
378546,1,250
378574,1,250
378658,1,250
378810,1,250
378836,1,250
378884,1,250
379006,1,250
379394,1,250
379472,1,250
379604,1,250
379671,1,250
379760,1,250
379773,1,250
379844,1,250
379885,1,250
380007,1,250
380105,1,250
380206,1,250
380318,1,250
380363,1,250
380431,1,250
380760,1,250
381037,1,250
381153,1,250
381361,1,250
381425,1,250
381436,1,250
381508,1,250
382060,1,250
382073,1,250
382335,1,250
382599,1,250
382966,1,250
383019,1,250
383145,1,250
383518,1,250
383683,1,250
383715,1,250
384095,1,250
384276,1,250
384290,1,250
384435,1,250
384566,1,250
384624,1,250
384761,1,250
384788,1,250
384857,1,250
384868,1,250
384917,1,250
385015,1,250
385026,1,250
385038,1,250
385062,1,250
385148,1,250
385403,1,250
385534,1,250
385635,1,250
385656,1,250
385783,1,250
385808,1,250
386377,1,250
386387,1,250
386936,1,250
387038,1,250
387076,1,250
387103,1,250
387118,1,250
387233,1,250
387394,1,250
387440,1,250
387460,1,250
387506,1,250
387673,1,250
387786,1,250
387806,1,250
388047,1,250
388237,1,250
388339,1,250
388350,1,250
388540,1,250
388647,1,250
388665,1,250
389068,1,250
389079,1,250
389138,1,250
389146,1,250
389225,1,250
389406,1,250
389435,1,250
389583,1,250
390069,1,250
390078,1,250
390136,1,250
390264,1,250
390871,1,250
390873,1,250
391047,1,250
391185,1,250
391256,1,250
391288,1,250
391343,1,250
391394,1,250
391555,1,250
391717,1,250
391950,1,250
392234,1,250
392326,1,250
392735,1,250
393312,1,250
393381,1,250
393546,1,250
393659,1,250
393895,1,250
393953,1,250
394026,1,250
394116,1,250
394190,1,250
394406,1,250
394628,1,250
394704,1,250
394822,1,250
394892,1,250
395279,1,250
395323,1,250
395651,1,250
396062,1,250
396195,1,250
396381,1,250
396415,1,250
396508,1,250
396555,1,250
396648,1,250
397302,1,250
397611,1,250
398169,1,250
398246,1,250
398504,1,250
398730,1,250
398880,1,250
399009,1,250
399086,1,250
399198,1,250
399343,1,250
399358,1,250
399457,1,250
399669,1,250
399769,1,250
399876,1,250
401018,1,250
401219,1,250
401452,1,250
401517,1,250
402045,1,250
402067,1,250
402125,1,250
402271,1,250
402284,1,250
402324,1,250
402327,1,250
402375,1,250
402378,1,250
402422,1,250
402437,1,250
402437,1,250
402443,1,250
402453,1,250
402520,1,250
402546,1,250
402688,1,250
402691,1,250
402743,1,250
402762,1,250
402805,1,250
402809,1,250
402867,1,250
402881,1,250
402891,1,250
403073,1,250
403149,1,250
403185,1,250
403276,1,250
403321,1,250
403389,1,250
403443,1,250
403477,1,250
403482,1,250
403599,1,250
403603,1,250
403660,1,250
403690,1,250
403696,1,250
403804,1,250
403833,1,250
403854,1,250
403886,1,250
403967,1,250
403980,1,250
404033,1,250
404043,1,250
404097,1,250
404280,1,250
404335,1,250
404348,1,250
404351,1,250
404381,1,250
404498,1,250
404516,1,250
404589,1,250
404836,1,250
405987,1,250
406012,1,250
406085,1,250
406390,1,250
406485,1,250
406532,1,250
406817,1,250
406898,1,250
406944,1,250
407032,1,250
407136,1,250
407226,1,250
407375,1,250
407595,1,250
407798,1,250
407946,1,250
408176,1,250
408574,1,250
408726,1,250
408849,1,250
408887,1,250
408910,1,250
408972,1,250
409135,1,250
409141,1,250
409170,1,250
409432,1,250
409512,1,250
409553,1,250
409850,1,250
410001,1,250
410088,1,250
410169,1,250
410181,1,250
410202,1,250
410219,1,250
410260,1,250
410485,1,250
410678,1,250
410690,1,250
410728,1,250
410741,1,250
410847,1,250
410862,1,250
411130,1,250
411239,1,250
411270,1,250
411790,1,250
411875,1,250
412007,1,250
412016,1,250
412160,1,250
412307,1,250
412368,1,250
412475,1,250
412624,1,250
413027,1,250
413041,1,250
413049,1,250
413079,1,250
413248,1,250
413256,1,250
413304,1,250
414060,1,250
414123,1,250
414331,1,250
414392,1,250
414477,1,250
414533,1,250
414607,1,250
414707,1,250
414727,1,250
415173,1,250
415317,1,250
415511,1,250
415526,1,250
415547,1,250
415758,1,250
416055,1,250
416396,1,250
416485,1,250
416619,1,250
416786,1,250
416852,1,250
416884,1,250
417311,1,250
417666,1,250
417736,1,250
417753,1,250
417864,1,250
417985,1,250
417998,1,250
418274,1,250
418566,1,250
418881,1,250
419464,1,250
419656,1,250
419893,1,250
420018,1,250
420116,1,250
420413,1,250
420421,1,250
420474,1,250
420644,1,250
421044,1,250
421065,1,250
421358,1,250
421998,1,250
422135,1,250
422180,1,250
423005,1,250
423275,1,250
423621,1,250
423636,1,250
423801,1,250
424052,1,250
424190,1,250
425051,1,250
425278,1,250
425380,1,250
425737,1,250
425803,1,250
425842,1,250
426099,1,250
426114,1,250
426136,1,250
426144,1,250
426198,1,250
426235,1,250
426377,1,250
426381,1,250
426461,1,250
426477,1,250
426518,1,250
426557,1,250
426566,1,250
426725,1,250
426731,1,250
426774,1,250
426833,1,250
426913,1,250
426944,1,250
426955,1,250
426965,1,250
427006,1,250
427068,1,250
427084,1,250
427144,1,250
427196,1,250
427303,1,250
427375,1,250
427401,1,250
427418,1,250
427451,1,250
427469,1,250
427504,1,250
427629,1,250
427662,1,250
427769,1,250
427778,1,250
427848,1,250
427943,1,250
428117,1,250
428159,1,250
428195,1,250
428241,1,250
428255,1,250
428272,1,250
428657,1,250
428669,1,250
429064,1,250
429161,1,250
429245,1,250
429323,1,250
429373,1,250
429653,1,250
429725,1,250
429747,1,250
429828,1,250
429829,1,250
429840,1,250
430256,1,250
430283,1,250
430321,1,250
430434,1,250
430596,1,250
430672,1,250
430885,1,250
430944,1,250
430951,1,250
431091,1,250
431223,1,250
431288,1,250
431340,1,250
431371,1,250
431428,1,250
431435,1,250
431515,1,250
431542,1,250
431570,1,250
431922,1,250
431938,1,250
431999,1,250
432218,1,250
432403,1,250
432492,1,250
432538,1,250
432551,1,250
432584,1,250
432726,1,250
432740,1,250
432900,1,250
433029,1,250
433091,1,250
433124,1,250
433216,1,250
433240,1,250
433312,1,250
433413,1,250
433592,1,250
433620,1,250
433724,1,250
434113,1,250
434141,1,250
434150,1,250
434477,1,250
434626,1,250
434656,1,250
434665,1,250
434685,1,250
434780,1,250
435192,1,250
435276,1,250
435536,1,250
435673,1,250
435854,1,250
435957,1,250
436006,1,250
436040,1,250
436062,1,250
436368,1,250
436560,1,250
436640,1,250
436895,1,250
437027,1,250
437181,1,250
437721,1,250
437882,1,250
438024,1,250
438030,1,250
438053,1,250
438058,1,250
438197,1,250
438310,1,250
438371,1,250
438381,1,250
438533,1,250
438574,1,250
438674,1,250
438774,1,250
438795,1,250
438798,1,250
439099,1,250
439423,1,250
439467,1,250
439643,1,250
439778,1,250
439796,1,250
440049,1,250
440070,1,250
440198,1,250
440363,1,250
440478,1,250
440562,1,250
440668,1,250
440680,1,250
440816,1,250
440827,1,250
440828,1,250
440950,1,250
441014,1,250
441014,1,250
441016,1,250
441306,1,250
441359,1,250
441455,1,250
441742,1,250
441767,1,250
441815,1,250
441880,1,250
441911,1,250
442030,1,250
442030,1,250
442036,1,250
442055,1,250
442176,1,250
442240,1,250
442395,1,250
442466,1,250
442492,1,250
442600,1,250
442611,1,250
442681,1,250
442732,1,250
442916,1,250
442942,1,250
443205,1,250
443207,1,250
443292,1,250
443322,1,250
443517,1,250
443525,1,250
443890,1,250
443955,1,250
444001,1,250
444045,1,250
444252,1,250
444373,1,250
444383,1,250
444538,1,250
444677,1,250
445269,1,250
445503,1,250
445829,1,250
445835,1,250
446278,1,250
446288,1,250
446331,1,250
446459,1,250
446514,1,250
446599,1,250
446670,1,250
446741,1,250
446765,1,250
447470,1,250
447723,1,250
447809,1,250
448008,1,250
448268,1,250
448378,1,250
448411,1,250
448419,1,250
448505,1,250
448617,1,250
448633,1,250
449070,1,250
449248,1,250
449381,1,250
449506,1,250
449755,1,250
449866,1,250
449952,1,250
450025,1,250
450177,1,250
450198,1,250
450281,1,250
450344,1,250
450368,1,250
450486,1,250
450552,1,250
450562,1,250
450563,1,250
450565,1,250
450606,1,250
450666,1,250
450810,1,250
450830,1,250
450830,1,250
450889,1,250
450929,1,250
451087,1,250
451140,1,250
451170,1,250
451259,1,250
451281,1,250
451381,1,250
451421,1,250
451467,1,250
451672,1,250
451719,1,250
451737,1,250
451913,1,250
451929,1,250
452139,1,250
452169,1,250
452405,1,250
452419,1,250
452456,1,250
452644,1,250
452659,1,250
452718,1,250
452752,1,250
452836,1,250
452888,1,250
452942,1,250
453033,1,250
453132,1,250
453179,1,250
453188,1,250
453265,1,250
453321,1,250
453326,1,250
453339,1,250
453352,1,250
453403,1,250
453526,1,250
453632,1,250
453749,1,250
453764,1,250
453788,1,250
453792,1,250
453802,1,250
454008,1,250
454022,1,250
454047,1,250
454129,1,250
454278,1,250
454304,1,250
454321,1,250
454379,1,250
454385,1,250
454414,1,250
454420,1,250
454633,1,250
454705,1,250
454751,1,250
454752,1,250
454916,1,250
454921,1,250
455030,1,250
455085,1,250
455166,1,250
455308,1,250
455374,1,250
455543,1,250
455612,1,250
455626,1,250
455691,1,250
455744,1,250
455794,1,250
455851,1,250
455927,1,250
456186,1,250
456246,1,250
456305,1,250
456601,1,250
456610,1,250
456639,1,250
456682,1,250
456699,1,250
456758,1,250
456809,1,250
456823,1,250
456848,1,250
457163,1,250
457188,1,250
457218,1,250
457343,1,250
457406,1,250
457420,1,250
457482,1,250
457561,1,250
457586,1,250
457613,1,250
457705,1,250
457773,1,250
457782,1,250
457836,1,250
457862,1,250
457893,1,250
457907,1,250
457925,1,250
457942,1,250
457949,1,250
458197,1,250
458210,1,250
458329,1,250
458398,1,250
458425,1,250
458561,1,250
458998,1,250
459060,1,250
459223,1,250
459539,1,250
459645,1,250
459976,1,250
460118,1,250
460183,1,250
460506,1,250
460567,1,250
460582,1,250
460964,1,250
461028,1,250
461077,1,250
461080,1,250
461083,1,250
461106,1,250
461112,1,250
461183,1,250
461334,1,250
461368,1,250
461705,1,250
461790,1,250
461874,1,250
461898,1,250
461945,1,250
462160,1,250
462288,1,250
462320,1,250
462387,1,250
462420,1,250
462454,1,250
462560,1,250
462619,1,250
462621,1,250
462670,1,250
462732,1,250
462779,1,250
462791,1,250
462872,1,250
463065,1,250
463447,1,250
463547,1,250
463661,1,250
463734,1,250
463864,1,250
463865,1,250
463903,1,250
463986,1,250
464012,1,250
464096,1,250
464123,1,250
464308,1,250
464571,1,250
464589,1,250
464681,1,250
464692,1,250
464905,1,250
465062,1,250
465090,1,250
465209,1,250
465351,1,250
465402,1,250
465420,1,250
465544,1,250
465554,1,250
465575,1,250
465647,1,250
465835,1,250
465844,1,250
465977,1,250
466025,1,250
466028,1,250
466074,1,250
466077,1,250
466115,1,250
466169,1,250
466213,1,250
466287,1,250
466306,1,250
466388,1,250
466466,1,250
466500,1,250
466609,1,250
466769,1,250
466784,1,250
466857,1,250
466892,1,250
466929,1,250
466931,1,250
467073,1,250
467136,1,250
467260,1,250
467324,1,250
467432,1,250
467439,1,250
467730,1,250
467830,1,250
468063,1,250
468149,1,250
468155,1,250
468163,1,250
468183,1,250
468197,1,250
468354,1,250
468468,1,250
468477,1,250
468650,1,250
468891,1,250
469102,1,250
469228,1,250
469248,1,250
469269,1,250
469427,1,250
469517,1,250
469573,1,250
469594,1,250
469790,1,250
469801,1,250
469823,1,250
470021,1,250
470071,1,250
470251,1,250
470341,1,250
470451,1,250
470477,1,250
470796,1,250
471022,1,250
471031,1,250
471089,1,250
471099,1,250
471100,1,250
471155,1,250
471178,1,250
471289,1,250
471460,1,250
471469,1,250
471497,1,250
471556,1,250
471575,1,250
471596,1,250
471646,1,250
471679,1,250
471813,1,250
472154,1,250
472192,1,250
472245,1,250
472252,1,250
472292,1,250
472413,1,250
472514,1,250
472517,1,250
472556,1,250
472854,1,250
473037,1,250
473055,1,250
473092,1,250
473092,1,250
473206,1,250
473641,1,250
473667,1,250
473692,1,250
473722,1,250
473735,1,250
473784,1,250
473830,1,250
473907,1,250
473953,1,250
474027,1,250
474038,1,250
474066,1,250
474087,1,250
474093,1,250
474162,1,250
474182,1,250
474215,1,250
474265,1,250
474275,1,250
474277,1,250
474301,1,250
474310,1,250
474367,1,250
474389,1,250
474453,1,250
474511,1,250
474516,1,250
474737,1,250
474748,1,250
474755,1,250
474914,1,250
474961,1,250
474970,1,250
475027,1,250
475033,1,250
475051,1,250
475084,1,250
475100,1,250
475140,1,250
475248,1,250
475278,1,250
475426,1,250
475458,1,250
475462,1,250
475643,1,250
475705,1,250
475712,1,250
475733,1,250
475800,1,250
475812,1,250
475836,1,250
475886,1,250
475893,1,250
475928,1,250
475944,1,250
475947,1,250
475949,1,250
476052,1,250
476504,1,250
476559,1,250
476630,1,250
476768,1,250
476898,1,250
477049,1,250
477050,1,250
477052,1,250
477157,1,250
477204,1,250
477316,1,250
477487,1,250
477526,1,250
477536,1,250
477549,1,250
477664,1,250
477907,1,250
477916,1,250
477928,1,250
477958,1,250
477977,1,250
478034,1,250
478100,1,250
478132,1,250
478240,1,250
478282,1,250
478294,1,250
478529,1,250
478643,1,250
478693,1,250
478730,1,250
478760,1,250
478910,1,250
478950,1,250
479146,1,250
479181,1,250
479201,1,250
479211,1,250
479237,1,250
479258,1,250
479341,1,250
479365,1,250
479415,1,250
479583,1,250
479604,1,250
479638,1,250
479642,1,250
479682,1,250
479732,1,250
479852,1,250
479869,1,250
479891,1,250
479917,1,250
480114,1,250
480172,1,250
480269,1,250
480284,1,250
480311,1,250
480435,1,250
480480,1,250
480530,1,250
480530,1,250
480537,1,250
480553,1,250
480665,1,250
480830,1,250
481006,1,250
481018,1,250
481113,1,250
481114,1,250
481165,1,250
481209,1,250
481215,1,250
481274,1,250
481417,1,250
481429,1,250
481635,1,250
481643,1,250
481704,1,250
481717,1,250
481754,1,250
481772,1,250
481848,1,250
482208,1,250
482287,1,250
482359,1,250
482425,1,250
482498,1,250
482502,1,250
482571,1,250
482688,1,250
482700,1,250
482726,1,250
482840,1,250
482864,1,250
482945,1,250
483334,1,250
483335,1,250
483359,1,250
483572,1,250
483633,1,250
483688,1,250
483715,1,250
483757,1,250
483876,1,250
483946,1,250
484124,1,250
484186,1,250
484214,1,250
484275,1,250
484276,1,250
484378,1,250
484384,1,250
484439,1,250
484472,1,250
484481,1,250
484614,1,250
484646,1,250
484834,1,250
484838,1,250
484984,1,250
485008,1,250
485102,1,250
485116,1,250
485195,1,250
485240,1,250
485421,1,250
485424,1,250
485455,1,250
485487,1,250
485531,1,250
485588,1,250
485624,1,250
485695,1,250
485696,1,250
485730,1,250
485762,1,250
485770,1,250
485795,1,250
485819,1,250
486001,1,250
486132,1,250
486163,1,250
486357,1,250
486412,1,250
486507,1,250
486535,1,250
486698,1,250
486744,1,250
486869,1,250
487025,1,250
487338,1,250
487338,1,250
487365,1,250
487456,1,250
487505,1,250
487516,1,250
487517,1,250
487685,1,250
487752,1,250
487833,1,250
487904,1,250
487976,1,250
488013,1,250
488053,1,250
488070,1,250
488173,1,250
488320,1,250
488369,1,250
488369,1,250
488411,1,250
488531,1,250
488601,1,250
488631,1,250
488755,1,250
488793,1,250
488802,1,250
489009,1,250
489072,1,250
489233,1,250
489356,1,250
489379,1,250
489566,1,250
489574,1,250
489599,1,250
489643,1,250
489766,1,250
489819,1,250
489914,1,250
490012,1,250
490207,1,250
490216,1,250
490256,1,250
490298,1,250
490326,1,250
490490,1,250
490517,1,250
490561,1,250
490892,1,250
490904,1,250
491088,1,250
491152,1,250
491373,1,250
491445,1,250
491522,1,250
491613,1,250
491765,1,250
491770,1,250
491907,1,250
492023,1,250
492063,1,250
492150,1,250
492183,1,250
492192,1,250
492417,1,250
492704,1,250
492721,1,250
492746,1,250
492891,1,250
492978,1,250
492994,1,250
493082,1,250
493174,1,250
493275,1,250
493302,1,250
493441,1,250
493626,1,250
493846,1,250
493860,1,250
493865,1,250
494017,1,250
494027,1,250
494137,1,250
494286,1,250
494495,1,250
494608,1,250
494646,1,250
494766,1,250
494840,1,250
494847,1,250
495041,1,250
495045,1,250
495441,1,250
495549,1,250
495717,1,250
495725,1,250
495769,1,250
495930,1,250
495991,1,250
496137,1,250
496137,1,250
496365,1,250
496570,1,250
496803,1,250
496818,1,250
496819,1,250
496918,1,250
497272,1,250
497365,1,250
497840,1,250
498080,1,250
498097,1,250
498192,1,250
498234,1,250
498240,1,250
498281,1,250
498404,1,250
498444,1,250
498557,1,250
498565,1,250
498730,1,250
498913,1,250
499011,1,250
499102,1,250
499218,1,250
499228,1,250
499467,1,250
499507,1,250
499544,1,250
499590,1,250
499710,1,250
499933,1,250
499951,1,250
499983,1,250
500008,1,250
500013,1,250
500023,1,250
500029,1,250
500077,1,250
500212,1,250
500268,1,250
500280,1,250
500295,1,250
500343,1,250
500394,1,250
500507,1,250
500519,1,250
500701,1,250
501011,1,250
501035,1,250
501094,1,250
501104,1,250
501185,1,250
501225,1,250
501270,1,250
501308,1,250
501335,1,250
501356,1,250
501395,1,250
501439,1,250
501585,1,250
501681,1,250
502160,1,250
502217,1,250
502224,1,250
502357,1,250
502369,1,250
502462,1,250
502537,1,250
502677,1,250
502708,1,250
502724,1,250
502770,1,250
502828,1,250
502842,1,250
502909,1,250
503105,1,250
503202,1,250
503402,1,250
503514,1,250
503555,1,250
503637,1,250
503718,1,250
503794,1,250
503822,1,250
503877,1,250
504039,1,250
504039,1,250
504054,1,250
504117,1,250
504140,1,250
504170,1,250
504203,1,250
504360,1,250
504461,1,250
504522,1,250
504526,1,250
504891,1,250
505321,1,250
506066,1,250
506088,1,250
506167,1,250
506173,1,250
506184,1,250
506250,1,250
506529,1,250
506598,1,250
506619,1,250
506639,1,250
506669,1,250
506674,1,250
506715,1,250
506746,1,250
507082,1,250
507107,1,250
507230,1,250
507252,1,250
507273,1,250
507288,1,250
507405,1,250
507458,1,250
507486,1,250
507507,1,250
507717,1,250
507730,1,250
507732,1,250
507835,1,250
507872,1,250
507897,1,250
508134,1,250
508134,1,250
508310,1,250
508664,1,250
508665,1,250
508711,1,250
508925,1,250
509059,1,250
509063,1,250
509094,1,250
509221,1,250
509425,1,250
509549,1,250
509577,1,250
509587,1,250
509682,1,250
509966,1,250
510044,1,250
510053,1,250
510236,1,250
510237,1,250
510249,1,250
510256,1,250
510266,1,250
510312,1,250
510502,1,250
510503,1,250
510505,1,250
510539,1,250
510656,1,250
510790,1,250
510922,1,250
511203,1,250
511473,1,250
511489,1,250
511542,1,250
511709,1,250
511748,1,250
511922,1,250
511930,1,250
512044,1,250
512087,1,250
512098,1,250
512161,1,250
512177,1,250
512283,1,250
512349,1,250
512383,1,250
512469,1,250
512485,1,250
512809,1,250
512831,1,250
512842,1,250
512866,1,250
512898,1,250
513029,1,250
513068,1,250
513138,1,250
513212,1,250
513259,1,250
513263,1,250
513385,1,250
513402,1,250
513688,1,250
513703,1,250
513744,1,250
513763,1,250
513824,1,250
513934,1,250
514059,1,250
514165,1,250
514204,1,250
514262,1,250
514273,1,250
514356,1,250
514359,1,250
514495,1,250
514684,1,250
514760,1,250
514789,1,250
514850,1,250
514894,1,250
514921,1,250
515035,1,250
515225,1,250
515258,1,250
515416,1,250
515443,1,250
515445,1,250
515448,1,250
515479,1,250
515483,1,250
515613,1,250
515735,1,250
516004,1,250
516032,1,250
516091,1,250
516113,1,250
516170,1,250
516205,1,250
516223,1,250
516290,1,250
516525,1,250
516775,1,250
516896,1,250
517005,1,250
517045,1,250
517056,1,250
517066,1,250
517073,1,250
517144,1,250
517174,1,250
517258,1,250
517346,1,250
517358,1,250
517433,1,250
517615,1,250
517636,1,250
517679,1,250
517870,1,250
517907,1,250
517981,1,250
518015,1,250
518022,1,250
518078,1,250
518299,1,250
518399,1,250
518639,1,250
518644,1,250
518659,1,250
518712,1,250
518819,1,250
518866,1,250
518911,1,250
518918,1,250
519006,1,250
519341,1,250
519344,1,250
519443,1,250
519585,1,250
519623,1,250
519924,1,250
520121,1,250
520144,1,250
520286,1,250
520393,1,250
520632,1,250
520738,1,250
520740,1,250
520795,1,250
521019,1,250
521174,1,250
521312,1,250
521426,1,250
521457,1,250
521535,1,250
521649,1,250
522160,1,250
522214,1,250
522216,1,250
522249,1,250
522344,1,250
522425,1,250
522454,1,250
522455,1,250
522460,1,250
522549,1,250
522565,1,250
522598,1,250
522600,1,250
522774,1,250
522791,1,250
523028,1,250
523135,1,250
523344,1,250
523546,1,250
523609,1,250
523713,1,250
523812,1,250
523996,1,250
524272,1,250
524396,1,250
524578,1,250
524766,1,250
524909,1,250
525019,1,250
525607,1,250
525664,1,250
525722,1,250
525984,1,250
526081,1,250
526376,1,250
526432,1,250
526499,1,250
526700,1,250
526705,1,250
526906,1,250
526920,1,250
527003,1,250
527044,1,250
527091,1,250
527583,1,250
527643,1,250
527748,1,250
527901,1,250
527967,1,250
528018,1,250
528082,1,250
528125,1,250
528175,1,250
528235,1,250
528248,1,250
528276,1,250
528619,1,250
528627,1,250
528645,1,250
528655,1,250
529154,1,250
529209,1,250
529461,1,250
529707,1,250
529896,1,250
530157,1,250
530271,1,250
530317,1,250
530436,1,250
530511,1,250
530597,1,250
530654,1,250
530664,1,250
530685,1,250
530714,1,250
530849,1,250
530908,1,250
531006,1,250
531257,1,250
531468,1,250
531791,1,250
532283,1,250
532449,1,250
532459,1,250
532534,1,250
532631,1,250
532672,1,250
532683,1,250
533059,1,250
533095,1,250
533135,1,250
533207,1,250
533564,1,250
533635,1,250
533781,1,250
533931,1,250
533969,1,250
534087,1,250
534132,1,250
534507,1,250
534525,1,250
534588,1,250
534694,1,250
534762,1,250
534793,1,250
534840,1,250
535023,1,250
535051,1,250
535136,1,250
535372,1,250
535753,1,250
535888,1,250
536021,1,250
537160,1,250
537197,1,250
537297,1,250
537353,1,250
537582,1,250
537584,1,250
537718,1,250
537805,1,250
537827,1,250
538427,1,250
538474,1,250
538507,1,250
539131,1,250
539510,1,250
539513,1,250
539575,1,250
539784,1,250
540357,1,250
540408,1,250
540531,1,250
540693,1,250
540901,1,250
541144,1,250
541938,1,250
542306,1,250
542308,1,250
542546,1,250
542560,1,250
542570,1,250
542584,1,250
542620,1,250
542637,1,250
542646,1,250
542785,1,250
542805,1,250
542871,1,250
543019,1,250
543221,1,250
543491,1,250
543586,1,250
543604,1,250
543632,1,250
543649,1,250
543687,1,250
543969,1,250
543992,1,250
544066,1,250
544658,1,250
544847,1,250
544903,1,250
544941,1,250
545057,1,250
545112,1,250
545326,1,250
546030,1,250
546202,1,250
546289,1,250
546320,1,250
546329,1,250
546841,1,250
546852,1,250
546870,1,250
547047,1,250
547070,1,250
547438,1,250
547775,1,250
548319,1,250
548687,1,250
548796,1,250
548985,1,250
549034,1,250
549118,1,250
549293,1,250
549372,1,250
550532,1,250
550618,1,250
550662,1,250
551090,1,250
551154,1,250
551424,1,250
552118,1,250
552598,1,250
552768,1,250
553419,1,250
554090,1,250
554175,1,250
554423,1,250
554582,1,250
554625,1,250
555216,1,250
555705,1,250
555853,1,250
555855,1,250
556571,1,250
557124,1,250
557139,1,250
557142,1,250
557379,1,250
557568,1,250
557571,1,250
558055,1,250
558182,1,250
558836,1,250
559296,1,250
559496,1,250
559516,1,250
559568,1,250
559667,1,250
559672,1,250
560010,1,250
560124,1,250
560146,1,250
560803,1,250
561018,1,250
561486,1,250
561615,1,250
561794,1,250
562007,1,250
562040,1,250
562043,1,250
562329,1,250
562530,1,250
562848,1,250
563009,1,250
563805,1,250
564240,1,250
564430,1,250
564664,1,250
564706,1,250
564816,1,250
565019,1,250
565604,1,250
565683,1,250
565850,1,250
566114,1,250
566121,1,250
566159,1,250
566222,1,250
566257,1,250
566376,1,250
566590,1,250
566607,1,250
566643,1,250
566751,1,250
566866,1,250
566941,1,250
566946,1,250
567044,1,250
567168,1,250
567216,1,250
567362,1,250
568019,1,250
568173,1,250
568267,1,250
568318,1,250
568394,1,250
568412,1,250
568436,1,250
568531,1,250
568660,1,250
568724,1,250
568794,1,250
568838,1,250
568855,1,250
569079,1,250
569173,1,250
569609,1,250
569659,1,250
569827,1,250
569912,1,250
569934,1,250
570141,1,250
570220,1,250
570651,1,250
571142,1,250
571208,1,250
571231,1,250
571331,1,250
571511,1,250
571563,1,250
571864,1,250
571944,1,250
572058,1,250
572197,1,250
572290,1,250
572326,1,250
572441,1,250
572634,1,250
573355,1,250
573383,1,250
573400,1,250
573534,1,250
573893,1,250
574127,1,250
574292,1,250
574551,1,250
574649,1,250
574733,1,250
574787,1,250
575243,1,250
575252,1,250
575711,1,250
575867,1,250
575910,1,250
576738,1,250
576820,1,250
576918,1,250
577381,1,250
577741,1,250
577851,1,250
578304,1,250
578531,1,250
578770,1,250
579024,1,250
579264,1,250
580056,1,250
580430,1,250
580432,1,250
580552,1,250
