51,1,250
82,1,250
295,1,250
654,1,250
891,1,250
1367,1,250
1837,1,250
1925,1,250
2056,1,250
2184,1,250
2248,1,250
2412,1,250
2641,1,250
3063,1,250
3225,1,250
3310,1,250
3373,1,250
4248,1,250
4691,1,250
4748,1,250
4842,1,250
5635,1,250
6260,1,250
6670,1,250
6916,1,250
6929,1,250
7025,1,250
7139,1,250
7707,1,250
8243,1,250
8643,1,250
8867,1,250
9043,1,250
9198,1,250
9215,1,250
9281,1,250
9288,1,250
9522,1,250
9930,1,250
10241,1,250
10263,1,250
10501,1,250
10610,1,250
11493,1,250
12863,1,250
12952,1,250
13089,1,250
13529,1,250
13891,1,250
13893,1,250
14025,1,250
15030,1,250
15075,1,250
15085,1,250
15133,1,250
15668,1,250
16119,1,250
16270,1,250
16636,1,250
17502,1,250
17582,1,250
17587,1,250
17884,1,250
17889,1,250
18003,1,250
18044,1,250
18149,1,250
18182,1,250
18218,1,250
18286,1,250
18466,1,250
18480,1,250
18485,1,250
18555,1,250
18771,1,250
19169,1,250
19186,1,250
19277,1,250
19613,1,250
19640,1,250
19684,1,250
19820,1,250
19965,1,250
20667,1,250
20825,1,250
21013,1,250
21173,1,250
21416,1,250
21444,1,250
21524,1,250
21552,1,250
21717,1,250
21970,1,250
22012,1,250
22135,1,250
22466,1,250
22511,1,250
22964,1,250
23049,1,250
23227,1,250
23311,1,250
23614,1,250
23685,1,250
23913,1,250
24222,1,250
24369,1,250
24402,1,250
24507,1,250
24766,1,250
25076,1,250
25124,1,250
25147,1,250
25413,1,250
26380,1,250
26627,1,250
26764,1,250
26854,1,250
27005,1,250
27490,1,250
27561,1,250
27634,1,250
27908,1,250
27977,1,250
28004,1,250
28144,1,250
28293,1,250
28926,1,250
29002,1,250
29017,1,250
29029,1,250
29030,1,250
29154,1,250
29359,1,250
29488,1,250
29499,1,250
29674,1,250
30462,1,250
30658,1,250
30673,1,250
30674,1,250
31423,1,250
31630,1,250
32156,1,250
32879,1,250
32995,1,250
33143,1,250
33903,1,250
34562,1,250
34737,1,250
34935,1,250
35524,1,250
35550,1,250
35713,1,250
36767,1,250
39017,1,250
39032,1,250
39063,1,250
39147,1,250
40291,1,250
41278,1,250
41286,1,250
41380,1,250
41484,1,250
41549,1,250
41940,1,250
42744,1,250
42891,1,250
42924,1,250
42985,1,250
43011,1,250
43046,1,250
43125,1,250
43560,1,250
44005,1,250
44007,1,250
44335,1,250
44669,1,250
45010,1,250
45131,1,250
45135,1,250
45161,1,250
45273,1,250
45347,1,250
45383,1,250
45745,1,250
46006,1,250
46057,1,250
46337,1,250
46544,1,250
46669,1,250
46808,1,250
47624,1,250
47815,1,250
48097,1,250
48121,1,250
48133,1,250
48370,1,250
48819,1,250
49245,1,250
49517,1,250
49563,1,250
49834,1,250
50220,1,250
50385,1,250
50392,1,250
50455,1,250
50635,1,250
51178,1,250
51288,1,250
51633,1,250
51693,1,250
52043,1,250
52326,1,250
52635,1,250
52766,1,250
53088,1,250
53162,1,250
53178,1,250
53208,1,250
53613,1,250
53641,1,250
54025,1,250
55411,1,250
55916,1,250
56311,1,250
56313,1,250
56419,1,250
56427,1,250
56782,1,250
56788,1,250
57396,1,250
57607,1,250
57612,1,250
58186,1,250
58193,1,250
58279,1,250
58315,1,250
58320,1,250
58730,1,250
59300,1,250
59313,1,250
59912,1,250
60047,1,250
60209,1,250
60320,1,250
60569,1,250
60915,1,250
61773,1,250
62226,1,250
62466,1,250
62562,1,250
62628,1,250
62681,1,250
62700,1,250
62923,1,250
63178,1,250
63417,1,250
63557,1,250
63563,1,250
63881,1,250
63897,1,250
63928,1,250
64222,1,250
64648,1,250
65672,1,250
65792,1,250
66106,1,250
66182,1,250
66198,1,250
66252,1,250
66258,1,250
66278,1,250
66364,1,250
66402,1,250
66410,1,250
66466,1,250
66548,1,250
66619,1,250
66632,1,250
66726,1,250
66790,1,250
66967,1,250
66970,1,250
67039,1,250
67053,1,250
67144,1,250
67210,1,250
67399,1,250
67533,1,250
67626,1,250
67644,1,250
67755,1,250
67830,1,250
67969,1,250
68058,1,250
68146,1,250
68371,1,250
68414,1,250
68864,1,250
69028,1,250
69056,1,250
69946,1,250
69947,1,250
70250,1,250
70280,1,250
70409,1,250
70526,1,250
70575,1,250
70665,1,250
71084,1,250
71200,1,250
71293,1,250
71454,1,250
71800,1,250
71854,1,250
72099,1,250
72273,1,250
72318,1,250
72407,1,250
72491,1,250
72513,1,250
73778,1,250
73946,1,250
74153,1,250
74185,1,250
74413,1,250
74594,1,250
75137,1,250
75253,1,250
75326,1,250
75608,1,250
76189,1,250
76260,1,250
76290,1,250
76292,1,250
76377,1,250
76381,1,250
76455,1,250
76621,1,250
76682,1,250
76827,1,250
76896,1,250
77040,1,250
77123,1,250
77322,1,250
77347,1,250
77787,1,250
77859,1,250
77924,1,250
77928,1,250
78014,1,250
78066,1,250
78233,1,250
78241,1,250
78465,1,250
78482,1,250
78536,1,250
78655,1,250
78887,1,250
78912,1,250
79028,1,250
79063,1,250
79081,1,250
79083,1,250
79329,1,250
79668,1,250
79880,1,250
79925,1,250
79965,1,250
80010,1,250
80278,1,250
80362,1,250
80508,1,250
80752,1,250
80893,1,250
80925,1,250
81009,1,250
81903,1,250
81970,1,250
82063,1,250
82086,1,250
82206,1,250
82835,1,250
83143,1,250
83371,1,250
83432,1,250
83680,1,250
83764,1,250
83797,1,250
84043,1,250
84155,1,250
84161,1,250
84422,1,250
84439,1,250
85045,1,250
85142,1,250
85155,1,250
85163,1,250
85382,1,250
85389,1,250
85418,1,250
85486,1,250
85680,1,250
85740,1,250
86362,1,250
86721,1,250
86967,1,250
87023,1,250
87203,1,250
87291,1,250
87542,1,250
87675,1,250
88084,1,250
88127,1,250
89062,1,250
89205,1,250
89875,1,250
90013,1,250
90096,1,250
90240,1,250
90266,1,250
90343,1,250
90370,1,250
90396,1,250
90412,1,250
90441,1,250
90456,1,250
90589,1,250
90599,1,250
90664,1,250
90770,1,250
90834,1,250
90895,1,250
90907,1,250
91193,1,250
91484,1,250
91527,1,250
91603,1,250
91690,1,250
91792,1,250
91794,1,250
91807,1,250
91813,1,250
91971,1,250
92017,1,250
92037,1,250
92133,1,250
92155,1,250
92182,1,250
92366,1,250
92373,1,250
92423,1,250
92563,1,250
92879,1,250
92905,1,250
92931,1,250
92973,1,250
93027,1,250
93414,1,250
93484,1,250
93493,1,250
93633,1,250
93835,1,250
94028,1,250
94039,1,250
94076,1,250
94174,1,250
94285,1,250
94287,1,250
94305,1,250
94409,1,250
94422,1,250
94438,1,250
94728,1,250
94745,1,250
94832,1,250
94841,1,250
94876,1,250
94912,1,250
94964,1,250
95182,1,250
95207,1,250
95212,1,250
95297,1,250
95310,1,250
95438,1,250
95481,1,250
95481,1,250
95512,1,250
95617,1,250
95657,1,250
95845,1,250
95866,1,250
95923,1,250
96253,1,250
96317,1,250
96557,1,250
96581,1,250
96602,1,250
96696,1,250
96761,1,250
96897,1,250
96914,1,250
97156,1,250
97291,1,250
97336,1,250
97429,1,250
97432,1,250
97439,1,250
97497,1,250
97716,1,250
97736,1,250
97819,1,250
97858,1,250
97901,1,250
97916,1,250
97985,1,250
98014,1,250
98065,1,250
98128,1,250
98311,1,250
98384,1,250
98426,1,250
98589,1,250
98614,1,250
98623,1,250
98790,1,250
99060,1,250
99163,1,250
99169,1,250
99256,1,250
99398,1,250
99662,1,250
99705,1,250
99958,1,250
99970,1,250
100124,1,250
100190,1,250
100194,1,250
100248,1,250
100400,1,250
100467,1,250
100493,1,250
100595,1,250
100640,1,250
101089,1,250
101213,1,250
101357,1,250
101420,1,250
101605,1,250
101697,1,250
101698,1,250
101814,1,250
101863,1,250
101950,1,250
101963,1,250
102024,1,250
102080,1,250
102145,1,250
102152,1,250
102157,1,250
102164,1,250
102244,1,250
102250,1,250
102331,1,250
102363,1,250
102395,1,250
102461,1,250
102466,1,250
102765,1,250
102867,1,250
102885,1,250
102959,1,250
102966,1,250
103044,1,250
103074,1,250
103360,1,250
103381,1,250
103458,1,250
103550,1,250
103714,1,250
103873,1,250
103973,1,250
104205,1,250
104272,1,250
104286,1,250
104425,1,250
104435,1,250
104475,1,250
104506,1,250
104645,1,250
104830,1,250
105023,1,250
105055,1,250
105287,1,250
105333,1,250
105341,1,250
105569,1,250
105604,1,250
105633,1,250
105768,1,250
105861,1,250
106082,1,250
106085,1,250
106215,1,250
106263,1,250
106453,1,250
106611,1,250
106672,1,250
106699,1,250
106954,1,250
107100,1,250
107134,1,250
107282,1,250
107294,1,250
107540,1,250
107601,1,250
107693,1,250
107735,1,250
107881,1,250
108033,1,250
108177,1,250
108436,1,250
108465,1,250
108552,1,250
108843,1,250
108847,1,250
108882,1,250
109007,1,250
109089,1,250
109202,1,250
109294,1,250
109343,1,250
109376,1,250
109492,1,250
109647,1,250
109820,1,250
109843,1,250
109864,1,250
109865,1,250
109978,1,250
110001,1,250
110049,1,250
110129,1,250
110204,1,250
110216,1,250
110219,1,250
110247,1,250
110374,1,250
110442,1,250
110486,1,250
110504,1,250
110598,1,250
110607,1,250
110696,1,250
110737,1,250
111124,1,250
111209,1,250
111388,1,250
111515,1,250
111522,1,250
111547,1,250
111958,1,250
111998,1,250
112022,1,250
112050,1,250
112459,1,250
112474,1,250
112514,1,250
112592,1,250
112655,1,250
112702,1,250
112706,1,250
112763,1,250
112872,1,250
113014,1,250
113038,1,250
113039,1,250
113110,1,250
113161,1,250
113217,1,250
113281,1,250
113506,1,250
113564,1,250
113586,1,250
113716,1,250
113915,1,250
113935,1,250
113967,1,250
114052,1,250
114071,1,250
114079,1,250
114081,1,250
114242,1,250
114268,1,250
114289,1,250
114299,1,250
114524,1,250
114549,1,250
114552,1,250
114554,1,250
114605,1,250
114715,1,250
114738,1,250
114822,1,250
114874,1,250
114924,1,250
115052,1,250
115198,1,250
115262,1,250
115268,1,250
115352,1,250
115396,1,250
115430,1,250
115458,1,250
115630,1,250
115683,1,250
115805,1,250
115846,1,250
115893,1,250
115953,1,250
115965,1,250
116008,1,250
116063,1,250
116084,1,250
116296,1,250
116328,1,250
116369,1,250
116379,1,250
116388,1,250
116409,1,250
116437,1,250
116511,1,250
116602,1,250
116625,1,250
116695,1,250
116756,1,250
116868,1,250
116889,1,250
117149,1,250
117198,1,250
117247,1,250
117280,1,250
117393,1,250
117403,1,250
117512,1,250
117513,1,250
117538,1,250
117605,1,250
117719,1,250
117729,1,250
117734,1,250
117843,1,250
117901,1,250
118175,1,250
118207,1,250
118218,1,250
118302,1,250
118411,1,250
118460,1,250
118635,1,250
118669,1,250
118684,1,250
118713,1,250
118962,1,250
119039,1,250
119076,1,250
119157,1,250
119177,1,250
119292,1,250
119461,1,250
119489,1,250
119823,1,250
119841,1,250
119860,1,250
119951,1,250
119998,1,250
120030,1,250
120120,1,250
120124,1,250
120149,1,250
120281,1,250
120329,1,250
120333,1,250
120365,1,250
120548,1,250
120576,1,250
120620,1,250
120870,1,250
120927,1,250
121124,1,250
121151,1,250
121196,1,250
121242,1,250
121288,1,250
121304,1,250
121316,1,250
121385,1,250
121438,1,250
121487,1,250
121610,1,250
121822,1,250
122173,1,250
122176,1,250
122224,1,250
122309,1,250
122333,1,250
122375,1,250
122405,1,250
122462,1,250
122560,1,250
122565,1,250
122780,1,250
122881,1,250
122881,1,250
122945,1,250
122999,1,250
123019,1,250
123020,1,250
123051,1,250
123126,1,250
123159,1,250
123271,1,250
123272,1,250
123280,1,250
123399,1,250
123445,1,250
123626,1,250
123645,1,250
123732,1,250
123807,1,250
123810,1,250
124094,1,250
124096,1,250
124294,1,250
124414,1,250
124442,1,250
124457,1,250
124549,1,250
124583,1,250
124716,1,250
124731,1,250
124770,1,250
124824,1,250
124953,1,250
124980,1,250
125008,1,250
125159,1,250
125252,1,250
125569,1,250
125592,1,250
125796,1,250
125872,1,250
125883,1,250
125888,1,250
125914,1,250
125946,1,250
126043,1,250
126049,1,250
126058,1,250
126090,1,250
126157,1,250
126236,1,250
126269,1,250
126349,1,250
126361,1,250
126374,1,250
126393,1,250
126614,1,250
126632,1,250
126739,1,250
126759,1,250
126830,1,250
126914,1,250
127023,1,250
127033,1,250
127122,1,250
127125,1,250
127188,1,250
127202,1,250
127235,1,250
127271,1,250
127359,1,250
127367,1,250
127618,1,250
127669,1,250
127675,1,250
127884,1,250
127905,1,250
127979,1,250
128071,1,250
128076,1,250
128086,1,250
128149,1,250
128189,1,250
128323,1,250
128352,1,250
128365,1,250
128398,1,250
128466,1,250
128513,1,250
128615,1,250
128673,1,250
128673,1,250
129068,1,250
129195,1,250
129197,1,250
129228,1,250
129246,1,250
129270,1,250
129293,1,250
129389,1,250
129415,1,250
129500,1,250
129509,1,250
129575,1,250
129594,1,250
129606,1,250
129650,1,250
129665,1,250
129777,1,250
129779,1,250
129882,1,250
129953,1,250
130010,1,250
130012,1,250
130046,1,250
130170,1,250
130326,1,250
130350,1,250
130450,1,250
130479,1,250
130592,1,250
130699,1,250
130824,1,250
130945,1,250
130962,1,250
131136,1,250
131236,1,250
131298,1,250
131299,1,250
131323,1,250
131347,1,250
131435,1,250
131752,1,250
131912,1,250
132121,1,250
132254,1,250
132284,1,250
132347,1,250
132414,1,250
132474,1,250
132619,1,250
132776,1,250
132873,1,250
132976,1,250
133001,1,250
133018,1,250
133478,1,250
133502,1,250
133585,1,250
133642,1,250
133650,1,250
133775,1,250
133934,1,250
133934,1,250
134182,1,250
134231,1,250
134262,1,250
134334,1,250
134403,1,250
134461,1,250
134499,1,250
134600,1,250
134638,1,250
134708,1,250
134712,1,250
134821,1,250
135029,1,250
135039,1,250
135171,1,250
135212,1,250
135251,1,250
135268,1,250
135387,1,250
135451,1,250
135558,1,250
135698,1,250
135768,1,250
135973,1,250
136060,1,250
136078,1,250
136095,1,250
136102,1,250
136222,1,250
136291,1,250
136382,1,250
136529,1,250
136619,1,250
136697,1,250
136816,1,250
136831,1,250
136898,1,250
136916,1,250
137002,1,250
137314,1,250
137323,1,250
137410,1,250
137636,1,250
137712,1,250
137787,1,250
137834,1,250
137871,1,250
138063,1,250
138105,1,250
138110,1,250
138116,1,250
138152,1,250
138155,1,250
138197,1,250
138252,1,250
138277,1,250
138278,1,250
138292,1,250
138377,1,250
138437,1,250
138447,1,250
138452,1,250
138455,1,250
138554,1,250
138562,1,250
138587,1,250
138587,1,250
138605,1,250
138627,1,250
138664,1,250
138707,1,250
138710,1,250
138730,1,250
138751,1,250
138759,1,250
138789,1,250
138849,1,250
138849,1,250
138874,1,250
138890,1,250
138925,1,250
138973,1,250
139100,1,250
139109,1,250
139109,1,250
139157,1,250
139170,1,250
139172,1,250
139186,1,250
139215,1,250
139220,1,250
139433,1,250
139531,1,250
139548,1,250
139555,1,250
139620,1,250
139642,1,250
139713,1,250
139757,1,250
139758,1,250
139787,1,250
139814,1,250
139838,1,250
139860,1,250
139862,1,250
139871,1,250
139875,1,250
139892,1,250
139909,1,250
139921,1,250
139921,1,250
139922,1,250
139998,1,250
140113,1,250
140161,1,250
140216,1,250
140225,1,250
140291,1,250
140496,1,250
140507,1,250
140508,1,250
140527,1,250
140532,1,250
140565,1,250
140612,1,250
140790,1,250
140913,1,250
140927,1,250
140942,1,250
141011,1,250
141042,1,250
141043,1,250
141052,1,250
141053,1,250
141112,1,250
141189,1,250
141284,1,250
141410,1,250
141513,1,250
141601,1,250
141729,1,250
141735,1,250
141795,1,250
141928,1,250
141934,1,250
141963,1,250
141964,1,250
142153,1,250
142159,1,250
142173,1,250
142179,1,250
142213,1,250
142258,1,250
142270,1,250
142317,1,250
142415,1,250
142424,1,250
142441,1,250
142544,1,250
142638,1,250
142783,1,250
142840,1,250
142854,1,250
142917,1,250
142960,1,250
143013,1,250
143093,1,250
143111,1,250
143146,1,250
143213,1,250
143322,1,250
143334,1,250
143349,1,250
143362,1,250
143432,1,250
143514,1,250
143543,1,250
143579,1,250
143757,1,250
143798,1,250
144016,1,250
144114,1,250
144168,1,250
144359,1,250
144384,1,250
144398,1,250
144450,1,250
144485,1,250
144493,1,250
144506,1,250
144537,1,250
144639,1,250
144710,1,250
144745,1,250
144806,1,250
144834,1,250
144875,1,250
144901,1,250
144942,1,250
144973,1,250
145011,1,250
145044,1,250
145045,1,250
145048,1,250
145209,1,250
145296,1,250
145323,1,250
145359,1,250
145410,1,250
145460,1,250
145465,1,250
145515,1,250
145521,1,250
145624,1,250
145667,1,250
145683,1,250
145812,1,250
145857,1,250
145898,1,250
145909,1,250
146059,1,250
146060,1,250
146095,1,250
146098,1,250
146126,1,250
146148,1,250
146178,1,250
146216,1,250
146244,1,250
146341,1,250
146351,1,250
146359,1,250
146403,1,250
146445,1,250
146480,1,250
146611,1,250
146674,1,250
146685,1,250
146708,1,250
146740,1,250
146764,1,250
146792,1,250
146818,1,250
146860,1,250
146889,1,250
146962,1,250
147053,1,250
147080,1,250
147110,1,250
147142,1,250
147235,1,250
147354,1,250
147376,1,250
147409,1,250
147433,1,250
147451,1,250
147582,1,250
147623,1,250
147642,1,250
147708,1,250
147757,1,250
147767,1,250
147780,1,250
147801,1,250
147827,1,250
147830,1,250
148043,1,250
148192,1,250
148208,1,250
148246,1,250
148334,1,250
148395,1,250
148436,1,250
148483,1,250
148553,1,250
148577,1,250
148617,1,250
148657,1,250
148749,1,250
148781,1,250
148855,1,250
149032,1,250
149064,1,250
149117,1,250
149119,1,250
149322,1,250
149354,1,250
149441,1,250
149570,1,250
149588,1,250
149592,1,250
149726,1,250
149800,1,250
149812,1,250
149825,1,250
149829,1,250
149836,1,250
149867,1,250
149928,1,250
149982,1,250
150021,1,250
150028,1,250
150059,1,250
150098,1,250
150101,1,250
150159,1,250
150160,1,250
150209,1,250
150277,1,250
150446,1,250
150453,1,250
150499,1,250
150561,1,250
150561,1,250
150619,1,250
150735,1,250
150738,1,250
150835,1,250
150836,1,250
150873,1,250
150875,1,250
150895,1,250
150971,1,250
151026,1,250
151026,1,250
151030,1,250
151030,1,250
151260,1,250
151349,1,250
151361,1,250
151377,1,250
151380,1,250
151439,1,250
151455,1,250
151473,1,250
151579,1,250
151581,1,250
151680,1,250
151726,1,250
151737,1,250
151745,1,250
151775,1,250
151810,1,250
151832,1,250
151928,1,250
152050,1,250
152111,1,250
152191,1,250
152191,1,250
152222,1,250
152260,1,250
152389,1,250
152481,1,250
152570,1,250
152622,1,250
152647,1,250
152694,1,250
152737,1,250
152746,1,250
152777,1,250
152853,1,250
153011,1,250
153051,1,250
153132,1,250
153209,1,250
153254,1,250
153258,1,250
153263,1,250
153325,1,250
153380,1,250
153390,1,250
153443,1,250
153523,1,250
153594,1,250
153598,1,250
153613,1,250
153634,1,250
153719,1,250
153771,1,250
154013,1,250
154032,1,250
154061,1,250
154086,1,250
154201,1,250
154280,1,250
154323,1,250
154333,1,250
154347,1,250
154387,1,250
154391,1,250
154481,1,250
154564,1,250
154566,1,250
154566,1,250
154588,1,250
154913,1,250
155042,1,250
155058,1,250
155183,1,250
155185,1,250
155249,1,250
155319,1,250
155357,1,250
155514,1,250
155567,1,250
155600,1,250
155656,1,250
155697,1,250
155788,1,250
155851,1,250
155859,1,250
155900,1,250
156013,1,250
156059,1,250
156074,1,250
156147,1,250
156177,1,250
156274,1,250
156280,1,250
156310,1,250
156369,1,250
156426,1,250
156438,1,250
156475,1,250
156593,1,250
156631,1,250
156633,1,250
156754,1,250
156787,1,250
156873,1,250
156889,1,250
157041,1,250
157071,1,250
157083,1,250
157143,1,250
157305,1,250
157311,1,250
157316,1,250
157533,1,250
157558,1,250
157572,1,250
157654,1,250
157668,1,250
157680,1,250
157706,1,250
157718,1,250
157789,1,250
157856,1,250
157866,1,250
157895,1,250
157937,1,250
157989,1,250
158046,1,250
158095,1,250
158117,1,250
158128,1,250
158239,1,250
158287,1,250
158321,1,250
158347,1,250
158349,1,250
158417,1,250
158607,1,250
158628,1,250
158633,1,250
158648,1,250
158676,1,250
158685,1,250
158798,1,250
158896,1,250
158918,1,250
158952,1,250
159081,1,250
159088,1,250
159146,1,250
159155,1,250
159237,1,250
159251,1,250
159262,1,250
159338,1,250
159362,1,250
159506,1,250
159614,1,250
159657,1,250
159684,1,250
159777,1,250
159855,1,250
159856,1,250
159892,1,250
159903,1,250
160063,1,250
160089,1,250
160128,1,250
160149,1,250
160364,1,250
160410,1,250
160538,1,250
160557,1,250
160569,1,250
160598,1,250
160661,1,250
160683,1,250
160748,1,250
160771,1,250
161030,1,250
161048,1,250
161136,1,250
161195,1,250
161250,1,250
161281,1,250
161290,1,250
161306,1,250
161320,1,250
161399,1,250
161414,1,250
161414,1,250
161692,1,250
161779,1,250
161788,1,250
161967,1,250
161995,1,250
162006,1,250
162007,1,250
162029,1,250
162070,1,250
162150,1,250
162158,1,250
162169,1,250
162179,1,250
162201,1,250
162224,1,250
162235,1,250
162389,1,250
162549,1,250
162576,1,250
162583,1,250
162612,1,250
162653,1,250
162673,1,250
162673,1,250
162685,1,250
162710,1,250
162713,1,250
162751,1,250
162824,1,250
162843,1,250
162866,1,250
162872,1,250
162927,1,250
162936,1,250
162950,1,250
162956,1,250
162958,1,250
163164,1,250
163194,1,250
163208,1,250
163345,1,250
163381,1,250
163428,1,250
163446,1,250
163516,1,250
163639,1,250
163656,1,250
163659,1,250
163753,1,250
163793,1,250
163798,1,250
163832,1,250
163849,1,250
163883,1,250
163884,1,250
163901,1,250
163945,1,250
163948,1,250
164047,1,250
164079,1,250
164132,1,250
164138,1,250
164300,1,250
164317,1,250
164372,1,250
164392,1,250
164418,1,250
164461,1,250
164601,1,250
164668,1,250
164822,1,250
164828,1,250
164836,1,250
164932,1,250
165048,1,250
165075,1,250
165129,1,250
165151,1,250
165195,1,250
165236,1,250
165277,1,250
165312,1,250
165325,1,250
165358,1,250
165371,1,250
165404,1,250
165504,1,250
165509,1,250
165524,1,250
165568,1,250
165580,1,250
165603,1,250
165616,1,250
165655,1,250
165660,1,250
165733,1,250
165754,1,250
165776,1,250
165839,1,250
166040,1,250
166051,1,250
166053,1,250
166082,1,250
166122,1,250
166144,1,250
166177,1,250
166292,1,250
166310,1,250
166366,1,250
166516,1,250
166533,1,250
166563,1,250
166564,1,250
166571,1,250
166574,1,250
166578,1,250
166701,1,250
166739,1,250
166760,1,250
166764,1,250
166772,1,250
166864,1,250
167035,1,250
167046,1,250
167053,1,250
167066,1,250
167069,1,250
167114,1,250
167118,1,250
167123,1,250
167127,1,250
167158,1,250
167158,1,250
167180,1,250
167214,1,250
167221,1,250
167249,1,250
167284,1,250
167305,1,250
167334,1,250
167351,1,250
167424,1,250
167437,1,250
167502,1,250
167514,1,250
167582,1,250
167601,1,250
167602,1,250
167621,1,250
167642,1,250
167658,1,250
167664,1,250
167680,1,250
167801,1,250
167860,1,250
168122,1,250
168157,1,250
168281,1,250
168295,1,250
168310,1,250
168355,1,250
168413,1,250
168440,1,250
168448,1,250
168467,1,250
168492,1,250
168512,1,250
168549,1,250
168609,1,250
168613,1,250
168704,1,250
168749,1,250
168768,1,250
168779,1,250
168781,1,250
168789,1,250
168813,1,250
168836,1,250
168884,1,250
169027,1,250
169067,1,250
169107,1,250
169117,1,250
169140,1,250
169150,1,250
169258,1,250
169311,1,250
169315,1,250
169371,1,250
169400,1,250
169413,1,250
169478,1,250
169509,1,250
169552,1,250
169558,1,250
169800,1,250
169839,1,250
169850,1,250
169893,1,250
170026,1,250
170058,1,250
170116,1,250
170136,1,250
170147,1,250
170244,1,250
170376,1,250
170406,1,250
170509,1,250
170757,1,250
170800,1,250
170801,1,250
170827,1,250
170854,1,250
170858,1,250
170980,1,250
171220,1,250
171388,1,250
171418,1,250
171427,1,250
171467,1,250
171482,1,250
171542,1,250
171569,1,250
171613,1,250
171645,1,250
171708,1,250
171768,1,250
171779,1,250
171842,1,250
171880,1,250
172010,1,250
172014,1,250
172035,1,250
172115,1,250
172125,1,250
172158,1,250
172194,1,250
172200,1,250
172341,1,250
172480,1,250
172628,1,250
172662,1,250
172665,1,250
172824,1,250
172841,1,250
172900,1,250
173046,1,250
173093,1,250
173226,1,250
173248,1,250
173307,1,250
173350,1,250
173354,1,250
173368,1,250
173370,1,250
173538,1,250
173571,1,250
173582,1,250
173620,1,250
173654,1,250
173663,1,250
173669,1,250
173744,1,250
173906,1,250
173955,1,250
174012,1,250
174047,1,250
174100,1,250
174196,1,250
174319,1,250
174339,1,250
174351,1,250
174364,1,250
174413,1,250
174491,1,250
174497,1,250
174536,1,250
174545,1,250
174557,1,250
174585,1,250
174622,1,250
174703,1,250
174782,1,250
174795,1,250
174823,1,250
174868,1,250
174882,1,250
174916,1,250
174943,1,250
174963,1,250
175015,1,250
175022,1,250
175037,1,250
175165,1,250
175169,1,250
175269,1,250
175279,1,250
175282,1,250
175387,1,250
175422,1,250
175484,1,250
175619,1,250
175753,1,250
175779,1,250
175790,1,250
175809,1,250
175848,1,250
175852,1,250
175907,1,250
175922,1,250
175944,1,250
176006,1,250
176009,1,250
176015,1,250
176028,1,250
176031,1,250
176089,1,250
176140,1,250
176140,1,250
176181,1,250
176370,1,250
176378,1,250
176383,1,250
176395,1,250
176419,1,250
176424,1,250
176456,1,250
176533,1,250
176704,1,250
176704,1,250
176808,1,250
176886,1,250
176903,1,250
176993,1,250
177042,1,250
177048,1,250
177065,1,250
177178,1,250
177182,1,250
177190,1,250
177271,1,250
177354,1,250
177387,1,250
177575,1,250
177633,1,250
177644,1,250
177728,1,250
177789,1,250
177816,1,250
177825,1,250
177850,1,250
177861,1,250
177889,1,250
177896,1,250
178017,1,250
178126,1,250
178141,1,250
178145,1,250
178160,1,250
178162,1,250
178167,1,250
178318,1,250
178355,1,250
178387,1,250
178446,1,250
178463,1,250
178464,1,250
178526,1,250
178649,1,250
178758,1,250
179067,1,250
179092,1,250
179177,1,250
179188,1,250
179203,1,250
179233,1,250
179238,1,250
179373,1,250
179519,1,250
179526,1,250
179625,1,250
179648,1,250
179666,1,250
179679,1,250
179682,1,250
179754,1,250
179774,1,250
179789,1,250
179866,1,250
179872,1,250
179881,1,250
179903,1,250
179936,1,250
179956,1,250
179963,1,250
179971,1,250
180009,1,250
180018,1,250
180028,1,250
180050,1,250
180056,1,250
180109,1,250
180161,1,250
180284,1,250
180322,1,250
180368,1,250
180482,1,250
180484,1,250
180546,1,250
180549,1,250
180562,1,250
180575,1,250
180715,1,250
180737,1,250
180804,1,250
180842,1,250
180865,1,250
181033,1,250
181054,1,250
181095,1,250
181116,1,250
181121,1,250
181151,1,250
181163,1,250
181315,1,250
181315,1,250
181363,1,250
181378,1,250
181381,1,250
181389,1,250
181421,1,250
181611,1,250
181677,1,250
181687,1,250
181730,1,250
181750,1,250
181761,1,250
181918,1,250
182150,1,250
182158,1,250
182201,1,250
182300,1,250
182321,1,250
182340,1,250
182342,1,250
182422,1,250
182498,1,250
182507,1,250
182544,1,250
182546,1,250
182553,1,250
182617,1,250
182648,1,250
182669,1,250
182687,1,250
182708,1,250
182717,1,250
182720,1,250
182731,1,250
182749,1,250
182764,1,250
182765,1,250
182794,1,250
182861,1,250
182931,1,250
182946,1,250
183076,1,250
183113,1,250
183126,1,250
183173,1,250
183190,1,250
183213,1,250
183243,1,250
183289,1,250
183376,1,250
183409,1,250
183472,1,250
183534,1,250
183568,1,250
183670,1,250
183673,1,250
183686,1,250
183701,1,250
183703,1,250
183739,1,250
183746,1,250
183796,1,250
183879,1,250
183935,1,250
184069,1,250
184084,1,250
184172,1,250
184200,1,250
184221,1,250
184225,1,250
184245,1,250
184275,1,250
184277,1,250
184292,1,250
184325,1,250
184368,1,250
184432,1,250
184507,1,250
184531,1,250
184553,1,250
184587,1,250
184632,1,250
184698,1,250
184822,1,250
184844,1,250
184860,1,250
184864,1,250
184921,1,250
184988,1,250
185002,1,250
185144,1,250
185151,1,250
185166,1,250
185191,1,250
185254,1,250
185311,1,250
185322,1,250
185401,1,250
185422,1,250
185492,1,250
185589,1,250
185611,1,250
185632,1,250
185682,1,250
185860,1,250
186032,1,250
186073,1,250
186096,1,250
186097,1,250
186132,1,250
186189,1,250
186235,1,250
186242,1,250
186337,1,250
186350,1,250
186357,1,250
186393,1,250
186481,1,250
186504,1,250
186513,1,250
186526,1,250
186537,1,250
186711,1,250
186795,1,250
186866,1,250
186885,1,250
186933,1,250
186937,1,250
187145,1,250
187149,1,250
187198,1,250
187207,1,250
187240,1,250
187243,1,250
187245,1,250
187301,1,250
187343,1,250
187417,1,250
187505,1,250
187527,1,250
187552,1,250
187573,1,250
187631,1,250
187639,1,250
187670,1,250
187768,1,250
187924,1,250
188057,1,250
188084,1,250
188107,1,250
188134,1,250
188148,1,250
188148,1,250
188178,1,250
188189,1,250
188200,1,250
188213,1,250
188252,1,250
188326,1,250
188405,1,250
188426,1,250
188426,1,250
188537,1,250
188542,1,250
188736,1,250
188753,1,250
188758,1,250
188759,1,250
188766,1,250
188808,1,250
188811,1,250
188845,1,250
188860,1,250
188864,1,250
188880,1,250
189100,1,250
189119,1,250
189175,1,250
189292,1,250
189395,1,250
189398,1,250
189418,1,250
189454,1,250
189503,1,250
189509,1,250
189580,1,250
189580,1,250
189746,1,250
189794,1,250
189811,1,250
189844,1,250
189940,1,250
189952,1,250
189963,1,250
189975,1,250
190019,1,250
190026,1,250
190033,1,250
190044,1,250
190107,1,250
190226,1,250
190261,1,250
190281,1,250
190311,1,250
190367,1,250
190398,1,250
190458,1,250
190514,1,250
190566,1,250
190566,1,250
190586,1,250
190599,1,250
190671,1,250
190689,1,250
190745,1,250
190753,1,250
190772,1,250
190779,1,250
190784,1,250
190786,1,250
190825,1,250
190872,1,250
190884,1,250
190918,1,250
190935,1,250
191004,1,250
191016,1,250
191089,1,250
191120,1,250
191121,1,250
191195,1,250
191252,1,250
191320,1,250
191341,1,250
191350,1,250
191426,1,250
191480,1,250
191494,1,250
191510,1,250
191549,1,250
191560,1,250
191643,1,250
191701,1,250
191796,1,250
191839,1,250
191862,1,250
191965,1,250
192008,1,250
192016,1,250
192180,1,250
192182,1,250
192188,1,250
192217,1,250
192237,1,250
192269,1,250
192275,1,250
192284,1,250
192317,1,250
192331,1,250
192350,1,250
192350,1,250
192355,1,250
192359,1,250
192371,1,250
192400,1,250
192402,1,250
192427,1,250
192459,1,250
192517,1,250
192559,1,250
192575,1,250
192578,1,250
192666,1,250
192766,1,250
192772,1,250
192803,1,250
192817,1,250
192821,1,250
192824,1,250
192851,1,250
192888,1,250
192933,1,250
192939,1,250
193013,1,250
193094,1,250
193187,1,250
193190,1,250
193240,1,250
193245,1,250
193259,1,250
193309,1,250
193320,1,250
193331,1,250
193398,1,250
193418,1,250
193514,1,250
193547,1,250
193559,1,250
193631,1,250
193679,1,250
193681,1,250
193787,1,250
193801,1,250
193881,1,250
193952,1,250
193976,1,250
194016,1,250
194024,1,250
194075,1,250
194104,1,250
194155,1,250
194168,1,250
194268,1,250
194298,1,250
194340,1,250
194374,1,250
194393,1,250
194419,1,250
194443,1,250
194468,1,250
194617,1,250
194632,1,250
194645,1,250
194672,1,250
194673,1,250
194705,1,250
194814,1,250
194839,1,250
194842,1,250
194846,1,250
194884,1,250
194907,1,250
194959,1,250
195002,1,250
195009,1,250
195023,1,250
195030,1,250
195070,1,250
195131,1,250
195144,1,250
195226,1,250
195275,1,250
195426,1,250
195527,1,250
195530,1,250
195547,1,250
195624,1,250
195683,1,250
195717,1,250
195787,1,250
195811,1,250
195823,1,250
195824,1,250
195858,1,250
195889,1,250
195948,1,250
195998,1,250
196117,1,250
196343,1,250
196355,1,250
196368,1,250
196389,1,250
196427,1,250
196473,1,250
196482,1,250
196511,1,250
196576,1,250
196606,1,250
196608,1,250
196756,1,250
196821,1,250
196827,1,250
196891,1,250
196894,1,250
196927,1,250
196934,1,250
197122,1,250
197122,1,250
197196,1,250
197294,1,250
197321,1,250
197403,1,250
197445,1,250
197473,1,250
197569,1,250
197630,1,250
197674,1,250
197683,1,250
197688,1,250
197714,1,250
197830,1,250
197832,1,250
197840,1,250
197929,1,250
197955,1,250
198216,1,250
198298,1,250
198383,1,250
198418,1,250
198450,1,250
198487,1,250
198533,1,250
198547,1,250
198584,1,250
198585,1,250
198647,1,250
198669,1,250
198678,1,250
198680,1,250
198776,1,250
198783,1,250
198819,1,250
198843,1,250
199093,1,250
199190,1,250
199209,1,250
199259,1,250
199362,1,250
199454,1,250
199469,1,250
199505,1,250
199523,1,250
199552,1,250
199557,1,250
199598,1,250
199743,1,250
199761,1,250
199811,1,250
199836,1,250
199888,1,250
199912,1,250
199966,1,250
199971,1,250
200060,1,250
200180,1,250
200199,1,250
200303,1,250
200615,1,250
200633,1,250
200765,1,250
200767,1,250
200806,1,250
200886,1,250
200935,1,250
200956,1,250
201076,1,250
201077,1,250
201108,1,250
201114,1,250
201142,1,250
201171,1,250
201185,1,250
201212,1,250
201234,1,250
201237,1,250
201327,1,250
201339,1,250
201394,1,250
201515,1,250
201564,1,250
201576,1,250
201618,1,250
201642,1,250
201726,1,250
201731,1,250
201758,1,250
201778,1,250
201888,1,250
201935,1,250
202098,1,250
202154,1,250
202269,1,250
202341,1,250
202516,1,250
202558,1,250
202611,1,250
202612,1,250
202628,1,250
202659,1,250
202669,1,250
202752,1,250
203032,1,250
203073,1,250
203125,1,250
203181,1,250
203192,1,250
203214,1,250
203254,1,250
203366,1,250
203425,1,250
203439,1,250
203498,1,250
203553,1,250
203561,1,250
203561,1,250
203603,1,250
203651,1,250
203652,1,250
203699,1,250
203752,1,250
203846,1,250
203847,1,250
203865,1,250
203893,1,250
204043,1,250
204058,1,250
204063,1,250
204093,1,250
204119,1,250
204298,1,250
204301,1,250
204350,1,250
204399,1,250
204469,1,250
204474,1,250
204488,1,250
204524,1,250
204539,1,250
204562,1,250
204615,1,250
204625,1,250
204703,1,250
204710,1,250
204749,1,250
205114,1,250
205191,1,250
205219,1,250
205376,1,250
205405,1,250
205466,1,250
205549,1,250
205566,1,250
205673,1,250
205692,1,250
205746,1,250
205764,1,250
205783,1,250
205783,1,250
205783,1,250
205867,1,250
205887,1,250
206051,1,250
206113,1,250
206424,1,250
206436,1,250
206497,1,250
206588,1,250
206597,1,250
206824,1,250
206828,1,250
206930,1,250
207039,1,250
207056,1,250
207074,1,250
207146,1,250
207150,1,250
207177,1,250
207194,1,250
207221,1,250
207372,1,250
207424,1,250
207466,1,250
207507,1,250
207578,1,250
207618,1,250
207823,1,250
207864,1,250
207870,1,250
207878,1,250
207921,1,250
207927,1,250
207935,1,250
207969,1,250
207969,1,250
207976,1,250
208031,1,250
208104,1,250
208121,1,250
208250,1,250
208264,1,250
208283,1,250
208429,1,250
208453,1,250
208466,1,250
208560,1,250
208583,1,250
208646,1,250
208741,1,250
208758,1,250
208907,1,250
208976,1,250
209049,1,250
209109,1,250
209155,1,250
209198,1,250
209216,1,250
209233,1,250
209235,1,250
209250,1,250
209300,1,250
209363,1,250
209462,1,250
209477,1,250
209487,1,250
209499,1,250
209576,1,250
209606,1,250
209693,1,250
209804,1,250
209870,1,250
209946,1,250
210062,1,250
210075,1,250
210088,1,250
210136,1,250
210142,1,250
210158,1,250
210174,1,250
210379,1,250
210435,1,250
210468,1,250
210474,1,250
210521,1,250
210570,1,250
210578,1,250
210582,1,250
210610,1,250
210696,1,250
210720,1,250
210744,1,250
210782,1,250
210844,1,250
210855,1,250
210914,1,250
210932,1,250
211071,1,250
211077,1,250
211092,1,250
211093,1,250
211096,1,250
211190,1,250
211200,1,250
211223,1,250
211239,1,250
211290,1,250
211326,1,250
211357,1,250
211418,1,250
211424,1,250
211476,1,250
211488,1,250
211640,1,250
211650,1,250
211759,1,250
211761,1,250
211824,1,250
211869,1,250
211892,1,250
211915,1,250
211950,1,250
212025,1,250
212097,1,250
212338,1,250
212421,1,250
212483,1,250
212530,1,250
212561,1,250
212562,1,250
212576,1,250
212626,1,250
212686,1,250
212876,1,250
212930,1,250
212933,1,250
212935,1,250
212993,1,250
213149,1,250
213202,1,250
213243,1,250
213296,1,250
213403,1,250
213408,1,250
213418,1,250
213493,1,250
213598,1,250
213625,1,250
213696,1,250
213735,1,250
213752,1,250
213876,1,250
213980,1,250
213987,1,250
214003,1,250
214021,1,250
214029,1,250
214206,1,250
214239,1,250
214260,1,250
214265,1,250
214294,1,250
214398,1,250
214467,1,250
214495,1,250
214521,1,250
214550,1,250
214572,1,250
214638,1,250
214644,1,250
214653,1,250
214711,1,250
214734,1,250
214737,1,250
214801,1,250
214886,1,250
215011,1,250
215300,1,250
215323,1,250
215484,1,250
215543,1,250
215725,1,250
215736,1,250
215770,1,250
215847,1,250
215886,1,250
215895,1,250
215961,1,250
215976,1,250
216177,1,250
216192,1,250
216194,1,250
216211,1,250
216250,1,250
216258,1,250
216289,1,250
216397,1,250
216516,1,250
216519,1,250
216529,1,250
216703,1,250
216752,1,250
216796,1,250
216823,1,250
216947,1,250
216970,1,250
217060,1,250
217111,1,250
217243,1,250
217254,1,250
217261,1,250
217306,1,250
217409,1,250
217598,1,250
217600,1,250
217658,1,250
217662,1,250
217744,1,250
217749,1,250
217794,1,250
217900,1,250
217933,1,250
218020,1,250
218079,1,250
218098,1,250
218181,1,250
218194,1,250
218231,1,250
218328,1,250
218364,1,250
218383,1,250
218397,1,250
218456,1,250
218456,1,250
218475,1,250
218488,1,250
218649,1,250
218675,1,250
218675,1,250
218688,1,250
218732,1,250
218744,1,250
218764,1,250
218878,1,250
218880,1,250
218900,1,250
218907,1,250
219090,1,250
219195,1,250
219224,1,250
219237,1,250
219274,1,250
219417,1,250
219429,1,250
219469,1,250
219502,1,250
219531,1,250
219603,1,250
219621,1,250
219704,1,250
220040,1,250
220117,1,250
220191,1,250
220212,1,250
220262,1,250
220276,1,250
220278,1,250
220280,1,250
220362,1,250
220372,1,250
220393,1,250
220423,1,250
220428,1,250
220465,1,250
220473,1,250
220522,1,250
220544,1,250
220563,1,250
220628,1,250
220640,1,250
220741,1,250
220800,1,250
220857,1,250
220867,1,250
220930,1,250
220965,1,250
221000,1,250
221055,1,250
221057,1,250
221111,1,250
221204,1,250
221233,1,250
221457,1,250
221496,1,250
221545,1,250
221726,1,250
221741,1,250
221910,1,250
222100,1,250
222147,1,250
222214,1,250
222220,1,250
222288,1,250
222300,1,250
222306,1,250
222336,1,250
222401,1,250
222419,1,250
222438,1,250
222482,1,250
222505,1,250
222569,1,250
222817,1,250
222820,1,250
222920,1,250
222954,1,250
222960,1,250
223021,1,250
223124,1,250
223164,1,250
223210,1,250
223268,1,250
223279,1,250
223445,1,250
223483,1,250
223496,1,250
223709,1,250
223730,1,250
223756,1,250
223760,1,250
223766,1,250
223780,1,250
223850,1,250
223924,1,250
223925,1,250
223962,1,250
224095,1,250
224114,1,250
224152,1,250
224301,1,250
224301,1,250
224314,1,250
224380,1,250
224444,1,250
224455,1,250
224498,1,250
224604,1,250
224605,1,250
224609,1,250
224665,1,250
224731,1,250
224815,1,250
224884,1,250
224928,1,250
225122,1,250
225202,1,250
225203,1,250
225234,1,250
225257,1,250
225296,1,250
225299,1,250
225392,1,250
225400,1,250
225433,1,250
225440,1,250
225728,1,250
225832,1,250
225837,1,250
225899,1,250
225902,1,250
225939,1,250
226060,1,250
226064,1,250
226070,1,250
226096,1,250
226140,1,250
226171,1,250
226172,1,250
226174,1,250
226251,1,250
226284,1,250
226390,1,250
226519,1,250
226711,1,250
226723,1,250
226754,1,250
226761,1,250
226858,1,250
226895,1,250
226903,1,250
226917,1,250
226932,1,250
226945,1,250
226957,1,250
226972,1,250
227042,1,250
227054,1,250
227178,1,250
227226,1,250
227248,1,250
227337,1,250
227361,1,250
227382,1,250
227437,1,250
227440,1,250
227521,1,250
227562,1,250
227595,1,250
227598,1,250
227701,1,250
228022,1,250
228142,1,250
228170,1,250
228225,1,250
228294,1,250
228306,1,250
228356,1,250
228388,1,250
228427,1,250
228438,1,250
228478,1,250
228652,1,250
228660,1,250
228707,1,250
228804,1,250
228818,1,250
228923,1,250
229089,1,250
229205,1,250
229284,1,250
229430,1,250
229535,1,250
229703,1,250
229797,1,250
229808,1,250
229845,1,250
229850,1,250
229897,1,250
229921,1,250
230164,1,250
230265,1,250
230268,1,250
230428,1,250
230453,1,250
230543,1,250
230629,1,250
231039,1,250
231131,1,250
231140,1,250
231262,1,250
231281,1,250
231366,1,250
231391,1,250
231401,1,250
231522,1,250
231544,1,250
231714,1,250
231930,1,250
232076,1,250
232077,1,250
232120,1,250
232136,1,250
232231,1,250
232368,1,250
232435,1,250
232462,1,250
232529,1,250
232630,1,250
232630,1,250
232894,1,250
232910,1,250
232924,1,250
233068,1,250
233075,1,250
233076,1,250
233104,1,250
233111,1,250
233154,1,250
233183,1,250
233183,1,250
233293,1,250
233304,1,250
233433,1,250
233447,1,250
233545,1,250
233628,1,250
233638,1,250
233640,1,250
233647,1,250
233657,1,250
233669,1,250
233676,1,250
233711,1,250
233776,1,250
233805,1,250
234065,1,250
234074,1,250
234118,1,250
234224,1,250
234261,1,250
234262,1,250
234296,1,250
234296,1,250
234330,1,250
234416,1,250
234600,1,250
234701,1,250
234738,1,250
234756,1,250
234882,1,250
235241,1,250
235501,1,250
235695,1,250
236017,1,250
236061,1,250
236190,1,250
236225,1,250
236365,1,250
236383,1,250
236420,1,250
236507,1,250
236566,1,250
236591,1,250
237017,1,250
237161,1,250
237213,1,250
237247,1,250
237263,1,250
237272,1,250
237282,1,250
237327,1,250
237440,1,250
237531,1,250
237543,1,250
237701,1,250
237772,1,250
237802,1,250
237957,1,250
238155,1,250
238178,1,250
238257,1,250
238357,1,250
238399,1,250
238448,1,250
238480,1,250
238516,1,250
238538,1,250
238675,1,250
238751,1,250
238774,1,250
238918,1,250
239150,1,250
239214,1,250
239232,1,250
239378,1,250
239433,1,250
239473,1,250
239572,1,250
239804,1,250
240049,1,250
240320,1,250
240478,1,250
240483,1,250
240555,1,250
240588,1,250
240608,1,250
240652,1,250
240891,1,250
241237,1,250
241333,1,250
241344,1,250
241368,1,250
241522,1,250
241546,1,250
241664,1,250
241782,1,250
241852,1,250
242021,1,250
242056,1,250
242060,1,250
242068,1,250
242246,1,250
242253,1,250
242454,1,250
242515,1,250
242517,1,250
242547,1,250
242681,1,250
242733,1,250
242780,1,250
242787,1,250
242806,1,250
242926,1,250
242972,1,250
243048,1,250
243164,1,250
243253,1,250
243299,1,250
243332,1,250
243332,1,250
243362,1,250
243485,1,250
243497,1,250
243531,1,250
243585,1,250
243598,1,250
243606,1,250
243690,1,250
243855,1,250
243901,1,250
243908,1,250
244147,1,250
244296,1,250
244465,1,250
244508,1,250
244540,1,250
244588,1,250
244650,1,250
244717,1,250
244767,1,250
244779,1,250
244899,1,250
245003,1,250
245029,1,250
245080,1,250
245171,1,250
245174,1,250
245179,1,250
245200,1,250
245336,1,250
245397,1,250
245465,1,250
245653,1,250
245681,1,250
245854,1,250
245863,1,250
245878,1,250
245923,1,250
246040,1,250
246045,1,250
246138,1,250
246194,1,250
246212,1,250
246240,1,250
246248,1,250
246289,1,250
246333,1,250
246547,1,250
246594,1,250
246616,1,250
246658,1,250
246846,1,250
246893,1,250
247029,1,250
247031,1,250
247079,1,250
247211,1,250
247363,1,250
247422,1,250
247658,1,250
247735,1,250
247754,1,250
248108,1,250
248135,1,250
248164,1,250
248171,1,250
248468,1,250
248579,1,250
248748,1,250
248766,1,250
248896,1,250
248906,1,250
248907,1,250
248908,1,250
249023,1,250
249219,1,250
249260,1,250
249263,1,250
249338,1,250
249342,1,250
249342,1,250
249558,1,250
249596,1,250
249655,1,250
249929,1,250
249937,1,250
250328,1,250
250512,1,250
250677,1,250
250723,1,250
250740,1,250
251125,1,250
251175,1,250
251264,1,250
251285,1,250
251565,1,250
251603,1,250
251630,1,250
252022,1,250
252030,1,250
252079,1,250
252499,1,250
252513,1,250
252527,1,250
252850,1,250
252853,1,250
252854,1,250
253110,1,250
253521,1,250
253600,1,250
253652,1,250
253662,1,250
253674,1,250
253764,1,250
253829,1,250
253865,1,250
253875,1,250
254026,1,250
254033,1,250
254084,1,250
254092,1,250
254110,1,250
254296,1,250
254392,1,250
254517,1,250
254668,1,250
254691,1,250
254720,1,250
254732,1,250
254763,1,250
254789,1,250
254874,1,250
255128,1,250
255132,1,250
255175,1,250
255245,1,250
255349,1,250
255758,1,250
255777,1,250
255880,1,250
255974,1,250
256002,1,250
256057,1,250
256066,1,250
256080,1,250
256129,1,250
256244,1,250
256361,1,250
256443,1,250
256458,1,250
256529,1,250
256673,1,250
257041,1,250
257176,1,250
257325,1,250
257348,1,250
257398,1,250
257520,1,250
257674,1,250
257684,1,250
257856,1,250
257997,1,250
258059,1,250
258125,1,250
258129,1,250
258147,1,250
258204,1,250
258253,1,250
258300,1,250
258380,1,250
258443,1,250
258589,1,250
258607,1,250
258648,1,250
258660,1,250
258754,1,250
258893,1,250
258904,1,250
259122,1,250
259253,1,250
259307,1,250
259377,1,250
259380,1,250
259457,1,250
259480,1,250
259562,1,250
259673,1,250
259939,1,250
260118,1,250
260190,1,250
260230,1,250
260306,1,250
260383,1,250
260500,1,250
260710,1,250
260755,1,250
260907,1,250
260938,1,250
261202,1,250
261356,1,250
261667,1,250
261863,1,250
262388,1,250
262401,1,250
262448,1,250
262450,1,250
262477,1,250
262610,1,250
262909,1,250
262980,1,250
263007,1,250
263086,1,250
263103,1,250
263153,1,250
263302,1,250
263318,1,250
263450,1,250
263496,1,250
263756,1,250
263804,1,250
263809,1,250
263886,1,250
263958,1,250
264072,1,250
264267,1,250
264345,1,250
264418,1,250
264512,1,250
264571,1,250
264722,1,250
264923,1,250
264952,1,250
264990,1,250
265459,1,250
265533,1,250
265676,1,250
265734,1,250
265979,1,250
265993,1,250
266080,1,250
266105,1,250
266142,1,250
266233,1,250
266428,1,250
266480,1,250
266654,1,250
266654,1,250
266835,1,250
266859,1,250
267270,1,250
267305,1,250
267480,1,250
267514,1,250
267725,1,250
267917,1,250
267949,1,250
268005,1,250
268097,1,250
268180,1,250
268608,1,250
268712,1,250
269095,1,250
269330,1,250
269349,1,250
269477,1,250
269601,1,250
269636,1,250
269711,1,250
270145,1,250
270338,1,250
270398,1,250
270733,1,250
270751,1,250
270803,1,250
270940,1,250
270955,1,250
271051,1,250
271186,1,250
271743,1,250
271867,1,250
272063,1,250
272357,1,250
272570,1,250
272656,1,250
273012,1,250
273043,1,250
273170,1,250
273217,1,250
273237,1,250
273401,1,250
273447,1,250
273528,1,250
273547,1,250
273621,1,250
273666,1,250
273726,1,250
273767,1,250
273800,1,250
273925,1,250
274150,1,250
274744,1,250
274902,1,250
275046,1,250
275561,1,250
275638,1,250
275750,1,250
275751,1,250
275945,1,250
276305,1,250
276308,1,250
276838,1,250
276956,1,250
277036,1,250
277098,1,250
277101,1,250
277150,1,250
277343,1,250
277740,1,250
277837,1,250
277859,1,250
277953,1,250
278157,1,250
278201,1,250
278485,1,250
278577,1,250
278586,1,250
278634,1,250
278675,1,250
279407,1,250
279410,1,250
279432,1,250
279467,1,250
279616,1,250
279726,1,250
279773,1,250
279810,1,250
280489,1,250
280773,1,250
280877,1,250
280910,1,250
280965,1,250
281061,1,250
281093,1,250
281101,1,250
281140,1,250
281158,1,250
281249,1,250
281342,1,250
281376,1,250
281415,1,250
281545,1,250
281635,1,250
281733,1,250
281857,1,250
282152,1,250
282187,1,250
282203,1,250
282253,1,250
282354,1,250
282607,1,250
282637,1,250
282725,1,250
282858,1,250
282890,1,250
283027,1,250
283140,1,250
283178,1,250
283430,1,250
283504,1,250
283610,1,250
283709,1,250
283737,1,250
283763,1,250
283772,1,250
284047,1,250
284108,1,250
284194,1,250
284360,1,250
284389,1,250
284465,1,250
285000,1,250
285075,1,250
285207,1,250
285220,1,250
285603,1,250
286558,1,250
286725,1,250
286804,1,250
287169,1,250
287200,1,250
287537,1,250
287561,1,250
287585,1,250
288124,1,250
288496,1,250
288651,1,250
288847,1,250
289026,1,250
289130,1,250
289257,1,250
289359,1,250
289523,1,250
289594,1,250
289740,1,250
289844,1,250
289865,1,250
290172,1,250
290218,1,250
290589,1,250
290753,1,250
291154,1,250
291199,1,250
291464,1,250
291484,1,250
291666,1,250
291787,1,250
292169,1,250
292232,1,250
292313,1,250
292474,1,250
293030,1,250
293460,1,250
293520,1,250
293522,1,250
293595,1,250
293703,1,250
293866,1,250
293917,1,250
294128,1,250
294176,1,250
294516,1,250
294529,1,250
294867,1,250
295017,1,250
295215,1,250
295228,1,250
295742,1,250
295920,1,250
296005,1,250
296107,1,250
296485,1,250
296998,1,250
297030,1,250
297162,1,250
297167,1,250
297609,1,250
298110,1,250
298163,1,250
298463,1,250
298955,1,250
299080,1,250
300024,1,250
300046,1,250
300875,1,250
301527,1,250
301811,1,250
301813,1,250
301814,1,250
301922,1,250
301933,1,250
302026,1,250
302143,1,250
302283,1,250
302344,1,250
302726,1,250
303003,1,250
303151,1,250
303600,1,250
303832,1,250
304803,1,250
304875,1,250
305061,1,250
306187,1,250
306424,1,250
306441,1,250
306609,1,250
306661,1,250
306738,1,250
306849,1,250
306879,1,250
307026,1,250
307743,1,250
307835,1,250
307931,1,250
308144,1,250
308203,1,250
308295,1,250
308952,1,250
309206,1,250
309407,1,250
309628,1,250
309708,1,250
309912,1,250
310620,1,250
310741,1,250
310760,1,250
310794,1,250
311012,1,250
311083,1,250
311458,1,250
311883,1,250
312471,1,250
312489,1,250
312885,1,250
312919,1,250
313034,1,250
313304,1,250
313424,1,250
313510,1,250
313743,1,250
313793,1,250
314016,1,250
314397,1,250
314469,1,250
314606,1,250
314791,1,250
315529,1,250
315674,1,250
315831,1,250
316077,1,250
316181,1,250
316293,1,250
316338,1,250
316545,1,250
316799,1,250
317723,1,250
318344,1,250
318431,1,250
318804,1,250
319003,1,250
319017,1,250
319107,1,250
319357,1,250
319607,1,250
319904,1,250
320015,1,250
320019,1,250
320187,1,250
320239,1,250
320827,1,250
320976,1,250
321005,1,250
321093,1,250
321282,1,250
321491,1,250
321496,1,250
321499,1,250
321606,1,250
321637,1,250
321712,1,250
321860,1,250
322215,1,250
322759,1,250
323290,1,250
324037,1,250
324292,1,250
324312,1,250
324461,1,250
324508,1,250
324661,1,250
324691,1,250
325323,1,250
325544,1,250
325680,1,250
326073,1,250
326280,1,250
326685,1,250
327217,1,250
327432,1,250
327793,1,250
328029,1,250
328180,1,250
328230,1,250
328316,1,250
328568,1,250
329808,1,250
330045,1,250
330064,1,250
330069,1,250
330203,1,250
330275,1,250
330619,1,250
330752,1,250
330818,1,250
330924,1,250
331069,1,250
331096,1,250
331134,1,250
331286,1,250
331585,1,250
331773,1,250
331914,1,250
331924,1,250
332463,1,250
332577,1,250
332919,1,250
332952,1,250
333103,1,250
333564,1,250
333626,1,250
333718,1,250
333731,1,250
333903,1,250
334454,1,250
334580,1,250
334859,1,250
335068,1,250
335478,1,250
335720,1,250
335853,1,250
336470,1,250
336623,1,250
336701,1,250
336777,1,250
337307,1,250
337601,1,250
337945,1,250
337976,1,250
338040,1,250
338413,1,250
338828,1,250
339957,1,250
340364,1,250
340670,1,250
341142,1,250
341201,1,250
341212,1,250
341505,1,250
341508,1,250
341646,1,250
342185,1,250
342194,1,250
342281,1,250
343015,1,250
343858,1,250
345076,1,250
345821,1,250
345874,1,250
346417,1,250
346430,1,250
347265,1,250
348088,1,250
350332,1,250
350635,1,250
350719,1,250
351068,1,250
351173,1,250
352238,1,250
352619,1,250
352645,1,250
352667,1,250
352742,1,250
353116,1,250
354037,1,250
354067,1,250
354240,1,250
354248,1,250
354251,1,250
354359,1,250
354475,1,250
354524,1,250
354647,1,250
355210,1,250
355314,1,250
355745,1,250
355753,1,250
355848,1,250
356934,1,250
357164,1,250
357246,1,250
357261,1,250
357304,1,250
357589,1,250
357684,1,250
357715,1,250
357961,1,250
358117,1,250
358216,1,250
358261,1,250
358364,1,250
358505,1,250
358701,1,250
359062,1,250
359147,1,250
359190,1,250
359389,1,250
359447,1,250
359583,1,250
359865,1,250
361182,1,250
361690,1,250
361721,1,250
362563,1,250
362657,1,250
362783,1,250
363183,1,250
363467,1,250
363801,1,250
363858,1,250
363925,1,250
364223,1,250
364468,1,250
365210,1,250
365480,1,250
365740,1,250
366586,1,250
367008,1,250
367119,1,250
367217,1,250
367392,1,250
367579,1,250
367661,1,250
367863,1,250
367878,1,250
368097,1,250
368173,1,250
368363,1,250
368684,1,250
368693,1,250
368913,1,250
369034,1,250
369107,1,250
369802,1,250
369833,1,250
370671,1,250
370926,1,250
371334,1,250
371348,1,250
371718,1,250
371747,1,250
372058,1,250
372568,1,250
372913,1,250
372985,1,250
373016,1,250
373420,1,250
373652,1,250
374120,1,250
374629,1,250
374710,1,250
374729,1,250
374875,1,250
374960,1,250
375147,1,250
375186,1,250
375508,1,250
375567,1,250
375569,1,250
375575,1,250
376132,1,250
377076,1,250
377550,1,250
378099,1,250
378117,1,250
378139,1,250
378314,1,250
378335,1,250
378524,1,250
378572,1,250
378798,1,250
378850,1,250
378886,1,250
379007,1,250
379046,1,250
379294,1,250
379338,1,250
379387,1,250
379406,1,250
379536,1,250
379690,1,250
379787,1,250
379802,1,250
381169,1,250
382198,1,250
382876,1,250
383082,1,250
383262,1,250
383688,1,250
384203,1,250
384259,1,250
384265,1,250
384337,1,250
384638,1,250
384816,1,250
385385,1,250
386224,1,250
386462,1,250
387317,1,250
387442,1,250
387478,1,250
387513,1,250
387545,1,250
387619,1,250
387893,1,250
388511,1,250
389007,1,250
389018,1,250
389029,1,250
389365,1,250
389691,1,250
390117,1,250
390120,1,250
390692,1,250
391056,1,250
391165,1,250
391914,1,250
391914,1,250
392109,1,250
392453,1,250
392534,1,250
392643,1,250
392785,1,250
392789,1,250
392847,1,250
393041,1,250
393082,1,250
393129,1,250
393137,1,250
393286,1,250
393314,1,250
393323,1,250
393971,1,250
394216,1,250
394276,1,250
394380,1,250
394627,1,250
395462,1,250
395804,1,250
396188,1,250
397595,1,250
397640,1,250
398037,1,250
398279,1,250
398412,1,250
399384,1,250
399417,1,250
399847,1,250
400514,1,250
401206,1,250
402060,1,250
402106,1,250
402166,1,250
402439,1,250
402687,1,250
402722,1,250
402748,1,250
402839,1,250
402897,1,250
402913,1,250
403018,1,250
403021,1,250
403035,1,250
403129,1,250
403239,1,250
403309,1,250
403465,1,250
403507,1,250
403519,1,250
403573,1,250
403826,1,250
404467,1,250
404496,1,250
404599,1,250
404631,1,250
405555,1,250
405714,1,250
405741,1,250
406026,1,250
406319,1,250
406366,1,250
407167,1,250
407345,1,250
407448,1,250
407466,1,250
407549,1,250
407561,1,250
407668,1,250
407837,1,250
408021,1,250
408163,1,250
408338,1,250
408356,1,250
408387,1,250
408571,1,250
408927,1,250
409003,1,250
409352,1,250
409373,1,250
409412,1,250
409529,1,250
409624,1,250
409790,1,250
409845,1,250
410146,1,250
410286,1,250
410312,1,250
410757,1,250
411431,1,250
411474,1,250
411480,1,250
411601,1,250
411655,1,250
412294,1,250
412418,1,250
412495,1,250
412697,1,250
413163,1,250
413409,1,250
413629,1,250
413694,1,250
413871,1,250
414208,1,250
414268,1,250
414396,1,250
414493,1,250
414502,1,250
414574,1,250
414652,1,250
415008,1,250
415040,1,250
415591,1,250
415627,1,250
415785,1,250
416019,1,250
416252,1,250
416544,1,250
416890,1,250
417400,1,250
418344,1,250
418546,1,250
418775,1,250
419208,1,250
419930,1,250
420219,1,250
421266,1,250
421474,1,250
421846,1,250
422121,1,250
422483,1,250
422699,1,250
422823,1,250
423215,1,250
423286,1,250
423287,1,250
423323,1,250
423586,1,250
423699,1,250
424099,1,250
424157,1,250
424220,1,250
424342,1,250
424616,1,250
424660,1,250
424692,1,250
424798,1,250
425261,1,250
425320,1,250
425325,1,250
425565,1,250
426004,1,250
426054,1,250
426114,1,250
426119,1,250
426184,1,250
426344,1,250
426467,1,250
426506,1,250
426783,1,250
426920,1,250
426920,1,250
427037,1,250
427088,1,250
427255,1,250
427281,1,250
427292,1,250
427381,1,250
427638,1,250
427684,1,250
427747,1,250
428047,1,250
428074,1,250
428539,1,250
428770,1,250
429609,1,250
429768,1,250
429838,1,250
430005,1,250
430068,1,250
430215,1,250
430424,1,250
431073,1,250
431077,1,250
431140,1,250
431184,1,250
431559,1,250
431624,1,250
431836,1,250
431838,1,250
432023,1,250
432359,1,250
432470,1,250
433577,1,250
434030,1,250
434032,1,250
434058,1,250
434459,1,250
434852,1,250
434933,1,250
435006,1,250
435486,1,250
435949,1,250
436426,1,250
436448,1,250
436592,1,250
436605,1,250
436677,1,250
437020,1,250
437105,1,250
437139,1,250
437601,1,250
438069,1,250
438198,1,250
438405,1,250
438464,1,250
438537,1,250
438545,1,250
439458,1,250
439513,1,250
439682,1,250
439873,1,250
439988,1,250
440165,1,250
440469,1,250
440539,1,250
440789,1,250
440936,1,250
441082,1,250
441285,1,250
441286,1,250
441293,1,250
441525,1,250
441760,1,250
441831,1,250
441857,1,250
441859,1,250
441993,1,250
442109,1,250
442308,1,250
442417,1,250
442560,1,250
442622,1,250
442625,1,250
442826,1,250
443197,1,250
443210,1,250
443427,1,250
443531,1,250
443628,1,250
444295,1,250
444326,1,250
444388,1,250
444544,1,250
445196,1,250
445204,1,250
445796,1,250
446060,1,250
446185,1,250
446471,1,250
446693,1,250
446703,1,250
447018,1,250
447082,1,250
447524,1,250
447736,1,250
448265,1,250
448448,1,250
448791,1,250
449313,1,250
449338,1,250
449589,1,250
449649,1,250
449676,1,250
449899,1,250
449949,1,250
450004,1,250
450012,1,250
450109,1,250
450407,1,250
450459,1,250
450512,1,250
450601,1,250
450631,1,250
450645,1,250
450653,1,250
450714,1,250
450767,1,250
450885,1,250
450947,1,250
451015,1,250
451062,1,250
451115,1,250
451317,1,250
451382,1,250
451385,1,250
451477,1,250
451648,1,250
451688,1,250
451766,1,250
451792,1,250
452205,1,250
452243,1,250
452316,1,250
452324,1,250
452405,1,250
452446,1,250
452733,1,250
452898,1,250
452922,1,250
452935,1,250
453006,1,250
453022,1,250
453262,1,250
453326,1,250
453418,1,250
453576,1,250
453795,1,250
453869,1,250
453982,1,250
454070,1,250
454214,1,250
454216,1,250
454465,1,250
454569,1,250
454594,1,250
454599,1,250
454728,1,250
454782,1,250
454804,1,250
455084,1,250
455121,1,250
455166,1,250
455389,1,250
455543,1,250
455615,1,250
455800,1,250
455901,1,250
456004,1,250
456062,1,250
456100,1,250
456171,1,250
456226,1,250
456261,1,250
456429,1,250
456445,1,250
456451,1,250
456501,1,250
456556,1,250
456585,1,250
456664,1,250
456668,1,250
456751,1,250
456804,1,250
456902,1,250
457010,1,250
457199,1,250
457210,1,250
457247,1,250
457326,1,250
457349,1,250
457392,1,250
457394,1,250
457396,1,250
457502,1,250
457572,1,250
457592,1,250
457666,1,250
457714,1,250
457759,1,250
457843,1,250
458050,1,250
458167,1,250
458312,1,250
458383,1,250
458398,1,250
458510,1,250
458716,1,250
458761,1,250
458797,1,250
458839,1,250
458896,1,250
459074,1,250
459077,1,250
459107,1,250
459159,1,250
459320,1,250
459557,1,250
459570,1,250
459591,1,250
459694,1,250
460147,1,250
460398,1,250
460453,1,250
460539,1,250
460762,1,250
461074,1,250
461303,1,250
461500,1,250
461658,1,250
461743,1,250
461874,1,250
462033,1,250
462123,1,250
462183,1,250
462205,1,250
462233,1,250
462249,1,250
462482,1,250
462485,1,250
462747,1,250
462833,1,250
463291,1,250
463411,1,250
463425,1,250
463572,1,250
463600,1,250
463612,1,250
463758,1,250
463767,1,250
463849,1,250
463930,1,250
464108,1,250
464141,1,250
464270,1,250
464683,1,250
464704,1,250
464794,1,250
464958,1,250
465059,1,250
465072,1,250
465123,1,250
465397,1,250
465436,1,250
465515,1,250
465683,1,250
465694,1,250
466086,1,250
466092,1,250
466128,1,250
466284,1,250
466531,1,250
466723,1,250
467300,1,250
467435,1,250
467531,1,250
467596,1,250
467682,1,250
467721,1,250
467864,1,250
467891,1,250
467984,1,250
468381,1,250
468526,1,250
468782,1,250
468820,1,250
468886,1,250
468930,1,250
469150,1,250
469169,1,250
469209,1,250
469284,1,250
469306,1,250
469356,1,250
469771,1,250
470079,1,250
470460,1,250
471068,1,250
471196,1,250
471431,1,250
471490,1,250
471788,1,250
471806,1,250
471821,1,250
471880,1,250
471902,1,250
471909,1,250
471914,1,250
471953,1,250
472018,1,250
472105,1,250
472146,1,250
472749,1,250
472799,1,250
472965,1,250
473014,1,250
473088,1,250
473098,1,250
473113,1,250
473114,1,250
473144,1,250
473166,1,250
473319,1,250
473352,1,250
473598,1,250
473660,1,250
473745,1,250
473777,1,250
473791,1,250
473894,1,250
473979,1,250
474086,1,250
474124,1,250
474134,1,250
474246,1,250
474648,1,250
474664,1,250
474714,1,250
474715,1,250
474744,1,250
474866,1,250
474950,1,250
475043,1,250
475048,1,250
475113,1,250
475164,1,250
475220,1,250
475288,1,250
475347,1,250
475405,1,250
475473,1,250
475529,1,250
475641,1,250
475672,1,250
475697,1,250
475736,1,250
475758,1,250
475767,1,250
475773,1,250
475774,1,250
475856,1,250
475916,1,250
475921,1,250
476046,1,250
476210,1,250
476290,1,250
476319,1,250
476407,1,250
476416,1,250
476502,1,250
476539,1,250
476564,1,250
476743,1,250
476800,1,250
476836,1,250
476957,1,250
477105,1,250
477298,1,250
477409,1,250
477450,1,250
477696,1,250
478389,1,250
478431,1,250
478468,1,250
478653,1,250
478673,1,250
478717,1,250
478802,1,250
478933,1,250
479052,1,250
479273,1,250
479393,1,250
479490,1,250
479515,1,250
479536,1,250
479543,1,250
479673,1,250
479728,1,250
479738,1,250
479919,1,250
480078,1,250
480117,1,250
480232,1,250
480248,1,250
480300,1,250
480347,1,250
480358,1,250
480362,1,250
480460,1,250
480464,1,250
480483,1,250
480496,1,250
480593,1,250
480606,1,250
480645,1,250
480837,1,250
481073,1,250
481193,1,250
481201,1,250
481296,1,250
481396,1,250
481422,1,250
481456,1,250
481536,1,250
481595,1,250
481691,1,250
482079,1,250
482117,1,250
482185,1,250
482293,1,250
482441,1,250
482561,1,250
482624,1,250
482749,1,250
482830,1,250
483115,1,250
483404,1,250
483634,1,250
483817,1,250
483952,1,250
483963,1,250
484257,1,250
484295,1,250
484326,1,250
484646,1,250
484730,1,250
484762,1,250
484764,1,250
484775,1,250
484812,1,250
484820,1,250
485105,1,250
485150,1,250
485174,1,250
485190,1,250
485222,1,250
485228,1,250
485600,1,250
485642,1,250
486046,1,250
486059,1,250
486093,1,250
486172,1,250
486175,1,250
486621,1,250
486694,1,250
486695,1,250
486813,1,250
486880,1,250
486947,1,250
487010,1,250
487036,1,250
487218,1,250
487281,1,250
487387,1,250
487473,1,250
487634,1,250
487933,1,250
487964,1,250
487992,1,250
487996,1,250
488208,1,250
488339,1,250
488426,1,250
488481,1,250
488484,1,250
488864,1,250
488984,1,250
489062,1,250
489204,1,250
489239,1,250
489266,1,250
489324,1,250
489466,1,250
489495,1,250
489606,1,250
489796,1,250
489846,1,250
489950,1,250
489957,1,250
489978,1,250
490037,1,250
490136,1,250
490308,1,250
490393,1,250
490558,1,250
490590,1,250
490645,1,250
490759,1,250
490805,1,250
490873,1,250
490966,1,250
491091,1,250
491319,1,250
491406,1,250
491552,1,250
491701,1,250
491822,1,250
491937,1,250
491942,1,250
492123,1,250
492146,1,250
492358,1,250
492416,1,250
492567,1,250
492733,1,250
492744,1,250
492819,1,250
492886,1,250
492894,1,250
492929,1,250
493102,1,250
493354,1,250
493431,1,250
493564,1,250
493885,1,250
494175,1,250
494506,1,250
494579,1,250
494867,1,250
495050,1,250
495149,1,250
495328,1,250
495419,1,250
495644,1,250
495671,1,250
495929,1,250
495962,1,250
495966,1,250
496031,1,250
496745,1,250
496985,1,250
497576,1,250
497587,1,250
497696,1,250
497775,1,250
497851,1,250
498068,1,250
498109,1,250
498141,1,250
498159,1,250
498346,1,250
498400,1,250
498468,1,250
498652,1,250
498883,1,250
499070,1,250
499085,1,250
499089,1,250
499474,1,250
499558,1,250
499560,1,250
499744,1,250
499751,1,250
499770,1,250
499833,1,250
499834,1,250
499908,1,250
499944,1,250
500305,1,250
500319,1,250
500344,1,250
500770,1,250
500773,1,250
500892,1,250
501040,1,250
501297,1,250
501410,1,250
501438,1,250
501470,1,250
501616,1,250
501635,1,250
501650,1,250
501713,1,250
501767,1,250
502010,1,250
502019,1,250
502075,1,250
502131,1,250
502193,1,250
502246,1,250
502470,1,250
502478,1,250
502479,1,250
502484,1,250
502797,1,250
503272,1,250
503274,1,250
503329,1,250
503376,1,250
503492,1,250
503601,1,250
503614,1,250
503638,1,250
503670,1,250
503674,1,250
504085,1,250
504154,1,250
504187,1,250
504206,1,250
504311,1,250
504321,1,250
504324,1,250
504387,1,250
504429,1,250
504563,1,250
504566,1,250
504710,1,250
504740,1,250
504908,1,250
504911,1,250
504967,1,250
505006,1,250
505340,1,250
505350,1,250
505464,1,250
505618,1,250
505649,1,250
505655,1,250
505884,1,250
505951,1,250
506065,1,250
506131,1,250
506183,1,250
506355,1,250
506381,1,250
506409,1,250
506579,1,250
506588,1,250
506753,1,250
507112,1,250
507165,1,250
507226,1,250
507545,1,250
507819,1,250
507866,1,250
508023,1,250
508098,1,250
508223,1,250
508232,1,250
508263,1,250
508902,1,250
509282,1,250
509340,1,250
509385,1,250
509522,1,250
509611,1,250
509734,1,250
509777,1,250
509780,1,250
509815,1,250
510585,1,250
510587,1,250
510689,1,250
510914,1,250
511025,1,250
511176,1,250
511249,1,250
511252,1,250
511345,1,250
511450,1,250
511480,1,250
511563,1,250
511867,1,250
511966,1,250
512082,1,250
512133,1,250
512165,1,250
512238,1,250
512326,1,250
512385,1,250
512385,1,250
512418,1,250
512529,1,250
512650,1,250
513037,1,250
513087,1,250
513088,1,250
513193,1,250
513263,1,250
513383,1,250
513436,1,250
513489,1,250
513529,1,250
513677,1,250
513688,1,250
513789,1,250
513797,1,250
513828,1,250
513925,1,250
513952,1,250
514089,1,250
514097,1,250
514215,1,250
514500,1,250
514626,1,250
514640,1,250
514975,1,250
515022,1,250
515226,1,250
515245,1,250
515267,1,250
515636,1,250
515785,1,250
516164,1,250
516269,1,250
516283,1,250
516376,1,250
516380,1,250
516585,1,250
516661,1,250
516912,1,250
517027,1,250
517027,1,250
517117,1,250
517149,1,250
517239,1,250
517308,1,250
517321,1,250
517330,1,250
517353,1,250
517367,1,250
517718,1,250
517720,1,250
517788,1,250
517809,1,250
517963,1,250
518018,1,250
518311,1,250
518471,1,250
518513,1,250
518543,1,250
518776,1,250
518824,1,250
518888,1,250
518989,1,250
519175,1,250
519305,1,250
519534,1,250
519685,1,250
519704,1,250
519958,1,250
520193,1,250
520213,1,250
520221,1,250
520320,1,250
520506,1,250
520662,1,250
520901,1,250
520906,1,250
521051,1,250
521247,1,250
521674,1,250
521890,1,250
522199,1,250
522212,1,250
522345,1,250
522390,1,250
522500,1,250
522575,1,250
522643,1,250
522728,1,250
522824,1,250
523076,1,250
523219,1,250
523570,1,250
523584,1,250
523612,1,250
523651,1,250
523676,1,250
523685,1,250
523891,1,250
524152,1,250
524184,1,250
524244,1,250
524447,1,250
524897,1,250
525014,1,250
525039,1,250
525129,1,250
525206,1,250
525284,1,250
525992,1,250
526287,1,250
526676,1,250
526711,1,250
526792,1,250
526864,1,250
526869,1,250
527279,1,250
527483,1,250
527608,1,250
527700,1,250
527752,1,250
527758,1,250
527783,1,250
528131,1,250
528385,1,250
528480,1,250
528710,1,250
529087,1,250
529161,1,250
529171,1,250
529551,1,250
529638,1,250
529862,1,250
529984,1,250
530262,1,250
530559,1,250
531485,1,250
531563,1,250
532009,1,250
532298,1,250
532612,1,250
533445,1,250
533738,1,250
533788,1,250
534068,1,250
534309,1,250
534432,1,250
535069,1,250
535160,1,250
535214,1,250
535303,1,250
535472,1,250
535480,1,250
535788,1,250
536101,1,250
536210,1,250
536439,1,250
536755,1,250
536917,1,250
537363,1,250
537415,1,250
537449,1,250
537463,1,250
537553,1,250
537690,1,250
537823,1,250
538300,1,250
538511,1,250
538806,1,250
538815,1,250
539053,1,250
539074,1,250
539606,1,250
540115,1,250
540609,1,250
540869,1,250
541216,1,250
542160,1,250
542397,1,250
542720,1,250
542854,1,250
543085,1,250
543835,1,250
543943,1,250
544077,1,250
544079,1,250
544138,1,250
544436,1,250
545331,1,250
545334,1,250
545369,1,250
545522,1,250
545804,1,250
545978,1,250
546006,1,250
546011,1,250
546070,1,250
546287,1,250
546396,1,250
547188,1,250
548745,1,250
549046,1,250
549633,1,250
549987,1,250
550187,1,250
551091,1,250
551227,1,250
551543,1,250
551735,1,250
552245,1,250
552363,1,250
552612,1,250
553005,1,250
553035,1,250
554027,1,250
554712,1,250
555781,1,250
557739,1,250
558059,1,250
558183,1,250
558662,1,250
559212,1,250
559218,1,250
559476,1,250
561042,1,250
561392,1,250
561470,1,250
563497,1,250
563913,1,250
563999,1,250
564144,1,250
564752,1,250
565174,1,250
565416,1,250
565916,1,250
565941,1,250
566030,1,250
566076,1,250
566085,1,250
566324,1,250
566492,1,250
566720,1,250
566734,1,250
566922,1,250
567033,1,250
567047,1,250
567060,1,250
567238,1,250
567239,1,250
567684,1,250
567763,1,250
568023,1,250
568032,1,250
568554,1,250
568688,1,250
568740,1,250
568752,1,250
568823,1,250
569093,1,250
569121,1,250
569453,1,250
569508,1,250
569732,1,250
569747,1,250
570147,1,250
570173,1,250
570204,1,250
570598,1,250
570630,1,250
570718,1,250
571013,1,250
571111,1,250
571533,1,250
571569,1,250
571814,1,250
571912,1,250
571977,1,250
572001,1,250
572252,1,250
572421,1,250
573133,1,250
573767,1,250
573876,1,250
574500,1,250
575002,1,250
575044,1,250
575153,1,250
575276,1,250
575430,1,250
575631,1,250
575875,1,250
577423,1,250
577700,1,250
578300,1,250
578763,1,250
579040,1,250
579199,1,250
579200,1,250
579221,1,250
579228,1,250
579446,1,250
579624,1,250
580271,1,250
580692,1,250
