196,1,250
284,1,250
942,1,250
1044,1,250
1057,1,250
1410,1,250
1699,1,250
2731,1,250
3050,1,250
3601,1,250
3812,1,250
4026,1,250
4968,1,250
5587,1,250
6436,1,250
7416,1,250
8077,1,250
8085,1,250
8148,1,250
8775,1,250
9259,1,250
9585,1,250
9733,1,250
9802,1,250
10364,1,250
10584,1,250
11232,1,250
11695,1,250
11782,1,250
12602,1,250
13583,1,250
13831,1,250
14007,1,250
14217,1,250
14491,1,250
15228,1,250
15844,1,250
16418,1,250
17088,1,250
17542,1,250
17859,1,250
18188,1,250
18491,1,250
18713,1,250
18787,1,250
18799,1,250
18829,1,250
18930,1,250
19081,1,250
19182,1,250
20684,1,250
20692,1,250
20780,1,250
21245,1,250
21758,1,250
21983,1,250
22036,1,250
22378,1,250
23022,1,250
23734,1,250
23762,1,250
24089,1,250
24193,1,250
24613,1,250
24747,1,250
25187,1,250
25401,1,250
25511,1,250
26649,1,250
26676,1,250
27116,1,250
27361,1,250
27410,1,250
27513,1,250
27738,1,250
27797,1,250
28302,1,250
29398,1,250
29631,1,250
29663,1,250
29982,1,250
30316,1,250
30555,1,250
31343,1,250
31713,1,250
33334,1,250
33369,1,250
34352,1,250
35161,1,250
38420,1,250
39579,1,250
39579,1,250
40740,1,250
41084,1,250
41093,1,250
41892,1,250
42099,1,250
42446,1,250
42457,1,250
42598,1,250
42994,1,250
43086,1,250
43161,1,250
43178,1,250
43929,1,250
44008,1,250
44088,1,250
44232,1,250
44332,1,250
44399,1,250
44631,1,250
44736,1,250
45094,1,250
45540,1,250
45585,1,250
45622,1,250
45670,1,250
45683,1,250
45699,1,250
45714,1,250
45718,1,250
46011,1,250
46140,1,250
46281,1,250
46371,1,250
46587,1,250
46637,1,250
46653,1,250
47241,1,250
47547,1,250
47718,1,250
48091,1,250
48120,1,250
48185,1,250
48260,1,250
48581,1,250
48964,1,250
49343,1,250
49557,1,250
50602,1,250
51125,1,250
51487,1,250
51724,1,250
51852,1,250
52067,1,250
52359,1,250
52399,1,250
52722,1,250
53121,1,250
53190,1,250
53380,1,250
54485,1,250
54672,1,250
55440,1,250
55884,1,250
55947,1,250
56088,1,250
56214,1,250
56330,1,250
56345,1,250
56629,1,250
56817,1,250
56851,1,250
57313,1,250
57477,1,250
57541,1,250
57544,1,250
57600,1,250
57659,1,250
57944,1,250
58184,1,250
58203,1,250
58392,1,250
58418,1,250
58573,1,250
58616,1,250
58804,1,250
58935,1,250
59192,1,250
59727,1,250
59848,1,250
61089,1,250
61122,1,250
61267,1,250
61649,1,250
62188,1,250
63272,1,250
63795,1,250
65044,1,250
66168,1,250
66217,1,250
66241,1,250
66286,1,250
66352,1,250
66354,1,250
66506,1,250
67137,1,250
67449,1,250
67658,1,250
67816,1,250
68252,1,250
68317,1,250
68666,1,250
68938,1,250
69014,1,250
69158,1,250
69813,1,250
70195,1,250
70590,1,250
70867,1,250
71020,1,250
71059,1,250
71400,1,250
71654,1,250
71778,1,250
72091,1,250
72123,1,250
72533,1,250
72674,1,250
72798,1,250
72919,1,250
73660,1,250
73849,1,250
73859,1,250
73901,1,250
74045,1,250
74626,1,250
74768,1,250
75043,1,250
75288,1,250
76066,1,250
76227,1,250
76902,1,250
77120,1,250
77401,1,250
78024,1,250
78060,1,250
78120,1,250
78796,1,250
78879,1,250
78967,1,250
79688,1,250
79929,1,250
80279,1,250
80522,1,250
80896,1,250
80974,1,250
81607,1,250
81749,1,250
81910,1,250
83005,1,250
83013,1,250
83049,1,250
83209,1,250
83941,1,250
84085,1,250
84337,1,250
84711,1,250
84841,1,250
85298,1,250
85373,1,250
85383,1,250
85399,1,250
85526,1,250
85582,1,250
86255,1,250
86530,1,250
86560,1,250
86972,1,250
87010,1,250
87277,1,250
87316,1,250
87333,1,250
87335,1,250
87347,1,250
88791,1,250
90244,1,250
90294,1,250
90459,1,250
90524,1,250
90676,1,250
90931,1,250
91038,1,250
91177,1,250
91251,1,250
91481,1,250
91582,1,250
91663,1,250
91931,1,250
92007,1,250
92160,1,250
92179,1,250
92376,1,250
92451,1,250
92462,1,250
92605,1,250
92616,1,250
92786,1,250
92835,1,250
93041,1,250
93056,1,250
93179,1,250
93365,1,250
93420,1,250
93530,1,250
93749,1,250
93784,1,250
93890,1,250
94126,1,250
94217,1,250
94335,1,250
94467,1,250
94635,1,250
94901,1,250
95108,1,250
95200,1,250
95489,1,250
95523,1,250
95669,1,250
95685,1,250
95769,1,250
95787,1,250
95888,1,250
96298,1,250
96705,1,250
97050,1,250
97082,1,250
97159,1,250
97312,1,250
97403,1,250
97461,1,250
97597,1,250
97737,1,250
97776,1,250
97882,1,250
97905,1,250
98092,1,250
98320,1,250
98484,1,250
98647,1,250
98862,1,250
98960,1,250
99007,1,250
99448,1,250
99573,1,250
99619,1,250
99864,1,250
99972,1,250
100363,1,250
100385,1,250
100423,1,250
100636,1,250
100872,1,250
100886,1,250
100915,1,250
100917,1,250
101038,1,250
101212,1,250
101582,1,250
101648,1,250
101988,1,250
102011,1,250
102052,1,250
102091,1,250
102423,1,250
102519,1,250
102568,1,250
103039,1,250
103212,1,250
103245,1,250
103246,1,250
103595,1,250
103651,1,250
103789,1,250
103889,1,250
103936,1,250
104042,1,250
104051,1,250
104073,1,250
104122,1,250
104453,1,250
104615,1,250
104895,1,250
105060,1,250
105117,1,250
105120,1,250
105189,1,250
105292,1,250
105652,1,250
105703,1,250
105820,1,250
106012,1,250
106348,1,250
106394,1,250
106644,1,250
106888,1,250
107146,1,250
107763,1,250
109149,1,250
109495,1,250
109538,1,250
109685,1,250
109875,1,250
109976,1,250
110051,1,250
110110,1,250
110239,1,250
110440,1,250
110448,1,250
110509,1,250
110588,1,250
110632,1,250
110654,1,250
110659,1,250
110709,1,250
110821,1,250
110822,1,250
110824,1,250
110847,1,250
111472,1,250
111709,1,250
112044,1,250
112157,1,250
112477,1,250
112538,1,250
112864,1,250
112968,1,250
113218,1,250
113477,1,250
113724,1,250
113728,1,250
113853,1,250
114198,1,250
114205,1,250
114295,1,250
114306,1,250
114395,1,250
114503,1,250
114608,1,250
114612,1,250
114762,1,250
114805,1,250
114870,1,250
114877,1,250
114904,1,250
114937,1,250
115052,1,250
115110,1,250
115112,1,250
115154,1,250
115345,1,250
115391,1,250
115431,1,250
115459,1,250
115795,1,250
116020,1,250
116055,1,250
116241,1,250
116443,1,250
116459,1,250
116567,1,250
116692,1,250
117050,1,250
117058,1,250
117224,1,250
117332,1,250
117382,1,250
117475,1,250
117698,1,250
117808,1,250
118226,1,250
118421,1,250
118425,1,250
118473,1,250
118644,1,250
118951,1,250
118966,1,250
119018,1,250
119018,1,250
119042,1,250
119058,1,250
119187,1,250
119189,1,250
119213,1,250
119331,1,250
119509,1,250
119580,1,250
119729,1,250
119823,1,250
119912,1,250
119924,1,250
119969,1,250
120007,1,250
120019,1,250
120043,1,250
120079,1,250
120279,1,250
120415,1,250
120427,1,250
120438,1,250
120714,1,250
120750,1,250
121068,1,250
121356,1,250
121454,1,250
121481,1,250
121670,1,250
121787,1,250
121803,1,250
121820,1,250
121858,1,250
122267,1,250
122392,1,250
122456,1,250
122498,1,250
122702,1,250
122832,1,250
122853,1,250
122865,1,250
122887,1,250
123062,1,250
123625,1,250
123718,1,250
123849,1,250
124015,1,250
124202,1,250
124279,1,250
124670,1,250
124701,1,250
125030,1,250
125046,1,250
125080,1,250
125132,1,250
125473,1,250
125481,1,250
125541,1,250
125611,1,250
125638,1,250
125674,1,250
125707,1,250
125716,1,250
125729,1,250
125842,1,250
125895,1,250
125911,1,250
126151,1,250
126416,1,250
126449,1,250
126804,1,250
126874,1,250
127019,1,250
127028,1,250
127260,1,250
127390,1,250
127448,1,250
127659,1,250
127787,1,250
127930,1,250
128053,1,250
128071,1,250
128125,1,250
128189,1,250
128300,1,250
128411,1,250
128412,1,250
128413,1,250
128639,1,250
128677,1,250
128898,1,250
128925,1,250
129020,1,250
129057,1,250
129160,1,250
129164,1,250
129182,1,250
129712,1,250
130017,1,250
130019,1,250
130042,1,250
130183,1,250
130434,1,250
130765,1,250
130817,1,250
130872,1,250
130971,1,250
131076,1,250
131146,1,250
131180,1,250
131441,1,250
131589,1,250
131620,1,250
131641,1,250
131701,1,250
131733,1,250
131879,1,250
132061,1,250
132068,1,250
132149,1,250
132175,1,250
132181,1,250
132301,1,250
132472,1,250
132484,1,250
132493,1,250
132538,1,250
132701,1,250
132821,1,250
132855,1,250
132882,1,250
133136,1,250
133344,1,250
133528,1,250
133547,1,250
133766,1,250
133775,1,250
133918,1,250
133978,1,250
134106,1,250
134226,1,250
134381,1,250
134438,1,250
134440,1,250
134581,1,250
134594,1,250
134721,1,250
134798,1,250
135031,1,250
135061,1,250
135638,1,250
135922,1,250
135943,1,250
135963,1,250
136021,1,250
136216,1,250
136222,1,250
136252,1,250
136382,1,250
136494,1,250
136707,1,250
136933,1,250
137099,1,250
137183,1,250
137202,1,250
137237,1,250
137381,1,250
137384,1,250
137406,1,250
137572,1,250
137637,1,250
137862,1,250
138003,1,250
138146,1,250
138148,1,250
138183,1,250
138243,1,250
138259,1,250
138338,1,250
138345,1,250
138419,1,250
138438,1,250
138534,1,250
138863,1,250
139123,1,250
139212,1,250
139341,1,250
139358,1,250
139369,1,250
139377,1,250
139382,1,250
139386,1,250
139443,1,250
139544,1,250
139572,1,250
139575,1,250
139724,1,250
139735,1,250
139813,1,250
139840,1,250
139851,1,250
140033,1,250
140280,1,250
140294,1,250
140352,1,250
140364,1,250
140422,1,250
140424,1,250
140553,1,250
140557,1,250
140737,1,250
140849,1,250
140999,1,250
141001,1,250
141065,1,250
141116,1,250
141126,1,250
141191,1,250
141267,1,250
141294,1,250
141310,1,250
141429,1,250
141463,1,250
141517,1,250
141592,1,250
141676,1,250
141688,1,250
141702,1,250
141727,1,250
141741,1,250
141813,1,250
141862,1,250
142109,1,250
142141,1,250
142157,1,250
142177,1,250
142261,1,250
142327,1,250
142416,1,250
142569,1,250
142649,1,250
142664,1,250
142956,1,250
142966,1,250
143020,1,250
143157,1,250
143174,1,250
143253,1,250
143285,1,250
143371,1,250
143570,1,250
143605,1,250
143609,1,250
143737,1,250
143800,1,250
143892,1,250
143907,1,250
143939,1,250
143956,1,250
144033,1,250
144065,1,250
144074,1,250
144090,1,250
144094,1,250
144125,1,250
144146,1,250
144148,1,250
144216,1,250
144327,1,250
144585,1,250
144756,1,250
144788,1,250
144794,1,250
144801,1,250
144830,1,250
144873,1,250
144950,1,250
144985,1,250
145133,1,250
145135,1,250
145169,1,250
145230,1,250
145242,1,250
145262,1,250
145319,1,250
145644,1,250
145733,1,250
146058,1,250
146100,1,250
146170,1,250
146176,1,250
146406,1,250
146485,1,250
146493,1,250
146535,1,250
146542,1,250
146575,1,250
146638,1,250
146775,1,250
146799,1,250
146799,1,250
146941,1,250
147018,1,250
147115,1,250
147281,1,250
147409,1,250
147450,1,250
147493,1,250
147551,1,250
147593,1,250
147598,1,250
147598,1,250
147629,1,250
147681,1,250
147882,1,250
147938,1,250
148035,1,250
148106,1,250
148288,1,250
148298,1,250
148349,1,250
148437,1,250
148536,1,250
148544,1,250
148620,1,250
148706,1,250
148727,1,250
148781,1,250
148909,1,250
149288,1,250
149391,1,250
149447,1,250
149453,1,250
149456,1,250
149485,1,250
149559,1,250
149632,1,250
149711,1,250
149777,1,250
149791,1,250
149820,1,250
150023,1,250
150024,1,250
150190,1,250
150197,1,250
150220,1,250
150256,1,250
150360,1,250
150394,1,250
150429,1,250
150630,1,250
150685,1,250
150754,1,250
150860,1,250
150870,1,250
151018,1,250
151024,1,250
151064,1,250
151203,1,250
151308,1,250
151320,1,250
151402,1,250
151407,1,250
151408,1,250
151436,1,250
151514,1,250
151548,1,250
151668,1,250
151854,1,250
151924,1,250
151930,1,250
151979,1,250
152038,1,250
152092,1,250
152095,1,250
152146,1,250
152363,1,250
152365,1,250
152386,1,250
152392,1,250
152709,1,250
152726,1,250
152740,1,250
152795,1,250
152824,1,250
153034,1,250
153248,1,250
153345,1,250
153496,1,250
153529,1,250
153721,1,250
153846,1,250
153852,1,250
153879,1,250
153954,1,250
154047,1,250
154158,1,250
154216,1,250
154507,1,250
154545,1,250
154549,1,250
154600,1,250
154841,1,250
154856,1,250
154919,1,250
154955,1,250
154957,1,250
154989,1,250
154993,1,250
155023,1,250
155053,1,250
155082,1,250
155083,1,250
155090,1,250
155130,1,250
155143,1,250
155289,1,250
155316,1,250
155346,1,250
155467,1,250
155624,1,250
155827,1,250
156010,1,250
156013,1,250
156098,1,250
156209,1,250
156295,1,250
156315,1,250
156335,1,250
156505,1,250
156624,1,250
156695,1,250
156741,1,250
156877,1,250
156919,1,250
156973,1,250
156975,1,250
157123,1,250
157135,1,250
157174,1,250
157178,1,250
157256,1,250
157258,1,250
157263,1,250
157304,1,250
157318,1,250
157371,1,250
157380,1,250
157404,1,250
157497,1,250
157561,1,250
157602,1,250
157612,1,250
157644,1,250
157648,1,250
157796,1,250
157948,1,250
158028,1,250
158050,1,250
158072,1,250
158091,1,250
158149,1,250
158150,1,250
158238,1,250
158399,1,250
158592,1,250
158652,1,250
158654,1,250
158657,1,250
159012,1,250
159076,1,250
159531,1,250
160019,1,250
160028,1,250
160030,1,250
160128,1,250
160170,1,250
160340,1,250
160415,1,250
160491,1,250
160559,1,250
160708,1,250
160777,1,250
160823,1,250
160868,1,250
160920,1,250
161020,1,250
161061,1,250
161116,1,250
161180,1,250
161247,1,250
161335,1,250
161396,1,250
161398,1,250
161464,1,250
161548,1,250
161593,1,250
161669,1,250
161725,1,250
161842,1,250
161851,1,250
161882,1,250
161886,1,250
161948,1,250
162018,1,250
162041,1,250
162099,1,250
162148,1,250
162207,1,250
162264,1,250
162267,1,250
162312,1,250
162331,1,250
162353,1,250
162455,1,250
162533,1,250
162591,1,250
162593,1,250
162724,1,250
162739,1,250
162766,1,250
162771,1,250
162843,1,250
162847,1,250
162869,1,250
162943,1,250
163047,1,250
163054,1,250
163055,1,250
163099,1,250
163116,1,250
163134,1,250
163168,1,250
163277,1,250
163491,1,250
163508,1,250
163516,1,250
163573,1,250
163610,1,250
163613,1,250
163661,1,250
163664,1,250
163763,1,250
163961,1,250
164021,1,250
164023,1,250
164080,1,250
164120,1,250
164126,1,250
164198,1,250
164205,1,250
164270,1,250
164280,1,250
164281,1,250
164361,1,250
164442,1,250
164460,1,250
164532,1,250
164776,1,250
164794,1,250
164848,1,250
164893,1,250
164895,1,250
165048,1,250
165233,1,250
165510,1,250
165534,1,250
165541,1,250
165935,1,250
166008,1,250
166038,1,250
166221,1,250
166353,1,250
166369,1,250
166560,1,250
166570,1,250
166572,1,250
166664,1,250
166688,1,250
166727,1,250
166774,1,250
166894,1,250
167056,1,250
167126,1,250
167195,1,250
167284,1,250
167336,1,250
167338,1,250
167469,1,250
167495,1,250
167508,1,250
167513,1,250
167523,1,250
167554,1,250
167567,1,250
167636,1,250
167781,1,250
167788,1,250
167828,1,250
167852,1,250
167859,1,250
168043,1,250
168094,1,250
168126,1,250
168126,1,250
168182,1,250
168216,1,250
168264,1,250
168279,1,250
168350,1,250
168545,1,250
168582,1,250
168669,1,250
168687,1,250
168735,1,250
168760,1,250
168883,1,250
169007,1,250
169036,1,250
169093,1,250
169134,1,250
169181,1,250
169234,1,250
169363,1,250
169385,1,250
169522,1,250
169522,1,250
169596,1,250
169734,1,250
169785,1,250
170101,1,250
170132,1,250
170176,1,250
170453,1,250
170468,1,250
170532,1,250
170535,1,250
170569,1,250
170630,1,250
170771,1,250
170823,1,250
170899,1,250
171002,1,250
171011,1,250
171038,1,250
171061,1,250
171160,1,250
171222,1,250
171344,1,250
171449,1,250
171505,1,250
171586,1,250
171619,1,250
171763,1,250
171819,1,250
171845,1,250
171896,1,250
171907,1,250
172019,1,250
172114,1,250
172120,1,250
172147,1,250
172194,1,250
172202,1,250
172461,1,250
172595,1,250
172624,1,250
172700,1,250
172710,1,250
172776,1,250
172803,1,250
173053,1,250
173107,1,250
173137,1,250
173305,1,250
173575,1,250
173648,1,250
173676,1,250
173730,1,250
173752,1,250
173815,1,250
173818,1,250
173893,1,250
173895,1,250
174003,1,250
174094,1,250
174253,1,250
174274,1,250
174427,1,250
174500,1,250
174504,1,250
174542,1,250
174661,1,250
174712,1,250
174765,1,250
174812,1,250
174843,1,250
174892,1,250
174944,1,250
174958,1,250
175186,1,250
175302,1,250
175304,1,250
175377,1,250
175382,1,250
175552,1,250
175588,1,250
175601,1,250
175836,1,250
175994,1,250
176005,1,250
176309,1,250
176463,1,250
176503,1,250
176509,1,250
176611,1,250
176672,1,250
176821,1,250
176839,1,250
176897,1,250
176898,1,250
176921,1,250
176972,1,250
176984,1,250
177093,1,250
177203,1,250
177211,1,250
177327,1,250
177435,1,250
177641,1,250
177671,1,250
177680,1,250
177696,1,250
177860,1,250
177909,1,250
178034,1,250
178139,1,250
178347,1,250
178441,1,250
178718,1,250
178725,1,250
178798,1,250
178831,1,250
178865,1,250
178899,1,250
179133,1,250
179174,1,250
179308,1,250
179430,1,250
179527,1,250
179549,1,250
179561,1,250
179609,1,250
179632,1,250
179645,1,250
179650,1,250
179827,1,250
179833,1,250
179905,1,250
179925,1,250
180112,1,250
180206,1,250
180329,1,250
180358,1,250
180454,1,250
180501,1,250
180528,1,250
180533,1,250
180578,1,250
180587,1,250
180647,1,250
180814,1,250
180846,1,250
180883,1,250
180967,1,250
181032,1,250
181073,1,250
181111,1,250
181309,1,250
181377,1,250
181487,1,250
181500,1,250
181674,1,250
181717,1,250
181797,1,250
181801,1,250
181819,1,250
181918,1,250
181931,1,250
181941,1,250
182164,1,250
182166,1,250
182252,1,250
182379,1,250
182383,1,250
182399,1,250
182416,1,250
182421,1,250
182430,1,250
182446,1,250
182464,1,250
182507,1,250
182539,1,250
182547,1,250
182583,1,250
182724,1,250
182731,1,250
182734,1,250
182798,1,250
182910,1,250
183021,1,250
183040,1,250
183108,1,250
183202,1,250
183207,1,250
183231,1,250
183243,1,250
183295,1,250
183310,1,250
183326,1,250
183441,1,250
183579,1,250
183679,1,250
183705,1,250
183709,1,250
183828,1,250
183832,1,250
183855,1,250
183962,1,250
184252,1,250
184291,1,250
184340,1,250
184340,1,250
184651,1,250
184698,1,250
184741,1,250
184860,1,250
184884,1,250
184906,1,250
184960,1,250
184967,1,250
185075,1,250
185171,1,250
185301,1,250
185332,1,250
185461,1,250
185634,1,250
185681,1,250
186062,1,250
186072,1,250
186091,1,250
186096,1,250
186101,1,250
186181,1,250
186220,1,250
186223,1,250
186330,1,250
186338,1,250
186367,1,250
186374,1,250
186492,1,250
186507,1,250
186599,1,250
186656,1,250
186672,1,250
186685,1,250
186719,1,250
186735,1,250
186760,1,250
186778,1,250
186811,1,250
186878,1,250
186918,1,250
186922,1,250
186926,1,250
186929,1,250
186944,1,250
187033,1,250
187036,1,250
187052,1,250
187085,1,250
187102,1,250
187119,1,250
187175,1,250
187289,1,250
187359,1,250
187476,1,250
187479,1,250
187504,1,250
187509,1,250
187602,1,250
187659,1,250
187666,1,250
187681,1,250
187685,1,250
187725,1,250
187871,1,250
187898,1,250
187922,1,250
188058,1,250
188178,1,250
188326,1,250
188409,1,250
188417,1,250
188702,1,250
188875,1,250
188943,1,250
189031,1,250
189031,1,250
189191,1,250
189208,1,250
189229,1,250
189347,1,250
189424,1,250
189581,1,250
189582,1,250
189848,1,250
189923,1,250
189932,1,250
190028,1,250
190036,1,250
190092,1,250
190100,1,250
190326,1,250
190512,1,250
190620,1,250
190632,1,250
190673,1,250
190707,1,250
190722,1,250
190791,1,250
190916,1,250
191100,1,250
191142,1,250
191175,1,250
191210,1,250
191231,1,250
191287,1,250
191620,1,250
191819,1,250
191878,1,250
192020,1,250
192056,1,250
192115,1,250
192116,1,250
192294,1,250
192296,1,250
192322,1,250
192329,1,250
192336,1,250
192367,1,250
192422,1,250
192476,1,250
192525,1,250
192633,1,250
192728,1,250
192733,1,250
192760,1,250
192804,1,250
192876,1,250
192905,1,250
192919,1,250
192926,1,250
193053,1,250
193111,1,250
193154,1,250
193167,1,250
193203,1,250
193418,1,250
193555,1,250
193562,1,250
193649,1,250
193651,1,250
193658,1,250
193708,1,250
193727,1,250
193790,1,250
193807,1,250
193822,1,250
193885,1,250
193915,1,250
194004,1,250
194018,1,250
194019,1,250
194070,1,250
194096,1,250
194135,1,250
194146,1,250
194168,1,250
194311,1,250
194544,1,250
194615,1,250
194619,1,250
194776,1,250
194818,1,250
194884,1,250
194893,1,250
194960,1,250
194982,1,250
195208,1,250
195209,1,250
195224,1,250
195243,1,250
195280,1,250
195390,1,250
195489,1,250
195521,1,250
195521,1,250
195545,1,250
195675,1,250
195833,1,250
195948,1,250
195949,1,250
195964,1,250
196011,1,250
196070,1,250
196157,1,250
196177,1,250
196265,1,250
196473,1,250
196567,1,250
196571,1,250
196591,1,250
196617,1,250
196656,1,250
196753,1,250
196763,1,250
196769,1,250
196813,1,250
196886,1,250
196961,1,250
197093,1,250
197114,1,250
197182,1,250
197199,1,250
197206,1,250
197227,1,250
197276,1,250
197339,1,250
197425,1,250
197449,1,250
197607,1,250
197705,1,250
197918,1,250
198008,1,250
198100,1,250
198239,1,250
198276,1,250
198362,1,250
198377,1,250
198379,1,250
198425,1,250
198454,1,250
198491,1,250
198599,1,250
198787,1,250
198811,1,250
198848,1,250
198899,1,250
198926,1,250
198935,1,250
198963,1,250
199055,1,250
199092,1,250
199259,1,250
199262,1,250
199324,1,250
199445,1,250
199487,1,250
199504,1,250
199563,1,250
199612,1,250
199634,1,250
199681,1,250
199706,1,250
199756,1,250
199762,1,250
199810,1,250
199853,1,250
199913,1,250
199924,1,250
200094,1,250
200166,1,250
200254,1,250
200371,1,250
200377,1,250
200416,1,250
200425,1,250
200435,1,250
200549,1,250
200551,1,250
200613,1,250
200738,1,250
200765,1,250
200783,1,250
200866,1,250
200932,1,250
200942,1,250
201129,1,250
201161,1,250
201172,1,250
201255,1,250
201258,1,250
201268,1,250
201286,1,250
201334,1,250
201459,1,250
201589,1,250
201645,1,250
201680,1,250
201720,1,250
201880,1,250
201972,1,250
202022,1,250
202117,1,250
202224,1,250
202288,1,250
202313,1,250
202411,1,250
202444,1,250
202451,1,250
202524,1,250
202540,1,250
202556,1,250
202601,1,250
202825,1,250
202869,1,250
202956,1,250
203059,1,250
203229,1,250
203282,1,250
203305,1,250
203306,1,250
203326,1,250
203444,1,250
203541,1,250
203574,1,250
203698,1,250
203761,1,250
203818,1,250
203862,1,250
204090,1,250
204094,1,250
204137,1,250
204212,1,250
204335,1,250
204397,1,250
204516,1,250
204527,1,250
204548,1,250
204601,1,250
204628,1,250
204675,1,250
204757,1,250
204824,1,250
204888,1,250
204964,1,250
205003,1,250
205113,1,250
205275,1,250
205310,1,250
205320,1,250
205321,1,250
205423,1,250
205454,1,250
205561,1,250
205564,1,250
205594,1,250
205766,1,250
206010,1,250
206084,1,250
206203,1,250
206222,1,250
206411,1,250
206506,1,250
206639,1,250
206707,1,250
206719,1,250
206876,1,250
206878,1,250
206957,1,250
206965,1,250
207031,1,250
207263,1,250
207291,1,250
207419,1,250
207571,1,250
207586,1,250
207732,1,250
207771,1,250
207796,1,250
207889,1,250
208114,1,250
208215,1,250
208361,1,250
208468,1,250
208654,1,250
208728,1,250
208777,1,250
208842,1,250
208851,1,250
208959,1,250
209002,1,250
209215,1,250
209285,1,250
209300,1,250
209397,1,250
209472,1,250
209472,1,250
209516,1,250
209619,1,250
209760,1,250
209951,1,250
209982,1,250
210144,1,250
210156,1,250
210424,1,250
210442,1,250
210511,1,250
210619,1,250
210656,1,250
210682,1,250
210794,1,250
210817,1,250
210832,1,250
210864,1,250
210933,1,250
211011,1,250
211040,1,250
211117,1,250
211159,1,250
211222,1,250
211280,1,250
211540,1,250
211641,1,250
211724,1,250
211836,1,250
211843,1,250
211882,1,250
211890,1,250
211895,1,250
211907,1,250
211964,1,250
212033,1,250
212075,1,250
212193,1,250
212212,1,250
212298,1,250
212400,1,250
212587,1,250
212681,1,250
212682,1,250
212732,1,250
212925,1,250
212969,1,250
212985,1,250
213056,1,250
213146,1,250
213302,1,250
213615,1,250
213667,1,250
213751,1,250
213854,1,250
213866,1,250
213877,1,250
213916,1,250
213932,1,250
213998,1,250
214013,1,250
214062,1,250
214117,1,250
214337,1,250
214351,1,250
214382,1,250
214391,1,250
214440,1,250
214467,1,250
214561,1,250
214569,1,250
214740,1,250
214808,1,250
215062,1,250
215141,1,250
215178,1,250
215254,1,250
215273,1,250
215615,1,250
215634,1,250
215731,1,250
215892,1,250
215987,1,250
215990,1,250
216084,1,250
216257,1,250
216469,1,250
216530,1,250
216533,1,250
216536,1,250
216723,1,250
216763,1,250
216779,1,250
216796,1,250
216807,1,250
216835,1,250
216836,1,250
216848,1,250
216924,1,250
216968,1,250
217147,1,250
217150,1,250
217152,1,250
217211,1,250
217219,1,250
217222,1,250
217336,1,250
217489,1,250
217615,1,250
217632,1,250
217700,1,250
217893,1,250
217913,1,250
218064,1,250
218379,1,250
218496,1,250
218628,1,250
218634,1,250
218737,1,250
218861,1,250
218910,1,250
219250,1,250
219380,1,250
219442,1,250
219514,1,250
219539,1,250
219581,1,250
219707,1,250
219997,1,250
220006,1,250
220060,1,250
220094,1,250
220109,1,250
220135,1,250
220223,1,250
220241,1,250
220246,1,250
220400,1,250
220454,1,250
220508,1,250
220908,1,250
220949,1,250
221020,1,250
221068,1,250
221154,1,250
221169,1,250
221194,1,250
221447,1,250
221491,1,250
221524,1,250
221599,1,250
221637,1,250
221659,1,250
221702,1,250
221781,1,250
221806,1,250
221815,1,250
221928,1,250
221938,1,250
221938,1,250
221981,1,250
222012,1,250
222050,1,250
222101,1,250
222150,1,250
222257,1,250
222258,1,250
222323,1,250
222436,1,250
222443,1,250
222489,1,250
222632,1,250
222641,1,250
222670,1,250
222871,1,250
222981,1,250
223023,1,250
223031,1,250
223032,1,250
223086,1,250
223219,1,250
223251,1,250
223338,1,250
223429,1,250
223614,1,250
223642,1,250
223674,1,250
223752,1,250
223765,1,250
223781,1,250
223925,1,250
224006,1,250
224127,1,250
224366,1,250
224495,1,250
224508,1,250
224511,1,250
224589,1,250
224605,1,250
224611,1,250
224708,1,250
224737,1,250
224758,1,250
224811,1,250
224869,1,250
224877,1,250
224879,1,250
225008,1,250
225057,1,250
225116,1,250
225201,1,250
225438,1,250
225492,1,250
225498,1,250
225509,1,250
225632,1,250
225657,1,250
225677,1,250
225711,1,250
225779,1,250
226251,1,250
226392,1,250
226465,1,250
226534,1,250
226571,1,250
226725,1,250
226784,1,250
226797,1,250
226859,1,250
226940,1,250
227072,1,250
227239,1,250
227362,1,250
227490,1,250
227544,1,250
227727,1,250
227751,1,250
227884,1,250
227917,1,250
227943,1,250
228011,1,250
228053,1,250
228102,1,250
228159,1,250
228165,1,250
228176,1,250
228283,1,250
228332,1,250
228401,1,250
228481,1,250
228498,1,250
228817,1,250
228925,1,250
228939,1,250
229176,1,250
229182,1,250
229185,1,250
229262,1,250
229376,1,250
229410,1,250
229463,1,250
229498,1,250
229547,1,250
229726,1,250
229759,1,250
229796,1,250
229838,1,250
229953,1,250
230031,1,250
230055,1,250
230126,1,250
230175,1,250
230202,1,250
230376,1,250
230409,1,250
230484,1,250
230505,1,250
230588,1,250
230592,1,250
230632,1,250
230654,1,250
230789,1,250
230883,1,250
231141,1,250
231431,1,250
231438,1,250
231516,1,250
231633,1,250
231700,1,250
231769,1,250
232619,1,250
232715,1,250
232837,1,250
233006,1,250
233087,1,250
233110,1,250
233157,1,250
233341,1,250
233630,1,250
233656,1,250
233832,1,250
233832,1,250
233854,1,250
234036,1,250
234119,1,250
234122,1,250
234144,1,250
234194,1,250
234277,1,250
234319,1,250
234342,1,250
234405,1,250
234546,1,250
234553,1,250
234563,1,250
234627,1,250
234709,1,250
234814,1,250
235043,1,250
235076,1,250
235233,1,250
235347,1,250
235477,1,250
235657,1,250
235700,1,250
236010,1,250
236539,1,250
236627,1,250
236826,1,250
237052,1,250
237058,1,250
237115,1,250
237138,1,250
237166,1,250
237440,1,250
237448,1,250
237464,1,250
237466,1,250
237536,1,250
237576,1,250
237762,1,250
237813,1,250
238024,1,250
238026,1,250
238045,1,250
238261,1,250
238680,1,250
238756,1,250
238806,1,250
238934,1,250
238948,1,250
239073,1,250
239172,1,250
239264,1,250
239419,1,250
239421,1,250
239450,1,250
239525,1,250
239529,1,250
239633,1,250
240081,1,250
240218,1,250
240251,1,250
240327,1,250
240353,1,250
240826,1,250
240955,1,250
241094,1,250
241286,1,250
241424,1,250
242019,1,250
242374,1,250
242441,1,250
242544,1,250
242578,1,250
242616,1,250
242880,1,250
243494,1,250
243595,1,250
243769,1,250
243777,1,250
243919,1,250
243961,1,250
244067,1,250
244069,1,250
244357,1,250
244559,1,250
244815,1,250
245033,1,250
245033,1,250
245431,1,250
245473,1,250
245500,1,250
245537,1,250
245796,1,250
245822,1,250
246092,1,250
246292,1,250
246541,1,250
246548,1,250
246708,1,250
247237,1,250
247263,1,250
247391,1,250
247461,1,250
247526,1,250
247790,1,250
247794,1,250
247882,1,250
248071,1,250
248179,1,250
248367,1,250
248388,1,250
248456,1,250
248467,1,250
248524,1,250
249257,1,250
249271,1,250
249297,1,250
249343,1,250
249406,1,250
249412,1,250
249502,1,250
249739,1,250
249801,1,250
249833,1,250
249840,1,250
249849,1,250
250284,1,250
250503,1,250
250654,1,250
250750,1,250
250845,1,250
251079,1,250
251089,1,250
251308,1,250
251446,1,250
252041,1,250
252305,1,250
252334,1,250
252351,1,250
252857,1,250
253173,1,250
253380,1,250
253831,1,250
253843,1,250
253849,1,250
254136,1,250
254145,1,250
254233,1,250
254342,1,250
254492,1,250
255327,1,250
255352,1,250
256048,1,250
256107,1,250
256116,1,250
256393,1,250
256402,1,250
256441,1,250
256552,1,250
256561,1,250
256780,1,250
257076,1,250
257098,1,250
257201,1,250
257310,1,250
257936,1,250
257960,1,250
258092,1,250
258099,1,250
258121,1,250
258255,1,250
258266,1,250
258327,1,250
258361,1,250
258397,1,250
258517,1,250
258573,1,250
258634,1,250
258727,1,250
259170,1,250
259621,1,250
259641,1,250
259712,1,250
259755,1,250
259755,1,250
260311,1,250
260554,1,250
260668,1,250
260938,1,250
261360,1,250
261864,1,250
262013,1,250
262178,1,250
262199,1,250
262330,1,250
262353,1,250
262489,1,250
262846,1,250
263013,1,250
263084,1,250
263089,1,250
263377,1,250
263406,1,250
263860,1,250
263874,1,250
264012,1,250
264043,1,250
264673,1,250
264736,1,250
264810,1,250
264854,1,250
264946,1,250
265625,1,250
265820,1,250
266108,1,250
266275,1,250
266496,1,250
266559,1,250
266598,1,250
266665,1,250
266690,1,250
266944,1,250
267052,1,250
267080,1,250
267082,1,250
267935,1,250
268015,1,250
268019,1,250
268036,1,250
268128,1,250
268227,1,250
268241,1,250
268264,1,250
268299,1,250
268719,1,250
269486,1,250
269681,1,250
269891,1,250
270129,1,250
270173,1,250
270207,1,250
270754,1,250
270986,1,250
271398,1,250
271654,1,250
272026,1,250
272160,1,250
272209,1,250
272312,1,250
272704,1,250
273112,1,250
273219,1,250
273674,1,250
273686,1,250
273853,1,250
273859,1,250
274237,1,250
274421,1,250
274464,1,250
274636,1,250
275311,1,250
275442,1,250
275580,1,250
276179,1,250
276225,1,250
276516,1,250
276543,1,250
276829,1,250
276980,1,250
277592,1,250
278694,1,250
279145,1,250
279234,1,250
279284,1,250
279970,1,250
279991,1,250
280498,1,250
280837,1,250
281098,1,250
281269,1,250
281322,1,250
281406,1,250
281493,1,250
281675,1,250
281688,1,250
282034,1,250
282169,1,250
282406,1,250
282477,1,250
282622,1,250
282667,1,250
282731,1,250
282855,1,250
283027,1,250
283072,1,250
283150,1,250
283257,1,250
283267,1,250
283566,1,250
283743,1,250
283804,1,250
284100,1,250
284205,1,250
285303,1,250
285887,1,250
286473,1,250
287545,1,250
287702,1,250
288488,1,250
288769,1,250
289071,1,250
289113,1,250
289238,1,250
290181,1,250
290185,1,250
290475,1,250
290600,1,250
291109,1,250
291367,1,250
291617,1,250
291792,1,250
292384,1,250
292644,1,250
292684,1,250
292850,1,250
292858,1,250
293164,1,250
293278,1,250
293289,1,250
294367,1,250
294744,1,250
295095,1,250
295099,1,250
295196,1,250
295750,1,250
295838,1,250
296140,1,250
296301,1,250
296331,1,250
296910,1,250
296920,1,250
297105,1,250
297243,1,250
297328,1,250
297423,1,250
297562,1,250
297653,1,250
297765,1,250
298100,1,250
298284,1,250
298806,1,250
299452,1,250
300376,1,250
300510,1,250
300710,1,250
300788,1,250
300861,1,250
301544,1,250
301894,1,250
302088,1,250
302316,1,250
302849,1,250
302919,1,250
303675,1,250
304205,1,250
304532,1,250
305367,1,250
306386,1,250
306418,1,250
306553,1,250
306616,1,250
306894,1,250
306915,1,250
306971,1,250
306998,1,250
307048,1,250
307261,1,250
307564,1,250
307635,1,250
307680,1,250
307812,1,250
308219,1,250
308556,1,250
308907,1,250
309069,1,250
309106,1,250
309171,1,250
309185,1,250
309719,1,250
309913,1,250
310508,1,250
310933,1,250
310943,1,250
311107,1,250
311240,1,250
312816,1,250
313334,1,250
314624,1,250
314762,1,250
315211,1,250
316004,1,250
316146,1,250
316525,1,250
317101,1,250
317107,1,250
317629,1,250
318100,1,250
318378,1,250
318405,1,250
318694,1,250
318736,1,250
319070,1,250
319610,1,250
319912,1,250
319961,1,250
320198,1,250
320733,1,250
320824,1,250
321005,1,250
321116,1,250
321150,1,250
321713,1,250
322085,1,250
322630,1,250
323072,1,250
323521,1,250
323829,1,250
324068,1,250
324692,1,250
324864,1,250
325833,1,250
325984,1,250
327294,1,250
328724,1,250
328793,1,250
329379,1,250
330006,1,250
330391,1,250
331103,1,250
331135,1,250
331165,1,250
331635,1,250
331716,1,250
332417,1,250
332542,1,250
332700,1,250
332873,1,250
334305,1,250
334472,1,250
334814,1,250
334894,1,250
335649,1,250
335670,1,250
335795,1,250
336095,1,250
336437,1,250
337483,1,250
337555,1,250
338140,1,250
338170,1,250
338275,1,250
340032,1,250
340037,1,250
340102,1,250
340284,1,250
340806,1,250
340865,1,250
341342,1,250
341694,1,250
341722,1,250
341775,1,250
342225,1,250
342303,1,250
342412,1,250
342792,1,250
343292,1,250
343790,1,250
343994,1,250
344106,1,250
344212,1,250
344481,1,250
344583,1,250
344773,1,250
344963,1,250
345625,1,250
346036,1,250
346539,1,250
347248,1,250
349792,1,250
350034,1,250
350120,1,250
351285,1,250
351873,1,250
353599,1,250
354015,1,250
354169,1,250
354188,1,250
354330,1,250
354455,1,250
354598,1,250
355385,1,250
355411,1,250
355508,1,250
355611,1,250
355695,1,250
355715,1,250
356874,1,250
357433,1,250
357633,1,250
357783,1,250
359911,1,250
363784,1,250
364035,1,250
364215,1,250
364568,1,250
364861,1,250
365136,1,250
365463,1,250
365614,1,250
365708,1,250
365821,1,250
366582,1,250
367603,1,250
367875,1,250
368922,1,250
369392,1,250
369472,1,250
369529,1,250
369559,1,250
369599,1,250
369615,1,250
370350,1,250
370397,1,250
370564,1,250
370945,1,250
371718,1,250
372503,1,250
373704,1,250
373771,1,250
374338,1,250
375001,1,250
375372,1,250
376705,1,250
377491,1,250
378275,1,250
378300,1,250
378537,1,250
378639,1,250
379003,1,250
379330,1,250
379458,1,250
379927,1,250
380224,1,250
380989,1,250
381022,1,250
381468,1,250
382236,1,250
382548,1,250
382856,1,250
382861,1,250
382931,1,250
382961,1,250
383000,1,250
383133,1,250
384360,1,250
384543,1,250
384722,1,250
385024,1,250
385498,1,250
385642,1,250
385750,1,250
386423,1,250
386936,1,250
387212,1,250
387301,1,250
387319,1,250
387511,1,250
388032,1,250
388280,1,250
388459,1,250
388665,1,250
388767,1,250
389291,1,250
389709,1,250
391077,1,250
391424,1,250
391553,1,250
391741,1,250
391793,1,250
392325,1,250
392543,1,250
392691,1,250
394035,1,250
394039,1,250
394108,1,250
394255,1,250
395171,1,250
395495,1,250
395740,1,250
396899,1,250
398077,1,250
398228,1,250
398230,1,250
398738,1,250
399097,1,250
400500,1,250
400852,1,250
401063,1,250
401453,1,250
401558,1,250
401648,1,250
402067,1,250
402164,1,250
402193,1,250
402263,1,250
402327,1,250
402353,1,250
402493,1,250
402511,1,250
402550,1,250
402658,1,250
402688,1,250
402763,1,250
402933,1,250
402975,1,250
403132,1,250
403503,1,250
403563,1,250
403630,1,250
403841,1,250
403958,1,250
403994,1,250
404149,1,250
404347,1,250
404353,1,250
404662,1,250
404732,1,250
405984,1,250
406235,1,250
406380,1,250
406395,1,250
406465,1,250
407051,1,250
407903,1,250
408088,1,250
408091,1,250
408161,1,250
408181,1,250
408440,1,250
408445,1,250
408506,1,250
408526,1,250
408610,1,250
409028,1,250
411539,1,250
411603,1,250
411901,1,250
412792,1,250
413037,1,250
413240,1,250
413261,1,250
413596,1,250
413732,1,250
414082,1,250
414413,1,250
414438,1,250
414537,1,250
414612,1,250
415339,1,250
415709,1,250
416460,1,250
416861,1,250
416871,1,250
417024,1,250
417379,1,250
417452,1,250
417456,1,250
417631,1,250
417830,1,250
417927,1,250
418425,1,250
418526,1,250
419591,1,250
419641,1,250
419904,1,250
420040,1,250
420371,1,250
420518,1,250
420734,1,250
421041,1,250
421349,1,250
421577,1,250
422845,1,250
422867,1,250
423622,1,250
423638,1,250
423789,1,250
424100,1,250
424122,1,250
424628,1,250
424778,1,250
425718,1,250
425852,1,250
425936,1,250
426022,1,250
426046,1,250
426082,1,250
426836,1,250
426867,1,250
426951,1,250
427150,1,250
427319,1,250
427459,1,250
427691,1,250
427737,1,250
427771,1,250
427810,1,250
428156,1,250
428659,1,250
428755,1,250
429183,1,250
429202,1,250
429350,1,250
429421,1,250
429780,1,250
429815,1,250
429860,1,250
430579,1,250
431388,1,250
431641,1,250
431900,1,250
432159,1,250
432269,1,250
432283,1,250
432393,1,250
432696,1,250
432828,1,250
433285,1,250
434532,1,250
434809,1,250
435224,1,250
435788,1,250
436011,1,250
436904,1,250
437351,1,250
438535,1,250
438667,1,250
438828,1,250
439149,1,250
439376,1,250
439465,1,250
439633,1,250
440232,1,250
440345,1,250
440722,1,250
440724,1,250
441231,1,250
441277,1,250
442006,1,250
442058,1,250
442187,1,250
442219,1,250
442376,1,250
442571,1,250
443070,1,250
444486,1,250
444876,1,250
444885,1,250
444992,1,250
445593,1,250
445680,1,250
445910,1,250
447020,1,250
447286,1,250
447320,1,250
447492,1,250
447804,1,250
448006,1,250
448206,1,250
448405,1,250
448933,1,250
449041,1,250
449570,1,250
449579,1,250
449634,1,250
449789,1,250
449971,1,250
450143,1,250
450191,1,250
450195,1,250
450338,1,250
450589,1,250
450817,1,250
451238,1,250
451492,1,250
451736,1,250
451786,1,250
451932,1,250
452177,1,250
452217,1,250
452284,1,250
452367,1,250
452559,1,250
452567,1,250
452650,1,250
452824,1,250
452826,1,250
453222,1,250
453442,1,250
453824,1,250
453855,1,250
453885,1,250
454057,1,250
454086,1,250
454318,1,250
454396,1,250
454509,1,250
454521,1,250
454606,1,250
454626,1,250
454768,1,250
454782,1,250
454832,1,250
455098,1,250
455229,1,250
455251,1,250
455485,1,250
455520,1,250
455715,1,250
455736,1,250
455883,1,250
456036,1,250
456082,1,250
456231,1,250
456324,1,250
456552,1,250
456653,1,250
456695,1,250
456706,1,250
456780,1,250
457142,1,250
457463,1,250
458531,1,250
458605,1,250
458668,1,250
458900,1,250
459214,1,250
459219,1,250
459454,1,250
459613,1,250
459766,1,250
460166,1,250
460284,1,250
461007,1,250
461012,1,250
461183,1,250
461672,1,250
461690,1,250
461849,1,250
461974,1,250
462036,1,250
462064,1,250
462199,1,250
462292,1,250
462317,1,250
462346,1,250
462356,1,250
462359,1,250
462600,1,250
462696,1,250
462817,1,250
462936,1,250
463158,1,250
463322,1,250
463687,1,250
463708,1,250
463755,1,250
463811,1,250
463925,1,250
464057,1,250
464179,1,250
464223,1,250
464552,1,250
464745,1,250
465104,1,250
465243,1,250
465374,1,250
465560,1,250
465809,1,250
465810,1,250
465847,1,250
466087,1,250
466105,1,250
466242,1,250
466713,1,250
467049,1,250
467299,1,250
467805,1,250
468131,1,250
468381,1,250
468540,1,250
468552,1,250
468660,1,250
468678,1,250
469457,1,250
469584,1,250
469818,1,250
469872,1,250
470031,1,250
470223,1,250
470897,1,250
470904,1,250
471121,1,250
471142,1,250
471452,1,250
471971,1,250
472008,1,250
472091,1,250
472217,1,250
472266,1,250
472540,1,250
472735,1,250
472993,1,250
473008,1,250
473094,1,250
473104,1,250
473705,1,250
473990,1,250
474053,1,250
474060,1,250
474148,1,250
474254,1,250
474443,1,250
474549,1,250
474560,1,250
474737,1,250
474883,1,250
475033,1,250
475098,1,250
475158,1,250
475184,1,250
475328,1,250
475575,1,250
475812,1,250
476050,1,250
476195,1,250
476340,1,250
476574,1,250
476682,1,250
476970,1,250
477056,1,250
477146,1,250
477224,1,250
477491,1,250
477517,1,250
477763,1,250
478068,1,250
478120,1,250
478256,1,250
478298,1,250
478382,1,250
478514,1,250
478748,1,250
478802,1,250
478819,1,250
478836,1,250
478873,1,250
479005,1,250
479031,1,250
479044,1,250
479073,1,250
479086,1,250
479166,1,250
479203,1,250
479454,1,250
479546,1,250
479633,1,250
479671,1,250
479708,1,250
479921,1,250
479936,1,250
480085,1,250
480184,1,250
480216,1,250
480322,1,250
480432,1,250
480458,1,250
480478,1,250
480503,1,250
481103,1,250
481202,1,250
481376,1,250
481575,1,250
481661,1,250
481832,1,250
482005,1,250
482076,1,250
482206,1,250
482241,1,250
482417,1,250
482427,1,250
482534,1,250
482754,1,250
482817,1,250
482952,1,250
483154,1,250
483155,1,250
483180,1,250
483284,1,250
483376,1,250
483409,1,250
483451,1,250
483797,1,250
483975,1,250
484001,1,250
484030,1,250
484365,1,250
484376,1,250
484400,1,250
484885,1,250
484934,1,250
485095,1,250
485115,1,250
485577,1,250
486064,1,250
486088,1,250
486098,1,250
486108,1,250
486216,1,250
486250,1,250
486375,1,250
486641,1,250
486662,1,250
486816,1,250
486841,1,250
487002,1,250
487051,1,250
487147,1,250
487152,1,250
487397,1,250
488813,1,250
488822,1,250
489193,1,250
489255,1,250
489273,1,250
489323,1,250
489377,1,250
489470,1,250
489493,1,250
489519,1,250
489556,1,250
489571,1,250
489606,1,250
489729,1,250
489809,1,250
489948,1,250
490005,1,250
490167,1,250
490713,1,250
490807,1,250
490936,1,250
490961,1,250
491617,1,250
491667,1,250
491953,1,250
492250,1,250
492439,1,250
492518,1,250
492773,1,250
492789,1,250
492828,1,250
493053,1,250
493217,1,250
493368,1,250
493584,1,250
493787,1,250
493831,1,250
494028,1,250
494159,1,250
494782,1,250
495101,1,250
495581,1,250
495627,1,250
495742,1,250
495745,1,250
496408,1,250
496514,1,250
496663,1,250
496938,1,250
497332,1,250
497618,1,250
497657,1,250
497800,1,250
498172,1,250
498231,1,250
498290,1,250
498430,1,250
498768,1,250
498853,1,250
498856,1,250
499002,1,250
499350,1,250
499414,1,250
499569,1,250
499681,1,250
499779,1,250
499892,1,250
500170,1,250
500608,1,250
500627,1,250
500701,1,250
500740,1,250
500770,1,250
501173,1,250
501285,1,250
501342,1,250
501507,1,250
501574,1,250
501596,1,250
501662,1,250
501664,1,250
501840,1,250
502088,1,250
502438,1,250
502566,1,250
503053,1,250
503417,1,250
503505,1,250
503606,1,250
503713,1,250
503807,1,250
503871,1,250
503931,1,250
504036,1,250
504038,1,250
504514,1,250
504649,1,250
504880,1,250
505246,1,250
505662,1,250
505835,1,250
506000,1,250
506133,1,250
506176,1,250
506194,1,250
506420,1,250
506537,1,250
506635,1,250
506764,1,250
507086,1,250
507255,1,250
507934,1,250
508033,1,250
508259,1,250
508324,1,250
508451,1,250
508729,1,250
508771,1,250
509070,1,250
509273,1,250
509293,1,250
509574,1,250
509612,1,250
510111,1,250
510354,1,250
510381,1,250
510399,1,250
510483,1,250
510598,1,250
510732,1,250
510751,1,250
511072,1,250
511096,1,250
511294,1,250
511539,1,250
511611,1,250
512119,1,250
512367,1,250
512458,1,250
512470,1,250
512558,1,250
512618,1,250
513305,1,250
513532,1,250
513916,1,250
514062,1,250
514159,1,250
514817,1,250
514960,1,250
515018,1,250
515079,1,250
515343,1,250
515380,1,250
515440,1,250
515483,1,250
515587,1,250
515850,1,250
516715,1,250
516765,1,250
517015,1,250
517250,1,250
517865,1,250
517950,1,250
517985,1,250
518184,1,250
518192,1,250
518249,1,250
518269,1,250
518277,1,250
518805,1,250
519018,1,250
519098,1,250
519509,1,250
519941,1,250
520505,1,250
520774,1,250
520855,1,250
520888,1,250
520972,1,250
520978,1,250
521035,1,250
521142,1,250
521363,1,250
521480,1,250
522055,1,250
522518,1,250
522598,1,250
522669,1,250
522702,1,250
522745,1,250
523038,1,250
523381,1,250
523611,1,250
524366,1,250
524496,1,250
524595,1,250
524753,1,250
525314,1,250
525421,1,250
525627,1,250
525719,1,250
526269,1,250
526803,1,250
526859,1,250
527017,1,250
527126,1,250
527562,1,250
527893,1,250
528030,1,250
528040,1,250
528104,1,250
528135,1,250
528625,1,250
528670,1,250
528778,1,250
529692,1,250
529833,1,250
530194,1,250
530383,1,250
530502,1,250
530754,1,250
530851,1,250
531117,1,250
531540,1,250
532223,1,250
532314,1,250
532573,1,250
532590,1,250
532722,1,250
533019,1,250
533468,1,250
533556,1,250
534131,1,250
534733,1,250
534926,1,250
535546,1,250
535586,1,250
535666,1,250
536081,1,250
536201,1,250
536372,1,250
537046,1,250
538518,1,250
539529,1,250
540015,1,250
540394,1,250
540483,1,250
540757,1,250
540808,1,250
540902,1,250
541167,1,250
541347,1,250
542003,1,250
542785,1,250
543232,1,250
543498,1,250
543523,1,250
543559,1,250
543604,1,250
543666,1,250
545034,1,250
545042,1,250
546206,1,250
546786,1,250
547040,1,250
547574,1,250
547901,1,250
549085,1,250
549441,1,250
549757,1,250
550641,1,250
551625,1,250
551781,1,250
552266,1,250
553331,1,250
554707,1,250
555596,1,250
558613,1,250
559412,1,250
560028,1,250
560439,1,250
561580,1,250
562476,1,250
564394,1,250
564626,1,250
564728,1,250
565062,1,250
565521,1,250
566203,1,250
566318,1,250
566335,1,250
566376,1,250
566504,1,250
566721,1,250
566771,1,250
566930,1,250
567018,1,250
567485,1,250
567515,1,250
567648,1,250
567651,1,250
567723,1,250
567726,1,250
567824,1,250
567863,1,250
568023,1,250
569064,1,250
569740,1,250
570010,1,250
570916,1,250
571007,1,250
571414,1,250
572116,1,250
572491,1,250
574014,1,250
575029,1,250
575858,1,250
577061,1,250
577296,1,250
578338,1,250
578400,1,250
579120,1,250
