331,1,250
1073,1,250
1464,1,250
2528,1,250
2682,1,250
3186,1,250
3224,1,250
3491,1,250
3762,1,250
4883,1,250
5876,1,250
6088,1,250
6706,1,250
7455,1,250
7552,1,250
7627,1,250
8177,1,250
8411,1,250
9061,1,250
9513,1,250
9850,1,250
10573,1,250
10586,1,250
10601,1,250
10657,1,250
11250,1,250
11622,1,250
12653,1,250
13473,1,250
13504,1,250
14357,1,250
14548,1,250
14773,1,250
15086,1,250
15102,1,250
15209,1,250
16229,1,250
16230,1,250
16413,1,250
17160,1,250
18021,1,250
18750,1,250
19421,1,250
19480,1,250
19873,1,250
20886,1,250
21773,1,250
22004,1,250
22303,1,250
22395,1,250
22489,1,250
22662,1,250
23002,1,250
23009,1,250
23274,1,250
23614,1,250
23805,1,250
24081,1,250
24554,1,250
25495,1,250
25798,1,250
25916,1,250
26453,1,250
26669,1,250
26742,1,250
27392,1,250
27637,1,250
27765,1,250
27994,1,250
28021,1,250
29432,1,250
29745,1,250
29770,1,250
29812,1,250
30318,1,250
30568,1,250
31017,1,250
31385,1,250
32198,1,250
32236,1,250
32845,1,250
33062,1,250
33074,1,250
33782,1,250
33812,1,250
33845,1,250
33849,1,250
34592,1,250
34952,1,250
35132,1,250
37274,1,250
38428,1,250
38777,1,250
39080,1,250
39215,1,250
39338,1,250
40481,1,250
40655,1,250
41882,1,250
42001,1,250
42006,1,250
42013,1,250
42224,1,250
42302,1,250
42578,1,250
42630,1,250
42761,1,250
42771,1,250
42776,1,250
42946,1,250
43108,1,250
43583,1,250
43731,1,250
43767,1,250
43781,1,250
44262,1,250
44462,1,250
45093,1,250
45731,1,250
46383,1,250
46419,1,250
46574,1,250
47127,1,250
47256,1,250
47331,1,250
47419,1,250
47621,1,250
47632,1,250
48034,1,250
48102,1,250
48462,1,250
48919,1,250
49152,1,250
49293,1,250
49323,1,250
49346,1,250
50155,1,250
50292,1,250
50434,1,250
51369,1,250
53177,1,250
53421,1,250
54030,1,250
54886,1,250
55419,1,250
55427,1,250
55472,1,250
56709,1,250
56795,1,250
57119,1,250
57466,1,250
58047,1,250
58641,1,250
59150,1,250
59876,1,250
60232,1,250
60487,1,250
61137,1,250
61540,1,250
61758,1,250
61856,1,250
61904,1,250
61913,1,250
62582,1,250
63045,1,250
63269,1,250
64033,1,250
64835,1,250
65101,1,250
66246,1,250
66368,1,250
66610,1,250
66685,1,250
66862,1,250
66884,1,250
67020,1,250
67026,1,250
67060,1,250
67130,1,250
67251,1,250
67367,1,250
67443,1,250
67650,1,250
67757,1,250
67879,1,250
68522,1,250
68854,1,250
68907,1,250
68942,1,250
69033,1,250
69064,1,250
69082,1,250
69146,1,250
69724,1,250
69732,1,250
69803,1,250
69851,1,250
69921,1,250
70062,1,250
70344,1,250
70394,1,250
70403,1,250
70471,1,250
70546,1,250
70756,1,250
70915,1,250
71410,1,250
71451,1,250
71680,1,250
72193,1,250
72282,1,250
72584,1,250
72763,1,250
73037,1,250
73045,1,250
73266,1,250
73391,1,250
73748,1,250
74149,1,250
74285,1,250
74819,1,250
74902,1,250
75076,1,250
75183,1,250
75245,1,250
75727,1,250
76024,1,250
76217,1,250
76245,1,250
76487,1,250
76597,1,250
76752,1,250
76833,1,250
76882,1,250
77338,1,250
77496,1,250
77527,1,250
77548,1,250
77878,1,250
78033,1,250
78363,1,250
78491,1,250
78515,1,250
79318,1,250
79475,1,250
79783,1,250
80237,1,250
80241,1,250
80740,1,250
81007,1,250
81130,1,250
81789,1,250
82154,1,250
82412,1,250
82764,1,250
83231,1,250
83282,1,250
83365,1,250
83424,1,250
83440,1,250
83453,1,250
83469,1,250
83816,1,250
84419,1,250
84499,1,250
84644,1,250
85002,1,250
86273,1,250
86665,1,250
86992,1,250
87029,1,250
87257,1,250
87273,1,250
87566,1,250
88031,1,250
88474,1,250
88672,1,250
88982,1,250
89141,1,250
89410,1,250
89502,1,250
89642,1,250
90024,1,250
90055,1,250
90063,1,250
90093,1,250
90141,1,250
90299,1,250
90435,1,250
90501,1,250
90608,1,250
90851,1,250
91008,1,250
91114,1,250
91205,1,250
91246,1,250
91497,1,250
91526,1,250
91600,1,250
91659,1,250
91665,1,250
92196,1,250
92232,1,250
92446,1,250
92491,1,250
93090,1,250
93149,1,250
93161,1,250
93225,1,250
93606,1,250
93831,1,250
94255,1,250
94263,1,250
94342,1,250
94487,1,250
94489,1,250
94516,1,250
94858,1,250
94914,1,250
95052,1,250
95132,1,250
95297,1,250
95328,1,250
95628,1,250
95784,1,250
95789,1,250
95942,1,250
96016,1,250
96114,1,250
96658,1,250
96847,1,250
97064,1,250
97150,1,250
97151,1,250
97168,1,250
97325,1,250
97475,1,250
97651,1,250
97956,1,250
98007,1,250
98372,1,250
98391,1,250
98515,1,250
98555,1,250
98663,1,250
98693,1,250
98837,1,250
98881,1,250
99060,1,250
99280,1,250
99466,1,250
99770,1,250
99895,1,250
100042,1,250
100119,1,250
100121,1,250
100327,1,250
100330,1,250
100402,1,250
100441,1,250
100630,1,250
100677,1,250
100712,1,250
100754,1,250
100852,1,250
101062,1,250
101169,1,250
101237,1,250
101324,1,250
101395,1,250
101635,1,250
101771,1,250
101773,1,250
102100,1,250
102356,1,250
102921,1,250
103000,1,250
103058,1,250
103128,1,250
103152,1,250
103205,1,250
103271,1,250
103439,1,250
103447,1,250
103661,1,250
103918,1,250
104173,1,250
104215,1,250
104414,1,250
104416,1,250
105012,1,250
105337,1,250
105595,1,250
105728,1,250
106161,1,250
106393,1,250
106405,1,250
106763,1,250
106990,1,250
107020,1,250
107186,1,250
107249,1,250
107306,1,250
107582,1,250
107584,1,250
107608,1,250
107885,1,250
108217,1,250
108263,1,250
108560,1,250
109072,1,250
109539,1,250
109557,1,250
109787,1,250
109907,1,250
110031,1,250
110031,1,250
110032,1,250
110319,1,250
110336,1,250
110377,1,250
110449,1,250
110491,1,250
110528,1,250
110741,1,250
110852,1,250
111069,1,250
111190,1,250
111206,1,250
111279,1,250
111286,1,250
111382,1,250
111504,1,250
111609,1,250
111671,1,250
111734,1,250
111875,1,250
112020,1,250
112026,1,250
112079,1,250
112092,1,250
112271,1,250
112367,1,250
112494,1,250
112580,1,250
112990,1,250
113119,1,250
113297,1,250
113498,1,250
114001,1,250
114119,1,250
114199,1,250
114261,1,250
114281,1,250
114296,1,250
114308,1,250
114410,1,250
114441,1,250
114449,1,250
114452,1,250
114455,1,250
114559,1,250
114750,1,250
114770,1,250
114778,1,250
114941,1,250
115126,1,250
115133,1,250
115187,1,250
115300,1,250
115310,1,250
115377,1,250
115422,1,250
115431,1,250
115598,1,250
115803,1,250
115930,1,250
116046,1,250
116157,1,250
116166,1,250
116238,1,250
116263,1,250
116350,1,250
116405,1,250
116466,1,250
116527,1,250
116560,1,250
116632,1,250
116720,1,250
116736,1,250
116895,1,250
117013,1,250
117156,1,250
117252,1,250
117263,1,250
117363,1,250
117691,1,250
117782,1,250
117812,1,250
117851,1,250
117883,1,250
117892,1,250
118012,1,250
118109,1,250
118352,1,250
118439,1,250
118498,1,250
118639,1,250
118654,1,250
118705,1,250
118715,1,250
118842,1,250
118868,1,250
118919,1,250
119028,1,250
119045,1,250
119087,1,250
119196,1,250
119251,1,250
119410,1,250
119520,1,250
119580,1,250
119856,1,250
120148,1,250
120363,1,250
120407,1,250
120429,1,250
120660,1,250
121110,1,250
121233,1,250
121438,1,250
121607,1,250
121789,1,250
121804,1,250
121824,1,250
121867,1,250
121892,1,250
122097,1,250
122102,1,250
122120,1,250
122136,1,250
122241,1,250
122514,1,250
122614,1,250
122680,1,250
122817,1,250
122971,1,250
122976,1,250
123004,1,250
123025,1,250
123042,1,250
123150,1,250
123299,1,250
123469,1,250
123595,1,250
123913,1,250
124066,1,250
124153,1,250
124188,1,250
124323,1,250
124428,1,250
124619,1,250
124689,1,250
124845,1,250
124890,1,250
124894,1,250
124955,1,250
124984,1,250
125172,1,250
125240,1,250
125300,1,250
125438,1,250
125466,1,250
125468,1,250
125608,1,250
125623,1,250
125675,1,250
125782,1,250
125791,1,250
125921,1,250
125940,1,250
126047,1,250
126098,1,250
126350,1,250
126383,1,250
126461,1,250
126491,1,250
126617,1,250
126800,1,250
126855,1,250
126942,1,250
127259,1,250
127323,1,250
127844,1,250
127862,1,250
128041,1,250
128052,1,250
128066,1,250
128231,1,250
128388,1,250
128416,1,250
128505,1,250
128820,1,250
128821,1,250
128836,1,250
128942,1,250
129037,1,250
129191,1,250
129242,1,250
129340,1,250
129636,1,250
129687,1,250
129854,1,250
129929,1,250
129950,1,250
130009,1,250
130028,1,250
130455,1,250
130549,1,250
130665,1,250
130827,1,250
130981,1,250
131010,1,250
131111,1,250
131338,1,250
131356,1,250
131849,1,250
131857,1,250
131895,1,250
131921,1,250
131997,1,250
132068,1,250
132098,1,250
132238,1,250
132372,1,250
132661,1,250
132706,1,250
132706,1,250
132713,1,250
132736,1,250
132782,1,250
133065,1,250
133657,1,250
133779,1,250
133951,1,250
134049,1,250
134079,1,250
134219,1,250
134415,1,250
134486,1,250
134490,1,250
134516,1,250
135033,1,250
135217,1,250
135234,1,250
135264,1,250
135405,1,250
135741,1,250
135776,1,250
135978,1,250
136019,1,250
136126,1,250
136172,1,250
136373,1,250
136383,1,250
136668,1,250
136671,1,250
137014,1,250
137074,1,250
137133,1,250
137405,1,250
137665,1,250
137763,1,250
137766,1,250
137833,1,250
137874,1,250
137880,1,250
137927,1,250
138061,1,250
138062,1,250
138146,1,250
138164,1,250
138241,1,250
138254,1,250
138355,1,250
138430,1,250
138434,1,250
138509,1,250
138597,1,250
138619,1,250
138733,1,250
139144,1,250
139167,1,250
139232,1,250
139257,1,250
139410,1,250
139448,1,250
139532,1,250
139570,1,250
139595,1,250
139679,1,250
139679,1,250
139765,1,250
139807,1,250
139894,1,250
139896,1,250
139897,1,250
139949,1,250
140122,1,250
140199,1,250
140229,1,250
140307,1,250
140366,1,250
140421,1,250
140429,1,250
140429,1,250
140642,1,250
140656,1,250
140689,1,250
140707,1,250
140719,1,250
140864,1,250
140903,1,250
140961,1,250
141004,1,250
141154,1,250
141269,1,250
141281,1,250
141314,1,250
141347,1,250
141360,1,250
141424,1,250
141445,1,250
141451,1,250
141531,1,250
141534,1,250
141777,1,250
141804,1,250
141922,1,250
141951,1,250
142015,1,250
142053,1,250
142092,1,250
142225,1,250
142304,1,250
142336,1,250
142386,1,250
142449,1,250
142452,1,250
142503,1,250
142539,1,250
142682,1,250
142791,1,250
142792,1,250
142890,1,250
143081,1,250
143119,1,250
143232,1,250
143271,1,250
143291,1,250
143330,1,250
143477,1,250
143668,1,250
143736,1,250
143797,1,250
143801,1,250
143866,1,250
143969,1,250
144000,1,250
144005,1,250
144096,1,250
144137,1,250
144415,1,250
144589,1,250
144665,1,250
144715,1,250
144715,1,250
144927,1,250
144975,1,250
145025,1,250
145030,1,250
145108,1,250
145366,1,250
145410,1,250
145619,1,250
145619,1,250
145635,1,250
145708,1,250
145769,1,250
145776,1,250
145807,1,250
145823,1,250
145853,1,250
146188,1,250
146289,1,250
146497,1,250
146560,1,250
146595,1,250
146626,1,250
146642,1,250
146750,1,250
146767,1,250
146780,1,250
146901,1,250
146970,1,250
147112,1,250
147115,1,250
147142,1,250
147170,1,250
147218,1,250
147229,1,250
147396,1,250
147547,1,250
147593,1,250
147667,1,250
148045,1,250
148056,1,250
148084,1,250
148106,1,250
148187,1,250
148221,1,250
148227,1,250
148260,1,250
148330,1,250
148375,1,250
148388,1,250
148423,1,250
148537,1,250
148551,1,250
148623,1,250
148669,1,250
148812,1,250
148850,1,250
148900,1,250
148916,1,250
149028,1,250
149054,1,250
149088,1,250
149159,1,250
149453,1,250
149513,1,250
149514,1,250
149515,1,250
149967,1,250
149984,1,250
150008,1,250
150249,1,250
150357,1,250
150438,1,250
150666,1,250
150723,1,250
150744,1,250
150760,1,250
151144,1,250
151419,1,250
151422,1,250
151425,1,250
151482,1,250
151526,1,250
151724,1,250
151774,1,250
151901,1,250
151962,1,250
151997,1,250
152001,1,250
152027,1,250
152028,1,250
152048,1,250
152098,1,250
152124,1,250
152151,1,250
152359,1,250
152430,1,250
152631,1,250
152853,1,250
152897,1,250
153268,1,250
153423,1,250
153626,1,250
153684,1,250
153706,1,250
153742,1,250
153783,1,250
154017,1,250
154022,1,250
154172,1,250
154367,1,250
154542,1,250
154649,1,250
154673,1,250
154763,1,250
155006,1,250
155106,1,250
155134,1,250
155147,1,250
155178,1,250
155194,1,250
155250,1,250
155302,1,250
155351,1,250
155449,1,250
155452,1,250
155508,1,250
155812,1,250
155819,1,250
155848,1,250
155854,1,250
155889,1,250
155916,1,250
156092,1,250
156102,1,250
156155,1,250
156497,1,250
156670,1,250
156807,1,250
156811,1,250
156850,1,250
157071,1,250
157187,1,250
157197,1,250
157281,1,250
157303,1,250
157398,1,250
157399,1,250
157492,1,250
157645,1,250
157785,1,250
157885,1,250
157891,1,250
157911,1,250
158000,1,250
158035,1,250
158049,1,250
158060,1,250
158097,1,250
158125,1,250
158172,1,250
158342,1,250
158483,1,250
158617,1,250
158640,1,250
159038,1,250
159040,1,250
159287,1,250
159332,1,250
159339,1,250
159563,1,250
159800,1,250
159820,1,250
159915,1,250
160036,1,250
160038,1,250
160053,1,250
160115,1,250
160278,1,250
160326,1,250
160562,1,250
160678,1,250
160887,1,250
160910,1,250
160932,1,250
161058,1,250
161089,1,250
161112,1,250
161475,1,250
161682,1,250
161692,1,250
161721,1,250
161803,1,250
161860,1,250
162004,1,250
162060,1,250
162112,1,250
162113,1,250
162146,1,250
162157,1,250
162318,1,250
162393,1,250
162397,1,250
162401,1,250
162449,1,250
162477,1,250
162503,1,250
162603,1,250
162613,1,250
162632,1,250
162665,1,250
162695,1,250
162707,1,250
162740,1,250
162829,1,250
163038,1,250
163059,1,250
163143,1,250
163144,1,250
163160,1,250
163411,1,250
163472,1,250
163627,1,250
163740,1,250
163894,1,250
164093,1,250
164133,1,250
164165,1,250
164221,1,250
164224,1,250
164453,1,250
164460,1,250
164462,1,250
164533,1,250
164760,1,250
164772,1,250
164904,1,250
164965,1,250
164978,1,250
165000,1,250
165053,1,250
165090,1,250
165147,1,250
165148,1,250
165238,1,250
165279,1,250
165420,1,250
165432,1,250
165478,1,250
165629,1,250
165634,1,250
165663,1,250
165729,1,250
165941,1,250
166082,1,250
166094,1,250
166250,1,250
166251,1,250
166558,1,250
166591,1,250
166786,1,250
166843,1,250
167132,1,250
167137,1,250
167180,1,250
167205,1,250
167208,1,250
167212,1,250
167257,1,250
167298,1,250
167315,1,250
167365,1,250
167413,1,250
167413,1,250
167599,1,250
167599,1,250
167645,1,250
167757,1,250
167788,1,250
168007,1,250
168016,1,250
168092,1,250
168095,1,250
168179,1,250
168208,1,250
168219,1,250
168361,1,250
168482,1,250
168834,1,250
168839,1,250
168872,1,250
168873,1,250
168875,1,250
168986,1,250
169072,1,250
169166,1,250
169268,1,250
169275,1,250
169346,1,250
169561,1,250
169702,1,250
169741,1,250
169773,1,250
170031,1,250
170039,1,250
170176,1,250
170317,1,250
170601,1,250
170806,1,250
170839,1,250
170977,1,250
171252,1,250
171270,1,250
171285,1,250
171473,1,250
171594,1,250
171608,1,250
171630,1,250
171811,1,250
171919,1,250
172032,1,250
172048,1,250
172213,1,250
172240,1,250
172411,1,250
172451,1,250
172516,1,250
172577,1,250
172665,1,250
172699,1,250
172791,1,250
172802,1,250
172867,1,250
173027,1,250
173096,1,250
173172,1,250
173314,1,250
173405,1,250
173461,1,250
173518,1,250
173520,1,250
173561,1,250
173696,1,250
173734,1,250
173781,1,250
173907,1,250
174021,1,250
174097,1,250
174170,1,250
174243,1,250
174280,1,250
174339,1,250
174357,1,250
174463,1,250
174603,1,250
174831,1,250
174932,1,250
175014,1,250
175019,1,250
175019,1,250
175136,1,250
175139,1,250
175154,1,250
175315,1,250
175516,1,250
175581,1,250
175659,1,250
175766,1,250
175770,1,250
175779,1,250
175781,1,250
175796,1,250
176025,1,250
176072,1,250
176436,1,250
176563,1,250
176583,1,250
176899,1,250
176961,1,250
177020,1,250
177093,1,250
177157,1,250
177267,1,250
177341,1,250
177428,1,250
177481,1,250
177580,1,250
177605,1,250
177625,1,250
177677,1,250
177899,1,250
177899,1,250
177942,1,250
178024,1,250
178165,1,250
178257,1,250
178268,1,250
178279,1,250
178302,1,250
178459,1,250
178472,1,250
178604,1,250
178690,1,250
178819,1,250
178820,1,250
178826,1,250
178986,1,250
179061,1,250
179362,1,250
179477,1,250
179484,1,250
179641,1,250
179717,1,250
179803,1,250
179834,1,250
179872,1,250
179919,1,250
179948,1,250
179976,1,250
179983,1,250
180003,1,250
180006,1,250
180058,1,250
180115,1,250
180166,1,250
180263,1,250
180368,1,250
180387,1,250
180460,1,250
180552,1,250
180605,1,250
180664,1,250
180731,1,250
180827,1,250
180850,1,250
180936,1,250
180966,1,250
181110,1,250
181465,1,250
181493,1,250
181596,1,250
181747,1,250
181847,1,250
181908,1,250
181941,1,250
181951,1,250
182369,1,250
182447,1,250
182527,1,250
182652,1,250
182870,1,250
182901,1,250
182912,1,250
182914,1,250
183061,1,250
183173,1,250
183227,1,250
183273,1,250
183309,1,250
183320,1,250
183425,1,250
183851,1,250
183852,1,250
183859,1,250
183889,1,250
183908,1,250
183928,1,250
184001,1,250
184039,1,250
184088,1,250
184185,1,250
184250,1,250
184303,1,250
184400,1,250
184523,1,250
184690,1,250
184766,1,250
184921,1,250
185308,1,250
185458,1,250
185521,1,250
185533,1,250
185768,1,250
185866,1,250
185934,1,250
186124,1,250
186139,1,250
186373,1,250
186374,1,250
186399,1,250
186471,1,250
186541,1,250
186692,1,250
186800,1,250
186852,1,250
186893,1,250
186914,1,250
186952,1,250
186974,1,250
187048,1,250
187170,1,250
187208,1,250
187361,1,250
187561,1,250
187627,1,250
187635,1,250
187727,1,250
187737,1,250
187810,1,250
188019,1,250
188091,1,250
188135,1,250
188198,1,250
188209,1,250
188254,1,250
188256,1,250
188308,1,250
188314,1,250
188320,1,250
188329,1,250
188366,1,250
188369,1,250
188406,1,250
188619,1,250
188731,1,250
188758,1,250
188815,1,250
188926,1,250
188941,1,250
189021,1,250
189056,1,250
189235,1,250
189287,1,250
189299,1,250
189369,1,250
189398,1,250
189547,1,250
189670,1,250
189697,1,250
189719,1,250
189726,1,250
189745,1,250
189814,1,250
189823,1,250
189824,1,250
189836,1,250
189860,1,250
189985,1,250
189989,1,250
189989,1,250
190085,1,250
190190,1,250
190235,1,250
190241,1,250
190253,1,250
190256,1,250
190351,1,250
190354,1,250
190369,1,250
190385,1,250
190390,1,250
190394,1,250
190418,1,250
190421,1,250
190620,1,250
190640,1,250
190906,1,250
190926,1,250
190939,1,250
191141,1,250
191170,1,250
191380,1,250
191429,1,250
191485,1,250
191583,1,250
191623,1,250
191696,1,250
191707,1,250
191826,1,250
191983,1,250
191988,1,250
192013,1,250
192064,1,250
192080,1,250
192220,1,250
192284,1,250
192299,1,250
192392,1,250
192439,1,250
192458,1,250
192546,1,250
192548,1,250
192589,1,250
192767,1,250
193033,1,250
193134,1,250
193333,1,250
193357,1,250
193360,1,250
193438,1,250
193486,1,250
193745,1,250
193791,1,250
193943,1,250
194004,1,250
194016,1,250
194020,1,250
194126,1,250
194203,1,250
194242,1,250
194322,1,250
194605,1,250
194649,1,250
194654,1,250
194658,1,250
194688,1,250
194864,1,250
194941,1,250
194944,1,250
195014,1,250
195023,1,250
195108,1,250
195124,1,250
195315,1,250
195318,1,250
195344,1,250
195399,1,250
195400,1,250
195489,1,250
195509,1,250
195516,1,250
195803,1,250
195820,1,250
195939,1,250
195975,1,250
196026,1,250
196136,1,250
196254,1,250
196358,1,250
196362,1,250
196548,1,250
196585,1,250
196634,1,250
196865,1,250
196870,1,250
196915,1,250
197153,1,250
197170,1,250
197185,1,250
197270,1,250
197279,1,250
197286,1,250
197374,1,250
197403,1,250
197417,1,250
197452,1,250
197602,1,250
197700,1,250
197812,1,250
197865,1,250
197892,1,250
198013,1,250
198155,1,250
198194,1,250
198333,1,250
198371,1,250
198378,1,250
198451,1,250
198615,1,250
198618,1,250
198625,1,250
198760,1,250
198895,1,250
198929,1,250
199037,1,250
199117,1,250
199416,1,250
199466,1,250
199523,1,250
199557,1,250
199689,1,250
199721,1,250
199867,1,250
199886,1,250
199908,1,250
199964,1,250
200051,1,250
200063,1,250
200098,1,250
200123,1,250
200265,1,250
200274,1,250
200275,1,250
200298,1,250
200397,1,250
200403,1,250
200453,1,250
200525,1,250
200652,1,250
200659,1,250
200739,1,250
200824,1,250
200876,1,250
200898,1,250
201013,1,250
201027,1,250
201103,1,250
201173,1,250
201179,1,250
201204,1,250
201222,1,250
201225,1,250
201234,1,250
201316,1,250
201382,1,250
201525,1,250
201531,1,250
201560,1,250
201625,1,250
201632,1,250
201771,1,250
201774,1,250
201798,1,250
201817,1,250
201848,1,250
201924,1,250
201924,1,250
202005,1,250
202201,1,250
202314,1,250
202327,1,250
202459,1,250
202489,1,250
202578,1,250
202808,1,250
203027,1,250
203072,1,250
203083,1,250
203096,1,250
203167,1,250
203171,1,250
203316,1,250
203533,1,250
203541,1,250
203661,1,250
204144,1,250
204252,1,250
204289,1,250
204300,1,250
204416,1,250
204423,1,250
204439,1,250
204450,1,250
204524,1,250
204607,1,250
204610,1,250
204648,1,250
204712,1,250
204745,1,250
204902,1,250
204933,1,250
205305,1,250
205336,1,250
205525,1,250
205627,1,250
205654,1,250
205877,1,250
205943,1,250
206272,1,250
206296,1,250
206416,1,250
206546,1,250
206618,1,250
206640,1,250
206657,1,250
206796,1,250
206893,1,250
206928,1,250
206932,1,250
206954,1,250
206968,1,250
207006,1,250
207014,1,250
207017,1,250
207079,1,250
207684,1,250
207685,1,250
207791,1,250
208038,1,250
208130,1,250
208194,1,250
208343,1,250
208347,1,250
208375,1,250
208388,1,250
208442,1,250
208569,1,250
208604,1,250
208697,1,250
208859,1,250
208863,1,250
209030,1,250
209119,1,250
209241,1,250
209282,1,250
209463,1,250
209709,1,250
209833,1,250
209884,1,250
210030,1,250
210115,1,250
210134,1,250
210235,1,250
210274,1,250
210319,1,250
210331,1,250
210343,1,250
210453,1,250
210471,1,250
210535,1,250
210619,1,250
210659,1,250
210674,1,250
210724,1,250
210851,1,250
210928,1,250
210935,1,250
211140,1,250
211201,1,250
211201,1,250
211318,1,250
211403,1,250
211490,1,250
211587,1,250
211640,1,250
211735,1,250
212034,1,250
212062,1,250
212098,1,250
212099,1,250
212125,1,250
212205,1,250
212384,1,250
212385,1,250
212421,1,250
212586,1,250
212617,1,250
212764,1,250
212837,1,250
213006,1,250
213010,1,250
213063,1,250
213213,1,250
213263,1,250
213432,1,250
213551,1,250
213587,1,250
213659,1,250
213704,1,250
213853,1,250
214016,1,250
214142,1,250
214214,1,250
214281,1,250
214314,1,250
214338,1,250
214498,1,250
214558,1,250
214593,1,250
214660,1,250
214799,1,250
214818,1,250
214839,1,250
215362,1,250
215399,1,250
215413,1,250
215515,1,250
215595,1,250
215725,1,250
215901,1,250
215932,1,250
215991,1,250
216003,1,250
216008,1,250
216109,1,250
216256,1,250
216304,1,250
216345,1,250
216594,1,250
216614,1,250
216642,1,250
216667,1,250
216744,1,250
216769,1,250
216792,1,250
216924,1,250
216927,1,250
216940,1,250
216945,1,250
217119,1,250
217199,1,250
217338,1,250
217512,1,250
217528,1,250
217593,1,250
217603,1,250
217616,1,250
217959,1,250
218109,1,250
218305,1,250
218344,1,250
218384,1,250
218539,1,250
218632,1,250
219054,1,250
219136,1,250
219338,1,250
219457,1,250
219667,1,250
219762,1,250
219880,1,250
220024,1,250
220154,1,250
220166,1,250
220189,1,250
220202,1,250
220330,1,250
220544,1,250
220577,1,250
220675,1,250
220705,1,250
220781,1,250
220841,1,250
220847,1,250
221090,1,250
221213,1,250
221315,1,250
221486,1,250
221625,1,250
221731,1,250
221853,1,250
222008,1,250
222009,1,250
222145,1,250
222147,1,250
222251,1,250
222422,1,250
222553,1,250
222674,1,250
222684,1,250
222697,1,250
222805,1,250
222818,1,250
222876,1,250
222998,1,250
223031,1,250
223120,1,250
223302,1,250
223328,1,250
223331,1,250
223332,1,250
223499,1,250
223550,1,250
223612,1,250
223630,1,250
223678,1,250
223789,1,250
223853,1,250
223892,1,250
223973,1,250
223985,1,250
224132,1,250
224218,1,250
224329,1,250
224373,1,250
224383,1,250
224419,1,250
224441,1,250
224510,1,250
224607,1,250
224894,1,250
225085,1,250
225089,1,250
225137,1,250
225250,1,250
225372,1,250
225469,1,250
225579,1,250
225654,1,250
225657,1,250
225809,1,250
225810,1,250
225883,1,250
225893,1,250
226005,1,250
226067,1,250
226108,1,250
226240,1,250
226300,1,250
226351,1,250
226378,1,250
226509,1,250
226783,1,250
226949,1,250
227056,1,250
227138,1,250
227482,1,250
227501,1,250
227538,1,250
227674,1,250
227756,1,250
227828,1,250
227850,1,250
227891,1,250
227912,1,250
228046,1,250
228063,1,250
228122,1,250
228202,1,250
228297,1,250
228401,1,250
228401,1,250
228742,1,250
228748,1,250
228873,1,250
228939,1,250
228968,1,250
229003,1,250
229047,1,250
229383,1,250
229450,1,250
229542,1,250
229547,1,250
229551,1,250
229594,1,250
229660,1,250
229762,1,250
229802,1,250
229867,1,250
229955,1,250
230029,1,250
230054,1,250
230102,1,250
230224,1,250
230231,1,250
230309,1,250
230423,1,250
230607,1,250
230683,1,250
230712,1,250
230754,1,250
230760,1,250
230793,1,250
230859,1,250
231126,1,250
231231,1,250
231334,1,250
231366,1,250
231404,1,250
231408,1,250
231463,1,250
231524,1,250
231641,1,250
231646,1,250
231685,1,250
231983,1,250
232035,1,250
232038,1,250
232043,1,250
232115,1,250
232538,1,250
232595,1,250
232637,1,250
232665,1,250
232694,1,250
232977,1,250
233084,1,250
233202,1,250
233237,1,250
233254,1,250
233259,1,250
233370,1,250
233436,1,250
233503,1,250
233521,1,250
233669,1,250
233696,1,250
233714,1,250
233803,1,250
233853,1,250
234010,1,250
234031,1,250
234067,1,250
234105,1,250
234230,1,250
234311,1,250
234322,1,250
234397,1,250
234442,1,250
234566,1,250
234601,1,250
234616,1,250
234736,1,250
234803,1,250
235094,1,250
235133,1,250
235228,1,250
235262,1,250
235344,1,250
235578,1,250
235699,1,250
235765,1,250
235913,1,250
236301,1,250
236386,1,250
236390,1,250
236487,1,250
236621,1,250
236737,1,250
236817,1,250
236888,1,250
237240,1,250
237306,1,250
237348,1,250
237426,1,250
237693,1,250
237719,1,250
237821,1,250
237959,1,250
238043,1,250
238182,1,250
238183,1,250
238304,1,250
238542,1,250
238594,1,250
238738,1,250
238794,1,250
238929,1,250
238933,1,250
239292,1,250
239299,1,250
239483,1,250
239585,1,250
239859,1,250
239923,1,250
240106,1,250
240250,1,250
240253,1,250
240335,1,250
240385,1,250
240391,1,250
240545,1,250
240757,1,250
240791,1,250
240972,1,250
241251,1,250
241293,1,250
241588,1,250
241701,1,250
241809,1,250
242049,1,250
242139,1,250
242196,1,250
242503,1,250
242516,1,250
242651,1,250
242676,1,250
242691,1,250
242712,1,250
243016,1,250
243072,1,250
243166,1,250
243171,1,250
243179,1,250
243283,1,250
243402,1,250
243473,1,250
243530,1,250
243539,1,250
243725,1,250
244130,1,250
244171,1,250
244374,1,250
244475,1,250
244484,1,250
244490,1,250
244537,1,250
244652,1,250
244689,1,250
244705,1,250
244818,1,250
244840,1,250
244879,1,250
244908,1,250
245031,1,250
245074,1,250
245078,1,250
245175,1,250
245369,1,250
245457,1,250
245465,1,250
245615,1,250
245694,1,250
246093,1,250
246098,1,250
246297,1,250
246531,1,250
246892,1,250
247323,1,250
247479,1,250
247539,1,250
247747,1,250
247757,1,250
247803,1,250
247888,1,250
248018,1,250
248110,1,250
248158,1,250
248520,1,250
248621,1,250
248708,1,250
248734,1,250
248806,1,250
249017,1,250
249144,1,250
249204,1,250
249287,1,250
249323,1,250
249517,1,250
249619,1,250
249804,1,250
250072,1,250
250305,1,250
250431,1,250
250898,1,250
251199,1,250
251481,1,250
251673,1,250
251760,1,250
251782,1,250
251801,1,250
251822,1,250
251853,1,250
251863,1,250
252252,1,250
252325,1,250
252334,1,250
252597,1,250
252654,1,250
252738,1,250
252788,1,250
252829,1,250
252849,1,250
253059,1,250
253232,1,250
253277,1,250
253285,1,250
253442,1,250
253789,1,250
253834,1,250
254161,1,250
254233,1,250
254397,1,250
254501,1,250
254552,1,250
254627,1,250
254720,1,250
254864,1,250
254949,1,250
254998,1,250
255063,1,250
255278,1,250
255347,1,250
255413,1,250
255534,1,250
255560,1,250
255568,1,250
255800,1,250
256030,1,250
256163,1,250
256475,1,250
256628,1,250
256863,1,250
256914,1,250
256942,1,250
256965,1,250
257021,1,250
257187,1,250
257248,1,250
257545,1,250
257556,1,250
257655,1,250
257860,1,250
258000,1,250
258028,1,250
258031,1,250
258072,1,250
258100,1,250
258145,1,250
258266,1,250
258270,1,250
258274,1,250
258308,1,250
258420,1,250
258458,1,250
258554,1,250
258598,1,250
258638,1,250
258653,1,250
258668,1,250
258677,1,250
258815,1,250
259142,1,250
259159,1,250
259511,1,250
259803,1,250
260272,1,250
260363,1,250
260374,1,250
260500,1,250
260746,1,250
260865,1,250
260910,1,250
261145,1,250
261464,1,250
261655,1,250
262841,1,250
263154,1,250
263379,1,250
263395,1,250
263434,1,250
263467,1,250
263560,1,250
263960,1,250
264131,1,250
264387,1,250
264402,1,250
264732,1,250
264889,1,250
265360,1,250
266035,1,250
266363,1,250
266654,1,250
266825,1,250
266829,1,250
266906,1,250
266982,1,250
266987,1,250
267060,1,250
267149,1,250
267249,1,250
268146,1,250
268279,1,250
268354,1,250
268461,1,250
268484,1,250
268526,1,250
269036,1,250
270112,1,250
270115,1,250
270169,1,250
270303,1,250
270465,1,250
270850,1,250
271611,1,250
271649,1,250
271749,1,250
272324,1,250
272784,1,250
272884,1,250
273138,1,250
273236,1,250
273370,1,250
273554,1,250
273679,1,250
274078,1,250
274253,1,250
274536,1,250
274553,1,250
274566,1,250
275055,1,250
275074,1,250
275075,1,250
275903,1,250
275905,1,250
276208,1,250
276331,1,250
276445,1,250
276514,1,250
276798,1,250
277274,1,250
277477,1,250
277480,1,250
277601,1,250
277945,1,250
278221,1,250
278223,1,250
278444,1,250
279070,1,250
279176,1,250
279626,1,250
279761,1,250
279816,1,250
279878,1,250
280105,1,250
280231,1,250
280338,1,250
280404,1,250
280442,1,250
280472,1,250
281018,1,250
281139,1,250
281151,1,250
281189,1,250
281275,1,250
281776,1,250
281784,1,250
282485,1,250
282862,1,250
282884,1,250
283001,1,250
283086,1,250
283219,1,250
283403,1,250
283428,1,250
283457,1,250
283569,1,250
283773,1,250
283777,1,250
283878,1,250
283896,1,250
283931,1,250
284052,1,250
284256,1,250
284595,1,250
285007,1,250
285419,1,250
285938,1,250
286064,1,250
286088,1,250
286252,1,250
286278,1,250
286689,1,250
286946,1,250
286970,1,250
287335,1,250
287340,1,250
287991,1,250
288009,1,250
288036,1,250
288041,1,250
288115,1,250
288647,1,250
288886,1,250
289466,1,250
289501,1,250
290072,1,250
290619,1,250
290744,1,250
291211,1,250
291268,1,250
291306,1,250
291329,1,250
291496,1,250
291845,1,250
292190,1,250
292212,1,250
292738,1,250
292930,1,250
293910,1,250
293960,1,250
294225,1,250
294495,1,250
294915,1,250
295001,1,250
295034,1,250
296025,1,250
296179,1,250
296191,1,250
296580,1,250
297020,1,250
297182,1,250
297245,1,250
297265,1,250
297340,1,250
298148,1,250
299376,1,250
300017,1,250
300113,1,250
300219,1,250
300342,1,250
300671,1,250
301078,1,250
301160,1,250
302079,1,250
302123,1,250
302308,1,250
302374,1,250
304439,1,250
306440,1,250
306847,1,250
306977,1,250
307033,1,250
307130,1,250
308406,1,250
308817,1,250
309501,1,250
309663,1,250
309697,1,250
309896,1,250
310198,1,250
310542,1,250
310644,1,250
311036,1,250
311490,1,250
312112,1,250
312369,1,250
313045,1,250
313293,1,250
313301,1,250
314055,1,250
314698,1,250
315186,1,250
315672,1,250
315707,1,250
316605,1,250
317315,1,250
318085,1,250
318875,1,250
319247,1,250
319676,1,250
319737,1,250
320365,1,250
320607,1,250
320659,1,250
320963,1,250
321141,1,250
321459,1,250
321949,1,250
322525,1,250
324309,1,250
325366,1,250
325748,1,250
326023,1,250
326246,1,250
328041,1,250
328541,1,250
328801,1,250
329749,1,250
330066,1,250
330403,1,250
330503,1,250
330538,1,250
330721,1,250
330841,1,250
330966,1,250
331236,1,250
332139,1,250
332421,1,250
332804,1,250
333695,1,250
333737,1,250
334165,1,250
334432,1,250
334868,1,250
335142,1,250
335177,1,250
335264,1,250
335738,1,250
335880,1,250
336074,1,250
336587,1,250
336686,1,250
337507,1,250
337660,1,250
337826,1,250
338707,1,250
339045,1,250
340123,1,250
340185,1,250
340271,1,250
341137,1,250
341608,1,250
341807,1,250
342786,1,250
342823,1,250
343674,1,250
343698,1,250
344349,1,250
344818,1,250
344980,1,250
345007,1,250
345115,1,250
345197,1,250
346838,1,250
347708,1,250
347815,1,250
348131,1,250
348320,1,250
348385,1,250
348790,1,250
349114,1,250
349144,1,250
349989,1,250
350082,1,250
350718,1,250
353093,1,250
354004,1,250
354096,1,250
354114,1,250
354136,1,250
354220,1,250
354316,1,250
354423,1,250
354561,1,250
354591,1,250
355078,1,250
355341,1,250
355580,1,250
355950,1,250
356139,1,250
356154,1,250
356161,1,250
356282,1,250
356283,1,250
356602,1,250
356735,1,250
356968,1,250
357012,1,250
357045,1,250
357104,1,250
357188,1,250
357424,1,250
357823,1,250
358124,1,250
358156,1,250
358215,1,250
358514,1,250
359259,1,250
360013,1,250
360050,1,250
361675,1,250
364308,1,250
364562,1,250
364802,1,250
365029,1,250
365520,1,250
365798,1,250
366596,1,250
367416,1,250
367600,1,250
367708,1,250
367721,1,250
368327,1,250
368514,1,250
369063,1,250
369695,1,250
369802,1,250
369836,1,250
370019,1,250
370682,1,250
371044,1,250
371054,1,250
371304,1,250
371968,1,250
371970,1,250
372076,1,250
372399,1,250
373160,1,250
373368,1,250
374312,1,250
374455,1,250
374480,1,250
374822,1,250
376536,1,250
376985,1,250
377006,1,250
377099,1,250
378043,1,250
378121,1,250
378509,1,250
378617,1,250
378640,1,250
378733,1,250
378765,1,250
378923,1,250
379101,1,250
379195,1,250
379288,1,250
379334,1,250
379591,1,250
379595,1,250
379665,1,250
379972,1,250
380003,1,250
380192,1,250
380607,1,250
380665,1,250
381747,1,250
381940,1,250
382043,1,250
382983,1,250
383434,1,250
383747,1,250
384140,1,250
384303,1,250
384319,1,250
384452,1,250
384493,1,250
385307,1,250
385339,1,250
385465,1,250
386025,1,250
386091,1,250
387877,1,250
388653,1,250
389429,1,250
390793,1,250
391291,1,250
391312,1,250
391513,1,250
391896,1,250
391897,1,250
393352,1,250
393525,1,250
394111,1,250
394485,1,250
394815,1,250
395198,1,250
395290,1,250
395339,1,250
395770,1,250
396746,1,250
397779,1,250
398078,1,250
398141,1,250
398253,1,250
398501,1,250
398650,1,250
399511,1,250
399571,1,250
399749,1,250
399846,1,250
400072,1,250
400615,1,250
401461,1,250
401740,1,250
402086,1,250
402088,1,250
402215,1,250
402249,1,250
402302,1,250
402324,1,250
402324,1,250
402391,1,250
402398,1,250
402492,1,250
402508,1,250
402892,1,250
402949,1,250
402964,1,250
403081,1,250
403139,1,250
403160,1,250
403252,1,250
403293,1,250
403461,1,250
403930,1,250
403965,1,250
404506,1,250
404548,1,250
405137,1,250
406008,1,250
406625,1,250
407013,1,250
407026,1,250
407148,1,250
407277,1,250
407326,1,250
407389,1,250
407658,1,250
407907,1,250
408005,1,250
408073,1,250
408297,1,250
408368,1,250
408450,1,250
408768,1,250
409398,1,250
409611,1,250
409761,1,250
410133,1,250
410713,1,250
411412,1,250
411690,1,250
411763,1,250
412102,1,250
412227,1,250
412615,1,250
412765,1,250
413206,1,250
413210,1,250
413256,1,250
413565,1,250
414305,1,250
415360,1,250
415551,1,250
416133,1,250
416202,1,250
417081,1,250
417171,1,250
417579,1,250
417640,1,250
417692,1,250
417770,1,250
417794,1,250
417887,1,250
418204,1,250
420293,1,250
420341,1,250
420976,1,250
421359,1,250
421952,1,250
422122,1,250
422503,1,250
422508,1,250
423082,1,250
423395,1,250
423662,1,250
424427,1,250
424694,1,250
424943,1,250
425031,1,250
425034,1,250
426242,1,250
426316,1,250
426411,1,250
426475,1,250
426476,1,250
426566,1,250
426620,1,250
426952,1,250
427335,1,250
427457,1,250
427554,1,250
427686,1,250
427729,1,250
427789,1,250
428022,1,250
428068,1,250
428468,1,250
429003,1,250
429265,1,250
429689,1,250
429851,1,250
430436,1,250
430482,1,250
431332,1,250
432091,1,250
432544,1,250
432844,1,250
432888,1,250
434672,1,250
434921,1,250
435041,1,250
435198,1,250
435371,1,250
436029,1,250
436086,1,250
436087,1,250
436584,1,250
436616,1,250
436860,1,250
437082,1,250
437867,1,250
437924,1,250
437999,1,250
438230,1,250
438296,1,250
438308,1,250
438451,1,250
438520,1,250
438635,1,250
438680,1,250
439085,1,250
439345,1,250
439371,1,250
440310,1,250
440336,1,250
440442,1,250
440601,1,250
440639,1,250
440841,1,250
440883,1,250
441229,1,250
441606,1,250
441852,1,250
442084,1,250
442625,1,250
443019,1,250
443230,1,250
443417,1,250
443462,1,250
444255,1,250
444329,1,250
444401,1,250
444843,1,250
445716,1,250
445851,1,250
446327,1,250
446598,1,250
446884,1,250
447000,1,250
447318,1,250
447393,1,250
447639,1,250
447986,1,250
448210,1,250
448251,1,250
448278,1,250
448616,1,250
449483,1,250
449943,1,250
449966,1,250
449967,1,250
449968,1,250
450169,1,250
450247,1,250
450286,1,250
450520,1,250
450675,1,250
450792,1,250
450930,1,250
451018,1,250
451217,1,250
451284,1,250
451472,1,250
451489,1,250
451628,1,250
451748,1,250
451750,1,250
451844,1,250
451855,1,250
451950,1,250
452347,1,250
452540,1,250
452635,1,250
452797,1,250
452822,1,250
452871,1,250
453017,1,250
453287,1,250
453489,1,250
453537,1,250
453732,1,250
453878,1,250
453902,1,250
454028,1,250
454187,1,250
454226,1,250
454667,1,250
455130,1,250
455133,1,250
455182,1,250
455631,1,250
455787,1,250
455796,1,250
455800,1,250
455857,1,250
456057,1,250
456211,1,250
456465,1,250
456910,1,250
457532,1,250
457620,1,250
457677,1,250
457886,1,250
458252,1,250
458377,1,250
458429,1,250
458837,1,250
458916,1,250
458997,1,250
459129,1,250
459232,1,250
459491,1,250
459510,1,250
459922,1,250
459948,1,250
460162,1,250
460626,1,250
461063,1,250
461588,1,250
461638,1,250
462099,1,250
462199,1,250
462472,1,250
462656,1,250
462736,1,250
462760,1,250
462821,1,250
462929,1,250
463049,1,250
463504,1,250
463513,1,250
463795,1,250
464513,1,250
465163,1,250
465238,1,250
465745,1,250
465946,1,250
465956,1,250
466063,1,250
466065,1,250
466288,1,250
466616,1,250
466636,1,250
466927,1,250
467258,1,250
467371,1,250
467388,1,250
467712,1,250
468039,1,250
468091,1,250
468538,1,250
468715,1,250
468851,1,250
469093,1,250
469230,1,250
469278,1,250
469391,1,250
469402,1,250
469410,1,250
469660,1,250
470228,1,250
470408,1,250
470542,1,250
470655,1,250
470662,1,250
470817,1,250
471069,1,250
471589,1,250
472002,1,250
472224,1,250
472653,1,250
472811,1,250
472958,1,250
473145,1,250
473385,1,250
473719,1,250
474170,1,250
474289,1,250
474291,1,250
474367,1,250
474682,1,250
474819,1,250
474899,1,250
475054,1,250
475054,1,250
475328,1,250
475722,1,250
475951,1,250
476627,1,250
476816,1,250
476909,1,250
477034,1,250
477228,1,250
477265,1,250
477272,1,250
477784,1,250
477827,1,250
477872,1,250
478020,1,250
478026,1,250
478043,1,250
478159,1,250
478216,1,250
478240,1,250
478390,1,250
478661,1,250
478899,1,250
479000,1,250
479078,1,250
479269,1,250
479377,1,250
479446,1,250
479510,1,250
479551,1,250
479602,1,250
479651,1,250
479814,1,250
480035,1,250
480807,1,250
481114,1,250
481146,1,250
481307,1,250
481523,1,250
481557,1,250
481754,1,250
481798,1,250
481892,1,250
482276,1,250
482775,1,250
482976,1,250
483077,1,250
483138,1,250
483246,1,250
483249,1,250
483335,1,250
483463,1,250
483600,1,250
484487,1,250
484594,1,250
484708,1,250
484806,1,250
485395,1,250
485559,1,250
485630,1,250
485756,1,250
485758,1,250
486269,1,250
486376,1,250
486399,1,250
486630,1,250
486719,1,250
486821,1,250
487229,1,250
487292,1,250
487299,1,250
487409,1,250
487451,1,250
487487,1,250
487529,1,250
487566,1,250
488309,1,250
488901,1,250
488930,1,250
489572,1,250
489624,1,250
489820,1,250
489912,1,250
490014,1,250
490041,1,250
490066,1,250
490184,1,250
490312,1,250
490321,1,250
490357,1,250
490488,1,250
490559,1,250
490570,1,250
490664,1,250
490737,1,250
490846,1,250
490885,1,250
490903,1,250
490969,1,250
491088,1,250
491411,1,250
491447,1,250
491674,1,250
491905,1,250
492278,1,250
492292,1,250
492295,1,250
492336,1,250
492360,1,250
492457,1,250
492889,1,250
493182,1,250
493530,1,250
493547,1,250
494075,1,250
494332,1,250
494550,1,250
494570,1,250
495064,1,250
495582,1,250
495626,1,250
495674,1,250
495838,1,250
496126,1,250
496133,1,250
496538,1,250
496576,1,250
496973,1,250
497035,1,250
498033,1,250
498050,1,250
498151,1,250
498241,1,250
498360,1,250
498411,1,250
498455,1,250
498589,1,250
499093,1,250
499180,1,250
499575,1,250
499757,1,250
500298,1,250
500315,1,250
500468,1,250
500685,1,250
500693,1,250
502062,1,250
502141,1,250
502323,1,250
502579,1,250
502845,1,250
502928,1,250
503152,1,250
503683,1,250
503755,1,250
504096,1,250
504216,1,250
504253,1,250
504355,1,250
504584,1,250
504656,1,250
504977,1,250
505275,1,250
505297,1,250
505613,1,250
505844,1,250
506037,1,250
506044,1,250
506122,1,250
506147,1,250
506187,1,250
506220,1,250
506789,1,250
506926,1,250
507377,1,250
507995,1,250
508465,1,250
508996,1,250
509394,1,250
509611,1,250
510328,1,250
510493,1,250
510837,1,250
510901,1,250
511377,1,250
511416,1,250
511669,1,250
511736,1,250
511851,1,250
512439,1,250
512512,1,250
512846,1,250
512861,1,250
512969,1,250
513040,1,250
513355,1,250
513399,1,250
513424,1,250
513946,1,250
514029,1,250
514139,1,250
514175,1,250
514367,1,250
514481,1,250
514530,1,250
514714,1,250
514762,1,250
514907,1,250
514987,1,250
515069,1,250
515304,1,250
515378,1,250
515702,1,250
515893,1,250
516169,1,250
516380,1,250
516927,1,250
516977,1,250
517050,1,250
517518,1,250
517689,1,250
518009,1,250
518018,1,250
518159,1,250
518323,1,250
518493,1,250
518752,1,250
518808,1,250
519621,1,250
519788,1,250
519825,1,250
519848,1,250
519894,1,250
519937,1,250
520161,1,250
520290,1,250
520609,1,250
520819,1,250
520921,1,250
521665,1,250
521668,1,250
522040,1,250
522247,1,250
522383,1,250
522444,1,250
522464,1,250
522650,1,250
522847,1,250
523326,1,250
523404,1,250
523680,1,250
523859,1,250
524731,1,250
524747,1,250
524771,1,250
525472,1,250
525489,1,250
526153,1,250
526319,1,250
526439,1,250
526544,1,250
526666,1,250
526917,1,250
527474,1,250
527500,1,250
527584,1,250
527599,1,250
527758,1,250
527851,1,250
528007,1,250
528041,1,250
528108,1,250
528132,1,250
529069,1,250
529401,1,250
530042,1,250
530928,1,250
531627,1,250
532048,1,250
532418,1,250
532583,1,250
532926,1,250
533684,1,250
534321,1,250
534408,1,250
534629,1,250
535232,1,250
535243,1,250
535512,1,250
535647,1,250
535763,1,250
535779,1,250
535997,1,250
536022,1,250
536970,1,250
537396,1,250
537489,1,250
537683,1,250
537706,1,250
538594,1,250
538613,1,250
539503,1,250
539633,1,250
540049,1,250
540333,1,250
540677,1,250
541449,1,250
543134,1,250
543135,1,250
543202,1,250
543416,1,250
543554,1,250
546430,1,250
546735,1,250
546811,1,250
546848,1,250
547803,1,250
548566,1,250
549872,1,250
550161,1,250
550190,1,250
550457,1,250
550663,1,250
550676,1,250
552470,1,250
552759,1,250
552983,1,250
554662,1,250
554665,1,250
555595,1,250
555773,1,250
557694,1,250
559428,1,250
562343,1,250
562778,1,250
563061,1,250
563280,1,250
563639,1,250
564703,1,250
566012,1,250
566070,1,250
566071,1,250
566531,1,250
566748,1,250
566815,1,250
566919,1,250
566979,1,250
567042,1,250
567230,1,250
567287,1,250
567322,1,250
567324,1,250
567728,1,250
567955,1,250
568041,1,250
568081,1,250
568608,1,250
568802,1,250
569048,1,250
569133,1,250
569252,1,250
569449,1,250
570365,1,250
570504,1,250
573185,1,250
573317,1,250
574247,1,250
574499,1,250
574591,1,250
574696,1,250
574908,1,250
575035,1,250
575338,1,250
576429,1,250
577021,1,250
578187,1,250
579558,1,250
580453,1,250
580573,1,250
