589,1,250
1742,1,250
2460,1,250
11559,1,250
13761,1,250
14539,1,250
18083,1,250
18134,1,250
19010,1,250
21468,1,250
27765,1,250
29806,1,250
30040,1,250
39110,1,250
42195,1,250
48594,1,250
48715,1,250
49343,1,250
50310,1,250
50611,1,250
51487,1,250
52359,1,250
56247,1,250
56250,1,250
60059,1,250
60170,1,250
62824,1,250
63183,1,250
63879,1,250
66253,1,250
66258,1,250
67134,1,250
67459,1,250
67627,1,250
67862,1,250
67979,1,250
69075,1,250
69187,1,250
70070,1,250
70248,1,250
70672,1,250
71532,1,250
75158,1,250
76487,1,250
77420,1,250
78415,1,250
78420,1,250
78515,1,250
78958,1,250
79222,1,250
84190,1,250
87314,1,250
87411,1,250
89837,1,250
89840,1,250
89908,1,250
91760,1,250
92008,1,250
93823,1,250
96994,1,250
97533,1,250
97768,1,250
100037,1,250
100722,1,250
100893,1,250
101065,1,250
101213,1,250
102476,1,250
103223,1,250
104415,1,250
104603,1,250
105585,1,250
105635,1,250
109473,1,250
109677,1,250
109787,1,250
110052,1,250
110129,1,250
110145,1,250
112380,1,250
114148,1,250
114349,1,250
114872,1,250
115430,1,250
115579,1,250
116020,1,250
117046,1,250
117357,1,250
118341,1,250
119822,1,250
120025,1,250
120183,1,250
120387,1,250
120893,1,250
121419,1,250
121803,1,250
122770,1,250
123280,1,250
123427,1,250
124747,1,250
125159,1,250
125817,1,250
127266,1,250
127503,1,250
127872,1,250
129175,1,250
129228,1,250
129886,1,250
130004,1,250
130090,1,250
130577,1,250
131111,1,250
131588,1,250
132021,1,250
132129,1,250
132377,1,250
133175,1,250
133275,1,250
133370,1,250
134290,1,250
134678,1,250
134702,1,250
135077,1,250
135152,1,250
136560,1,250
136783,1,250
137193,1,250
138331,1,250
138407,1,250
138463,1,250
138579,1,250
139248,1,250
139366,1,250
139531,1,250
139988,1,250
140027,1,250
140031,1,250
140038,1,250
140329,1,250
140801,1,250
140968,1,250
141615,1,250
141659,1,250
141935,1,250
142274,1,250
142328,1,250
142421,1,250
142837,1,250
142852,1,250
143612,1,250
144637,1,250
144723,1,250
144929,1,250
145371,1,250
146548,1,250
146781,1,250
147440,1,250
147471,1,250
148582,1,250
149876,1,250
150785,1,250
150990,1,250
151455,1,250
152055,1,250
152179,1,250
152290,1,250
152296,1,250
152350,1,250
152379,1,250
152464,1,250
153075,1,250
154007,1,250
154014,1,250
154150,1,250
154481,1,250
155083,1,250
155091,1,250
155200,1,250
155762,1,250
156113,1,250
157045,1,250
157162,1,250
157220,1,250
158001,1,250
159454,1,250
159891,1,250
160025,1,250
160181,1,250
160893,1,250
161570,1,250
162326,1,250
162831,1,250
163004,1,250
163681,1,250
164553,1,250
164608,1,250
164822,1,250
165193,1,250
165256,1,250
165366,1,250
165527,1,250
165582,1,250
166273,1,250
166317,1,250
166406,1,250
167673,1,250
167711,1,250
167802,1,250
168328,1,250
169163,1,250
169897,1,250
170030,1,250
170104,1,250
170177,1,250
170704,1,250
171134,1,250
171675,1,250
171761,1,250
171923,1,250
172048,1,250
172565,1,250
173652,1,250
173858,1,250
174507,1,250
174609,1,250
174635,1,250
174874,1,250
174963,1,250
175275,1,250
175388,1,250
175461,1,250
175700,1,250
175778,1,250
176042,1,250
176309,1,250
176651,1,250
176707,1,250
176899,1,250
177008,1,250
177166,1,250
177879,1,250
178025,1,250
178030,1,250
178070,1,250
178362,1,250
178555,1,250
178864,1,250
179255,1,250
179492,1,250
179650,1,250
181099,1,250
181363,1,250
181995,1,250
182058,1,250
182129,1,250
182508,1,250
182677,1,250
182713,1,250
183211,1,250
184182,1,250
184850,1,250
185001,1,250
185138,1,250
185695,1,250
186100,1,250
186218,1,250
186236,1,250
186504,1,250
186525,1,250
186579,1,250
186968,1,250
187204,1,250
187472,1,250
187569,1,250
188239,1,250
188542,1,250
188701,1,250
189117,1,250
189932,1,250
190586,1,250
190923,1,250
191999,1,250
192586,1,250
193203,1,250
193409,1,250
193580,1,250
194070,1,250
194459,1,250
194922,1,250
195203,1,250
195902,1,250
196468,1,250
196667,1,250
197004,1,250
197230,1,250
197232,1,250
197730,1,250
197820,1,250
197887,1,250
198671,1,250
199172,1,250
199504,1,250
199825,1,250
200182,1,250
202196,1,250
202235,1,250
202320,1,250
202689,1,250
202819,1,250
202880,1,250
203118,1,250
203291,1,250
204168,1,250
204593,1,250
204599,1,250
204705,1,250
204735,1,250
207028,1,250
207470,1,250
208033,1,250
208803,1,250
209584,1,250
209846,1,250
210645,1,250
211064,1,250
211071,1,250
211093,1,250
211159,1,250
211277,1,250
212123,1,250
212168,1,250
212925,1,250
212968,1,250
213254,1,250
213752,1,250
213982,1,250
215656,1,250
216180,1,250
216522,1,250
217058,1,250
217324,1,250
217870,1,250
218768,1,250
219152,1,250
219640,1,250
219645,1,250
220062,1,250
220074,1,250
220202,1,250
220204,1,250
220449,1,250
220581,1,250
221233,1,250
221472,1,250
221676,1,250
222276,1,250
222547,1,250
223357,1,250
223614,1,250
223861,1,250
225016,1,250
225218,1,250
225630,1,250
225837,1,250
226609,1,250
228277,1,250
228742,1,250
228923,1,250
228925,1,250
229689,1,250
230365,1,250
231359,1,250
231420,1,250
231716,1,250
232189,1,250
232534,1,250
232782,1,250
232941,1,250
233118,1,250
233579,1,250
235262,1,250
235536,1,250
236469,1,250
236618,1,250
236735,1,250
236988,1,250
238026,1,250
239772,1,250
240072,1,250
240374,1,250
240948,1,250
242682,1,250
243265,1,250
243272,1,250
244087,1,250
244119,1,250
245099,1,250
245222,1,250
246128,1,250
246541,1,250
246721,1,250
248484,1,250
248584,1,250
248806,1,250
250729,1,250
250807,1,250
250960,1,250
252480,1,250
253754,1,250
254110,1,250
254998,1,250
255126,1,250
255444,1,250
255696,1,250
256078,1,250
257070,1,250
258019,1,250
258754,1,250
259852,1,250
260409,1,250
260626,1,250
262239,1,250
263302,1,250
264460,1,250
264779,1,250
268856,1,250
270005,1,250
272486,1,250
272771,1,250
274954,1,250
275976,1,250
277497,1,250
278116,1,250
279155,1,250
280781,1,250
281692,1,250
284360,1,250
286928,1,250
289369,1,250
290703,1,250
291203,1,250
294813,1,250
296332,1,250
298895,1,250
300272,1,250
301006,1,250
301078,1,250
303585,1,250
304741,1,250
306272,1,250
307005,1,250
307014,1,250
308391,1,250
309069,1,250
309284,1,250
312208,1,250
315199,1,250
318066,1,250
318723,1,250
321037,1,250
324161,1,250
328731,1,250
329658,1,250
330458,1,250
330533,1,250
330538,1,250
334222,1,250
334703,1,250
338990,1,250
340014,1,250
340932,1,250
344067,1,250
344343,1,250
352575,1,250
354494,1,250
355256,1,250
356161,1,250
357323,1,250
357442,1,250
357765,1,250
365758,1,250
373704,1,250
378067,1,250
379439,1,250
382427,1,250
387081,1,250
388654,1,250
392045,1,250
392183,1,250
392614,1,250
396017,1,250
397062,1,250
401375,1,250
402195,1,250
402662,1,250
402897,1,250
402940,1,250
404369,1,250
407688,1,250
407699,1,250
408183,1,250
408450,1,250
414478,1,250
415239,1,250
416426,1,250
423414,1,250
424751,1,250
427335,1,250
427619,1,250
429242,1,250
429432,1,250
432887,1,250
435961,1,250
436386,1,250
436494,1,250
438310,1,250
438392,1,250
439031,1,250
441014,1,250
441890,1,250
442492,1,250
442578,1,250
442750,1,250
447648,1,250
447936,1,250
448173,1,250
448872,1,250
450214,1,250
452126,1,250
452898,1,250
453000,1,250
454623,1,250
454822,1,250
454834,1,250
457197,1,250
457464,1,250
458068,1,250
458370,1,250
458694,1,250
458716,1,250
458790,1,250
461112,1,250
462123,1,250
462332,1,250
464124,1,250
465362,1,250
466180,1,250
469325,1,250
469744,1,250
471844,1,250
473777,1,250
474217,1,250
474234,1,250
474632,1,250
475264,1,250
475619,1,250
476098,1,250
477012,1,250
479000,1,250
480336,1,250
480576,1,250
481290,1,250
481290,1,250
482076,1,250
482845,1,250
482945,1,250
483138,1,250
483211,1,250
484585,1,250
484594,1,250
485055,1,250
485150,1,250
485681,1,250
486412,1,250
488082,1,250
490056,1,250
490256,1,250
491451,1,250
493345,1,250
493614,1,250
494550,1,250
498743,1,250
498898,1,250
499287,1,250
500468,1,250
501372,1,250
502933,1,250
504422,1,250
505239,1,250
505275,1,250
505862,1,250
505878,1,250
507545,1,250
507887,1,250
508370,1,250
508423,1,250
509146,1,250
509347,1,250
509385,1,250
511416,1,250
512771,1,250
512856,1,250
516050,1,250
516362,1,250
517254,1,250
518381,1,250
519688,1,250
521279,1,250
521957,1,250
522406,1,250
523181,1,250
524193,1,250
524999,1,250
525854,1,250
526015,1,250
527254,1,250
531231,1,250
532800,1,250
532801,1,250
533416,1,250
535943,1,250
540815,1,250
541950,1,250
543301,1,250
546870,1,250
548434,1,250
548438,1,250
549446,1,250
559004,1,250
565774,1,250
566531,1,250
566823,1,250
568832,1,250
576011,1,250
580083,1,250
