35,1,250
828,1,250
1033,1,250
1461,1,250
1908,1,250
2662,1,250
3892,1,250
5325,1,250
5426,1,250
5650,1,250
5817,1,250
6720,1,250
7641,1,250
8357,1,250
9674,1,250
14001,1,250
14345,1,250
15557,1,250
15874,1,250
17558,1,250
17664,1,250
18179,1,250
18682,1,250
18724,1,250
18741,1,250
19255,1,250
19871,1,250
20393,1,250
20741,1,250
21125,1,250
21475,1,250
21484,1,250
21574,1,250
21627,1,250
21729,1,250
21966,1,250
22014,1,250
22387,1,250
22700,1,250
22823,1,250
23061,1,250
23109,1,250
23143,1,250
23339,1,250
24114,1,250
24578,1,250
24655,1,250
24796,1,250
25245,1,250
25369,1,250
25804,1,250
25992,1,250
26451,1,250
27465,1,250
27643,1,250
27713,1,250
27763,1,250
27940,1,250
28522,1,250
29012,1,250
29474,1,250
29652,1,250
29839,1,250
30052,1,250
30439,1,250
30496,1,250
31168,1,250
31273,1,250
32291,1,250
32378,1,250
33080,1,250
33659,1,250
33845,1,250
33911,1,250
35030,1,250
35167,1,250
39221,1,250
39553,1,250
41663,1,250
41739,1,250
42552,1,250
42600,1,250
42766,1,250
43042,1,250
43045,1,250
43089,1,250
43094,1,250
43167,1,250
43361,1,250
43440,1,250
43534,1,250
43988,1,250
44033,1,250
44448,1,250
45346,1,250
45356,1,250
45525,1,250
45790,1,250
45805,1,250
45813,1,250
46503,1,250
46822,1,250
47021,1,250
48042,1,250
48146,1,250
48181,1,250
48298,1,250
48599,1,250
48622,1,250
48752,1,250
49017,1,250
49057,1,250
49376,1,250
49575,1,250
50221,1,250
50843,1,250
51287,1,250
52287,1,250
52322,1,250
52429,1,250
52549,1,250
53511,1,250
53634,1,250
53696,1,250
54230,1,250
54533,1,250
54624,1,250
54769,1,250
54824,1,250
54824,1,250
54947,1,250
54979,1,250
55661,1,250
55735,1,250
56108,1,250
56153,1,250
56627,1,250
57298,1,250
57624,1,250
58050,1,250
58202,1,250
59239,1,250
62013,1,250
63659,1,250
63776,1,250
63810,1,250
64099,1,250
64555,1,250
65783,1,250
66028,1,250
66454,1,250
66628,1,250
66655,1,250
66715,1,250
66727,1,250
66783,1,250
66951,1,250
67565,1,250
67866,1,250
67947,1,250
68742,1,250
68830,1,250
69007,1,250
69084,1,250
69212,1,250
69263,1,250
69442,1,250
69710,1,250
70273,1,250
71487,1,250
71570,1,250
71670,1,250
72000,1,250
72245,1,250
72641,1,250
72650,1,250
73578,1,250
73846,1,250
74487,1,250
74877,1,250
75395,1,250
75810,1,250
76158,1,250
76227,1,250
76421,1,250
76846,1,250
77594,1,250
77614,1,250
77895,1,250
79035,1,250
79394,1,250
80951,1,250
80951,1,250
81168,1,250
81579,1,250
81792,1,250
82090,1,250
82490,1,250
82500,1,250
83175,1,250
83342,1,250
83620,1,250
84208,1,250
84530,1,250
84751,1,250
84999,1,250
85105,1,250
85710,1,250
85717,1,250
86689,1,250
87198,1,250
87384,1,250
87590,1,250
87783,1,250
87965,1,250
88143,1,250
88981,1,250
89540,1,250
89569,1,250
90228,1,250
90240,1,250
90628,1,250
90736,1,250
91426,1,250
91449,1,250
91476,1,250
91713,1,250
92307,1,250
92591,1,250
92760,1,250
93026,1,250
93041,1,250
93246,1,250
93277,1,250
93304,1,250
93310,1,250
93431,1,250
93513,1,250
93652,1,250
93787,1,250
93823,1,250
94045,1,250
94091,1,250
94391,1,250
94445,1,250
94497,1,250
94603,1,250
94806,1,250
94870,1,250
94929,1,250
95113,1,250
95132,1,250
95261,1,250
95502,1,250
95598,1,250
95885,1,250
96010,1,250
96324,1,250
96385,1,250
96391,1,250
96432,1,250
96656,1,250
96784,1,250
97077,1,250
97118,1,250
97501,1,250
97539,1,250
97835,1,250
97952,1,250
98017,1,250
98152,1,250
98439,1,250
98452,1,250
98632,1,250
98740,1,250
98969,1,250
99109,1,250
99233,1,250
99372,1,250
99676,1,250
100008,1,250
100043,1,250
100170,1,250
100183,1,250
100530,1,250
100663,1,250
100711,1,250
100739,1,250
100798,1,250
101044,1,250
101058,1,250
101133,1,250
101148,1,250
101159,1,250
101425,1,250
101556,1,250
102454,1,250
102547,1,250
102559,1,250
102593,1,250
102606,1,250
102789,1,250
102856,1,250
102958,1,250
103098,1,250
103104,1,250
103156,1,250
103321,1,250
103352,1,250
103617,1,250
103852,1,250
104017,1,250
104277,1,250
104420,1,250
104630,1,250
104644,1,250
105166,1,250
105248,1,250
105744,1,250
106352,1,250
106355,1,250
106626,1,250
106754,1,250
107027,1,250
108840,1,250
108932,1,250
109105,1,250
109766,1,250
109999,1,250
110073,1,250
110074,1,250
110078,1,250
110334,1,250
110528,1,250
110595,1,250
111343,1,250
111464,1,250
111558,1,250
111823,1,250
111902,1,250
112473,1,250
112734,1,250
112841,1,250
113391,1,250
113397,1,250
113694,1,250
113804,1,250
113852,1,250
113926,1,250
114063,1,250
114084,1,250
114321,1,250
114340,1,250
114399,1,250
114615,1,250
114859,1,250
114962,1,250
115041,1,250
115231,1,250
115412,1,250
115665,1,250
115672,1,250
115696,1,250
115780,1,250
115842,1,250
116031,1,250
116078,1,250
116106,1,250
116144,1,250
116595,1,250
116605,1,250
116701,1,250
117252,1,250
117394,1,250
117410,1,250
117707,1,250
117882,1,250
117890,1,250
118260,1,250
118386,1,250
118724,1,250
119031,1,250
119162,1,250
119314,1,250
119377,1,250
119435,1,250
119440,1,250
119498,1,250
119707,1,250
120077,1,250
120082,1,250
120844,1,250
121081,1,250
121325,1,250
121596,1,250
121770,1,250
122135,1,250
122255,1,250
122654,1,250
122898,1,250
122959,1,250
123056,1,250
123068,1,250
123231,1,250
123233,1,250
123344,1,250
123386,1,250
123500,1,250
123579,1,250
123723,1,250
123767,1,250
123848,1,250
124074,1,250
124343,1,250
124360,1,250
124410,1,250
124410,1,250
124963,1,250
125589,1,250
125678,1,250
125711,1,250
125758,1,250
125906,1,250
126295,1,250
126323,1,250
126479,1,250
126644,1,250
126663,1,250
126850,1,250
126923,1,250
127150,1,250
127164,1,250
127212,1,250
127286,1,250
127669,1,250
127749,1,250
128044,1,250
128094,1,250
128127,1,250
128255,1,250
128483,1,250
128525,1,250
128584,1,250
128765,1,250
129083,1,250
129171,1,250
129259,1,250
129688,1,250
129907,1,250
129943,1,250
129949,1,250
130020,1,250
130051,1,250
130133,1,250
130178,1,250
130302,1,250
130386,1,250
130444,1,250
130588,1,250
130612,1,250
130637,1,250
130671,1,250
130673,1,250
130733,1,250
130834,1,250
130855,1,250
131100,1,250
131316,1,250
131376,1,250
131582,1,250
131843,1,250
131853,1,250
131868,1,250
132227,1,250
132252,1,250
132400,1,250
132549,1,250
132592,1,250
132866,1,250
133337,1,250
133720,1,250
133898,1,250
134277,1,250
134409,1,250
134417,1,250
134505,1,250
134949,1,250
135154,1,250
135232,1,250
135345,1,250
135396,1,250
135574,1,250
135740,1,250
136462,1,250
136543,1,250
136586,1,250
136787,1,250
136809,1,250
136867,1,250
137012,1,250
137240,1,250
137432,1,250
137730,1,250
137886,1,250
138108,1,250
138324,1,250
138407,1,250
138564,1,250
138620,1,250
138630,1,250
138659,1,250
138677,1,250
138721,1,250
138771,1,250
138924,1,250
139001,1,250
139141,1,250
139142,1,250
139211,1,250
139443,1,250
139512,1,250
139521,1,250
139599,1,250
139690,1,250
139821,1,250
139864,1,250
139942,1,250
140047,1,250
140367,1,250
140377,1,250
140642,1,250
140722,1,250
140742,1,250
140782,1,250
140828,1,250
140870,1,250
140886,1,250
141076,1,250
141111,1,250
141128,1,250
141167,1,250
141218,1,250
141321,1,250
141326,1,250
141375,1,250
141431,1,250
141517,1,250
141615,1,250
141638,1,250
141681,1,250
141730,1,250
141801,1,250
141856,1,250
141877,1,250
141891,1,250
141909,1,250
142005,1,250
142103,1,250
142258,1,250
142415,1,250
142462,1,250
142544,1,250
142568,1,250
142597,1,250
142862,1,250
143141,1,250
143477,1,250
143556,1,250
143761,1,250
143883,1,250
143929,1,250
144128,1,250
144182,1,250
144199,1,250
144273,1,250
144534,1,250
144627,1,250
144658,1,250
144838,1,250
144950,1,250
145024,1,250
145478,1,250
145515,1,250
145602,1,250
145624,1,250
145721,1,250
145725,1,250
145733,1,250
145773,1,250
145907,1,250
145910,1,250
145978,1,250
146323,1,250
146424,1,250
146480,1,250
146496,1,250
146575,1,250
146769,1,250
146826,1,250
146895,1,250
146988,1,250
147088,1,250
147106,1,250
147203,1,250
147231,1,250
147312,1,250
147545,1,250
147773,1,250
147781,1,250
147826,1,250
147870,1,250
147887,1,250
148111,1,250
148115,1,250
148122,1,250
148186,1,250
148275,1,250
148568,1,250
149467,1,250
149502,1,250
149619,1,250
149692,1,250
149867,1,250
149930,1,250
150028,1,250
150387,1,250
150410,1,250
150454,1,250
150534,1,250
150547,1,250
150574,1,250
150591,1,250
150728,1,250
150759,1,250
151232,1,250
151308,1,250
151344,1,250
151358,1,250
151754,1,250
151797,1,250
151887,1,250
152170,1,250
152191,1,250
152270,1,250
152397,1,250
152588,1,250
152838,1,250
153077,1,250
153259,1,250
153340,1,250
153538,1,250
153559,1,250
153836,1,250
153910,1,250
153993,1,250
154105,1,250
154116,1,250
154141,1,250
154271,1,250
154348,1,250
154622,1,250
154703,1,250
154734,1,250
154782,1,250
154924,1,250
154932,1,250
155011,1,250
155094,1,250
155145,1,250
155187,1,250
155226,1,250
155570,1,250
155706,1,250
155791,1,250
155899,1,250
156096,1,250
156245,1,250
156372,1,250
156388,1,250
156560,1,250
156635,1,250
156744,1,250
156920,1,250
156931,1,250
157026,1,250
157091,1,250
157503,1,250
157537,1,250
157611,1,250
157631,1,250
157782,1,250
157868,1,250
158054,1,250
158125,1,250
158128,1,250
158371,1,250
158403,1,250
158465,1,250
158469,1,250
158548,1,250
158555,1,250
158702,1,250
158710,1,250
158730,1,250
158860,1,250
158889,1,250
158894,1,250
158952,1,250
159027,1,250
159202,1,250
159287,1,250
159312,1,250
159396,1,250
159526,1,250
159709,1,250
159758,1,250
159856,1,250
159856,1,250
159959,1,250
159992,1,250
160000,1,250
160026,1,250
160039,1,250
160053,1,250
160067,1,250
160215,1,250
160226,1,250
160231,1,250
160269,1,250
160271,1,250
160382,1,250
160549,1,250
160741,1,250
160797,1,250
160893,1,250
161253,1,250
161311,1,250
161586,1,250
161789,1,250
161810,1,250
162201,1,250
162272,1,250
162296,1,250
162431,1,250
162431,1,250
162478,1,250
162514,1,250
162596,1,250
162617,1,250
162639,1,250
162673,1,250
162863,1,250
163034,1,250
163100,1,250
163146,1,250
163228,1,250
163244,1,250
163286,1,250
163313,1,250
163364,1,250
163418,1,250
163965,1,250
164000,1,250
164007,1,250
164133,1,250
164152,1,250
164211,1,250
164284,1,250
164303,1,250
164454,1,250
164511,1,250
164548,1,250
164551,1,250
164649,1,250
164735,1,250
164791,1,250
164794,1,250
164897,1,250
164910,1,250
165023,1,250
165037,1,250
165125,1,250
165256,1,250
165438,1,250
165517,1,250
165536,1,250
165677,1,250
165833,1,250
165913,1,250
165941,1,250
166014,1,250
166107,1,250
166448,1,250
166456,1,250
166764,1,250
167023,1,250
167042,1,250
167085,1,250
167141,1,250
167147,1,250
167174,1,250
167204,1,250
167206,1,250
167247,1,250
167303,1,250
167384,1,250
167393,1,250
167407,1,250
167625,1,250
167843,1,250
168057,1,250
168306,1,250
168396,1,250
168532,1,250
168545,1,250
168548,1,250
168558,1,250
168597,1,250
168608,1,250
168781,1,250
169151,1,250
169200,1,250
169210,1,250
169222,1,250
169312,1,250
169337,1,250
169384,1,250
169424,1,250
169434,1,250
169591,1,250
169673,1,250
169729,1,250
169830,1,250
169890,1,250
169908,1,250
170025,1,250
170104,1,250
170220,1,250
170275,1,250
170403,1,250
170526,1,250
170689,1,250
170733,1,250
170835,1,250
170864,1,250
170888,1,250
170891,1,250
170893,1,250
170956,1,250
170988,1,250
171005,1,250
171062,1,250
171086,1,250
171215,1,250
171275,1,250
171321,1,250
171411,1,250
171442,1,250
171516,1,250
171521,1,250
171619,1,250
172088,1,250
172093,1,250
172133,1,250
172177,1,250
172255,1,250
172348,1,250
172631,1,250
172764,1,250
172912,1,250
173004,1,250
173108,1,250
173148,1,250
173480,1,250
173879,1,250
173908,1,250
173993,1,250
174377,1,250
174429,1,250
174814,1,250
174824,1,250
174854,1,250
175037,1,250
175427,1,250
175452,1,250
175455,1,250
175456,1,250
175461,1,250
175470,1,250
175509,1,250
175791,1,250
175844,1,250
175891,1,250
175942,1,250
176055,1,250
176112,1,250
176132,1,250
176187,1,250
176212,1,250
176259,1,250
176306,1,250
176322,1,250
176456,1,250
176622,1,250
176670,1,250
176673,1,250
176690,1,250
176730,1,250
176880,1,250
176881,1,250
177064,1,250
177405,1,250
177466,1,250
177476,1,250
177582,1,250
177613,1,250
177680,1,250
177685,1,250
177761,1,250
177869,1,250
178152,1,250
178240,1,250
178428,1,250
178434,1,250
178447,1,250
178726,1,250
178766,1,250
178975,1,250
178976,1,250
179028,1,250
179210,1,250
179220,1,250
179359,1,250
179436,1,250
179574,1,250
179583,1,250
179864,1,250
179885,1,250
179888,1,250
180002,1,250
180115,1,250
180132,1,250
180150,1,250
180192,1,250
180197,1,250
180205,1,250
180259,1,250
180328,1,250
180496,1,250
180532,1,250
180707,1,250
180737,1,250
181102,1,250
181102,1,250
181194,1,250
181352,1,250
181399,1,250
181559,1,250
181584,1,250
181888,1,250
181966,1,250
181976,1,250
182003,1,250
182051,1,250
182224,1,250
182237,1,250
182251,1,250
182268,1,250
182332,1,250
182435,1,250
182547,1,250
182641,1,250
182653,1,250
182654,1,250
182678,1,250
182785,1,250
182870,1,250
182997,1,250
183063,1,250
183067,1,250
183164,1,250
183299,1,250
183310,1,250
183343,1,250
183373,1,250
183660,1,250
183701,1,250
184422,1,250
184428,1,250
184451,1,250
184600,1,250
184637,1,250
184643,1,250
184678,1,250
184697,1,250
184895,1,250
184907,1,250
184969,1,250
184980,1,250
184994,1,250
185006,1,250
185085,1,250
185109,1,250
185352,1,250
185372,1,250
185438,1,250
185726,1,250
185811,1,250
185920,1,250
186026,1,250
186100,1,250
186125,1,250
186138,1,250
186181,1,250
186186,1,250
186254,1,250
186258,1,250
186312,1,250
186449,1,250
186504,1,250
186522,1,250
186526,1,250
186571,1,250
186582,1,250
186600,1,250
186624,1,250
186681,1,250
186753,1,250
186817,1,250
186894,1,250
186946,1,250
187070,1,250
187116,1,250
187126,1,250
187185,1,250
187285,1,250
187296,1,250
187368,1,250
187370,1,250
187382,1,250
187401,1,250
187463,1,250
187472,1,250
187491,1,250
187527,1,250
187622,1,250
187760,1,250
187805,1,250
187842,1,250
187888,1,250
188099,1,250
188189,1,250
188199,1,250
188234,1,250
188384,1,250
188418,1,250
188466,1,250
188496,1,250
188515,1,250
188633,1,250
188677,1,250
188688,1,250
188721,1,250
188798,1,250
188828,1,250
189172,1,250
189296,1,250
189322,1,250
189394,1,250
189416,1,250
189871,1,250
189887,1,250
190011,1,250
190025,1,250
190360,1,250
190383,1,250
190525,1,250
190760,1,250
190786,1,250
190811,1,250
190837,1,250
190844,1,250
190918,1,250
190949,1,250
190961,1,250
190966,1,250
191138,1,250
191283,1,250
191460,1,250
191476,1,250
191564,1,250
191590,1,250
191638,1,250
191650,1,250
191666,1,250
191814,1,250
191826,1,250
191850,1,250
192123,1,250
192360,1,250
192639,1,250
192654,1,250
192856,1,250
192885,1,250
193183,1,250
193294,1,250
193305,1,250
193336,1,250
193455,1,250
193506,1,250
193524,1,250
193549,1,250
193599,1,250
193619,1,250
193737,1,250
193839,1,250
194089,1,250
194272,1,250
194323,1,250
194462,1,250
194525,1,250
194547,1,250
194548,1,250
194716,1,250
194769,1,250
194905,1,250
194923,1,250
195005,1,250
195040,1,250
195047,1,250
195112,1,250
195385,1,250
195410,1,250
195647,1,250
195957,1,250
196011,1,250
196050,1,250
196218,1,250
196364,1,250
196395,1,250
196542,1,250
196564,1,250
196573,1,250
196621,1,250
196623,1,250
196759,1,250
196915,1,250
196961,1,250
196963,1,250
197199,1,250
197202,1,250
197266,1,250
197390,1,250
197740,1,250
197827,1,250
197973,1,250
198059,1,250
198204,1,250
198243,1,250
198320,1,250
198360,1,250
198418,1,250
198652,1,250
198796,1,250
198859,1,250
198884,1,250
199017,1,250
199093,1,250
199119,1,250
199143,1,250
199373,1,250
199383,1,250
199432,1,250
199440,1,250
199617,1,250
199628,1,250
199634,1,250
199650,1,250
199700,1,250
199714,1,250
199807,1,250
200042,1,250
200391,1,250
200765,1,250
200776,1,250
200860,1,250
200912,1,250
200930,1,250
200943,1,250
201038,1,250
201048,1,250
201066,1,250
201137,1,250
201143,1,250
201157,1,250
201189,1,250
201330,1,250
201338,1,250
201466,1,250
201510,1,250
201607,1,250
201665,1,250
201681,1,250
201781,1,250
201909,1,250
202052,1,250
202096,1,250
202180,1,250
202486,1,250
202503,1,250
202508,1,250
202630,1,250
202750,1,250
203008,1,250
203033,1,250
203068,1,250
203088,1,250
203182,1,250
203212,1,250
203307,1,250
203345,1,250
203365,1,250
203558,1,250
203578,1,250
203599,1,250
203606,1,250
203619,1,250
203658,1,250
203725,1,250
203879,1,250
203891,1,250
204115,1,250
204126,1,250
204153,1,250
204184,1,250
204367,1,250
204367,1,250
204450,1,250
204493,1,250
204519,1,250
204666,1,250
204687,1,250
204742,1,250
204771,1,250
204832,1,250
204838,1,250
204856,1,250
204856,1,250
204928,1,250
205007,1,250
205013,1,250
205270,1,250
205395,1,250
205494,1,250
205759,1,250
205814,1,250
205897,1,250
205915,1,250
206188,1,250
206188,1,250
206202,1,250
206255,1,250
206257,1,250
206306,1,250
206326,1,250
206374,1,250
206606,1,250
206655,1,250
206984,1,250
207005,1,250
207088,1,250
207203,1,250
207219,1,250
207408,1,250
207411,1,250
207470,1,250
207548,1,250
207560,1,250
207563,1,250
207788,1,250
207914,1,250
207915,1,250
208026,1,250
208041,1,250
208301,1,250
208361,1,250
208411,1,250
208549,1,250
208560,1,250
208759,1,250
208845,1,250
208906,1,250
209036,1,250
209149,1,250
209200,1,250
209346,1,250
209420,1,250
209572,1,250
209653,1,250
209768,1,250
209789,1,250
209800,1,250
209940,1,250
210037,1,250
210063,1,250
210133,1,250
210288,1,250
210299,1,250
210339,1,250
210341,1,250
210391,1,250
210570,1,250
210622,1,250
210647,1,250
210683,1,250
210774,1,250
210793,1,250
210811,1,250
210843,1,250
210932,1,250
211020,1,250
211336,1,250
211531,1,250
211561,1,250
211579,1,250
211633,1,250
212087,1,250
212380,1,250
212429,1,250
212491,1,250
212572,1,250
212843,1,250
212861,1,250
212888,1,250
212975,1,250
212976,1,250
213021,1,250
213137,1,250
213149,1,250
213249,1,250
213382,1,250
213444,1,250
213451,1,250
213666,1,250
213776,1,250
214019,1,250
214232,1,250
214344,1,250
214354,1,250
214475,1,250
214496,1,250
214596,1,250
214764,1,250
214790,1,250
214886,1,250
215231,1,250
215235,1,250
215404,1,250
215494,1,250
215558,1,250
215562,1,250
215659,1,250
215703,1,250
215735,1,250
215755,1,250
215855,1,250
216036,1,250
216159,1,250
216323,1,250
216385,1,250
216402,1,250
216630,1,250
216641,1,250
216653,1,250
216729,1,250
216732,1,250
216903,1,250
217240,1,250
217285,1,250
217302,1,250
217470,1,250
217520,1,250
217630,1,250
217693,1,250
217729,1,250
218088,1,250
218124,1,250
218238,1,250
218356,1,250
218418,1,250
218562,1,250
218651,1,250
218864,1,250
219015,1,250
219393,1,250
219453,1,250
219740,1,250
219913,1,250
219937,1,250
220021,1,250
220459,1,250
220512,1,250
220589,1,250
220624,1,250
220663,1,250
220740,1,250
220808,1,250
220892,1,250
220896,1,250
221064,1,250
221244,1,250
221275,1,250
221391,1,250
221400,1,250
221746,1,250
221844,1,250
221932,1,250
221959,1,250
221968,1,250
222021,1,250
222138,1,250
222272,1,250
222281,1,250
222305,1,250
222343,1,250
222345,1,250
222352,1,250
222643,1,250
223102,1,250
223301,1,250
223324,1,250
223370,1,250
223373,1,250
223386,1,250
223586,1,250
223632,1,250
223642,1,250
223651,1,250
223782,1,250
223979,1,250
223992,1,250
224001,1,250
224018,1,250
224321,1,250
224342,1,250
224483,1,250
224628,1,250
224812,1,250
224966,1,250
225138,1,250
225196,1,250
225232,1,250
225279,1,250
225447,1,250
225567,1,250
225602,1,250
226067,1,250
226235,1,250
226291,1,250
226535,1,250
226569,1,250
226603,1,250
226643,1,250
226688,1,250
226752,1,250
226752,1,250
227201,1,250
227393,1,250
228047,1,250
228050,1,250
228218,1,250
228298,1,250
228419,1,250
228494,1,250
228495,1,250
228552,1,250
228636,1,250
228640,1,250
228805,1,250
229008,1,250
229355,1,250
229459,1,250
229568,1,250
229649,1,250
229682,1,250
229888,1,250
230103,1,250
230415,1,250
230509,1,250
230541,1,250
230899,1,250
231120,1,250
231591,1,250
231682,1,250
231909,1,250
232077,1,250
232183,1,250
232233,1,250
232329,1,250
232725,1,250
232755,1,250
232808,1,250
233064,1,250
233180,1,250
233367,1,250
233581,1,250
233632,1,250
234012,1,250
234333,1,250
234404,1,250
234497,1,250
234511,1,250
234555,1,250
234598,1,250
234679,1,250
234902,1,250
235229,1,250
235460,1,250
235483,1,250
235637,1,250
236047,1,250
236231,1,250
236625,1,250
236735,1,250
236756,1,250
236812,1,250
236901,1,250
236913,1,250
237001,1,250
237065,1,250
237128,1,250
237375,1,250
237688,1,250
238095,1,250
238245,1,250
238618,1,250
238642,1,250
238651,1,250
238680,1,250
239017,1,250
239103,1,250
239147,1,250
239490,1,250
239508,1,250
239568,1,250
240231,1,250
240362,1,250
240542,1,250
240597,1,250
240850,1,250
240888,1,250
241091,1,250
241162,1,250
241176,1,250
241180,1,250
241395,1,250
241844,1,250
241877,1,250
242036,1,250
242258,1,250
242404,1,250
242898,1,250
242917,1,250
243105,1,250
243327,1,250
243815,1,250
243877,1,250
244024,1,250
244047,1,250
244133,1,250
244850,1,250
245047,1,250
245372,1,250
245383,1,250
245390,1,250
245587,1,250
245644,1,250
245830,1,250
246026,1,250
246261,1,250
246833,1,250
246840,1,250
246904,1,250
247001,1,250
247429,1,250
247461,1,250
247793,1,250
247806,1,250
247812,1,250
247813,1,250
248251,1,250
248354,1,250
248359,1,250
248520,1,250
248637,1,250
248638,1,250
249022,1,250
249473,1,250
249599,1,250
249620,1,250
249941,1,250
250008,1,250
250600,1,250
250620,1,250
250760,1,250
250944,1,250
251027,1,250
251367,1,250
252288,1,250
252364,1,250
252686,1,250
252705,1,250
252834,1,250
253036,1,250
253311,1,250
253779,1,250
253798,1,250
254027,1,250
254205,1,250
254293,1,250
254354,1,250
254611,1,250
254998,1,250
255001,1,250
255276,1,250
255335,1,250
255351,1,250
255563,1,250
255590,1,250
255722,1,250
256012,1,250
256030,1,250
256432,1,250
256668,1,250
256902,1,250
257010,1,250
257062,1,250
257695,1,250
258211,1,250
258259,1,250
258525,1,250
258859,1,250
258873,1,250
258873,1,250
258883,1,250
259068,1,250
259212,1,250
259377,1,250
259606,1,250
259663,1,250
260004,1,250
260265,1,250
260304,1,250
260482,1,250
260731,1,250
260926,1,250
261303,1,250
261468,1,250
261779,1,250
261839,1,250
261928,1,250
262000,1,250
262690,1,250
262838,1,250
262843,1,250
263054,1,250
263093,1,250
263135,1,250
264037,1,250
264046,1,250
264176,1,250
264612,1,250
264669,1,250
264688,1,250
265118,1,250
265633,1,250
265645,1,250
266300,1,250
266589,1,250
266805,1,250
268093,1,250
268197,1,250
268339,1,250
269320,1,250
269343,1,250
269559,1,250
269750,1,250
270064,1,250
272117,1,250
272193,1,250
272457,1,250
272716,1,250
273099,1,250
273269,1,250
273926,1,250
274088,1,250
274256,1,250
275577,1,250
275732,1,250
275798,1,250
276199,1,250
276251,1,250
276326,1,250
276399,1,250
276825,1,250
276897,1,250
277088,1,250
277341,1,250
277456,1,250
277575,1,250
278447,1,250
278837,1,250
278902,1,250
279108,1,250
279133,1,250
279215,1,250
279584,1,250
279993,1,250
281692,1,250
282072,1,250
282241,1,250
282350,1,250
282510,1,250
282844,1,250
283150,1,250
283186,1,250
283339,1,250
283563,1,250
283589,1,250
283880,1,250
285733,1,250
286046,1,250
286237,1,250
286542,1,250
287522,1,250
288644,1,250
288982,1,250
289076,1,250
289333,1,250
290326,1,250
290519,1,250
290928,1,250
291010,1,250
291071,1,250
291201,1,250
291288,1,250
291351,1,250
291436,1,250
291771,1,250
291806,1,250
292429,1,250
293635,1,250
294017,1,250
294128,1,250
294436,1,250
294598,1,250
294822,1,250
295062,1,250
295487,1,250
296062,1,250
296102,1,250
296264,1,250
296414,1,250
296419,1,250
296650,1,250
296894,1,250
297020,1,250
297164,1,250
297296,1,250
297661,1,250
297724,1,250
297798,1,250
298492,1,250
298895,1,250
298964,1,250
299623,1,250
299943,1,250
300094,1,250
300623,1,250
301097,1,250
301820,1,250
302064,1,250
303328,1,250
303738,1,250
303811,1,250
304102,1,250
304249,1,250
304725,1,250
306465,1,250
306575,1,250
306834,1,250
307044,1,250
307628,1,250
307649,1,250
307717,1,250
307991,1,250
308346,1,250
308651,1,250
308888,1,250
310172,1,250
310308,1,250
312098,1,250
313104,1,250
313210,1,250
313469,1,250
315067,1,250
315929,1,250
316253,1,250
316655,1,250
316673,1,250
317117,1,250
318244,1,250
318688,1,250
318731,1,250
318883,1,250
318908,1,250
319513,1,250
320111,1,250
320619,1,250
320950,1,250
321132,1,250
321425,1,250
321842,1,250
322179,1,250
322726,1,250
323534,1,250
324812,1,250
326375,1,250
327139,1,250
327370,1,250
327661,1,250
328147,1,250
328263,1,250
328404,1,250
328713,1,250
328826,1,250
330247,1,250
331190,1,250
331390,1,250
331606,1,250
331763,1,250
331804,1,250
332123,1,250
332644,1,250
332855,1,250
334237,1,250
334439,1,250
334672,1,250
334716,1,250
335108,1,250
335687,1,250
335722,1,250
336231,1,250
336333,1,250
336375,1,250
336830,1,250
337759,1,250
339847,1,250
340733,1,250
340860,1,250
341278,1,250
341471,1,250
341623,1,250
341791,1,250
342454,1,250
343282,1,250
344067,1,250
344178,1,250
344394,1,250
345054,1,250
346465,1,250
347412,1,250
347726,1,250
348370,1,250
350073,1,250
351782,1,250
352007,1,250
354046,1,250
354079,1,250
354289,1,250
354664,1,250
355214,1,250
355659,1,250
355770,1,250
355790,1,250
355911,1,250
356185,1,250
356577,1,250
357169,1,250
357213,1,250
357286,1,250
357814,1,250
358061,1,250
358839,1,250
358860,1,250
359238,1,250
359355,1,250
360031,1,250
360135,1,250
360746,1,250
361037,1,250
361050,1,250
361576,1,250
361772,1,250
361884,1,250
362623,1,250
362723,1,250
364881,1,250
365014,1,250
365085,1,250
365632,1,250
366250,1,250
366821,1,250
367250,1,250
367340,1,250
367644,1,250
367800,1,250
367852,1,250
368621,1,250
369374,1,250
369590,1,250
369654,1,250
370400,1,250
370727,1,250
370748,1,250
371180,1,250
371425,1,250
371937,1,250
372269,1,250
372656,1,250
372725,1,250
373325,1,250
374148,1,250
374561,1,250
374906,1,250
378071,1,250
378899,1,250
379046,1,250
379389,1,250
379447,1,250
379512,1,250
379612,1,250
379677,1,250
379708,1,250
379886,1,250
380454,1,250
380558,1,250
381255,1,250
382489,1,250
382884,1,250
383213,1,250
383357,1,250
384132,1,250
385929,1,250
386432,1,250
386934,1,250
387690,1,250
387783,1,250
389079,1,250
389325,1,250
389718,1,250
391222,1,250
391287,1,250
391333,1,250
391496,1,250
392115,1,250
392305,1,250
392362,1,250
392737,1,250
393567,1,250
393976,1,250
394128,1,250
394305,1,250
394372,1,250
394432,1,250
395567,1,250
395703,1,250
396297,1,250
396311,1,250
396542,1,250
396751,1,250
399187,1,250
399307,1,250
399865,1,250
401036,1,250
401904,1,250
401932,1,250
402059,1,250
402667,1,250
402948,1,250
402964,1,250
403278,1,250
403394,1,250
403597,1,250
403679,1,250
403725,1,250
403872,1,250
404474,1,250
404684,1,250
405662,1,250
405754,1,250
406075,1,250
406322,1,250
406733,1,250
406894,1,250
407156,1,250
407165,1,250
408116,1,250
408217,1,250
408221,1,250
408389,1,250
409300,1,250
409695,1,250
410573,1,250
411114,1,250
411430,1,250
411564,1,250
414362,1,250
414478,1,250
415086,1,250
415952,1,250
416668,1,250
417348,1,250
418278,1,250
418747,1,250
418931,1,250
419116,1,250
420280,1,250
420558,1,250
420654,1,250
421146,1,250
421242,1,250
422033,1,250
422606,1,250
423678,1,250
423712,1,250
424124,1,250
424257,1,250
425933,1,250
426032,1,250
426254,1,250
426255,1,250
426376,1,250
426630,1,250
426738,1,250
426744,1,250
427124,1,250
427176,1,250
427416,1,250
427661,1,250
427751,1,250
427799,1,250
427873,1,250
427887,1,250
429247,1,250
429439,1,250
429702,1,250
430107,1,250
430593,1,250
431364,1,250
431497,1,250
432120,1,250
432252,1,250
432270,1,250
432589,1,250
432817,1,250
433468,1,250
433636,1,250
434506,1,250
434857,1,250
435036,1,250
435943,1,250
436498,1,250
436663,1,250
437182,1,250
437264,1,250
437586,1,250
439347,1,250
440338,1,250
440694,1,250
441135,1,250
441423,1,250
441529,1,250
441866,1,250
442050,1,250
442109,1,250
442724,1,250
442846,1,250
443538,1,250
443564,1,250
444672,1,250
444753,1,250
444813,1,250
444898,1,250
445000,1,250
445612,1,250
446503,1,250
446858,1,250
447460,1,250
448268,1,250
448387,1,250
448582,1,250
448872,1,250
449291,1,250
449716,1,250
450089,1,250
450100,1,250
450311,1,250
450373,1,250
450575,1,250
450832,1,250
451013,1,250
451199,1,250
451442,1,250
451481,1,250
451727,1,250
451769,1,250
451832,1,250
451864,1,250
452316,1,250
452530,1,250
452559,1,250
452675,1,250
453349,1,250
453937,1,250
453973,1,250
454081,1,250
454083,1,250
454120,1,250
454154,1,250
454449,1,250
454566,1,250
454840,1,250
454881,1,250
455048,1,250
455354,1,250
455490,1,250
455546,1,250
455613,1,250
455895,1,250
456220,1,250
456243,1,250
456265,1,250
456342,1,250
456845,1,250
457013,1,250
457401,1,250
457559,1,250
457627,1,250
457652,1,250
457662,1,250
457744,1,250
457788,1,250
458209,1,250
458524,1,250
458568,1,250
458680,1,250
459080,1,250
459111,1,250
459664,1,250
460109,1,250
460260,1,250
460716,1,250
460777,1,250
460933,1,250
460934,1,250
461302,1,250
461557,1,250
461677,1,250
461712,1,250
461788,1,250
461891,1,250
462161,1,250
462480,1,250
462901,1,250
463099,1,250
463257,1,250
463455,1,250
463542,1,250
463841,1,250
464019,1,250
464173,1,250
464715,1,250
465275,1,250
465414,1,250
465876,1,250
466127,1,250
466357,1,250
466364,1,250
466461,1,250
466664,1,250
467102,1,250
467732,1,250
468086,1,250
468089,1,250
468433,1,250
468861,1,250
468919,1,250
469218,1,250
469330,1,250
469625,1,250
469844,1,250
470053,1,250
470113,1,250
470372,1,250
470791,1,250
470859,1,250
470924,1,250
472435,1,250
472453,1,250
472775,1,250
472937,1,250
473085,1,250
473112,1,250
473267,1,250
473360,1,250
473691,1,250
473754,1,250
473871,1,250
473971,1,250
474059,1,250
474278,1,250
474482,1,250
474711,1,250
475015,1,250
475092,1,250
475214,1,250
475300,1,250
475681,1,250
475792,1,250
475895,1,250
475943,1,250
476090,1,250
476092,1,250
476104,1,250
476730,1,250
477334,1,250
477625,1,250
478051,1,250
478217,1,250
478772,1,250
478802,1,250
478889,1,250
479064,1,250
479545,1,250
479669,1,250
479674,1,250
480294,1,250
480426,1,250
480426,1,250
480453,1,250
480480,1,250
480609,1,250
480714,1,250
480757,1,250
481161,1,250
481200,1,250
481277,1,250
481675,1,250
482073,1,250
482156,1,250
482231,1,250
482244,1,250
482353,1,250
482786,1,250
483115,1,250
483283,1,250
483284,1,250
484573,1,250
484636,1,250
484664,1,250
484771,1,250
485218,1,250
485329,1,250
485346,1,250
485673,1,250
485695,1,250
485787,1,250
485864,1,250
485871,1,250
486093,1,250
486148,1,250
486443,1,250
486501,1,250
486513,1,250
486526,1,250
486628,1,250
486688,1,250
487311,1,250
487395,1,250
487472,1,250
487507,1,250
487557,1,250
487793,1,250
487842,1,250
488057,1,250
488361,1,250
488822,1,250
489088,1,250
489124,1,250
489534,1,250
489679,1,250
489756,1,250
489813,1,250
489962,1,250
490008,1,250
490096,1,250
490402,1,250
490943,1,250
491044,1,250
491096,1,250
491116,1,250
491507,1,250
491699,1,250
491699,1,250
491884,1,250
492004,1,250
492060,1,250
492543,1,250
492774,1,250
492993,1,250
493216,1,250
493352,1,250
493406,1,250
493484,1,250
493821,1,250
494139,1,250
494459,1,250
494654,1,250
494664,1,250
494887,1,250
494905,1,250
494908,1,250
495178,1,250
495739,1,250
496268,1,250
496399,1,250
496412,1,250
496490,1,250
498008,1,250
498122,1,250
498339,1,250
498584,1,250
498617,1,250
498772,1,250
498869,1,250
499095,1,250
499170,1,250
499349,1,250
499508,1,250
499555,1,250
499586,1,250
499596,1,250
499709,1,250
499829,1,250
499861,1,250
500318,1,250
500388,1,250
500399,1,250
501111,1,250
501446,1,250
501632,1,250
501709,1,250
501710,1,250
501761,1,250
501788,1,250
501844,1,250
502069,1,250
502308,1,250
502707,1,250
503014,1,250
503045,1,250
503098,1,250
503295,1,250
503423,1,250
503673,1,250
504391,1,250
504474,1,250
505330,1,250
505706,1,250
505934,1,250
506044,1,250
506045,1,250
506196,1,250
506825,1,250
506865,1,250
507109,1,250
507324,1,250
507542,1,250
507847,1,250
508017,1,250
508200,1,250
508356,1,250
508553,1,250
508739,1,250
509040,1,250
509057,1,250
509130,1,250
509147,1,250
509578,1,250
509638,1,250
509928,1,250
510317,1,250
510367,1,250
510646,1,250
511196,1,250
511225,1,250
511249,1,250
511307,1,250
511722,1,250
511863,1,250
511921,1,250
511978,1,250
512140,1,250
512281,1,250
512398,1,250
512486,1,250
512551,1,250
512688,1,250
513123,1,250
513330,1,250
513427,1,250
513594,1,250
513596,1,250
513727,1,250
513781,1,250
513955,1,250
514023,1,250
514151,1,250
514369,1,250
514979,1,250
515626,1,250
515717,1,250
515820,1,250
516367,1,250
516367,1,250
516410,1,250
516411,1,250
516809,1,250
517057,1,250
517249,1,250
517288,1,250
517535,1,250
517648,1,250
517839,1,250
517909,1,250
517976,1,250
518202,1,250
518257,1,250
518343,1,250
518466,1,250
518801,1,250
519039,1,250
519568,1,250
519578,1,250
519717,1,250
519809,1,250
520468,1,250
520648,1,250
520724,1,250
520745,1,250
521688,1,250
521772,1,250
522316,1,250
522702,1,250
522795,1,250
522873,1,250
522877,1,250
522924,1,250
523385,1,250
523873,1,250
524375,1,250
524513,1,250
524777,1,250
525052,1,250
525335,1,250
525656,1,250
525692,1,250
525899,1,250
525911,1,250
526081,1,250
526852,1,250
527269,1,250
527392,1,250
527467,1,250
527483,1,250
527739,1,250
527988,1,250
528091,1,250
528310,1,250
528849,1,250
529119,1,250
529143,1,250
529643,1,250
529715,1,250
529876,1,250
530206,1,250
531218,1,250
531427,1,250
531804,1,250
532562,1,250
532609,1,250
532655,1,250
532940,1,250
533443,1,250
533813,1,250
533864,1,250
533875,1,250
533968,1,250
535125,1,250
536385,1,250
537125,1,250
537136,1,250
537310,1,250
537317,1,250
537557,1,250
537560,1,250
537634,1,250
538306,1,250
539638,1,250
539661,1,250
539796,1,250
540449,1,250
540584,1,250
541216,1,250
541549,1,250
542091,1,250
542331,1,250
544425,1,250
545538,1,250
546320,1,250
546344,1,250
546402,1,250
547033,1,250
547551,1,250
548833,1,250
549569,1,250
549643,1,250
549738,1,250
550460,1,250
551025,1,250
551289,1,250
553190,1,250
553722,1,250
553980,1,250
554698,1,250
555409,1,250
555448,1,250
555484,1,250
556072,1,250
557423,1,250
557440,1,250
562405,1,250
563407,1,250
563841,1,250
564130,1,250
564196,1,250
565170,1,250
565367,1,250
566008,1,250
566187,1,250
566579,1,250
566766,1,250
566970,1,250
566990,1,250
567008,1,250
567149,1,250
567336,1,250
567852,1,250
567872,1,250
568314,1,250
568852,1,250
568877,1,250
569355,1,250
569758,1,250
569786,1,250
571624,1,250
571821,1,250
571889,1,250
572258,1,250
572670,1,250
574329,1,250
574377,1,250
575009,1,250
575902,1,250
576550,1,250
578157,1,250
579011,1,250
579855,1,250
581000,1,250
