331,1,250
452,1,250
1401,1,250
6066,1,250
6644,1,250
7320,1,250
7857,1,250
9070,1,250
13031,1,250
14093,1,250
17044,1,250
18182,1,250
18754,1,250
19099,1,250
20736,1,250
21741,1,250
34776,1,250
44026,1,250
45728,1,250
47662,1,250
54842,1,250
58303,1,250
60664,1,250
63012,1,250
64701,1,250
66234,1,250
67825,1,250
76901,1,250
80088,1,250
83041,1,250
85213,1,250
90016,1,250
91963,1,250
93185,1,250
94091,1,250
94923,1,250
97044,1,250
97386,1,250
98940,1,250
99008,1,250
99853,1,250
101143,1,250
102460,1,250
104811,1,250
105554,1,250
107370,1,250
108033,1,250
109202,1,250
110339,1,250
111173,1,250
113048,1,250
114079,1,250
114798,1,250
115190,1,250
115749,1,250
117742,1,250
118340,1,250
119449,1,250
120492,1,250
121696,1,250
121819,1,250
123357,1,250
123738,1,250
125323,1,250
126319,1,250
126860,1,250
127390,1,250
128244,1,250
135217,1,250
135504,1,250
138188,1,250
138605,1,250
139325,1,250
139536,1,250
140594,1,250
140607,1,250
140841,1,250
141647,1,250
141681,1,250
141877,1,250
142161,1,250
142572,1,250
144240,1,250
145341,1,250
145801,1,250
146516,1,250
146803,1,250
147758,1,250
149583,1,250
149588,1,250
150760,1,250
151194,1,250
151338,1,250
151359,1,250
151762,1,250
152191,1,250
152409,1,250
153384,1,250
153657,1,250
155904,1,250
156623,1,250
157257,1,250
158064,1,250
158454,1,250
159959,1,250
160178,1,250
162017,1,250
162103,1,250
162326,1,250
163017,1,250
163685,1,250
164472,1,250
165080,1,250
166089,1,250
166610,1,250
166621,1,250
168445,1,250
168840,1,250
168864,1,250
169039,1,250
169712,1,250
172055,1,250
172951,1,250
173369,1,250
176032,1,250
176729,1,250
177825,1,250
179308,1,250
180045,1,250
180472,1,250
180506,1,250
180588,1,250
181620,1,250
182897,1,250
183046,1,250
184229,1,250
184732,1,250
184789,1,250
186018,1,250
186283,1,250
186470,1,250
187869,1,250
188311,1,250
188952,1,250
189048,1,250
190366,1,250
191343,1,250
191940,1,250
192096,1,250
192349,1,250
192359,1,250
192435,1,250
193682,1,250
194169,1,250
195036,1,250
195762,1,250
196435,1,250
196468,1,250
197191,1,250
197674,1,250
197963,1,250
198702,1,250
199572,1,250
201470,1,250
202808,1,250
202936,1,250
203007,1,250
203056,1,250
203815,1,250
204416,1,250
204891,1,250
205466,1,250
206884,1,250
207853,1,250
208231,1,250
208361,1,250
209328,1,250
209421,1,250
209940,1,250
209959,1,250
210071,1,250
210343,1,250
212356,1,250
213905,1,250
214344,1,250
215207,1,250
216021,1,250
216345,1,250
217423,1,250
218085,1,250
218688,1,250
219108,1,250
220030,1,250
220360,1,250
221000,1,250
221788,1,250
222226,1,250
223672,1,250
224948,1,250
225691,1,250
226443,1,250
226945,1,250
227546,1,250
227952,1,250
228260,1,250
229047,1,250
232257,1,250
233153,1,250
234864,1,250
235853,1,250
236332,1,250
236475,1,250
237328,1,250
239384,1,250
241350,1,250
241832,1,250
242877,1,250
243477,1,250
247309,1,250
247537,1,250
248160,1,250
248803,1,250
249494,1,250
250067,1,250
250614,1,250
252400,1,250
253831,1,250
254367,1,250
254654,1,250
255495,1,250
256042,1,250
258372,1,250
258881,1,250
261545,1,250
261750,1,250
264079,1,250
271191,1,250
271400,1,250
272303,1,250
272562,1,250
273461,1,250
275392,1,250
275827,1,250
279554,1,250
280930,1,250
281733,1,250
285783,1,250
287798,1,250
289523,1,250
291822,1,250
300094,1,250
309905,1,250
311469,1,250
311781,1,250
319340,1,250
320357,1,250
320547,1,250
320672,1,250
321011,1,250
321492,1,250
326131,1,250
330016,1,250
330492,1,250
332406,1,250
332500,1,250
345370,1,250
354769,1,250
358041,1,250
358117,1,250
361425,1,250
362109,1,250
365071,1,250
365109,1,250
366429,1,250
366570,1,250
367531,1,250
379972,1,250
380496,1,250
395414,1,250
398300,1,250
399977,1,250
402793,1,250
404732,1,250
406024,1,250
407898,1,250
426975,1,250
428110,1,250
429530,1,250
433413,1,250
434358,1,250
434791,1,250
435536,1,250
435609,1,250
439601,1,250
440478,1,250
440739,1,250
441758,1,250
447939,1,250
452196,1,250
453711,1,250
456445,1,250
459366,1,250
464745,1,250
465121,1,250
465536,1,250
466912,1,250
467648,1,250
469844,1,250
471500,1,250
471963,1,250
473977,1,250
474981,1,250
475463,1,250
477115,1,250
477176,1,250
479546,1,250
480172,1,250
484115,1,250
484549,1,250
486037,1,250
486113,1,250
488873,1,250
489233,1,250
489350,1,250
494180,1,250
495510,1,250
500081,1,250
500711,1,250
501820,1,250
506635,1,250
507820,1,250
508020,1,250
509098,1,250
509187,1,250
511882,1,250
513780,1,250
513792,1,250
514324,1,250
515258,1,250
521040,1,250
522598,1,250
523823,1,250
525609,1,250
525801,1,250
527739,1,250
529081,1,250
533250,1,250
539037,1,250
562405,1,250
567998,1,250
580186,1,250
