18677,1,250
43597,1,250
53088,1,250
59779,1,250
67275,1,250
67950,1,250
68355,1,250
70867,1,250
73540,1,250
75454,1,250
75655,1,250
77514,1,250
80010,1,250
80401,1,250
88982,1,250
90040,1,250
90261,1,250
91162,1,250
93003,1,250
94807,1,250
95929,1,250
98846,1,250
99227,1,250
100146,1,250
104353,1,250
105248,1,250
110491,1,250
110677,1,250
112172,1,250
112864,1,250
115208,1,250
116157,1,250
116895,1,250
117457,1,250
118735,1,250
119623,1,250
120333,1,250
121298,1,250
122448,1,250
122495,1,250
124135,1,250
124825,1,250
125838,1,250
126214,1,250
126240,1,250
130374,1,250
131183,1,250
132600,1,250
133729,1,250
135251,1,250
140193,1,250
140507,1,250
141224,1,250
141615,1,250
142836,1,250
143510,1,250
144557,1,250
146091,1,250
147581,1,250
147751,1,250
149997,1,250
150859,1,250
150948,1,250
151024,1,250
151666,1,250
151862,1,250
154144,1,250
154366,1,250
155653,1,250
155879,1,250
157794,1,250
158789,1,250
159166,1,250
159287,1,250
160519,1,250
162010,1,250
162358,1,250
163725,1,250
164932,1,250
165942,1,250
168127,1,250
169712,1,250
169813,1,250
171070,1,250
171515,1,250
172238,1,250
174683,1,250
175593,1,250
175708,1,250
175905,1,250
175942,1,250
176407,1,250
177030,1,250
177459,1,250
177696,1,250
178744,1,250
178826,1,250
180200,1,250
181377,1,250
181745,1,250
181818,1,250
183336,1,250
183384,1,250
183715,1,250
184081,1,250
184238,1,250
186462,1,250
186471,1,250
188200,1,250
188392,1,250
188640,1,250
189715,1,250
189939,1,250
190122,1,250
190166,1,250
190814,1,250
192035,1,250
192103,1,250
193061,1,250
193333,1,250
193736,1,250
194095,1,250
194833,1,250
194947,1,250
196658,1,250
197590,1,250
198834,1,250
199685,1,250
199810,1,250
200048,1,250
201707,1,250
202486,1,250
202556,1,250
203514,1,250
204638,1,250
204834,1,250
205732,1,250
206853,1,250
207860,1,250
208169,1,250
208898,1,250
209543,1,250
210256,1,250
210389,1,250
210631,1,250
210711,1,250
211462,1,250
212097,1,250
212384,1,250
213577,1,250
213962,1,250
216160,1,250
216692,1,250
217678,1,250
217838,1,250
218174,1,250
218781,1,250
218940,1,250
219740,1,250
221248,1,250
221784,1,250
221815,1,250
227207,1,250
227406,1,250
227465,1,250
228636,1,250
228790,1,250
229283,1,250
230797,1,250
231885,1,250
234031,1,250
234311,1,250
235570,1,250
236357,1,250
236456,1,250
236566,1,250
236804,1,250
237371,1,250
238077,1,250
239147,1,250
240503,1,250
242490,1,250
243764,1,250
243994,1,250
244634,1,250
245420,1,250
248368,1,250
251420,1,250
253465,1,250
257104,1,250
257123,1,250
258186,1,250
258697,1,250
261327,1,250
263838,1,250
266069,1,250
266814,1,250
268358,1,250
271569,1,250
271649,1,250
271888,1,250
275848,1,250
288672,1,250
288962,1,250
290960,1,250
292513,1,250
293329,1,250
295215,1,250
299766,1,250
299979,1,250
308560,1,250
309356,1,250
311953,1,250
312784,1,250
319777,1,250
321920,1,250
330624,1,250
334120,1,250
334868,1,250
338275,1,250
341370,1,250
346841,1,250
349792,1,250
356013,1,250
361037,1,250
368693,1,250
370682,1,250
378652,1,250
378930,1,250
390833,1,250
403844,1,250
408203,1,250
409552,1,250
413225,1,250
415952,1,250
417729,1,250
427555,1,250
428276,1,250
432792,1,250
432857,1,250
436157,1,250
449483,1,250
451079,1,250
452010,1,250
455895,1,250
460746,1,250
461906,1,250
464387,1,250
467755,1,250
470341,1,250
473801,1,250
474377,1,250
474509,1,250
477080,1,250
478068,1,250
478557,1,250
481156,1,250
481570,1,250
481832,1,250
483624,1,250
487338,1,250
487963,1,250
488706,1,250
490211,1,250
491230,1,250
491499,1,250
491587,1,250
495194,1,250
499987,1,250
500132,1,250
504415,1,250
504434,1,250
506017,1,250
507866,1,250
509138,1,250
513211,1,250
513885,1,250
517741,1,250
518258,1,250
522847,1,250
524702,1,250
527586,1,250
529401,1,250
537805,1,250
540357,1,250
542162,1,250
546728,1,250
552224,1,250
563353,1,250
565944,1,250
566054,1,250
575910,1,250
