148,1,50
185,1,50
566,1,50
1044,1,50
1052,1,50
1355,1,50
1760,1,50
1850,1,50
2144,1,50
2324,1,50
2760,1,50
3123,1,50
3606,1,50
3762,1,50
3896,1,50
4248,1,50
4436,1,50
4691,1,50
4876,1,50
4891,1,50
5019,1,50
5371,1,50
6066,1,50
6334,1,50
6808,1,50
7610,1,50
7722,1,50
7850,1,50
8025,1,50
8251,1,50
8424,1,50
8550,1,50
9563,1,50
9733,1,50
9756,1,50
9791,1,50
10181,1,50
10264,1,50
10618,1,50
10761,1,50
10861,1,50
10966,1,50
11156,1,50
11195,1,50
11387,1,50
11961,1,50
12109,1,50
12532,1,50
13026,1,50
14106,1,50
14154,1,50
14425,1,50
14709,1,50
15102,1,50
15571,1,50
16537,1,50
17071,1,50
17358,1,50
17582,1,50
18029,1,50
18045,1,50
18213,1,50
18409,1,50
18480,1,50
18485,1,50
19009,1,50
19011,1,50
19020,1,50
19238,1,50
19255,1,50
19370,1,50
19379,1,50
19386,1,50
19502,1,50
19511,1,50
19669,1,50
19780,1,50
19899,1,50
20023,1,50
20226,1,50
20453,1,50
20561,1,50
20665,1,50
20862,1,50
21094,1,50
21270,1,50
21276,1,50
21377,1,50
21410,1,50
21449,1,50
21524,1,50
21542,1,50
21594,1,50
21862,1,50
21978,1,50
22014,1,50
22497,1,50
22626,1,50
22694,1,50
23009,1,50
23901,1,50
24115,1,50
24680,1,50
24788,1,50
24942,1,50
24987,1,50
25334,1,50
25377,1,50
25450,1,50
25603,1,50
25717,1,50
26653,1,50
27026,1,50
27114,1,50
27126,1,50
27424,1,50
27948,1,50
27968,1,50
28417,1,50
28455,1,50
28682,1,50
29048,1,50
29088,1,50
29340,1,50
29425,1,50
29474,1,50
29566,1,50
29637,1,50
29814,1,50
29846,1,50
29887,1,50
29908,1,50
30020,1,50
30230,1,50
31168,1,50
31209,1,50
31302,1,50
31352,1,50
31416,1,50
31713,1,50
32078,1,50
32696,1,50
32853,1,50
33790,1,50
34432,1,50
35272,1,50
36840,1,50
37267,1,50
38055,1,50
38767,1,50
39147,1,50
39221,1,50
39692,1,50
40009,1,50
40291,1,50
40325,1,50
41024,1,50
41249,1,50
41278,1,50
42072,1,50
42124,1,50
42144,1,50
42157,1,50
42183,1,50
42302,1,50
42377,1,50
42412,1,50
42641,1,50
42742,1,50
42800,1,50
42845,1,50
42850,1,50
43012,1,50
43033,1,50
43488,1,50
43497,1,50
43695,1,50
43764,1,50
43848,1,50
43853,1,50
44532,1,50
44538,1,50
44774,1,50
44798,1,50
44840,1,50
44874,1,50
45074,1,50
45174,1,50
45332,1,50
45364,1,50
45588,1,50
45882,1,50
46023,1,50
46551,1,50
46669,1,50
47022,1,50
47239,1,50
47415,1,50
47632,1,50
47694,1,50
47710,1,50
47795,1,50
47815,1,50
48084,1,50
48211,1,50
48622,1,50
49448,1,50
49574,1,50
49691,1,50
49940,1,50
50020,1,50
50151,1,50
52123,1,50
52213,1,50
52262,1,50
52704,1,50
52717,1,50
52778,1,50
53260,1,50
53304,1,50
53902,1,50
53902,1,50
54079,1,50
54520,1,50
54824,1,50
55368,1,50
55391,1,50
55558,1,50
55987,1,50
56607,1,50
56896,1,50
57332,1,50
57684,1,50
57941,1,50
58106,1,50
58598,1,50
58911,1,50
60132,1,50
60153,1,50
60171,1,50
60262,1,50
60320,1,50
60389,1,50
60582,1,50
60788,1,50
60795,1,50
61076,1,50
61106,1,50
61508,1,50
61926,1,50
63449,1,50
63602,1,50
63695,1,50
63826,1,50
63922,1,50
64480,1,50
65372,1,50
65404,1,50
65670,1,50
66055,1,50
66139,1,50
66286,1,50
66345,1,50
66394,1,50
66450,1,50
66457,1,50
66476,1,50
66487,1,50
66519,1,50
66810,1,50
67060,1,50
67353,1,50
67487,1,50
67504,1,50
67611,1,50
67639,1,50
67644,1,50
67693,1,50
67745,1,50
67760,1,50
67807,1,50
67834,1,50
67900,1,50
67969,1,50
68168,1,50
68171,1,50
68252,1,50
68347,1,50
68594,1,50
68666,1,50
68690,1,50
68949,1,50
69255,1,50
69277,1,50
69309,1,50
69353,1,50
69588,1,50
69709,1,50
69809,1,50
69910,1,50
69947,1,50
70202,1,50
70403,1,50
70409,1,50
70427,1,50
70636,1,50
70813,1,50
70888,1,50
71313,1,50
71518,1,50
71648,1,50
71710,1,50
71745,1,50
71791,1,50
71840,1,50
72044,1,50
72091,1,50
72123,1,50
72216,1,50
72242,1,50
72307,1,50
72650,1,50
72713,1,50
72868,1,50
73571,1,50
74139,1,50
74421,1,50
74712,1,50
74768,1,50
75147,1,50
75162,1,50
75508,1,50
75611,1,50
75629,1,50
75638,1,50
75702,1,50
75805,1,50
76139,1,50
76768,1,50
76886,1,50
77279,1,50
77385,1,50
77584,1,50
77669,1,50
77726,1,50
77924,1,50
78373,1,50
78463,1,50
78536,1,50
78912,1,50
79084,1,50
79174,1,50
79310,1,50
79353,1,50
79617,1,50
79688,1,50
79920,1,50
80485,1,50
80600,1,50
80637,1,50
80896,1,50
81059,1,50
81064,1,50
81081,1,50
81376,1,50
81499,1,50
81609,1,50
81910,1,50
82049,1,50
82188,1,50
82804,1,50
83912,1,50
84433,1,50
84438,1,50
85001,1,50
86089,1,50
86909,1,50
87087,1,50
87432,1,50
87600,1,50
87705,1,50
87901,1,50
88026,1,50
88505,1,50
88770,1,50
88863,1,50
89273,1,50
89538,1,50
89837,1,50
89872,1,50
90055,1,50
90056,1,50
90082,1,50
90116,1,50
90124,1,50
90152,1,50
90173,1,50
90177,1,50
90299,1,50
90343,1,50
90367,1,50
90385,1,50
90442,1,50
90454,1,50
90492,1,50
90561,1,50
90635,1,50
90652,1,50
90710,1,50
90844,1,50
91227,1,50
91237,1,50
91238,1,50
91263,1,50
91350,1,50
91364,1,50
91368,1,50
91416,1,50
91454,1,50
91526,1,50
91548,1,50
91698,1,50
91793,1,50
91954,1,50
92018,1,50
92120,1,50
92195,1,50
92280,1,50
92340,1,50
92366,1,50
92421,1,50
92509,1,50
92515,1,50
92616,1,50
92810,1,50
93107,1,50
93225,1,50
93304,1,50
93431,1,50
93541,1,50
93545,1,50
93633,1,50
93867,1,50
94019,1,50
94033,1,50
94046,1,50
94065,1,50
94278,1,50
94452,1,50
94474,1,50
94598,1,50
94638,1,50
94683,1,50
94684,1,50
94692,1,50
94770,1,50
94827,1,50
95042,1,50
95108,1,50
95348,1,50
95501,1,50
95537,1,50
95584,1,50
95700,1,50
95831,1,50
95867,1,50
96000,1,50
96072,1,50
96310,1,50
96356,1,50
96364,1,50
96385,1,50
96441,1,50
96457,1,50
96810,1,50
96885,1,50
96966,1,50
97135,1,50
97141,1,50
97150,1,50
97159,1,50
97161,1,50
97325,1,50
97485,1,50
97509,1,50
97754,1,50
97784,1,50
97922,1,50
98054,1,50
98058,1,50
98078,1,50
98168,1,50
98212,1,50
98512,1,50
98627,1,50
98688,1,50
98706,1,50
98790,1,50
98874,1,50
98906,1,50
98950,1,50
98960,1,50
98982,1,50
99101,1,50
99460,1,50
99510,1,50
99519,1,50
99692,1,50
99698,1,50
99884,1,50
99946,1,50
99972,1,50
100028,1,50
100101,1,50
100185,1,50
100190,1,50
100256,1,50
100400,1,50
100408,1,50
100433,1,50
100507,1,50
100520,1,50
100595,1,50
100650,1,50
100688,1,50
100700,1,50
100715,1,50
100798,1,50
100830,1,50
100890,1,50
100917,1,50
100944,1,50
101335,1,50
101495,1,50
101534,1,50
101726,1,50
101744,1,50
101813,1,50
101944,1,50
101944,1,50
102100,1,50
102157,1,50
102262,1,50
102297,1,50
102369,1,50
102692,1,50
102779,1,50
102989,1,50
103047,1,50
103128,1,50
103238,1,50
103290,1,50
103558,1,50
103618,1,50
103619,1,50
103673,1,50
103711,1,50
103714,1,50
103777,1,50
103781,1,50
104010,1,50
104050,1,50
104117,1,50
104122,1,50
104122,1,50
104125,1,50
104280,1,50
104417,1,50
104419,1,50
104814,1,50
105025,1,50
105094,1,50
105132,1,50
105136,1,50
105189,1,50
105426,1,50
105582,1,50
105740,1,50
105849,1,50
105906,1,50
105995,1,50
106007,1,50
106010,1,50
106013,1,50
106180,1,50
106263,1,50
106269,1,50
106354,1,50
106393,1,50
106405,1,50
106411,1,50
106477,1,50
106479,1,50
106535,1,50
106644,1,50
106662,1,50
106854,1,50
106897,1,50
106901,1,50
107238,1,50
107608,1,50
107735,1,50
107818,1,50
107899,1,50
107928,1,50
108046,1,50
108343,1,50
108460,1,50
108583,1,50
108718,1,50
108972,1,50
109054,1,50
109072,1,50
109074,1,50
109100,1,50
109110,1,50
109123,1,50
109123,1,50
109395,1,50
109397,1,50
109518,1,50
109519,1,50
109554,1,50
109623,1,50
109745,1,50
109846,1,50
109907,1,50
110001,1,50
110011,1,50
110086,1,50
110096,1,50
110115,1,50
110122,1,50
110124,1,50
110147,1,50
110300,1,50
110442,1,50
110452,1,50
110478,1,50
110481,1,50
110709,1,50
110804,1,50
110838,1,50
111025,1,50
111048,1,50
111050,1,50
111319,1,50
111361,1,50
111373,1,50
111401,1,50
111440,1,50
111499,1,50
111766,1,50
111837,1,50
112020,1,50
112078,1,50
112150,1,50
112304,1,50
112321,1,50
112379,1,50
112420,1,50
112459,1,50
112468,1,50
112559,1,50
112705,1,50
112709,1,50
112916,1,50
112989,1,50
113130,1,50
113179,1,50
113195,1,50
113244,1,50
113249,1,50
113275,1,50
113322,1,50
113391,1,50
113487,1,50
113495,1,50
113537,1,50
113758,1,50
113764,1,50
113777,1,50
113883,1,50
113942,1,50
113968,1,50
114012,1,50
114022,1,50
114071,1,50
114137,1,50
114199,1,50
114279,1,50
114303,1,50
114324,1,50
114367,1,50
114367,1,50
114487,1,50
114495,1,50
114511,1,50
114554,1,50
114685,1,50
114697,1,50
114750,1,50
114795,1,50
114805,1,50
114814,1,50
114936,1,50
114937,1,50
115023,1,50
115038,1,50
115040,1,50
115041,1,50
115052,1,50
115101,1,50
115126,1,50
115149,1,50
115175,1,50
115184,1,50
115232,1,50
115315,1,50
115372,1,50
115388,1,50
115414,1,50
115441,1,50
115458,1,50
115492,1,50
115511,1,50
115660,1,50
115782,1,50
115842,1,50
115852,1,50
115898,1,50
115903,1,50
115966,1,50
116008,1,50
116024,1,50
116033,1,50
116046,1,50
116048,1,50
116088,1,50
116106,1,50
116178,1,50
116356,1,50
116405,1,50
116436,1,50
116480,1,50
116484,1,50
116504,1,50
116545,1,50
116576,1,50
116595,1,50
116595,1,50
116640,1,50
116692,1,50
116748,1,50
116749,1,50
116827,1,50
117011,1,50
117013,1,50
117206,1,50
117252,1,50
117278,1,50
117348,1,50
117376,1,50
117393,1,50
117501,1,50
117739,1,50
117824,1,50
117851,1,50
118109,1,50
118171,1,50
118191,1,50
118213,1,50
118224,1,50
118233,1,50
118294,1,50
118386,1,50
118625,1,50
118636,1,50
118672,1,50
118684,1,50
118928,1,50
118961,1,50
118999,1,50
119028,1,50
119160,1,50
119165,1,50
119190,1,50
119204,1,50
119213,1,50
119227,1,50
119387,1,50
119440,1,50
119464,1,50
119526,1,50
119580,1,50
119584,1,50
119690,1,50
119949,1,50
120003,1,50
120105,1,50
120140,1,50
120141,1,50
120144,1,50
120263,1,50
120292,1,50
120303,1,50
120324,1,50
120367,1,50
120389,1,50
120434,1,50
120472,1,50
120528,1,50
120576,1,50
120615,1,50
120689,1,50
120765,1,50
120927,1,50
120937,1,50
121190,1,50
121240,1,50
121282,1,50
121495,1,50
121502,1,50
121503,1,50
121576,1,50
121586,1,50
121762,1,50
121810,1,50
121820,1,50
121852,1,50
121867,1,50
121897,1,50
122060,1,50
122088,1,50
122183,1,50
122240,1,50
122361,1,50
122437,1,50
122451,1,50
122489,1,50
122495,1,50
122535,1,50
122565,1,50
122611,1,50
122675,1,50
122687,1,50
122756,1,50
122785,1,50
122850,1,50
123051,1,50
123126,1,50
123236,1,50
123236,1,50
123238,1,50
123256,1,50
123270,1,50
123417,1,50
123444,1,50
123572,1,50
123615,1,50
123693,1,50
123767,1,50
123851,1,50
123869,1,50
123884,1,50
123892,1,50
124094,1,50
124095,1,50
124096,1,50
124109,1,50
124127,1,50
124180,1,50
124233,1,50
124248,1,50
124272,1,50
124291,1,50
124352,1,50
124383,1,50
124437,1,50
124461,1,50
124486,1,50
124548,1,50
124642,1,50
124699,1,50
124722,1,50
124738,1,50
124777,1,50
124839,1,50
124955,1,50
125132,1,50
125155,1,50
125253,1,50
125322,1,50
125410,1,50
125468,1,50
125568,1,50
125593,1,50
125608,1,50
125663,1,50
125726,1,50
125842,1,50
125892,1,50
125921,1,50
125946,1,50
126071,1,50
126111,1,50
126132,1,50
126171,1,50
126190,1,50
126288,1,50
126295,1,50
126346,1,50
126353,1,50
126416,1,50
126458,1,50
126467,1,50
126532,1,50
126543,1,50
126552,1,50
126557,1,50
126660,1,50
126766,1,50
126922,1,50
126971,1,50
127013,1,50
127022,1,50
127081,1,50
127144,1,50
127331,1,50
127600,1,50
127673,1,50
127676,1,50
127930,1,50
127940,1,50
128090,1,50
128099,1,50
128128,1,50
128168,1,50
128282,1,50
128283,1,50
128681,1,50
128824,1,50
128857,1,50
129051,1,50
129137,1,50
129153,1,50
129178,1,50
129221,1,50
129436,1,50
129466,1,50
129479,1,50
129532,1,50
129594,1,50
129685,1,50
129687,1,50
129701,1,50
129712,1,50
129729,1,50
129736,1,50
129765,1,50
129802,1,50
129978,1,50
130004,1,50
130022,1,50
130074,1,50
130082,1,50
130185,1,50
130296,1,50
130536,1,50
130731,1,50
130919,1,50
130922,1,50
131012,1,50
131056,1,50
131080,1,50
131193,1,50
131231,1,50
131540,1,50
131545,1,50
131558,1,50
131578,1,50
131580,1,50
131682,1,50
132114,1,50
132227,1,50
132238,1,50
132295,1,50
132342,1,50
132414,1,50
132479,1,50
132499,1,50
132559,1,50
132565,1,50
132620,1,50
132710,1,50
132736,1,50
132872,1,50
133041,1,50
133132,1,50
133151,1,50
133274,1,50
133301,1,50
133393,1,50
133441,1,50
133528,1,50
133533,1,50
133542,1,50
133638,1,50
133644,1,50
133775,1,50
133974,1,50
134080,1,50
134215,1,50
134275,1,50
134360,1,50
134390,1,50
134438,1,50
134450,1,50
134483,1,50
134513,1,50
134525,1,50
134587,1,50
134674,1,50
134768,1,50
134810,1,50
134897,1,50
134938,1,50
134977,1,50
134990,1,50
135147,1,50
135169,1,50
135307,1,50
135388,1,50
135401,1,50
135412,1,50
135479,1,50
135481,1,50
135556,1,50
135574,1,50
135581,1,50
135713,1,50
135718,1,50
135768,1,50
135820,1,50
135880,1,50
136090,1,50
136098,1,50
136131,1,50
136291,1,50
136374,1,50
136383,1,50
136447,1,50
136489,1,50
136631,1,50
136740,1,50
136777,1,50
136918,1,50
137029,1,50
137199,1,50
137210,1,50
137335,1,50
137338,1,50
137444,1,50
137499,1,50
137499,1,50
137594,1,50
137617,1,50
137637,1,50
137716,1,50
137792,1,50
137848,1,50
137854,1,50
137894,1,50
138092,1,50
138113,1,50
138164,1,50
138168,1,50
138177,1,50
138193,1,50
138253,1,50
138257,1,50
138320,1,50
138345,1,50
138362,1,50
138400,1,50
138419,1,50
138426,1,50
138427,1,50
138430,1,50
138467,1,50
138484,1,50
138524,1,50
138560,1,50
138592,1,50
138630,1,50
138637,1,50
138661,1,50
138749,1,50
138757,1,50
138840,1,50
138849,1,50
138851,1,50
138875,1,50
138911,1,50
138930,1,50
138982,1,50
139004,1,50
139044,1,50
139089,1,50
139120,1,50
139121,1,50
139260,1,50
139265,1,50
139358,1,50
139380,1,50
139415,1,50
139443,1,50
139447,1,50
139495,1,50
139517,1,50
139531,1,50
139536,1,50
139593,1,50
139612,1,50
139620,1,50
139751,1,50
139780,1,50
139802,1,50
139894,1,50
139904,1,50
140013,1,50
140105,1,50
140175,1,50
140185,1,50
140197,1,50
140200,1,50
140215,1,50
140219,1,50
140348,1,50
140391,1,50
140404,1,50
140408,1,50
140471,1,50
140478,1,50
140492,1,50
140508,1,50
140563,1,50
140564,1,50
140569,1,50
140594,1,50
140595,1,50
140597,1,50
140598,1,50
140695,1,50
140745,1,50
140752,1,50
140753,1,50
140820,1,50
140861,1,50
140959,1,50
140960,1,50
140985,1,50
141011,1,50
141059,1,50
141066,1,50
141110,1,50
141128,1,50
141140,1,50
141143,1,50
141167,1,50
141184,1,50
141218,1,50
141231,1,50
141293,1,50
141314,1,50
141618,1,50
141631,1,50
141678,1,50
141763,1,50
141805,1,50
141814,1,50
141898,1,50
141907,1,50
141909,1,50
141918,1,50
141963,1,50
142011,1,50
142057,1,50
142132,1,50
142175,1,50
142187,1,50
142247,1,50
142357,1,50
142364,1,50
142367,1,50
142396,1,50
142404,1,50
142409,1,50
142415,1,50
142470,1,50
142526,1,50
142534,1,50
142568,1,50
142633,1,50
142646,1,50
142705,1,50
142717,1,50
142733,1,50
142808,1,50
142966,1,50
143013,1,50
143033,1,50
143054,1,50
143116,1,50
143122,1,50
143144,1,50
143167,1,50
143197,1,50
143291,1,50
143304,1,50
143328,1,50
143366,1,50
143441,1,50
143446,1,50
143507,1,50
143573,1,50
143650,1,50
143665,1,50
143668,1,50
143681,1,50
143737,1,50
143815,1,50
143867,1,50
143882,1,50
143931,1,50
143938,1,50
143953,1,50
143976,1,50
144060,1,50
144193,1,50
144244,1,50
144316,1,50
144359,1,50
144394,1,50
144410,1,50
144491,1,50
144563,1,50
144588,1,50
144610,1,50
144612,1,50
144665,1,50
144667,1,50
144721,1,50
144836,1,50
144854,1,50
144913,1,50
144936,1,50
144974,1,50
145096,1,50
145133,1,50
145152,1,50
145198,1,50
145205,1,50
145257,1,50
145382,1,50
145401,1,50
145416,1,50
145465,1,50
145479,1,50
145564,1,50
145766,1,50
145768,1,50
145769,1,50
145772,1,50
145891,1,50
145907,1,50
145914,1,50
146036,1,50
146056,1,50
146175,1,50
146235,1,50
146359,1,50
146383,1,50
146493,1,50
146596,1,50
146686,1,50
146711,1,50
146719,1,50
146828,1,50
146962,1,50
147034,1,50
147077,1,50
147089,1,50
147115,1,50
147214,1,50
147235,1,50
147265,1,50
147329,1,50
147347,1,50
147430,1,50
147490,1,50
147547,1,50
147562,1,50
147596,1,50
147609,1,50
147775,1,50
147780,1,50
147822,1,50
147857,1,50
147938,1,50
148026,1,50
148048,1,50
148082,1,50
148128,1,50
148144,1,50
148201,1,50
148207,1,50
148221,1,50
148324,1,50
148338,1,50
148349,1,50
148352,1,50
148387,1,50
148422,1,50
148429,1,50
148508,1,50
148533,1,50
148720,1,50
148728,1,50
148749,1,50
148795,1,50
148834,1,50
148860,1,50
148892,1,50
149005,1,50
149020,1,50
149063,1,50
149100,1,50
149107,1,50
149118,1,50
149234,1,50
149265,1,50
149301,1,50
149322,1,50
149389,1,50
149429,1,50
149498,1,50
149553,1,50
149562,1,50
149570,1,50
149641,1,50
149660,1,50
149686,1,50
149751,1,50
149760,1,50
149786,1,50
149803,1,50
149816,1,50
149822,1,50
149831,1,50
149877,1,50
149893,1,50
149928,1,50
149962,1,50
150030,1,50
150158,1,50
150188,1,50
150281,1,50
150293,1,50
150312,1,50
150332,1,50
150446,1,50
150497,1,50
150545,1,50
150587,1,50
150603,1,50
150629,1,50
150631,1,50
150754,1,50
150757,1,50
150785,1,50
150901,1,50
150949,1,50
150950,1,50
151017,1,50
151026,1,50
151087,1,50
151141,1,50
151169,1,50
151180,1,50
151252,1,50
151255,1,50
151355,1,50
151377,1,50
151437,1,50
151519,1,50
151662,1,50
151681,1,50
151709,1,50
151778,1,50
151787,1,50
151794,1,50
151854,1,50
151867,1,50
151893,1,50
151929,1,50
151950,1,50
151979,1,50
152007,1,50
152041,1,50
152044,1,50
152052,1,50
152064,1,50
152095,1,50
152118,1,50
152175,1,50
152191,1,50
152261,1,50
152262,1,50
152268,1,50
152359,1,50
152365,1,50
152467,1,50
152520,1,50
152620,1,50
152623,1,50
152681,1,50
152781,1,50
152864,1,50
152877,1,50
152903,1,50
153016,1,50
153026,1,50
153030,1,50
153142,1,50
153233,1,50
153257,1,50
153315,1,50
153331,1,50
153334,1,50
153377,1,50
153497,1,50
153560,1,50
153719,1,50
153849,1,50
153887,1,50
153961,1,50
154013,1,50
154039,1,50
154201,1,50
154238,1,50
154244,1,50
154440,1,50
154453,1,50
154489,1,50
154551,1,50
154622,1,50
154644,1,50
154652,1,50
154656,1,50
154675,1,50
154730,1,50
154789,1,50
154836,1,50
154845,1,50
154854,1,50
155005,1,50
155023,1,50
155082,1,50
155146,1,50
155210,1,50
155304,1,50
155410,1,50
155485,1,50
155580,1,50
155612,1,50
155642,1,50
155647,1,50
155697,1,50
155715,1,50
155751,1,50
155751,1,50
155788,1,50
155833,1,50
155885,1,50
155887,1,50
155922,1,50
155982,1,50
156059,1,50
156098,1,50
156174,1,50
156256,1,50
156432,1,50
156919,1,50
156962,1,50
157037,1,50
157054,1,50
157071,1,50
157071,1,50
157091,1,50
157111,1,50
157174,1,50
157187,1,50
157201,1,50
157204,1,50
157225,1,50
157235,1,50
157256,1,50
157274,1,50
157414,1,50
157432,1,50
157594,1,50
157629,1,50
157645,1,50
157668,1,50
157668,1,50
157679,1,50
157714,1,50
157744,1,50
157973,1,50
158037,1,50
158140,1,50
158201,1,50
158239,1,50
158244,1,50
158271,1,50
158424,1,50
158438,1,50
158469,1,50
158505,1,50
158511,1,50
158541,1,50
158554,1,50
158598,1,50
158628,1,50
158648,1,50
158648,1,50
158744,1,50
158816,1,50
158840,1,50
158946,1,50
159007,1,50
159012,1,50
159050,1,50
159090,1,50
159124,1,50
159194,1,50
159251,1,50
159399,1,50
159488,1,50
159554,1,50
159681,1,50
159688,1,50
159766,1,50
159878,1,50
159884,1,50
159898,1,50
159923,1,50
160229,1,50
160304,1,50
160326,1,50
160331,1,50
160446,1,50
160542,1,50
160543,1,50
160546,1,50
160624,1,50
160651,1,50
160661,1,50
160729,1,50
160787,1,50
160906,1,50
160910,1,50
160957,1,50
161075,1,50
161079,1,50
161140,1,50
161224,1,50
161274,1,50
161307,1,50
161358,1,50
161585,1,50
161602,1,50
161653,1,50
161678,1,50
161690,1,50
161692,1,50
161721,1,50
161834,1,50
161886,1,50
162015,1,50
162027,1,50
162050,1,50
162099,1,50
162112,1,50
162120,1,50
162144,1,50
162146,1,50
162157,1,50
162183,1,50
162207,1,50
162207,1,50
162209,1,50
162234,1,50
162280,1,50
162304,1,50
162397,1,50
162438,1,50
162469,1,50
162470,1,50
162473,1,50
162549,1,50
162569,1,50
162581,1,50
162597,1,50
162727,1,50
162733,1,50
162861,1,50
162865,1,50
162868,1,50
162887,1,50
162948,1,50
162958,1,50
162962,1,50
163007,1,50
163048,1,50
163055,1,50
163152,1,50
163285,1,50
163446,1,50
163491,1,50
163576,1,50
163577,1,50
163580,1,50
163616,1,50
163620,1,50
163697,1,50
163793,1,50
163823,1,50
163865,1,50
164032,1,50
164036,1,50
164048,1,50
164063,1,50
164078,1,50
164162,1,50
164270,1,50
164271,1,50
164341,1,50
164454,1,50
164499,1,50
164593,1,50
164726,1,50
164836,1,50
164855,1,50
164874,1,50
164895,1,50
164910,1,50
164947,1,50
164991,1,50
165015,1,50
165070,1,50
165111,1,50
165131,1,50
165228,1,50
165248,1,50
165250,1,50
165325,1,50
165334,1,50
165342,1,50
165358,1,50
165397,1,50
165446,1,50
165448,1,50
165502,1,50
165555,1,50
165654,1,50
165729,1,50
165731,1,50
165832,1,50
165859,1,50
166099,1,50
166109,1,50
166130,1,50
166158,1,50
166192,1,50
166271,1,50
166281,1,50
166336,1,50
166336,1,50
166361,1,50
166427,1,50
166468,1,50
166516,1,50
166553,1,50
166554,1,50
166564,1,50
166571,1,50
166591,1,50
166644,1,50
166727,1,50
166766,1,50
166814,1,50
166862,1,50
166862,1,50
166877,1,50
166900,1,50
166908,1,50
166927,1,50
167035,1,50
167042,1,50
167073,1,50
167089,1,50
167112,1,50
167115,1,50
167123,1,50
167132,1,50
167138,1,50
167152,1,50
167180,1,50
167180,1,50
167205,1,50
167214,1,50
167246,1,50
167307,1,50
167337,1,50
167355,1,50
167392,1,50
167418,1,50
167455,1,50
167489,1,50
167505,1,50
167533,1,50
167642,1,50
167656,1,50
167708,1,50
167744,1,50
167767,1,50
168019,1,50
168097,1,50
168099,1,50
168124,1,50
168342,1,50
168364,1,50
168414,1,50
168440,1,50
168491,1,50
168549,1,50
168596,1,50
168615,1,50
168673,1,50
168687,1,50
168724,1,50
168810,1,50
168949,1,50
168989,1,50
169013,1,50
169122,1,50
169134,1,50
169146,1,50
169151,1,50
169168,1,50
169179,1,50
169187,1,50
169210,1,50
169215,1,50
169218,1,50
169240,1,50
169264,1,50
169306,1,50
169334,1,50
169346,1,50
169414,1,50
169435,1,50
169514,1,50
169536,1,50
169584,1,50
169613,1,50
169673,1,50
169673,1,50
169676,1,50
169700,1,50
169732,1,50
169794,1,50
169795,1,50
169820,1,50
169839,1,50
169844,1,50
169855,1,50
169883,1,50
170019,1,50
170026,1,50
170037,1,50
170200,1,50
170228,1,50
170229,1,50
170275,1,50
170422,1,50
170453,1,50
170523,1,50
170599,1,50
170689,1,50
170737,1,50
170791,1,50
170806,1,50
170827,1,50
170884,1,50
170891,1,50
170957,1,50
170999,1,50
171122,1,50
171143,1,50
171144,1,50
171197,1,50
171210,1,50
171215,1,50
171285,1,50
171299,1,50
171354,1,50
171370,1,50
171424,1,50
171438,1,50
171455,1,50
171468,1,50
171511,1,50
171527,1,50
171579,1,50
171609,1,50
171674,1,50
171686,1,50
171715,1,50
171779,1,50
171819,1,50
171853,1,50
171854,1,50
171897,1,50
172019,1,50
172048,1,50
172053,1,50
172083,1,50
172115,1,50
172125,1,50
172161,1,50
172209,1,50
172257,1,50
172285,1,50
172341,1,50
172415,1,50
172488,1,50
172490,1,50
172533,1,50
172534,1,50
172539,1,50
172674,1,50
172692,1,50
172701,1,50
172735,1,50
172740,1,50
172769,1,50
172789,1,50
172792,1,50
172808,1,50
172842,1,50
172862,1,50
172900,1,50
173020,1,50
173047,1,50
173087,1,50
173143,1,50
173220,1,50
173293,1,50
173335,1,50
173360,1,50
173376,1,50
173457,1,50
173482,1,50
173517,1,50
173529,1,50
173591,1,50
173601,1,50
173602,1,50
173648,1,50
173661,1,50
173666,1,50
173681,1,50
173719,1,50
173753,1,50
173769,1,50
173853,1,50
173882,1,50
173907,1,50
173925,1,50
173998,1,50
174026,1,50
174077,1,50
174090,1,50
174121,1,50
174155,1,50
174190,1,50
174198,1,50
174210,1,50
174246,1,50
174248,1,50
174329,1,50
174386,1,50
174399,1,50
174557,1,50
174624,1,50
174630,1,50
174899,1,50
175014,1,50
175019,1,50
175056,1,50
175075,1,50
175110,1,50
175148,1,50
175169,1,50
175203,1,50
175278,1,50
175311,1,50
175337,1,50
175338,1,50
175364,1,50
175400,1,50
175429,1,50
175456,1,50
175459,1,50
175484,1,50
175539,1,50
175556,1,50
175583,1,50
175604,1,50
175612,1,50
175805,1,50
175809,1,50
175828,1,50
175852,1,50
175855,1,50
175976,1,50
176014,1,50
176029,1,50
176033,1,50
176072,1,50
176085,1,50
176192,1,50
176304,1,50
176306,1,50
176360,1,50
176365,1,50
176429,1,50
176438,1,50
176504,1,50
176534,1,50
176620,1,50
176630,1,50
176716,1,50
176716,1,50
176794,1,50
176804,1,50
176826,1,50
176837,1,50
176961,1,50
177040,1,50
177133,1,50
177195,1,50
177244,1,50
177286,1,50
177349,1,50
177378,1,50
177384,1,50
177457,1,50
177481,1,50
177523,1,50
177530,1,50
177575,1,50
177607,1,50
177617,1,50
177665,1,50
177677,1,50
177683,1,50
177740,1,50
177816,1,50
177819,1,50
177833,1,50
177900,1,50
177909,1,50
177936,1,50
177942,1,50
178039,1,50
178049,1,50
178057,1,50
178114,1,50
178136,1,50
178195,1,50
178212,1,50
178305,1,50
178310,1,50
178337,1,50
178347,1,50
178409,1,50
178413,1,50
178459,1,50
178473,1,50
178513,1,50
178661,1,50
178674,1,50
178709,1,50
178722,1,50
178726,1,50
178727,1,50
178732,1,50
178824,1,50
178856,1,50
178864,1,50
178889,1,50
178962,1,50
179014,1,50
179017,1,50
179233,1,50
179248,1,50
179294,1,50
179334,1,50
179365,1,50
179430,1,50
179436,1,50
179497,1,50
179526,1,50
179549,1,50
179617,1,50
179664,1,50
179689,1,50
179719,1,50
179757,1,50
179769,1,50
179780,1,50
179828,1,50
179926,1,50
179932,1,50
179940,1,50
180001,1,50
180027,1,50
180062,1,50
180072,1,50
180217,1,50
180251,1,50
180264,1,50
180324,1,50
180378,1,50
180386,1,50
180422,1,50
180472,1,50
180473,1,50
180482,1,50
180547,1,50
180565,1,50
180638,1,50
180646,1,50
180656,1,50
180682,1,50
180693,1,50
180750,1,50
180772,1,50
180825,1,50
180860,1,50
180871,1,50
180904,1,50
181040,1,50
181079,1,50
181168,1,50
181234,1,50
181285,1,50
181408,1,50
181518,1,50
181525,1,50
181552,1,50
181567,1,50
181701,1,50
181747,1,50
181798,1,50
181803,1,50
181835,1,50
181962,1,50
181972,1,50
182002,1,50
182005,1,50
182012,1,50
182047,1,50
182193,1,50
182208,1,50
182222,1,50
182225,1,50
182243,1,50
182286,1,50
182383,1,50
182503,1,50
182637,1,50
182744,1,50
182764,1,50
182913,1,50
182914,1,50
182980,1,50
182982,1,50
183003,1,50
183062,1,50
183093,1,50
183116,1,50
183164,1,50
183172,1,50
183216,1,50
183348,1,50
183416,1,50
183583,1,50
183641,1,50
183670,1,50
183859,1,50
183893,1,50
183965,1,50
184023,1,50
184077,1,50
184085,1,50
184092,1,50
184292,1,50
184373,1,50
184433,1,50
184600,1,50
184721,1,50
184798,1,50
184820,1,50
184854,1,50
184868,1,50
184899,1,50
184996,1,50
185008,1,50
185038,1,50
185043,1,50
185081,1,50
185196,1,50
185301,1,50
185312,1,50
185320,1,50
185339,1,50
185366,1,50
185487,1,50
185631,1,50
185648,1,50
185671,1,50
185747,1,50
185818,1,50
185868,1,50
185944,1,50
185969,1,50
186020,1,50
186026,1,50
186042,1,50
186057,1,50
186069,1,50
186073,1,50
186091,1,50
186096,1,50
186100,1,50
186115,1,50
186146,1,50
186166,1,50
186180,1,50
186181,1,50
186188,1,50
186190,1,50
186231,1,50
186269,1,50
186344,1,50
186356,1,50
186358,1,50
186405,1,50
186411,1,50
186435,1,50
186458,1,50
186491,1,50
186504,1,50
186563,1,50
186599,1,50
186624,1,50
186624,1,50
186624,1,50
186634,1,50
186638,1,50
186664,1,50
186665,1,50
186749,1,50
186756,1,50
186791,1,50
186796,1,50
186816,1,50
186828,1,50
186888,1,50
186922,1,50
186923,1,50
186936,1,50
187008,1,50
187090,1,50
187103,1,50
187104,1,50
187106,1,50
187107,1,50
187141,1,50
187160,1,50
187168,1,50
187282,1,50
187289,1,50
187328,1,50
187348,1,50
187374,1,50
187417,1,50
187472,1,50
187487,1,50
187491,1,50
187499,1,50
187508,1,50
187527,1,50
187527,1,50
187561,1,50
187575,1,50
187587,1,50
187613,1,50
187732,1,50
187760,1,50
187760,1,50
187770,1,50
187788,1,50
187805,1,50
187812,1,50
187847,1,50
187854,1,50
187891,1,50
187897,1,50
187917,1,50
188019,1,50
188064,1,50
188069,1,50
188140,1,50
188148,1,50
188148,1,50
188245,1,50
188324,1,50
188339,1,50
188369,1,50
188377,1,50
188399,1,50
188437,1,50
188448,1,50
188451,1,50
188459,1,50
188466,1,50
188490,1,50
188496,1,50
188542,1,50
188561,1,50
188731,1,50
188759,1,50
188805,1,50
188812,1,50
188873,1,50
188889,1,50
188955,1,50
189021,1,50
189032,1,50
189060,1,50
189066,1,50
189104,1,50
189148,1,50
189185,1,50
189208,1,50
189218,1,50
189242,1,50
189262,1,50
189266,1,50
189295,1,50
189336,1,50
189352,1,50
189360,1,50
189476,1,50
189568,1,50
189579,1,50
189676,1,50
189709,1,50
189814,1,50
189896,1,50
189943,1,50
190019,1,50
190029,1,50
190041,1,50
190044,1,50
190074,1,50
190118,1,50
190128,1,50
190203,1,50
190225,1,50
190281,1,50
190312,1,50
190326,1,50
190351,1,50
190363,1,50
190421,1,50
190422,1,50
190434,1,50
190475,1,50
190484,1,50
190552,1,50
190594,1,50
190608,1,50
190660,1,50
190747,1,50
190757,1,50
190839,1,50
190907,1,50
190947,1,50
191066,1,50
191207,1,50
191215,1,50
191248,1,50
191290,1,50
191297,1,50
191367,1,50
191380,1,50
191614,1,50
191649,1,50
191653,1,50
191654,1,50
191660,1,50
191766,1,50
191813,1,50
191826,1,50
191838,1,50
191869,1,50
191933,1,50
191945,1,50
191959,1,50
192035,1,50
192039,1,50
192052,1,50
192054,1,50
192055,1,50
192073,1,50
192080,1,50
192090,1,50
192117,1,50
192121,1,50
192213,1,50
192228,1,50
192264,1,50
192266,1,50
192286,1,50
192307,1,50
192317,1,50
192339,1,50
192350,1,50
192374,1,50
192375,1,50
192390,1,50
192411,1,50
192457,1,50
192494,1,50
192502,1,50
192618,1,50
192665,1,50
192666,1,50
192678,1,50
192680,1,50
192792,1,50
192804,1,50
192821,1,50
192893,1,50
192900,1,50
192919,1,50
192919,1,50
192934,1,50
193013,1,50
193100,1,50
193126,1,50
193221,1,50
193247,1,50
193302,1,50
193313,1,50
193341,1,50
193374,1,50
193420,1,50
193438,1,50
193506,1,50
193658,1,50
193679,1,50
193696,1,50
193721,1,50
193728,1,50
193795,1,50
193808,1,50
193817,1,50
193840,1,50
193898,1,50
193943,1,50
193943,1,50
193948,1,50
193961,1,50
193974,1,50
194018,1,50
194072,1,50
194085,1,50
194132,1,50
194138,1,50
194174,1,50
194240,1,50
194266,1,50
194288,1,50
194324,1,50
194356,1,50
194393,1,50
194494,1,50
194515,1,50
194600,1,50
194637,1,50
194639,1,50
194661,1,50
194667,1,50
194680,1,50
194792,1,50
194839,1,50
195000,1,50
195014,1,50
195027,1,50
195054,1,50
195090,1,50
195111,1,50
195123,1,50
195207,1,50
195207,1,50
195213,1,50
195226,1,50
195246,1,50
195253,1,50
195318,1,50
195400,1,50
195416,1,50
195601,1,50
195661,1,50
195728,1,50
195786,1,50
195814,1,50
195820,1,50
195857,1,50
195893,1,50
195914,1,50
195948,1,50
195975,1,50
196000,1,50
196005,1,50
196024,1,50
196033,1,50
196058,1,50
196165,1,50
196218,1,50
196223,1,50
196224,1,50
196241,1,50
196268,1,50
196286,1,50
196358,1,50
196384,1,50
196416,1,50
196429,1,50
196492,1,50
196497,1,50
196807,1,50
196864,1,50
196877,1,50
196951,1,50
196961,1,50
196975,1,50
196981,1,50
197044,1,50
197129,1,50
197139,1,50
197244,1,50
197320,1,50
197385,1,50
197397,1,50
197454,1,50
197616,1,50
197677,1,50
197680,1,50
197736,1,50
197771,1,50
197813,1,50
197833,1,50
197860,1,50
197891,1,50
197896,1,50
197955,1,50
198035,1,50
198048,1,50
198102,1,50
198103,1,50
198153,1,50
198168,1,50
198177,1,50
198188,1,50
198202,1,50
198207,1,50
198262,1,50
198271,1,50
198276,1,50
198312,1,50
198347,1,50
198353,1,50
198372,1,50
198403,1,50
198444,1,50
198451,1,50
198491,1,50
198599,1,50
198616,1,50
198708,1,50
198749,1,50
198805,1,50
198864,1,50
198870,1,50
198940,1,50
198959,1,50
198963,1,50
199005,1,50
199083,1,50
199115,1,50
199122,1,50
199134,1,50
199137,1,50
199253,1,50
199281,1,50
199300,1,50
199341,1,50
199380,1,50
199469,1,50
199505,1,50
199600,1,50
199629,1,50
199637,1,50
199800,1,50
199808,1,50
199818,1,50
199856,1,50
199902,1,50
199913,1,50
199946,1,50
200014,1,50
200046,1,50
200094,1,50
200163,1,50
200196,1,50
200201,1,50
200204,1,50
200216,1,50
200282,1,50
200306,1,50
200318,1,50
200387,1,50
200540,1,50
200543,1,50
200543,1,50
200557,1,50
200611,1,50
200633,1,50
200666,1,50
200683,1,50
200687,1,50
200689,1,50
200720,1,50
200766,1,50
200789,1,50
200834,1,50
200845,1,50
200872,1,50
200876,1,50
200876,1,50
200880,1,50
200889,1,50
200924,1,50
200929,1,50
201035,1,50
201045,1,50
201157,1,50
201296,1,50
201332,1,50
201341,1,50
201361,1,50
201411,1,50
201485,1,50
201515,1,50
201515,1,50
201522,1,50
201560,1,50
201563,1,50
201568,1,50
201720,1,50
201722,1,50
201736,1,50
201844,1,50
201845,1,50
201859,1,50
201883,1,50
201933,1,50
202007,1,50
202080,1,50
202089,1,50
202115,1,50
202224,1,50
202270,1,50
202280,1,50
202295,1,50
202298,1,50
202353,1,50
202453,1,50
202546,1,50
202558,1,50
202598,1,50
202660,1,50
202799,1,50
202830,1,50
202843,1,50
202867,1,50
202896,1,50
202956,1,50
202956,1,50
202983,1,50
203002,1,50
203002,1,50
203068,1,50
203072,1,50
203075,1,50
203079,1,50
203097,1,50
203105,1,50
203168,1,50
203193,1,50
203248,1,50
203313,1,50
203318,1,50
203350,1,50
203408,1,50
203418,1,50
203421,1,50
203423,1,50
203430,1,50
203456,1,50
203484,1,50
203501,1,50
203534,1,50
203534,1,50
203556,1,50
203557,1,50
203563,1,50
203603,1,50
203617,1,50
203652,1,50
203713,1,50
203720,1,50
203759,1,50
203808,1,50
204009,1,50
204074,1,50
204093,1,50
204097,1,50
204101,1,50
204108,1,50
204111,1,50
204133,1,50
204305,1,50
204356,1,50
204423,1,50
204490,1,50
204518,1,50
204548,1,50
204597,1,50
204628,1,50
204706,1,50
204763,1,50
204814,1,50
204824,1,50
204848,1,50
204915,1,50
204950,1,50
205037,1,50
205094,1,50
205104,1,50
205114,1,50
205191,1,50
205225,1,50
205254,1,50
205355,1,50
205393,1,50
205493,1,50
205537,1,50
205564,1,50
205624,1,50
205646,1,50
205682,1,50
205715,1,50
205726,1,50
205786,1,50
205840,1,50
205873,1,50
205895,1,50
205901,1,50
205915,1,50
205936,1,50
206044,1,50
206096,1,50
206222,1,50
206272,1,50
206277,1,50
206310,1,50
206342,1,50
206368,1,50
206451,1,50
206503,1,50
206545,1,50
206626,1,50
206626,1,50
206673,1,50
206884,1,50
206905,1,50
206956,1,50
206959,1,50
207042,1,50
207050,1,50
207221,1,50
207238,1,50
207256,1,50
207293,1,50
207376,1,50
207415,1,50
207469,1,50
207505,1,50
207527,1,50
207534,1,50
207550,1,50
207563,1,50
207609,1,50
207713,1,50
207732,1,50
207797,1,50
207802,1,50
207922,1,50
207928,1,50
207939,1,50
208009,1,50
208026,1,50
208028,1,50
208179,1,50
208190,1,50
208212,1,50
208264,1,50
208291,1,50
208389,1,50
208468,1,50
208557,1,50
208782,1,50
208885,1,50
209032,1,50
209089,1,50
209097,1,50
209204,1,50
209224,1,50
209235,1,50
209314,1,50
209322,1,50
209323,1,50
209342,1,50
209376,1,50
209438,1,50
209461,1,50
209477,1,50
209479,1,50
209542,1,50
209616,1,50
209637,1,50
209726,1,50
209841,1,50
209842,1,50
209983,1,50
210037,1,50
210108,1,50
210133,1,50
210137,1,50
210158,1,50
210187,1,50
210229,1,50
210319,1,50
210398,1,50
210407,1,50
210518,1,50
210528,1,50
210551,1,50
210610,1,50
210681,1,50
210684,1,50
210689,1,50
210724,1,50
210801,1,50
210883,1,50
210922,1,50
210949,1,50
210950,1,50
211022,1,50
211045,1,50
211064,1,50
211107,1,50
211113,1,50
211241,1,50
211243,1,50
211321,1,50
211363,1,50
211411,1,50
211424,1,50
211488,1,50
211510,1,50
211625,1,50
211641,1,50
211665,1,50
211739,1,50
211760,1,50
211836,1,50
211849,1,50
211903,1,50
211947,1,50
212025,1,50
212057,1,50
212062,1,50
212070,1,50
212130,1,50
212164,1,50
212186,1,50
212279,1,50
212298,1,50
212319,1,50
212387,1,50
212530,1,50
212583,1,50
212617,1,50
212682,1,50
212747,1,50
212774,1,50
212825,1,50
212924,1,50
213029,1,50
213043,1,50
213053,1,50
213090,1,50
213100,1,50
213152,1,50
213202,1,50
213211,1,50
213237,1,50
213249,1,50
213408,1,50
213521,1,50
213521,1,50
213568,1,50
213642,1,50
213719,1,50
213853,1,50
214013,1,50
214013,1,50
214182,1,50
214236,1,50
214274,1,50
214290,1,50
214349,1,50
214360,1,50
214381,1,50
214424,1,50
214467,1,50
214490,1,50
214567,1,50
214660,1,50
214751,1,50
214763,1,50
214886,1,50
215094,1,50
215141,1,50
215164,1,50
215304,1,50
215379,1,50
215547,1,50
215644,1,50
215656,1,50
215686,1,50
215687,1,50
215705,1,50
215783,1,50
215819,1,50
215911,1,50
215943,1,50
215969,1,50
216023,1,50
216054,1,50
216127,1,50
216169,1,50
216278,1,50
216317,1,50
216322,1,50
216323,1,50
216331,1,50
216375,1,50
216532,1,50
216771,1,50
216867,1,50
216936,1,50
216965,1,50
217024,1,50
217038,1,50
217081,1,50
217111,1,50
217144,1,50
217196,1,50
217208,1,50
217240,1,50
217256,1,50
217292,1,50
217302,1,50
217346,1,50
217346,1,50
217581,1,50
217593,1,50
217603,1,50
217626,1,50
217663,1,50
217665,1,50
217737,1,50
217805,1,50
217816,1,50
217865,1,50
217967,1,50
218064,1,50
218158,1,50
218191,1,50
218199,1,50
218275,1,50
218328,1,50
218339,1,50
218354,1,50
218364,1,50
218401,1,50
218422,1,50
218455,1,50
218488,1,50
218588,1,50
218626,1,50
218705,1,50
218739,1,50
218780,1,50
218817,1,50
218843,1,50
219064,1,50
219066,1,50
219094,1,50
219124,1,50
219137,1,50
219141,1,50
219173,1,50
219182,1,50
219199,1,50
219291,1,50
219337,1,50
219386,1,50
219448,1,50
219469,1,50
219514,1,50
219644,1,50
219652,1,50
219724,1,50
219794,1,50
219799,1,50
219830,1,50
219845,1,50
219852,1,50
219952,1,50
220002,1,50
220034,1,50
220212,1,50
220233,1,50
220272,1,50
220390,1,50
220411,1,50
220433,1,50
220508,1,50
220542,1,50
220689,1,50
220704,1,50
220742,1,50
220749,1,50
220787,1,50
220803,1,50
220927,1,50
221135,1,50
221171,1,50
221173,1,50
221174,1,50
221204,1,50
221206,1,50
221255,1,50
221295,1,50
221518,1,50
221557,1,50
221637,1,50
221680,1,50
221732,1,50
221734,1,50
221768,1,50
221787,1,50
221796,1,50
221801,1,50
221865,1,50
221883,1,50
221928,1,50
222020,1,50
222113,1,50
222162,1,50
222272,1,50
222306,1,50
222345,1,50
222482,1,50
222513,1,50
222667,1,50
222873,1,50
222892,1,50
223007,1,50
223099,1,50
223144,1,50
223260,1,50
223307,1,50
223471,1,50
223488,1,50
223535,1,50
223645,1,50
223651,1,50
223727,1,50
223739,1,50
223797,1,50
223886,1,50
223993,1,50
224031,1,50
224069,1,50
224125,1,50
224203,1,50
224476,1,50
224509,1,50
224696,1,50
224866,1,50
224944,1,50
224953,1,50
225056,1,50
225137,1,50
225185,1,50
225193,1,50
225202,1,50
225258,1,50
225286,1,50
225339,1,50
225342,1,50
225453,1,50
225455,1,50
225502,1,50
225523,1,50
225596,1,50
225614,1,50
225658,1,50
225670,1,50
225708,1,50
225718,1,50
225756,1,50
225805,1,50
225814,1,50
225858,1,50
225873,1,50
225946,1,50
225956,1,50
226002,1,50
226011,1,50
226135,1,50
226172,1,50
226217,1,50
226295,1,50
226353,1,50
226428,1,50
226457,1,50
226585,1,50
226606,1,50
226679,1,50
226752,1,50
226766,1,50
226830,1,50
226843,1,50
226933,1,50
227072,1,50
227088,1,50
227249,1,50
227337,1,50
227377,1,50
227390,1,50
227490,1,50
227622,1,50
227629,1,50
227643,1,50
227647,1,50
227676,1,50
227681,1,50
227701,1,50
227729,1,50
227884,1,50
227960,1,50
228050,1,50
228084,1,50
228210,1,50
228288,1,50
228481,1,50
228515,1,50
228646,1,50
228657,1,50
228670,1,50
228729,1,50
228741,1,50
228796,1,50
228800,1,50
228814,1,50
228831,1,50
228840,1,50
228853,1,50
228891,1,50
228896,1,50
228897,1,50
228899,1,50
228934,1,50
228980,1,50
229003,1,50
229103,1,50
229107,1,50
229206,1,50
229220,1,50
229277,1,50
229487,1,50
229631,1,50
229919,1,50
229952,1,50
230047,1,50
230184,1,50
230318,1,50
230411,1,50
230451,1,50
230466,1,50
230505,1,50
230523,1,50
230612,1,50
230618,1,50
230675,1,50
230899,1,50
231218,1,50
231343,1,50
231401,1,50
231408,1,50
231442,1,50
231524,1,50
231578,1,50
231663,1,50
231769,1,50
231877,1,50
232138,1,50
232272,1,50
232282,1,50
232314,1,50
232341,1,50
232421,1,50
232601,1,50
232687,1,50
232800,1,50
232825,1,50
232951,1,50
232970,1,50
232976,1,50
232981,1,50
233048,1,50
233063,1,50
233237,1,50
233307,1,50
233371,1,50
233401,1,50
233540,1,50
233556,1,50
233571,1,50
233595,1,50
233608,1,50
233632,1,50
233654,1,50
233703,1,50
233704,1,50
233749,1,50
233762,1,50
233833,1,50
233836,1,50
233836,1,50
234132,1,50
234164,1,50
234277,1,50
234367,1,50
234389,1,50
234440,1,50
234519,1,50
234520,1,50
234596,1,50
234614,1,50
234633,1,50
234635,1,50
234701,1,50
234747,1,50
234847,1,50
235194,1,50
235229,1,50
235322,1,50
235377,1,50
235380,1,50
235494,1,50
235686,1,50
235727,1,50
235816,1,50
235858,1,50
235859,1,50
235903,1,50
235926,1,50
236014,1,50
236069,1,50
236168,1,50
236197,1,50
236222,1,50
236365,1,50
236444,1,50
236511,1,50
236532,1,50
236591,1,50
236792,1,50
237031,1,50
237036,1,50
237052,1,50
237128,1,50
237240,1,50
237282,1,50
237305,1,50
237308,1,50
237426,1,50
237431,1,50
237450,1,50
237561,1,50
237603,1,50
237733,1,50
237739,1,50
237742,1,50
237914,1,50
238039,1,50
238043,1,50
238050,1,50
238182,1,50
238308,1,50
238315,1,50
238341,1,50
238421,1,50
238443,1,50
238491,1,50
238844,1,50
238897,1,50
238933,1,50
239073,1,50
239104,1,50
239127,1,50
239170,1,50
239191,1,50
239288,1,50
239394,1,50
239626,1,50
239632,1,50
239635,1,50
239660,1,50
239713,1,50
239751,1,50
240142,1,50
240170,1,50
240222,1,50
240246,1,50
240249,1,50
240327,1,50
240361,1,50
240366,1,50
240377,1,50
240426,1,50
240550,1,50
240608,1,50
240673,1,50
240693,1,50
240747,1,50
241123,1,50
241139,1,50
241162,1,50
241289,1,50
241484,1,50
241485,1,50
241525,1,50
241593,1,50
241655,1,50
241774,1,50
241849,1,50
241867,1,50
241975,1,50
242060,1,50
242071,1,50
242139,1,50
242205,1,50
242293,1,50
242309,1,50
242698,1,50
242754,1,50
242767,1,50
242850,1,50
242898,1,50
243004,1,50
243062,1,50
243064,1,50
243091,1,50
243096,1,50
243139,1,50
243348,1,50
243349,1,50
243372,1,50
243763,1,50
243850,1,50
243986,1,50
244012,1,50
244047,1,50
244323,1,50
244340,1,50
244403,1,50
244657,1,50
244669,1,50
245081,1,50
245148,1,50
245161,1,50
245187,1,50
245264,1,50
245341,1,50
245369,1,50
245372,1,50
245383,1,50
245390,1,50
245407,1,50
245439,1,50
245452,1,50
245460,1,50
245507,1,50
245538,1,50
245597,1,50
245601,1,50
245721,1,50
245732,1,50
245829,1,50
245911,1,50
246048,1,50
246182,1,50
246293,1,50
246348,1,50
246400,1,50
246514,1,50
246608,1,50
246617,1,50
246659,1,50
246682,1,50
246693,1,50
246745,1,50
246804,1,50
246854,1,50
247199,1,50
247391,1,50
247517,1,50
247526,1,50
247728,1,50
247736,1,50
247747,1,50
247754,1,50
247779,1,50
247813,1,50
247850,1,50
247898,1,50
248006,1,50
248029,1,50
248067,1,50
248171,1,50
248381,1,50
248474,1,50
248501,1,50
248637,1,50
248858,1,50
248907,1,50
249039,1,50
249040,1,50
249121,1,50
249141,1,50
249184,1,50
249311,1,50
249340,1,50
249424,1,50
249473,1,50
249547,1,50
249645,1,50
249739,1,50
249739,1,50
249777,1,50
249912,1,50
249926,1,50
249930,1,50
249936,1,50
250205,1,50
250264,1,50
250338,1,50
250361,1,50
250421,1,50
250445,1,50
250589,1,50
250623,1,50
250709,1,50
250737,1,50
250898,1,50
251019,1,50
251130,1,50
251138,1,50
251273,1,50
251428,1,50
251431,1,50
251537,1,50
251630,1,50
251703,1,50
252022,1,50
252148,1,50
252224,1,50
252246,1,50
252364,1,50
252390,1,50
252629,1,50
252649,1,50
252673,1,50
252782,1,50
252857,1,50
252867,1,50
253162,1,50
253213,1,50
253240,1,50
253332,1,50
253363,1,50
253483,1,50
253501,1,50
253524,1,50
253609,1,50
253662,1,50
253710,1,50
253715,1,50
253781,1,50
253822,1,50
254019,1,50
254035,1,50
254036,1,50
254211,1,50
254314,1,50
254600,1,50
254949,1,50
255335,1,50
255349,1,50
255389,1,50
255520,1,50
255567,1,50
255580,1,50
255789,1,50
255807,1,50
255814,1,50
255852,1,50
255896,1,50
256008,1,50
256120,1,50
256150,1,50
256182,1,50
256196,1,50
256292,1,50
256403,1,50
256436,1,50
256513,1,50
256555,1,50
256793,1,50
256814,1,50
256943,1,50
256965,1,50
256977,1,50
257013,1,50
257027,1,50
257293,1,50
257418,1,50
257576,1,50
257609,1,50
257662,1,50
257835,1,50
257847,1,50
258034,1,50
258126,1,50
258147,1,50
258229,1,50
258355,1,50
258361,1,50
258452,1,50
258488,1,50
258517,1,50
258659,1,50
258738,1,50
259163,1,50
259218,1,50
259332,1,50
259516,1,50
259530,1,50
259645,1,50
259832,1,50
259847,1,50
259917,1,50
260017,1,50
260045,1,50
260094,1,50
260292,1,50
261128,1,50
261374,1,50
261760,1,50
261788,1,50
261850,1,50
261883,1,50
261909,1,50
262061,1,50
262158,1,50
262312,1,50
262433,1,50
262660,1,50
262718,1,50
262965,1,50
263012,1,50
263066,1,50
263092,1,50
263165,1,50
263340,1,50
263379,1,50
263467,1,50
263633,1,50
263834,1,50
263840,1,50
263886,1,50
263934,1,50
263969,1,50
264003,1,50
264058,1,50
264113,1,50
264182,1,50
264387,1,50
264409,1,50
264484,1,50
264584,1,50
264673,1,50
264946,1,50
265032,1,50
265135,1,50
265192,1,50
265359,1,50
265379,1,50
265443,1,50
265604,1,50
265614,1,50
265676,1,50
265717,1,50
265780,1,50
265961,1,50
266003,1,50
266496,1,50
266670,1,50
266691,1,50
266737,1,50
266899,1,50
266960,1,50
267064,1,50
267149,1,50
267223,1,50
267443,1,50
267605,1,50
267663,1,50
267749,1,50
268024,1,50
268083,1,50
268210,1,50
268279,1,50
268395,1,50
268402,1,50
268443,1,50
268444,1,50
268720,1,50
268758,1,50
269062,1,50
269095,1,50
269138,1,50
269759,1,50
269804,1,50
270014,1,50
270023,1,50
270041,1,50
270048,1,50
270248,1,50
270386,1,50
270566,1,50
270647,1,50
270729,1,50
270776,1,50
270834,1,50
270935,1,50
270947,1,50
270951,1,50
271089,1,50
271258,1,50
271409,1,50
271783,1,50
271784,1,50
271820,1,50
272187,1,50
272357,1,50
272507,1,50
272620,1,50
272672,1,50
272784,1,50
273004,1,50
273055,1,50
273240,1,50
273376,1,50
273563,1,50
273842,1,50
273852,1,50
273926,1,50
274129,1,50
274172,1,50
274183,1,50
274320,1,50
274329,1,50
274517,1,50
274562,1,50
274904,1,50
274967,1,50
275260,1,50
275580,1,50
275766,1,50
275850,1,50
276037,1,50
276179,1,50
276384,1,50
276798,1,50
276829,1,50
276870,1,50
276929,1,50
277028,1,50
277066,1,50
277264,1,50
277296,1,50
277325,1,50
277477,1,50
277568,1,50
277892,1,50
278205,1,50
278504,1,50
278953,1,50
279044,1,50
279233,1,50
279275,1,50
279336,1,50
279547,1,50
279761,1,50
279893,1,50
279988,1,50
280066,1,50
280226,1,50
280801,1,50
280834,1,50
281164,1,50
281306,1,50
281854,1,50
281871,1,50
281882,1,50
281915,1,50
282155,1,50
282265,1,50
282409,1,50
282547,1,50
282742,1,50
282791,1,50
282862,1,50
282970,1,50
283011,1,50
283012,1,50
283129,1,50
283212,1,50
283259,1,50
283320,1,50
283429,1,50
283569,1,50
283878,1,50
284154,1,50
284471,1,50
285373,1,50
286021,1,50
286046,1,50
286046,1,50
286063,1,50
286130,1,50
286241,1,50
286334,1,50
286373,1,50
286454,1,50
286847,1,50
287018,1,50
287471,1,50
287561,1,50
287876,1,50
287920,1,50
288062,1,50
288115,1,50
289031,1,50
289129,1,50
289374,1,50
289452,1,50
290020,1,50
290049,1,50
290338,1,50
290602,1,50
290784,1,50
290797,1,50
291041,1,50
291091,1,50
291108,1,50
291295,1,50
291310,1,50
291345,1,50
291379,1,50
291650,1,50
291734,1,50
291873,1,50
292025,1,50
292082,1,50
292135,1,50
292268,1,50
292602,1,50
292957,1,50
293301,1,50
293515,1,50
293636,1,50
294646,1,50
294964,1,50
295205,1,50
295538,1,50
295742,1,50
295903,1,50
295905,1,50
296009,1,50
296231,1,50
296625,1,50
297071,1,50
297245,1,50
297444,1,50
297609,1,50
298008,1,50
298260,1,50
298431,1,50
298438,1,50
298768,1,50
298936,1,50
299254,1,50
300189,1,50
300705,1,50
300710,1,50
300905,1,50
301512,1,50
301642,1,50
302039,1,50
302096,1,50
302128,1,50
302327,1,50
302428,1,50
302656,1,50
302661,1,50
302879,1,50
302954,1,50
303011,1,50
303128,1,50
303283,1,50
304102,1,50
304184,1,50
304512,1,50
304526,1,50
304631,1,50
304820,1,50
304959,1,50
305195,1,50
306537,1,50
306731,1,50
306734,1,50
306828,1,50
306842,1,50
306879,1,50
306953,1,50
306977,1,50
306997,1,50
307085,1,50
307236,1,50
307628,1,50
307694,1,50
307743,1,50
307991,1,50
308057,1,50
308180,1,50
308180,1,50
308418,1,50
308614,1,50
309011,1,50
309013,1,50
309391,1,50
309499,1,50
309501,1,50
309687,1,50
309746,1,50
309797,1,50
309863,1,50
309887,1,50
310494,1,50
310553,1,50
310715,1,50
311221,1,50
311237,1,50
311721,1,50
312039,1,50
312119,1,50
312343,1,50
312414,1,50
312506,1,50
312648,1,50
312652,1,50
312724,1,50
312783,1,50
312996,1,50
313013,1,50
313045,1,50
313095,1,50
313166,1,50
313203,1,50
313461,1,50
313534,1,50
313659,1,50
313738,1,50
314351,1,50
314425,1,50
316120,1,50
316605,1,50
316718,1,50
316840,1,50
317075,1,50
317479,1,50
317953,1,50
318090,1,50
318115,1,50
318357,1,50
318848,1,50
319008,1,50
319070,1,50
319308,1,50
319418,1,50
319421,1,50
319500,1,50
319519,1,50
319610,1,50
319614,1,50
319755,1,50
320077,1,50
320113,1,50
320151,1,50
320171,1,50
320418,1,50
320609,1,50
320827,1,50
320844,1,50
321012,1,50
321397,1,50
321403,1,50
321499,1,50
321775,1,50
322115,1,50
322334,1,50
322462,1,50
322739,1,50
323950,1,50
324029,1,50
324209,1,50
324482,1,50
324800,1,50
325003,1,50
325005,1,50
325268,1,50
325273,1,50
325524,1,50
326285,1,50
326375,1,50
326660,1,50
327873,1,50
328014,1,50
328125,1,50
328190,1,50
328534,1,50
328542,1,50
328812,1,50
328824,1,50
329491,1,50
330012,1,50
330069,1,50
330134,1,50
330150,1,50
330218,1,50
330266,1,50
330368,1,50
330391,1,50
330395,1,50
330439,1,50
330532,1,50
330543,1,50
330570,1,50
330591,1,50
330928,1,50
331033,1,50
331236,1,50
331244,1,50
331332,1,50
331650,1,50
331710,1,50
331734,1,50
331769,1,50
331802,1,50
331902,1,50
331932,1,50
332007,1,50
332053,1,50
332512,1,50
332577,1,50
332848,1,50
332873,1,50
332885,1,50
332888,1,50
333332,1,50
333452,1,50
333516,1,50
333534,1,50
334368,1,50
334454,1,50
334576,1,50
334582,1,50
334777,1,50
334820,1,50
335192,1,50
335264,1,50
335276,1,50
335413,1,50
335741,1,50
335850,1,50
335874,1,50
336051,1,50
336437,1,50
336853,1,50
337125,1,50
337669,1,50
337768,1,50
338239,1,50
338275,1,50
338419,1,50
338650,1,50
338678,1,50
338707,1,50
339287,1,50
339815,1,50
340264,1,50
340599,1,50
340701,1,50
341212,1,50
341327,1,50
341549,1,50
341647,1,50
341661,1,50
341681,1,50
341722,1,50
341821,1,50
342166,1,50
342773,1,50
343282,1,50
343516,1,50
344265,1,50
344391,1,50
344639,1,50
344811,1,50
344987,1,50
345007,1,50
345236,1,50
345545,1,50
345554,1,50
345707,1,50
346138,1,50
347151,1,50
347212,1,50
347217,1,50
347278,1,50
347412,1,50
347599,1,50
347707,1,50
347783,1,50
347849,1,50
347884,1,50
347939,1,50
348446,1,50
349075,1,50
349889,1,50
350022,1,50
350050,1,50
350792,1,50
350809,1,50
351292,1,50
351814,1,50
351913,1,50
353003,1,50
353089,1,50
354081,1,50
354146,1,50
354217,1,50
354289,1,50
354390,1,50
354405,1,50
354554,1,50
354681,1,50
354791,1,50
354879,1,50
354886,1,50
355002,1,50
355177,1,50
355396,1,50
355533,1,50
355949,1,50
356376,1,50
356603,1,50
356821,1,50
357168,1,50
357427,1,50
357430,1,50
357504,1,50
357651,1,50
358001,1,50
358117,1,50
358435,1,50
358516,1,50
358587,1,50
358823,1,50
359253,1,50
359314,1,50
359355,1,50
359624,1,50
359690,1,50
360025,1,50
360171,1,50
360531,1,50
361374,1,50
361861,1,50
361903,1,50
362048,1,50
363386,1,50
363801,1,50
364562,1,50
364861,1,50
364925,1,50
365029,1,50
365116,1,50
365494,1,50
365633,1,50
365778,1,50
365800,1,50
366057,1,50
366187,1,50
366821,1,50
367263,1,50
367504,1,50
367644,1,50
367777,1,50
368272,1,50
368528,1,50
368726,1,50
368736,1,50
369160,1,50
369186,1,50
369308,1,50
369328,1,50
369340,1,50
369481,1,50
369870,1,50
369876,1,50
369946,1,50
370019,1,50
370032,1,50
370191,1,50
370372,1,50
370402,1,50
370671,1,50
370738,1,50
370822,1,50
371156,1,50
371334,1,50
371404,1,50
372143,1,50
372357,1,50
372448,1,50
372710,1,50
372985,1,50
373023,1,50
373025,1,50
373130,1,50
373292,1,50
373714,1,50
374049,1,50
374539,1,50
374806,1,50
374856,1,50
375491,1,50
376206,1,50
376403,1,50
376985,1,50
377365,1,50
377658,1,50
377891,1,50
378015,1,50
378118,1,50
378135,1,50
378280,1,50
378312,1,50
378326,1,50
378376,1,50
378475,1,50
378482,1,50
378556,1,50
378573,1,50
378587,1,50
378903,1,50
379046,1,50
379213,1,50
379414,1,50
379665,1,50
379688,1,50
380010,1,50
380641,1,50
380655,1,50
381327,1,50
381357,1,50
381378,1,50
381589,1,50
381783,1,50
382181,1,50
382928,1,50
382966,1,50
383038,1,50
383164,1,50
383504,1,50
383518,1,50
383683,1,50
383776,1,50
383848,1,50
383932,1,50
384486,1,50
384501,1,50
384501,1,50
384566,1,50
384865,1,50
384940,1,50
384968,1,50
385205,1,50
386502,1,50
386542,1,50
386923,1,50
386970,1,50
387046,1,50
387432,1,50
387460,1,50
387462,1,50
387608,1,50
387650,1,50
387673,1,50
387688,1,50
388032,1,50
388086,1,50
388273,1,50
388607,1,50
389591,1,50
390179,1,50
390665,1,50
390712,1,50
391132,1,50
391421,1,50
391516,1,50
391597,1,50
392737,1,50
392827,1,50
393129,1,50
393169,1,50
393513,1,50
393554,1,50
393688,1,50
393898,1,50
394035,1,50
394092,1,50
394305,1,50
394312,1,50
394495,1,50
394534,1,50
394581,1,50
394679,1,50
395495,1,50
395567,1,50
395821,1,50
396347,1,50
396447,1,50
396709,1,50
396711,1,50
397187,1,50
398037,1,50
398052,1,50
398088,1,50
398204,1,50
398255,1,50
399044,1,50
399533,1,50
399597,1,50
399755,1,50
401063,1,50
401955,1,50
402087,1,50
402167,1,50
402233,1,50
402576,1,50
402722,1,50
402878,1,50
403230,1,50
403318,1,50
403353,1,50
403354,1,50
403428,1,50
403557,1,50
403634,1,50
403706,1,50
403737,1,50
403742,1,50
403804,1,50
403843,1,50
404043,1,50
404103,1,50
404316,1,50
404544,1,50
404569,1,50
404612,1,50
404623,1,50
404686,1,50
404722,1,50
405259,1,50
405293,1,50
405653,1,50
406140,1,50
406252,1,50
406282,1,50
406284,1,50
406308,1,50
406332,1,50
406361,1,50
406826,1,50
407156,1,50
407392,1,50
407431,1,50
407554,1,50
407561,1,50
407834,1,50
407837,1,50
407844,1,50
408276,1,50
408358,1,50
408376,1,50
408619,1,50
409237,1,50
409300,1,50
410048,1,50
410202,1,50
410326,1,50
410338,1,50
410546,1,50
410603,1,50
410711,1,50
410741,1,50
410807,1,50
410929,1,50
411601,1,50
412415,1,50
412435,1,50
412504,1,50
412765,1,50
413041,1,50
413380,1,50
413436,1,50
413498,1,50
413660,1,50
414018,1,50
414074,1,50
414217,1,50
414392,1,50
414503,1,50
415070,1,50
415222,1,50
415233,1,50
415497,1,50
415526,1,50
415548,1,50
415549,1,50
415589,1,50
415644,1,50
416281,1,50
416532,1,50
417113,1,50
417422,1,50
417466,1,50
417627,1,50
417680,1,50
417978,1,50
418006,1,50
418095,1,50
418757,1,50
419212,1,50
420000,1,50
420293,1,50
421550,1,50
421865,1,50
422647,1,50
422682,1,50
423005,1,50
423135,1,50
423203,1,50
423636,1,50
423652,1,50
423662,1,50
424170,1,50
424183,1,50
424220,1,50
424503,1,50
424697,1,50
424871,1,50
425073,1,50
425116,1,50
425325,1,50
425326,1,50
425457,1,50
425546,1,50
425626,1,50
425638,1,50
425957,1,50
426101,1,50
426225,1,50
426257,1,50
426435,1,50
426474,1,50
426682,1,50
426809,1,50
426820,1,50
426885,1,50
426897,1,50
427016,1,50
427196,1,50
427292,1,50
427303,1,50
427399,1,50
427401,1,50
427403,1,50
427497,1,50
427504,1,50
427604,1,50
427730,1,50
428271,1,50
428366,1,50
428420,1,50
428504,1,50
428623,1,50
428657,1,50
428755,1,50
429066,1,50
429171,1,50
429235,1,50
429689,1,50
429806,1,50
429840,1,50
430133,1,50
430405,1,50
430793,1,50
430948,1,50
431109,1,50
431140,1,50
431282,1,50
431350,1,50
431723,1,50
431838,1,50
431880,1,50
432270,1,50
432391,1,50
432496,1,50
432509,1,50
432541,1,50
432570,1,50
432689,1,50
432934,1,50
433028,1,50
433259,1,50
433371,1,50
433460,1,50
433633,1,50
433702,1,50
433710,1,50
434086,1,50
434107,1,50
434450,1,50
434528,1,50
434768,1,50
434852,1,50
434921,1,50
434964,1,50
435041,1,50
435192,1,50
435401,1,50
435629,1,50
435746,1,50
435812,1,50
435851,1,50
436081,1,50
436837,1,50
437048,1,50
437144,1,50
437254,1,50
437264,1,50
437287,1,50
437294,1,50
437522,1,50
437645,1,50
438028,1,50
438061,1,50
438274,1,50
438359,1,50
438552,1,50
438651,1,50
438724,1,50
438795,1,50
439347,1,50
439403,1,50
439457,1,50
439754,1,50
440295,1,50
440665,1,50
440779,1,50
440894,1,50
441014,1,50
441389,1,50
441767,1,50
442496,1,50
442613,1,50
442743,1,50
442859,1,50
443050,1,50
443462,1,50
443683,1,50
443890,1,50
444066,1,50
444112,1,50
444648,1,50
444669,1,50
445029,1,50
445671,1,50
445772,1,50
445796,1,50
445874,1,50
445880,1,50
446256,1,50
446465,1,50
446864,1,50
447226,1,50
447341,1,50
447470,1,50
447504,1,50
447867,1,50
447909,1,50
448017,1,50
448115,1,50
448194,1,50
448478,1,50
448486,1,50
448633,1,50
448791,1,50
449027,1,50
449321,1,50
449332,1,50
449339,1,50
449448,1,50
449455,1,50
449772,1,50
450286,1,50
450310,1,50
450320,1,50
450394,1,50
450479,1,50
450580,1,50
450680,1,50
450703,1,50
450813,1,50
450885,1,50
451008,1,50
451008,1,50
451041,1,50
451170,1,50
451190,1,50
451192,1,50
451445,1,50
451513,1,50
451547,1,50
451585,1,50
451606,1,50
451664,1,50
451688,1,50
451696,1,50
451771,1,50
451839,1,50
452072,1,50
452142,1,50
452191,1,50
452298,1,50
452307,1,50
452316,1,50
452599,1,50
452640,1,50
452957,1,50
453025,1,50
453352,1,50
453588,1,50
453902,1,50
453919,1,50
453956,1,50
454096,1,50
454267,1,50
454286,1,50
454515,1,50
454533,1,50
454614,1,50
454640,1,50
454677,1,50
454747,1,50
454825,1,50
454862,1,50
455130,1,50
455166,1,50
455373,1,50
455488,1,50
455513,1,50
455584,1,50
455621,1,50
455660,1,50
455939,1,50
456009,1,50
456231,1,50
456382,1,50
456517,1,50
456533,1,50
456839,1,50
456871,1,50
457082,1,50
457103,1,50
457401,1,50
457423,1,50
457452,1,50
457460,1,50
457468,1,50
457541,1,50
457701,1,50
457802,1,50
457827,1,50
457835,1,50
457867,1,50
458035,1,50
458050,1,50
458131,1,50
458790,1,50
458862,1,50
458989,1,50
459017,1,50
459042,1,50
459173,1,50
459214,1,50
459232,1,50
459368,1,50
459528,1,50
459813,1,50
459876,1,50
460216,1,50
460297,1,50
460355,1,50
460420,1,50
460497,1,50
460656,1,50
460834,1,50
461010,1,50
461024,1,50
461077,1,50
461145,1,50
461234,1,50
461588,1,50
461658,1,50
461702,1,50
461850,1,50
462148,1,50
462182,1,50
462215,1,50
462259,1,50
462330,1,50
462432,1,50
462494,1,50
462676,1,50
462767,1,50
462857,1,50
462881,1,50
463006,1,50
463050,1,50
463103,1,50
463170,1,50
463258,1,50
463400,1,50
463535,1,50
463596,1,50
463629,1,50
463630,1,50
463664,1,50
463680,1,50
463708,1,50
463727,1,50
463729,1,50
463930,1,50
464019,1,50
464034,1,50
464166,1,50
464196,1,50
464295,1,50
464427,1,50
464552,1,50
464571,1,50
464573,1,50
464680,1,50
464680,1,50
464782,1,50
464827,1,50
464934,1,50
465081,1,50
465087,1,50
465132,1,50
465177,1,50
465340,1,50
465559,1,50
465946,1,50
466002,1,50
466128,1,50
466237,1,50
466308,1,50
466903,1,50
466925,1,50
466962,1,50
467002,1,50
467004,1,50
467119,1,50
467182,1,50
467932,1,50
468023,1,50
468069,1,50
468116,1,50
468213,1,50
468345,1,50
468421,1,50
468642,1,50
468646,1,50
468701,1,50
468748,1,50
468836,1,50
468866,1,50
469285,1,50
469430,1,50
469507,1,50
469517,1,50
469561,1,50
469636,1,50
469659,1,50
469692,1,50
469823,1,50
470211,1,50
470256,1,50
470299,1,50
470330,1,50
470372,1,50
470374,1,50
470455,1,50
470477,1,50
470666,1,50
470833,1,50
470879,1,50
470912,1,50
470999,1,50
471089,1,50
471147,1,50
471233,1,50
471269,1,50
471535,1,50
471702,1,50
472298,1,50
472417,1,50
472540,1,50
472570,1,50
472661,1,50
472790,1,50
472858,1,50
472923,1,50
473007,1,50
473058,1,50
473667,1,50
473734,1,50
473814,1,50
473848,1,50
473858,1,50
473907,1,50
474093,1,50
474228,1,50
474254,1,50
474312,1,50
474509,1,50
474648,1,50
474670,1,50
474673,1,50
474691,1,50
474710,1,50
474753,1,50
474755,1,50
474887,1,50
474935,1,50
475028,1,50
475048,1,50
475054,1,50
475119,1,50
475307,1,50
475352,1,50
475357,1,50
475401,1,50
475450,1,50
475547,1,50
475700,1,50
475804,1,50
475804,1,50
475907,1,50
475926,1,50
475938,1,50
476146,1,50
476266,1,50
476383,1,50
476719,1,50
476936,1,50
477026,1,50
477036,1,50
477087,1,50
477115,1,50
477224,1,50
477469,1,50
477552,1,50
477634,1,50
477952,1,50
478005,1,50
478132,1,50
478217,1,50
478261,1,50
478658,1,50
478710,1,50
478782,1,50
478891,1,50
479074,1,50
479203,1,50
479207,1,50
479230,1,50
479263,1,50
479341,1,50
479468,1,50
479487,1,50
479674,1,50
479719,1,50
479798,1,50
479918,1,50
480017,1,50
480117,1,50
480127,1,50
480163,1,50
480216,1,50
480358,1,50
480461,1,50
480462,1,50
480638,1,50
480730,1,50
480758,1,50
480763,1,50
481333,1,50
481386,1,50
481471,1,50
481536,1,50
481603,1,50
481684,1,50
481768,1,50
481786,1,50
481880,1,50
482091,1,50
482099,1,50
482191,1,50
482218,1,50
482300,1,50
482688,1,50
482692,1,50
482724,1,50
482812,1,50
482867,1,50
482910,1,50
483533,1,50
483600,1,50
483627,1,50
483641,1,50
483683,1,50
483936,1,50
483943,1,50
483961,1,50
484038,1,50
484179,1,50
484186,1,50
484319,1,50
484366,1,50
484375,1,50
484609,1,50
484770,1,50
484900,1,50
484944,1,50
485007,1,50
485043,1,50
485054,1,50
485091,1,50
485174,1,50
485236,1,50
485253,1,50
485266,1,50
486175,1,50
486349,1,50
486438,1,50
486533,1,50
486535,1,50
486688,1,50
486709,1,50
486856,1,50
487106,1,50
487264,1,50
487497,1,50
487505,1,50
487589,1,50
487765,1,50
487831,1,50
488059,1,50
488339,1,50
488435,1,50
488631,1,50
488687,1,50
488708,1,50
488822,1,50
489266,1,50
489342,1,50
489362,1,50
489604,1,50
489617,1,50
489689,1,50
489796,1,50
489797,1,50
489799,1,50
489848,1,50
489861,1,50
490023,1,50
490047,1,50
490066,1,50
490076,1,50
490095,1,50
490151,1,50
490298,1,50
490558,1,50
490603,1,50
490630,1,50
490717,1,50
490801,1,50
490904,1,50
490960,1,50
490970,1,50
491069,1,50
491330,1,50
491550,1,50
491706,1,50
491718,1,50
491749,1,50
491896,1,50
491937,1,50
492036,1,50
492059,1,50
492269,1,50
492331,1,50
492552,1,50
492571,1,50
492746,1,50
492752,1,50
492843,1,50
492844,1,50
492909,1,50
492968,1,50
493068,1,50
493129,1,50
493227,1,50
493307,1,50
493351,1,50
493642,1,50
493943,1,50
493987,1,50
494080,1,50
494116,1,50
494366,1,50
494403,1,50
495022,1,50
495122,1,50
495527,1,50
495989,1,50
496174,1,50
496253,1,50
496268,1,50
496412,1,50
496579,1,50
496663,1,50
496677,1,50
496689,1,50
497200,1,50
497247,1,50
497458,1,50
497460,1,50
497499,1,50
497867,1,50
497883,1,50
497909,1,50
498032,1,50
498037,1,50
498075,1,50
498100,1,50
498127,1,50
498175,1,50
498180,1,50
498297,1,50
498302,1,50
498348,1,50
498391,1,50
498400,1,50
498457,1,50
498525,1,50
498613,1,50
498645,1,50
498762,1,50
498911,1,50
499009,1,50
499443,1,50
499506,1,50
499521,1,50
499575,1,50
499590,1,50
499744,1,50
499933,1,50
499986,1,50
500079,1,50
500277,1,50
500305,1,50
500455,1,50
500512,1,50
500514,1,50
500643,1,50
500661,1,50
501000,1,50
501011,1,50
501060,1,50
501161,1,50
501175,1,50
501324,1,50
501356,1,50
501396,1,50
501406,1,50
501411,1,50
501554,1,50
501739,1,50
501741,1,50
502019,1,50
502358,1,50
502598,1,50
502877,1,50
503150,1,50
503240,1,50
503370,1,50
503396,1,50
503663,1,50
503702,1,50
504052,1,50
504082,1,50
504166,1,50
504216,1,50
504275,1,50
504461,1,50
504606,1,50
504727,1,50
504756,1,50
504773,1,50
504880,1,50
504985,1,50
505218,1,50
505340,1,50
505613,1,50
505760,1,50
505919,1,50
506106,1,50
506176,1,50
506177,1,50
506249,1,50
506343,1,50
506343,1,50
506348,1,50
506456,1,50
506484,1,50
506505,1,50
506572,1,50
506775,1,50
506865,1,50
506911,1,50
507088,1,50
507155,1,50
507231,1,50
507412,1,50
507494,1,50
507537,1,50
507557,1,50
507589,1,50
507603,1,50
507634,1,50
507638,1,50
507742,1,50
507815,1,50
508035,1,50
508098,1,50
508131,1,50
508200,1,50
508430,1,50
509006,1,50
509097,1,50
509147,1,50
509150,1,50
509152,1,50
509152,1,50
509514,1,50
509571,1,50
509704,1,50
509815,1,50
509865,1,50
510050,1,50
510053,1,50
510098,1,50
510312,1,50
510331,1,50
510375,1,50
510823,1,50
510934,1,50
511116,1,50
511249,1,50
511285,1,50
511499,1,50
511509,1,50
511552,1,50
511625,1,50
511866,1,50
512028,1,50
512098,1,50
512220,1,50
512245,1,50
512317,1,50
512326,1,50
512417,1,50
512418,1,50
512430,1,50
512443,1,50
512650,1,50
512663,1,50
512758,1,50
512805,1,50
512830,1,50
512888,1,50
512889,1,50
512965,1,50
513089,1,50
513242,1,50
513277,1,50
513299,1,50
513309,1,50
513384,1,50
513521,1,50
513811,1,50
514013,1,50
514048,1,50
514056,1,50
514059,1,50
514092,1,50
514100,1,50
514202,1,50
514223,1,50
514368,1,50
514495,1,50
514530,1,50
514859,1,50
514898,1,50
514921,1,50
515080,1,50
515082,1,50
515388,1,50
515621,1,50
515636,1,50
515643,1,50
515813,1,50
515867,1,50
515869,1,50
516111,1,50
516284,1,50
516315,1,50
516328,1,50
517117,1,50
517180,1,50
517232,1,50
517448,1,50
517535,1,50
517682,1,50
517932,1,50
518466,1,50
518640,1,50
518645,1,50
518911,1,50
519028,1,50
519232,1,50
519246,1,50
519344,1,50
519474,1,50
519483,1,50
519585,1,50
519661,1,50
519763,1,50
520019,1,50
520205,1,50
520312,1,50
520378,1,50
520557,1,50
521333,1,50
521407,1,50
521457,1,50
521621,1,50
521674,1,50
521844,1,50
522068,1,50
522148,1,50
522155,1,50
522212,1,50
522237,1,50
522348,1,50
522364,1,50
522444,1,50
522656,1,50
522705,1,50
522736,1,50
522776,1,50
522777,1,50
522860,1,50
522937,1,50
523028,1,50
523232,1,50
523241,1,50
523316,1,50
523381,1,50
523399,1,50
523401,1,50
523481,1,50
523559,1,50
523680,1,50
524000,1,50
524075,1,50
524578,1,50
524711,1,50
524992,1,50
525014,1,50
525087,1,50
525131,1,50
525516,1,50
525654,1,50
525664,1,50
525975,1,50
526011,1,50
526135,1,50
526338,1,50
526365,1,50
526609,1,50
526713,1,50
526859,1,50
526878,1,50
527288,1,50
527392,1,50
527434,1,50
527483,1,50
528190,1,50
528270,1,50
528611,1,50
528667,1,50
528703,1,50
528712,1,50
528761,1,50
528962,1,50
529119,1,50
529261,1,50
529310,1,50
530212,1,50
530337,1,50
530506,1,50
530694,1,50
530754,1,50
530984,1,50
531322,1,50
531437,1,50
531627,1,50
531791,1,50
532105,1,50
532122,1,50
532192,1,50
532345,1,50
532380,1,50
532460,1,50
532464,1,50
532537,1,50
532562,1,50
532647,1,50
532672,1,50
532807,1,50
533489,1,50
533538,1,50
533994,1,50
534338,1,50
534465,1,50
534554,1,50
534933,1,50
535232,1,50
535480,1,50
535753,1,50
535779,1,50
536037,1,50
536084,1,50
536174,1,50
536210,1,50
536252,1,50
536346,1,50
536591,1,50
536627,1,50
537330,1,50
537554,1,50
538287,1,50
538586,1,50
539063,1,50
539306,1,50
539316,1,50
539428,1,50
539622,1,50
539784,1,50
540349,1,50
540556,1,50
540793,1,50
540900,1,50
541347,1,50
542477,1,50
542630,1,50
542785,1,50
542837,1,50
543063,1,50
543604,1,50
544138,1,50
544504,1,50
545224,1,50
546402,1,50
546414,1,50
546509,1,50
547070,1,50
547551,1,50
547558,1,50
547727,1,50
548319,1,50
548528,1,50
548713,1,50
548847,1,50
548877,1,50
549633,1,50
549880,1,50
550161,1,50
550187,1,50
550460,1,50
550581,1,50
550649,1,50
551021,1,50
551098,1,50
551178,1,50
551888,1,50
552174,1,50
552185,1,50
552242,1,50
552290,1,50
552479,1,50
552480,1,50
552611,1,50
552688,1,50
552915,1,50
553120,1,50
553366,1,50
554582,1,50
555411,1,50
555778,1,50
556027,1,50
556097,1,50
556152,1,50
556571,1,50
559020,1,50
559543,1,50
560616,1,50
561063,1,50
561145,1,50
561213,1,50
561915,1,50
562319,1,50
562440,1,50
562653,1,50
563037,1,50
563093,1,50
563608,1,50
564348,1,50
564501,1,50
564518,1,50
565147,1,50
565803,1,50
566096,1,50
566172,1,50
566300,1,50
566504,1,50
566825,1,50
566875,1,50
566928,1,50
567007,1,50
567081,1,50
567149,1,50
567155,1,50
567336,1,50
567381,1,50
567723,1,50
567908,1,50
568300,1,50
568443,1,50
568586,1,50
568888,1,50
568991,1,50
569217,1,50
569453,1,50
570536,1,50
570939,1,50
570979,1,50
571477,1,50
571642,1,50
572006,1,50
572223,1,50
572281,1,50
572714,1,50
572786,1,50
573059,1,50
573136,1,50
573233,1,50
573481,1,50
573619,1,50
574368,1,50
574423,1,50
574447,1,50
574726,1,50
575075,1,50
575145,1,50
575210,1,50
575240,1,50
575776,1,50
576072,1,50
576490,1,50
576513,1,50
576619,1,50
576728,1,50
577403,1,50
578127,1,50
578501,1,50
578867,1,50
579543,1,50
579598,1,50
579677,1,50
580692,1,50
580780,1,50
