252,1,250
613,1,250
629,1,250
913,1,250
1001,1,250
1120,1,250
1263,1,250
2124,1,250
2173,1,250
2541,1,250
3410,1,250
3491,1,250
4485,1,250
4499,1,250
4812,1,250
6250,1,250
7035,1,250
7268,1,250
7296,1,250
9223,1,250
9232,1,250
9569,1,250
10387,1,250
10539,1,250
10742,1,250
10811,1,250
11366,1,250
11430,1,250
11564,1,250
11718,1,250
11734,1,250
12527,1,250
12933,1,250
13807,1,250
14125,1,250
14506,1,250
14574,1,250
14904,1,250
15220,1,250
15603,1,250
15774,1,250
16234,1,250
16318,1,250
17096,1,250
17558,1,250
17724,1,250
17859,1,250
18138,1,250
18187,1,250
18682,1,250
18728,1,250
18832,1,250
19638,1,250
19819,1,250
20130,1,250
20307,1,250
20415,1,250
21516,1,250
21965,1,250
22206,1,250
22387,1,250
22466,1,250
22600,1,250
23271,1,250
23417,1,250
23769,1,250
24507,1,250
25362,1,250
25376,1,250
25778,1,250
25823,1,250
25838,1,250
25861,1,250
25980,1,250
26089,1,250
26664,1,250
27638,1,250
27736,1,250
27982,1,250
29381,1,250
30576,1,250
30616,1,250
30688,1,250
30779,1,250
31347,1,250
31626,1,250
33143,1,250
33298,1,250
33448,1,250
33759,1,250
33911,1,250
35012,1,250
36578,1,250
36579,1,250
38578,1,250
39145,1,250
39690,1,250
40951,1,250
41456,1,250
42059,1,250
42069,1,250
42070,1,250
42183,1,250
42201,1,250
42523,1,250
42654,1,250
42671,1,250
42719,1,250
42972,1,250
42973,1,250
43030,1,250
43031,1,250
43070,1,250
43081,1,250
43308,1,250
43415,1,250
43440,1,250
43499,1,250
43619,1,250
43652,1,250
43777,1,250
44443,1,250
44602,1,250
44747,1,250
44802,1,250
45688,1,250
45731,1,250
45745,1,250
45836,1,250
46661,1,250
46684,1,250
46727,1,250
47010,1,250
47324,1,250
47330,1,250
47590,1,250
47828,1,250
48210,1,250
48349,1,250
48701,1,250
48836,1,250
48900,1,250
49235,1,250
49388,1,250
49570,1,250
49852,1,250
50026,1,250
51367,1,250
51578,1,250
52014,1,250
52424,1,250
52635,1,250
53730,1,250
53948,1,250
54266,1,250
54722,1,250
55396,1,250
55478,1,250
55664,1,250
55701,1,250
55977,1,250
56380,1,250
56420,1,250
56422,1,250
56658,1,250
57245,1,250
57347,1,250
57527,1,250
58015,1,250
58136,1,250
58190,1,250
58631,1,250
58970,1,250
60533,1,250
61212,1,250
62309,1,250
62411,1,250
62621,1,250
62720,1,250
62830,1,250
62893,1,250
63443,1,250
64736,1,250
65231,1,250
65448,1,250
65549,1,250
65712,1,250
66060,1,250
66147,1,250
66238,1,250
66372,1,250
66401,1,250
66402,1,250
66704,1,250
67395,1,250
67424,1,250
67473,1,250
67607,1,250
67696,1,250
68378,1,250
68822,1,250
69072,1,250
69168,1,250
69364,1,250
69382,1,250
69407,1,250
69593,1,250
69630,1,250
70003,1,250
70346,1,250
70549,1,250
70587,1,250
71035,1,250
71059,1,250
71154,1,250
71584,1,250
71804,1,250
72137,1,250
72138,1,250
72300,1,250
72529,1,250
72533,1,250
72864,1,250
73021,1,250
73142,1,250
73591,1,250
73716,1,250
73785,1,250
74162,1,250
74235,1,250
74404,1,250
74691,1,250
75407,1,250
75785,1,250
76261,1,250
76387,1,250
76898,1,250
77151,1,250
77690,1,250
77852,1,250
77895,1,250
78266,1,250
78470,1,250
78672,1,250
78724,1,250
78965,1,250
79388,1,250
79820,1,250
79864,1,250
80234,1,250
80787,1,250
80835,1,250
80861,1,250
81107,1,250
81171,1,250
81416,1,250
81692,1,250
81836,1,250
81910,1,250
82086,1,250
82354,1,250
82848,1,250
83024,1,250
83117,1,250
83387,1,250
83424,1,250
83620,1,250
83682,1,250
83711,1,250
83744,1,250
83768,1,250
83896,1,250
84254,1,250
84347,1,250
84749,1,250
85024,1,250
85530,1,250
85639,1,250
86052,1,250
86531,1,250
86879,1,250
87144,1,250
87147,1,250
87203,1,250
87671,1,250
88022,1,250
88172,1,250
88220,1,250
88294,1,250
88648,1,250
89149,1,250
89849,1,250
89930,1,250
90092,1,250
90313,1,250
90360,1,250
90410,1,250
90478,1,250
90552,1,250
90730,1,250
90799,1,250
90905,1,250
91120,1,250
91143,1,250
91300,1,250
91485,1,250
91494,1,250
91797,1,250
92048,1,250
92132,1,250
92337,1,250
92354,1,250
92368,1,250
92419,1,250
92616,1,250
93316,1,250
93376,1,250
93484,1,250
93648,1,250
93828,1,250
94318,1,250
94388,1,250
94540,1,250
94627,1,250
94822,1,250
94841,1,250
94861,1,250
94897,1,250
95008,1,250
95197,1,250
95481,1,250
95596,1,250
95628,1,250
95729,1,250
95750,1,250
95804,1,250
95855,1,250
95906,1,250
96037,1,250
96271,1,250
96581,1,250
96592,1,250
96674,1,250
96698,1,250
96704,1,250
96817,1,250
97050,1,250
97320,1,250
97988,1,250
98017,1,250
98591,1,250
98769,1,250
98829,1,250
98837,1,250
98845,1,250
99147,1,250
99165,1,250
99431,1,250
99480,1,250
99523,1,250
99580,1,250
99698,1,250
99873,1,250
99939,1,250
100021,1,250
100136,1,250
100266,1,250
100266,1,250
100600,1,250
100625,1,250
100676,1,250
100787,1,250
101089,1,250
101167,1,250
101202,1,250
101245,1,250
101325,1,250
101368,1,250
101457,1,250
101771,1,250
101929,1,250
102044,1,250
102046,1,250
102075,1,250
102107,1,250
102263,1,250
102391,1,250
102541,1,250
102544,1,250
102623,1,250
102638,1,250
102676,1,250
102868,1,250
103057,1,250
103084,1,250
103093,1,250
103117,1,250
103193,1,250
103234,1,250
103271,1,250
103389,1,250
103651,1,250
104068,1,250
104110,1,250
104278,1,250
104416,1,250
104447,1,250
104465,1,250
104708,1,250
104767,1,250
104907,1,250
105007,1,250
105351,1,250
105598,1,250
105614,1,250
105887,1,250
106028,1,250
106295,1,250
106393,1,250
106540,1,250
106646,1,250
106665,1,250
106789,1,250
106890,1,250
106937,1,250
107013,1,250
107072,1,250
107441,1,250
107550,1,250
107828,1,250
107886,1,250
108077,1,250
108148,1,250
108191,1,250
108263,1,250
108301,1,250
108366,1,250
108572,1,250
108661,1,250
109008,1,250
109043,1,250
109228,1,250
109363,1,250
109557,1,250
109842,1,250
109849,1,250
109928,1,250
110111,1,250
110127,1,250
110149,1,250
110317,1,250
110423,1,250
110751,1,250
110759,1,250
111362,1,250
111375,1,250
111484,1,250
111706,1,250
111734,1,250
111949,1,250
112017,1,250
112115,1,250
112172,1,250
112255,1,250
112416,1,250
112423,1,250
112461,1,250
112493,1,250
112656,1,250
112869,1,250
113130,1,250
113320,1,250
113505,1,250
113696,1,250
113853,1,250
114099,1,250
114101,1,250
114174,1,250
114272,1,250
114314,1,250
114400,1,250
114403,1,250
114509,1,250
114551,1,250
114574,1,250
114579,1,250
114827,1,250
114924,1,250
115052,1,250
115117,1,250
115168,1,250
115217,1,250
115391,1,250
115405,1,250
115476,1,250
115502,1,250
115560,1,250
115604,1,250
115704,1,250
115795,1,250
116004,1,250
116018,1,250
116050,1,250
116126,1,250
116355,1,250
116393,1,250
116402,1,250
116561,1,250
116569,1,250
116777,1,250
116889,1,250
117131,1,250
117138,1,250
117143,1,250
117209,1,250
117322,1,250
117363,1,250
117479,1,250
117670,1,250
117729,1,250
117766,1,250
118089,1,250
118092,1,250
118177,1,250
118196,1,250
118315,1,250
118379,1,250
118421,1,250
118434,1,250
118644,1,250
118741,1,250
118741,1,250
118993,1,250
119092,1,250
119104,1,250
119154,1,250
119190,1,250
119206,1,250
119236,1,250
119355,1,250
119461,1,250
119488,1,250
119520,1,250
119668,1,250
120101,1,250
120103,1,250
120120,1,250
120185,1,250
120202,1,250
120411,1,250
120484,1,250
120514,1,250
120595,1,250
120664,1,250
120751,1,250
120766,1,250
120902,1,250
121240,1,250
121387,1,250
121397,1,250
121408,1,250
121525,1,250
121574,1,250
121770,1,250
121770,1,250
121785,1,250
121793,1,250
121824,1,250
122042,1,250
122135,1,250
122345,1,250
122356,1,250
122744,1,250
122773,1,250
122776,1,250
122881,1,250
123150,1,250
123184,1,250
123405,1,250
123642,1,250
123761,1,250
123868,1,250
123909,1,250
124010,1,250
124035,1,250
124134,1,250
124171,1,250
124305,1,250
124442,1,250
124463,1,250
124570,1,250
124598,1,250
124716,1,250
124751,1,250
125012,1,250
125078,1,250
125090,1,250
125158,1,250
125315,1,250
125402,1,250
125709,1,250
125790,1,250
125813,1,250
125861,1,250
126011,1,250
126035,1,250
126049,1,250
126368,1,250
126647,1,250
126736,1,250
126810,1,250
127013,1,250
127051,1,250
127053,1,250
127125,1,250
127188,1,250
127278,1,250
127380,1,250
127441,1,250
127462,1,250
127656,1,250
128069,1,250
128127,1,250
128273,1,250
128323,1,250
128324,1,250
128399,1,250
128414,1,250
128821,1,250
128867,1,250
128948,1,250
129042,1,250
129065,1,250
129186,1,250
129195,1,250
129522,1,250
129593,1,250
129611,1,250
129744,1,250
129764,1,250
129783,1,250
130021,1,250
130024,1,250
130037,1,250
130068,1,250
130101,1,250
130144,1,250
130152,1,250
130178,1,250
130326,1,250
130402,1,250
130464,1,250
130547,1,250
130569,1,250
130671,1,250
130707,1,250
130755,1,250
131159,1,250
131450,1,250
131485,1,250
131660,1,250
131777,1,250
131969,1,250
132030,1,250
132031,1,250
132149,1,250
132172,1,250
132254,1,250
132314,1,250
132342,1,250
132509,1,250
132552,1,250
132624,1,250
133061,1,250
133077,1,250
133166,1,250
133282,1,250
133502,1,250
133543,1,250
133681,1,250
133734,1,250
133939,1,250
133992,1,250
134082,1,250
134096,1,250
134261,1,250
134300,1,250
134304,1,250
134403,1,250
134437,1,250
134590,1,250
134608,1,250
134620,1,250
134721,1,250
134821,1,250
135165,1,250
135344,1,250
135358,1,250
135505,1,250
135540,1,250
135615,1,250
135654,1,250
135741,1,250
135928,1,250
135969,1,250
136020,1,250
136126,1,250
136186,1,250
136502,1,250
136622,1,250
136628,1,250
136719,1,250
136832,1,250
137006,1,250
137062,1,250
137101,1,250
137212,1,250
137323,1,250
137339,1,250
137365,1,250
137366,1,250
137483,1,250
137487,1,250
137499,1,250
137630,1,250
137739,1,250
137776,1,250
137862,1,250
138046,1,250
138146,1,250
138197,1,250
138345,1,250
138373,1,250
138463,1,250
138626,1,250
138662,1,250
138730,1,250
138742,1,250
138773,1,250
138788,1,250
138856,1,250
139305,1,250
139312,1,250
139421,1,250
139438,1,250
139531,1,250
139548,1,250
139576,1,250
139627,1,250
139720,1,250
139838,1,250
139862,1,250
139875,1,250
139943,1,250
139946,1,250
139974,1,250
139980,1,250
140239,1,250
140293,1,250
140389,1,250
140606,1,250
140672,1,250
140732,1,250
140738,1,250
140808,1,250
140860,1,250
140970,1,250
141004,1,250
141077,1,250
141184,1,250
141197,1,250
141205,1,250
141316,1,250
141323,1,250
141484,1,250
141505,1,250
141551,1,250
141568,1,250
141603,1,250
141635,1,250
141708,1,250
141856,1,250
141923,1,250
142042,1,250
142112,1,250
142302,1,250
142308,1,250
142327,1,250
142381,1,250
142403,1,250
142419,1,250
142535,1,250
142597,1,250
142810,1,250
142854,1,250
143028,1,250
143042,1,250
143080,1,250
143224,1,250
143244,1,250
143362,1,250
143562,1,250
143596,1,250
143616,1,250
143617,1,250
143737,1,250
143780,1,250
143880,1,250
143906,1,250
143929,1,250
143934,1,250
143952,1,250
144073,1,250
144186,1,250
144237,1,250
144304,1,250
144485,1,250
144690,1,250
144743,1,250
144853,1,250
144940,1,250
145004,1,250
145106,1,250
145150,1,250
145212,1,250
145236,1,250
145285,1,250
145318,1,250
145341,1,250
145363,1,250
145477,1,250
145606,1,250
145648,1,250
145661,1,250
145733,1,250
145761,1,250
145836,1,250
145844,1,250
145954,1,250
146008,1,250
146081,1,250
146376,1,250
146474,1,250
146557,1,250
146660,1,250
146811,1,250
146942,1,250
146983,1,250
147030,1,250
147102,1,250
147204,1,250
147228,1,250
147239,1,250
147391,1,250
147430,1,250
147464,1,250
147478,1,250
147594,1,250
147781,1,250
147817,1,250
147827,1,250
147833,1,250
148063,1,250
148114,1,250
148144,1,250
148177,1,250
148284,1,250
148298,1,250
148467,1,250
148574,1,250
148736,1,250
148770,1,250
148771,1,250
148799,1,250
148814,1,250
148849,1,250
149046,1,250
149094,1,250
149175,1,250
149264,1,250
149277,1,250
149355,1,250
149366,1,250
149571,1,250
149820,1,250
150140,1,250
150209,1,250
150213,1,250
150220,1,250
150362,1,250
150367,1,250
150397,1,250
150478,1,250
150481,1,250
150488,1,250
150498,1,250
150507,1,250
150513,1,250
150540,1,250
150638,1,250
150726,1,250
150735,1,250
150744,1,250
150755,1,250
150802,1,250
150926,1,250
151045,1,250
151152,1,250
151314,1,250
151613,1,250
151879,1,250
151881,1,250
151899,1,250
151930,1,250
152001,1,250
152013,1,250
152146,1,250
152191,1,250
152284,1,250
152335,1,250
152346,1,250
152430,1,250
152524,1,250
152524,1,250
152621,1,250
152693,1,250
152711,1,250
152735,1,250
152791,1,250
152888,1,250
152899,1,250
152917,1,250
153011,1,250
153066,1,250
153093,1,250
153094,1,250
153268,1,250
153336,1,250
153349,1,250
153574,1,250
153628,1,250
153634,1,250
153636,1,250
153710,1,250
153833,1,250
153953,1,250
154282,1,250
154319,1,250
154367,1,250
154387,1,250
154506,1,250
154531,1,250
154609,1,250
154708,1,250
154940,1,250
155003,1,250
155035,1,250
155114,1,250
155170,1,250
155226,1,250
155247,1,250
155347,1,250
155399,1,250
155448,1,250
155468,1,250
155585,1,250
155612,1,250
155656,1,250
155676,1,250
156031,1,250
156060,1,250
156066,1,250
156167,1,250
156209,1,250
156280,1,250
156287,1,250
156351,1,250
156365,1,250
156395,1,250
156413,1,250
156428,1,250
156436,1,250
156561,1,250
156633,1,250
156726,1,250
156742,1,250
156750,1,250
156829,1,250
156866,1,250
157127,1,250
157150,1,250
157195,1,250
157245,1,250
157258,1,250
157271,1,250
157303,1,250
157336,1,250
157348,1,250
157388,1,250
157495,1,250
157526,1,250
157643,1,250
157718,1,250
157807,1,250
157851,1,250
157905,1,250
157925,1,250
158028,1,250
158125,1,250
158134,1,250
158177,1,250
158269,1,250
158295,1,250
158314,1,250
158382,1,250
158399,1,250
158454,1,250
158472,1,250
158500,1,250
158654,1,250
158678,1,250
158688,1,250
158807,1,250
158857,1,250
158896,1,250
158918,1,250
158923,1,250
158924,1,250
159443,1,250
159505,1,250
159739,1,250
159747,1,250
159895,1,250
159943,1,250
159955,1,250
160059,1,250
160322,1,250
160337,1,250
160351,1,250
160365,1,250
160445,1,250
160469,1,250
160651,1,250
160657,1,250
160762,1,250
160868,1,250
161067,1,250
161303,1,250
161337,1,250
161414,1,250
161547,1,250
161623,1,250
161647,1,250
161691,1,250
161851,1,250
161949,1,250
161976,1,250
162024,1,250
162025,1,250
162148,1,250
162150,1,250
162172,1,250
162248,1,250
162368,1,250
162403,1,250
162501,1,250
162501,1,250
162536,1,250
162542,1,250
162586,1,250
162616,1,250
162622,1,250
162644,1,250
162695,1,250
162720,1,250
162869,1,250
163118,1,250
163228,1,250
163280,1,250
163294,1,250
163327,1,250
163379,1,250
163536,1,250
163703,1,250
163740,1,250
163792,1,250
163822,1,250
163939,1,250
163949,1,250
164015,1,250
164139,1,250
164153,1,250
164248,1,250
164288,1,250
164368,1,250
164470,1,250
164523,1,250
164533,1,250
164558,1,250
164771,1,250
164863,1,250
164903,1,250
165017,1,250
165037,1,250
165297,1,250
165421,1,250
165491,1,250
165515,1,250
165666,1,250
165731,1,250
165763,1,250
165835,1,250
166086,1,250
166183,1,250
166342,1,250
166353,1,250
166402,1,250
166431,1,250
166543,1,250
166689,1,250
166787,1,250
166787,1,250
166874,1,250
167025,1,250
167078,1,250
167116,1,250
167273,1,250
167334,1,250
167390,1,250
167582,1,250
167688,1,250
168053,1,250
168154,1,250
168286,1,250
168301,1,250
168355,1,250
168514,1,250
168532,1,250
168623,1,250
168802,1,250
168839,1,250
168860,1,250
168942,1,250
169024,1,250
169026,1,250
169042,1,250
169071,1,250
169222,1,250
169223,1,250
169242,1,250
169262,1,250
169271,1,250
169457,1,250
169461,1,250
169521,1,250
169603,1,250
169635,1,250
169664,1,250
169670,1,250
169723,1,250
169726,1,250
169731,1,250
169908,1,250
170376,1,250
170415,1,250
170560,1,250
170707,1,250
170730,1,250
170817,1,250
170821,1,250
170869,1,250
170870,1,250
170904,1,250
170922,1,250
171084,1,250
171195,1,250
171243,1,250
171319,1,250
171338,1,250
171427,1,250
171459,1,250
171471,1,250
171495,1,250
171509,1,250
171886,1,250
172009,1,250
172169,1,250
172201,1,250
172240,1,250
172240,1,250
172259,1,250
172260,1,250
172327,1,250
172475,1,250
172758,1,250
172784,1,250
173020,1,250
173024,1,250
173090,1,250
173162,1,250
173175,1,250
173216,1,250
173239,1,250
173317,1,250
173486,1,250
173529,1,250
173576,1,250
173584,1,250
173628,1,250
173743,1,250
173884,1,250
173885,1,250
174029,1,250
174083,1,250
174121,1,250
174141,1,250
174166,1,250
174359,1,250
174441,1,250
174466,1,250
174491,1,250
174532,1,250
174567,1,250
174568,1,250
174615,1,250
174661,1,250
174882,1,250
174891,1,250
174905,1,250
175045,1,250
175055,1,250
175114,1,250
175151,1,250
175255,1,250
175293,1,250
175554,1,250
175653,1,250
175659,1,250
175706,1,250
175770,1,250
175849,1,250
175875,1,250
175884,1,250
175959,1,250
176011,1,250
176066,1,250
176159,1,250
176307,1,250
176310,1,250
176374,1,250
176406,1,250
176422,1,250
176446,1,250
176503,1,250
176611,1,250
176767,1,250
176842,1,250
176880,1,250
176943,1,250
176946,1,250
176974,1,250
177008,1,250
177087,1,250
177126,1,250
177191,1,250
177239,1,250
177280,1,250
177286,1,250
177359,1,250
177361,1,250
177507,1,250
177515,1,250
177677,1,250
177702,1,250
177827,1,250
177866,1,250
177880,1,250
177924,1,250
177948,1,250
178044,1,250
178102,1,250
178229,1,250
178301,1,250
178322,1,250
178471,1,250
178765,1,250
178808,1,250
178816,1,250
178860,1,250
178860,1,250
178908,1,250
178950,1,250
179046,1,250
179118,1,250
179174,1,250
179319,1,250
179359,1,250
179455,1,250
179457,1,250
179493,1,250
179566,1,250
179631,1,250
179647,1,250
179693,1,250
179936,1,250
179954,1,250
180008,1,250
180041,1,250
180134,1,250
180164,1,250
180349,1,250
180373,1,250
180846,1,250
181016,1,250
181029,1,250
181089,1,250
181169,1,250
181268,1,250
181607,1,250
181653,1,250
181660,1,250
181903,1,250
181913,1,250
182060,1,250
182157,1,250
182280,1,250
182424,1,250
182430,1,250
182436,1,250
182480,1,250
182504,1,250
182507,1,250
182512,1,250
182673,1,250
182724,1,250
182932,1,250
182953,1,250
183003,1,250
183007,1,250
183044,1,250
183056,1,250
183150,1,250
183164,1,250
183279,1,250
183367,1,250
183501,1,250
183502,1,250
183570,1,250
183796,1,250
183888,1,250
183919,1,250
183927,1,250
184132,1,250
184270,1,250
184507,1,250
184508,1,250
184527,1,250
184535,1,250
184639,1,250
184767,1,250
184775,1,250
185025,1,250
185135,1,250
185167,1,250
185169,1,250
185170,1,250
185183,1,250
185186,1,250
185211,1,250
185234,1,250
185377,1,250
185532,1,250
185555,1,250
185597,1,250
185693,1,250
185749,1,250
185800,1,250
185853,1,250
185854,1,250
185934,1,250
186018,1,250
186019,1,250
186091,1,250
186134,1,250
186163,1,250
186194,1,250
186225,1,250
186234,1,250
186329,1,250
186442,1,250
186470,1,250
186507,1,250
186517,1,250
186608,1,250
186637,1,250
186739,1,250
186770,1,250
186849,1,250
186864,1,250
186944,1,250
187020,1,250
187106,1,250
187229,1,250
187243,1,250
187420,1,250
187438,1,250
187562,1,250
187605,1,250
187652,1,250
187666,1,250
187725,1,250
187813,1,250
187831,1,250
188041,1,250
188119,1,250
188174,1,250
188239,1,250
188314,1,250
188355,1,250
188411,1,250
188426,1,250
188633,1,250
188675,1,250
188733,1,250
188746,1,250
188830,1,250
188907,1,250
188910,1,250
188942,1,250
189151,1,250
189299,1,250
189302,1,250
189389,1,250
189398,1,250
189648,1,250
189653,1,250
189668,1,250
189675,1,250
189678,1,250
189740,1,250
189750,1,250
189759,1,250
189811,1,250
189823,1,250
189862,1,250
189870,1,250
189896,1,250
189899,1,250
189972,1,250
189978,1,250
190033,1,250
190047,1,250
190062,1,250
190209,1,250
190212,1,250
190299,1,250
190308,1,250
190330,1,250
190361,1,250
190394,1,250
190471,1,250
190513,1,250
190566,1,250
190623,1,250
190634,1,250
190717,1,250
190734,1,250
190820,1,250
190837,1,250
190918,1,250
191004,1,250
191006,1,250
191050,1,250
191172,1,250
191263,1,250
191273,1,250
191300,1,250
191312,1,250
191437,1,250
191464,1,250
191573,1,250
191649,1,250
191743,1,250
191836,1,250
191935,1,250
191948,1,250
192016,1,250
192045,1,250
192097,1,250
192193,1,250
192294,1,250
192299,1,250
192331,1,250
192433,1,250
192437,1,250
192471,1,250
192501,1,250
192530,1,250
192588,1,250
192761,1,250
192801,1,250
192843,1,250
192894,1,250
192943,1,250
192949,1,250
193150,1,250
193210,1,250
193427,1,250
193442,1,250
193451,1,250
193468,1,250
193493,1,250
193559,1,250
193693,1,250
193726,1,250
193731,1,250
193742,1,250
193832,1,250
193983,1,250
194033,1,250
194155,1,250
194224,1,250
194243,1,250
194321,1,250
194333,1,250
194359,1,250
194494,1,250
194583,1,250
194644,1,250
194658,1,250
194671,1,250
194705,1,250
194906,1,250
194980,1,250
195056,1,250
195104,1,250
195126,1,250
195219,1,250
195324,1,250
195372,1,250
195426,1,250
195428,1,250
195466,1,250
195533,1,250
195601,1,250
195677,1,250
195713,1,250
195739,1,250
195769,1,250
195848,1,250
196083,1,250
196114,1,250
196430,1,250
196491,1,250
196543,1,250
196754,1,250
196773,1,250
196797,1,250
196801,1,250
196894,1,250
196922,1,250
196922,1,250
196961,1,250
197152,1,250
197204,1,250
197234,1,250
197259,1,250
197320,1,250
197374,1,250
197386,1,250
197420,1,250
197445,1,250
197500,1,250
197532,1,250
197602,1,250
197774,1,250
197865,1,250
197918,1,250
198095,1,250
198146,1,250
198226,1,250
198230,1,250
198317,1,250
198442,1,250
198454,1,250
198493,1,250
198516,1,250
198630,1,250
198700,1,250
198920,1,250
198931,1,250
198977,1,250
199100,1,250
199121,1,250
199153,1,250
199257,1,250
199258,1,250
199322,1,250
199386,1,250
199386,1,250
199698,1,250
199876,1,250
199907,1,250
199911,1,250
200091,1,250
200126,1,250
200197,1,250
200313,1,250
200397,1,250
200464,1,250
200470,1,250
200512,1,250
200598,1,250
200633,1,250
200731,1,250
200776,1,250
200795,1,250
200866,1,250
200889,1,250
200906,1,250
201065,1,250
201138,1,250
201149,1,250
201240,1,250
201281,1,250
201338,1,250
201421,1,250
201466,1,250
201475,1,250
201479,1,250
201520,1,250
201532,1,250
201556,1,250
201694,1,250
201895,1,250
201966,1,250
202096,1,250
202193,1,250
202487,1,250
202505,1,250
202544,1,250
202613,1,250
202775,1,250
202845,1,250
202878,1,250
203063,1,250
203072,1,250
203096,1,250
203178,1,250
203206,1,250
203260,1,250
203296,1,250
203298,1,250
203299,1,250
203329,1,250
203621,1,250
203734,1,250
203738,1,250
203903,1,250
204008,1,250
204077,1,250
204114,1,250
204153,1,250
204214,1,250
204263,1,250
204355,1,250
204386,1,250
204439,1,250
204548,1,250
204606,1,250
204651,1,250
204671,1,250
204736,1,250
204958,1,250
205045,1,250
205135,1,250
205251,1,250
205263,1,250
205515,1,250
205567,1,250
205642,1,250
205796,1,250
205809,1,250
205859,1,250
205941,1,250
205972,1,250
206032,1,250
206198,1,250
206251,1,250
206389,1,250
206562,1,250
206618,1,250
206657,1,250
206763,1,250
206846,1,250
206895,1,250
207034,1,250
207083,1,250
207119,1,250
207124,1,250
207191,1,250
207195,1,250
207275,1,250
207282,1,250
207363,1,250
207424,1,250
207473,1,250
207480,1,250
207520,1,250
207540,1,250
207571,1,250
207630,1,250
207746,1,250
207769,1,250
207788,1,250
207890,1,250
207939,1,250
207982,1,250
208021,1,250
208041,1,250
208078,1,250
208146,1,250
208180,1,250
208306,1,250
208332,1,250
208460,1,250
208585,1,250
208624,1,250
208647,1,250
208681,1,250
208888,1,250
208933,1,250
209010,1,250
209029,1,250
209063,1,250
209066,1,250
209198,1,250
209241,1,250
209300,1,250
209351,1,250
209420,1,250
209433,1,250
209466,1,250
209736,1,250
209766,1,250
209796,1,250
209849,1,250
209956,1,250
210026,1,250
210133,1,250
210190,1,250
210212,1,250
210296,1,250
210339,1,250
210339,1,250
210350,1,250
210377,1,250
210402,1,250
210447,1,250
210489,1,250
210494,1,250
210521,1,250
210619,1,250
210758,1,250
210759,1,250
210764,1,250
210922,1,250
210933,1,250
210937,1,250
211050,1,250
211080,1,250
211117,1,250
211231,1,250
211249,1,250
211353,1,250
211507,1,250
211918,1,250
212066,1,250
212100,1,250
212212,1,250
212222,1,250
212306,1,250
212516,1,250
212522,1,250
212606,1,250
212834,1,250
212890,1,250
212898,1,250
212990,1,250
213014,1,250
213034,1,250
213047,1,250
213150,1,250
213173,1,250
213262,1,250
213309,1,250
213330,1,250
213422,1,250
213449,1,250
213457,1,250
213684,1,250
213685,1,250
213759,1,250
213768,1,250
213874,1,250
213910,1,250
213986,1,250
214051,1,250
214123,1,250
214126,1,250
214140,1,250
214142,1,250
214213,1,250
214329,1,250
214379,1,250
214394,1,250
214562,1,250
214573,1,250
214586,1,250
214612,1,250
214841,1,250
214883,1,250
215058,1,250
215158,1,250
215191,1,250
215299,1,250
215360,1,250
215391,1,250
215395,1,250
215493,1,250
215497,1,250
215515,1,250
215653,1,250
215696,1,250
215786,1,250
215802,1,250
215814,1,250
215895,1,250
215931,1,250
215931,1,250
215938,1,250
215987,1,250
216058,1,250
216108,1,250
216109,1,250
216148,1,250
216168,1,250
216267,1,250
216377,1,250
216418,1,250
216633,1,250
216747,1,250
216770,1,250
216792,1,250
216890,1,250
217152,1,250
217215,1,250
217309,1,250
217342,1,250
217531,1,250
217757,1,250
217789,1,250
217831,1,250
217836,1,250
218053,1,250
218156,1,250
218159,1,250
218181,1,250
218191,1,250
218258,1,250
218448,1,250
218501,1,250
218543,1,250
218666,1,250
218785,1,250
218831,1,250
218912,1,250
218934,1,250
218939,1,250
219135,1,250
219287,1,250
219357,1,250
219552,1,250
219563,1,250
219574,1,250
219622,1,250
219690,1,250
219754,1,250
219912,1,250
219999,1,250
220211,1,250
220375,1,250
220403,1,250
220448,1,250
220563,1,250
220578,1,250
220735,1,250
221028,1,250
221041,1,250
221135,1,250
221167,1,250
221250,1,250
221297,1,250
221387,1,250
221632,1,250
221678,1,250
221702,1,250
221707,1,250
221779,1,250
221823,1,250
221826,1,250
221853,1,250
221855,1,250
221895,1,250
221910,1,250
222030,1,250
222297,1,250
222376,1,250
222643,1,250
222784,1,250
222797,1,250
222856,1,250
222911,1,250
223026,1,250
223035,1,250
223061,1,250
223075,1,250
223184,1,250
223483,1,250
223491,1,250
223545,1,250
223627,1,250
223668,1,250
223709,1,250
223714,1,250
223871,1,250
223887,1,250
223935,1,250
223936,1,250
224003,1,250
224042,1,250
224083,1,250
224301,1,250
224325,1,250
224366,1,250
224508,1,250
224518,1,250
224687,1,250
224747,1,250
224798,1,250
225043,1,250
225104,1,250
225182,1,250
225321,1,250
225386,1,250
225486,1,250
225602,1,250
225682,1,250
225775,1,250
225844,1,250
225848,1,250
226075,1,250
226091,1,250
226181,1,250
226291,1,250
226649,1,250
226799,1,250
227172,1,250
227237,1,250
227501,1,250
227565,1,250
227743,1,250
227848,1,250
227937,1,250
228029,1,250
228050,1,250
228122,1,250
228245,1,250
228356,1,250
228438,1,250
228552,1,250
228586,1,250
228640,1,250
228671,1,250
228677,1,250
228745,1,250
229001,1,250
229012,1,250
229089,1,250
229250,1,250
229337,1,250
229530,1,250
229573,1,250
229813,1,250
229829,1,250
229835,1,250
230052,1,250
230103,1,250
230172,1,250
230232,1,250
230370,1,250
230398,1,250
230449,1,250
230530,1,250
230533,1,250
231124,1,250
231133,1,250
231155,1,250
231178,1,250
231552,1,250
231570,1,250
231640,1,250
231719,1,250
231755,1,250
231870,1,250
231963,1,250
232032,1,250
232053,1,250
232076,1,250
232192,1,250
232329,1,250
232551,1,250
232554,1,250
232577,1,250
232705,1,250
232721,1,250
232752,1,250
232755,1,250
232764,1,250
232790,1,250
232837,1,250
232866,1,250
233012,1,250
233022,1,250
233151,1,250
233167,1,250
233212,1,250
233265,1,250
233807,1,250
233862,1,250
233870,1,250
234016,1,250
234073,1,250
234084,1,250
234096,1,250
234210,1,250
234248,1,250
234265,1,250
234405,1,250
234435,1,250
234474,1,250
234512,1,250
234595,1,250
234602,1,250
234679,1,250
234740,1,250
234803,1,250
234920,1,250
235052,1,250
235162,1,250
235270,1,250
235274,1,250
235299,1,250
235516,1,250
236121,1,250
236143,1,250
236406,1,250
236466,1,250
236582,1,250
236747,1,250
236842,1,250
237058,1,250
237273,1,250
237405,1,250
237457,1,250
237506,1,250
237513,1,250
237531,1,250
237614,1,250
237742,1,250
237839,1,250
237858,1,250
238022,1,250
238035,1,250
238447,1,250
238467,1,250
238544,1,250
238680,1,250
238810,1,250
238845,1,250
239249,1,250
239328,1,250
239607,1,250
240251,1,250
240346,1,250
240398,1,250
240436,1,250
240851,1,250
241095,1,250
241134,1,250
241165,1,250
241372,1,250
241518,1,250
241525,1,250
241555,1,250
241759,1,250
241923,1,250
242019,1,250
242157,1,250
242345,1,250
242449,1,250
242578,1,250
242676,1,250
242907,1,250
242972,1,250
243149,1,250
243259,1,250
243655,1,250
243784,1,250
243842,1,250
244013,1,250
244176,1,250
244318,1,250
244528,1,250
244879,1,250
245101,1,250
245190,1,250
245195,1,250
245220,1,250
245290,1,250
245307,1,250
245452,1,250
245559,1,250
245620,1,250
245779,1,250
245797,1,250
245829,1,250
246168,1,250
246329,1,250
246546,1,250
246576,1,250
246654,1,250
246707,1,250
246863,1,250
247069,1,250
247071,1,250
247075,1,250
247244,1,250
247327,1,250
247361,1,250
247362,1,250
247525,1,250
247871,1,250
248061,1,250
248372,1,250
248389,1,250
248669,1,250
248690,1,250
248816,1,250
248864,1,250
248869,1,250
248979,1,250
249110,1,250
249280,1,250
249415,1,250
249594,1,250
249728,1,250
249849,1,250
250062,1,250
250296,1,250
250336,1,250
250352,1,250
250377,1,250
250416,1,250
250474,1,250
250564,1,250
250585,1,250
250673,1,250
250932,1,250
250951,1,250
250970,1,250
251001,1,250
251575,1,250
251617,1,250
251677,1,250
251964,1,250
252004,1,250
252054,1,250
252181,1,250
252187,1,250
252271,1,250
252295,1,250
252455,1,250
252598,1,250
252644,1,250
252725,1,250
253282,1,250
253551,1,250
253558,1,250
254039,1,250
254121,1,250
254212,1,250
254442,1,250
254531,1,250
254607,1,250
254639,1,250
254720,1,250
254732,1,250
254825,1,250
254838,1,250
254952,1,250
255097,1,250
255125,1,250
255277,1,250
255819,1,250
256053,1,250
256124,1,250
256407,1,250
256450,1,250
256725,1,250
256769,1,250
256774,1,250
256917,1,250
257176,1,250
257325,1,250
257398,1,250
257473,1,250
257918,1,250
258013,1,250
258034,1,250
258072,1,250
258159,1,250
258227,1,250
258228,1,250
258285,1,250
258460,1,250
258643,1,250
258701,1,250
258866,1,250
259170,1,250
259481,1,250
259589,1,250
259818,1,250
259821,1,250
260022,1,250
260038,1,250
260290,1,250
260499,1,250
260691,1,250
260734,1,250
260751,1,250
260829,1,250
260897,1,250
260900,1,250
261325,1,250
261389,1,250
261414,1,250
261425,1,250
261428,1,250
261437,1,250
261578,1,250
261789,1,250
262033,1,250
262058,1,250
262067,1,250
262104,1,250
262143,1,250
262924,1,250
262999,1,250
263085,1,250
263088,1,250
263172,1,250
263219,1,250
263404,1,250
263450,1,250
264384,1,250
264505,1,250
264561,1,250
264854,1,250
265006,1,250
265314,1,250
265793,1,250
265910,1,250
266035,1,250
266142,1,250
266421,1,250
266458,1,250
266765,1,250
266811,1,250
266964,1,250
267021,1,250
267284,1,250
267321,1,250
267518,1,250
267946,1,250
268005,1,250
268151,1,250
268272,1,250
268614,1,250
268695,1,250
268705,1,250
268810,1,250
269633,1,250
270296,1,250
270505,1,250
270653,1,250
270803,1,250
271051,1,250
271493,1,250
271836,1,250
271934,1,250
272011,1,250
272178,1,250
272228,1,250
272303,1,250
272716,1,250
272789,1,250
272941,1,250
273271,1,250
273439,1,250
273514,1,250
273517,1,250
273539,1,250
273585,1,250
273695,1,250
273738,1,250
273800,1,250
273906,1,250
274145,1,250
274263,1,250
274318,1,250
274377,1,250
274730,1,250
274746,1,250
275098,1,250
275210,1,250
276917,1,250
277150,1,250
277267,1,250
277377,1,250
277733,1,250
277918,1,250
278185,1,250
278223,1,250
278635,1,250
278785,1,250
278855,1,250
278873,1,250
278922,1,250
279055,1,250
279185,1,250
279365,1,250
279706,1,250
279726,1,250
279773,1,250
279933,1,250
279938,1,250
279965,1,250
279984,1,250
280027,1,250
280181,1,250
280219,1,250
280581,1,250
280681,1,250
280921,1,250
281101,1,250
281568,1,250
281642,1,250
282030,1,250
282084,1,250
282137,1,250
282253,1,250
282278,1,250
282336,1,250
282438,1,250
282585,1,250
282624,1,250
282800,1,250
283028,1,250
283344,1,250
283531,1,250
283854,1,250
284137,1,250
284470,1,250
284514,1,250
284521,1,250
285553,1,250
285832,1,250
285968,1,250
286069,1,250
286276,1,250
287941,1,250
288151,1,250
288180,1,250
289170,1,250
289194,1,250
289235,1,250
289251,1,250
289495,1,250
289617,1,250
289619,1,250
289652,1,250
290753,1,250
291232,1,250
291483,1,250
291716,1,250
292482,1,250
292685,1,250
293621,1,250
293933,1,250
295099,1,250
295434,1,250
296432,1,250
296593,1,250
296934,1,250
297036,1,250
297284,1,250
297340,1,250
297843,1,250
298284,1,250
298683,1,250
299172,1,250
299838,1,250
300149,1,250
300784,1,250
301315,1,250
301722,1,250
302064,1,250
302430,1,250
302599,1,250
303080,1,250
303627,1,250
304003,1,250
304439,1,250
306065,1,250
306558,1,250
306794,1,250
306847,1,250
306960,1,250
306967,1,250
307022,1,250
307335,1,250
307797,1,250
308078,1,250
308137,1,250
308200,1,250
308534,1,250
308614,1,250
308817,1,250
309171,1,250
309320,1,250
309587,1,250
310223,1,250
310248,1,250
311237,1,250
311551,1,250
313751,1,250
314055,1,250
314592,1,250
315088,1,250
315738,1,250
315767,1,250
316069,1,250
316548,1,250
316859,1,250
317326,1,250
317643,1,250
317694,1,250
318324,1,250
318476,1,250
318758,1,250
318839,1,250
319858,1,250
319907,1,250
320006,1,250
320213,1,250
320436,1,250
320493,1,250
320507,1,250
320716,1,250
320768,1,250
320813,1,250
321146,1,250
321309,1,250
321409,1,250
322022,1,250
323438,1,250
324068,1,250
324448,1,250
324868,1,250
325529,1,250
325680,1,250
325695,1,250
326108,1,250
326143,1,250
326277,1,250
326320,1,250
326546,1,250
327254,1,250
328128,1,250
328175,1,250
328463,1,250
328513,1,250
328800,1,250
330035,1,250
330224,1,250
330603,1,250
330718,1,250
330970,1,250
331005,1,250
331347,1,250
331479,1,250
331616,1,250
331803,1,250
331827,1,250
332541,1,250
332804,1,250
333670,1,250
333744,1,250
333903,1,250
334062,1,250
334122,1,250
334209,1,250
334279,1,250
334447,1,250
334648,1,250
334767,1,250
334857,1,250
335346,1,250
335552,1,250
336124,1,250
336253,1,250
336297,1,250
338040,1,250
338643,1,250
339412,1,250
339818,1,250
341015,1,250
341128,1,250
342321,1,250
342410,1,250
342449,1,250
342716,1,250
343394,1,250
343511,1,250
343765,1,250
344140,1,250
344210,1,250
344481,1,250
344964,1,250
345054,1,250
345573,1,250
347265,1,250
347689,1,250
348280,1,250
348848,1,250
349633,1,250
350867,1,250
351116,1,250
352136,1,250
352915,1,250
354095,1,250
354296,1,250
354313,1,250
354457,1,250
354686,1,250
354789,1,250
355068,1,250
355330,1,250
355710,1,250
355752,1,250
355922,1,250
356006,1,250
356153,1,250
356469,1,250
356512,1,250
357012,1,250
357128,1,250
357213,1,250
357401,1,250
357424,1,250
357565,1,250
357657,1,250
358701,1,250
359247,1,250
359375,1,250
359463,1,250
360514,1,250
361596,1,250
361678,1,250
361975,1,250
363342,1,250
364096,1,250
364215,1,250
364471,1,250
365224,1,250
365614,1,250
365843,1,250
366198,1,250
366713,1,250
366930,1,250
367054,1,250
367256,1,250
368210,1,250
368280,1,250
368918,1,250
369411,1,250
369531,1,250
369553,1,250
369555,1,250
369559,1,250
369802,1,250
370988,1,250
370999,1,250
372181,1,250
372349,1,250
372725,1,250
374148,1,250
375124,1,250
375290,1,250
375720,1,250
376243,1,250
376772,1,250
376869,1,250
376987,1,250
377065,1,250
378001,1,250
378043,1,250
378215,1,250
378419,1,250
378639,1,250
378689,1,250
378762,1,250
378935,1,250
379062,1,250
379139,1,250
379294,1,250
379494,1,250
379567,1,250
379671,1,250
379802,1,250
379853,1,250
379870,1,250
380933,1,250
381314,1,250
381851,1,250
381861,1,250
382120,1,250
382236,1,250
382475,1,250
382879,1,250
383304,1,250
383708,1,250
383790,1,250
384332,1,250
384832,1,250
384908,1,250
385201,1,250
385307,1,250
385385,1,250
385620,1,250
386160,1,250
386335,1,250
386436,1,250
386470,1,250
386519,1,250
386613,1,250
387016,1,250
387262,1,250
387557,1,250
387690,1,250
388216,1,250
389040,1,250
389406,1,250
389639,1,250
390447,1,250
391185,1,250
391522,1,250
392461,1,250
392633,1,250
393854,1,250
394068,1,250
394415,1,250
395045,1,250
395855,1,250
396379,1,250
396435,1,250
396484,1,250
396598,1,250
397614,1,250
398078,1,250
398215,1,250
398253,1,250
398255,1,250
398514,1,250
399037,1,250
400309,1,250
400572,1,250
400706,1,250
400733,1,250
401517,1,250
401631,1,250
401906,1,250
402067,1,250
402131,1,250
402290,1,250
402318,1,250
402386,1,250
402517,1,250
402582,1,250
403211,1,250
403455,1,250
403655,1,250
403903,1,250
404129,1,250
404836,1,250
405039,1,250
405339,1,250
405679,1,250
405852,1,250
405988,1,250
406085,1,250
406810,1,250
406858,1,250
407779,1,250
408036,1,250
408134,1,250
409041,1,250
409184,1,250
409371,1,250
409720,1,250
409813,1,250
410516,1,250
411386,1,250
411455,1,250
411752,1,250
412156,1,250
412760,1,250
413044,1,250
413139,1,250
413694,1,250
413770,1,250
414053,1,250
414274,1,250
414493,1,250
414522,1,250
414677,1,250
414714,1,250
414727,1,250
415041,1,250
415171,1,250
415459,1,250
415473,1,250
416933,1,250
417225,1,250
417582,1,250
418278,1,250
418715,1,250
419595,1,250
420005,1,250
420094,1,250
420558,1,250
421064,1,250
421359,1,250
421469,1,250
421823,1,250
422029,1,250
423324,1,250
424122,1,250
424936,1,250
425947,1,250
426090,1,250
426090,1,250
426107,1,250
426127,1,250
426156,1,250
426208,1,250
426320,1,250
426475,1,250
426809,1,250
426893,1,250
427031,1,250
427080,1,250
427083,1,250
427258,1,250
427909,1,250
427953,1,250
428022,1,250
428035,1,250
428141,1,250
428230,1,250
428695,1,250
429245,1,250
429480,1,250
429586,1,250
429740,1,250
430075,1,250
430317,1,250
430436,1,250
430473,1,250
430560,1,250
430699,1,250
430775,1,250
430885,1,250
430926,1,250
431036,1,250
431337,1,250
431456,1,250
431536,1,250
431678,1,250
431694,1,250
431922,1,250
432120,1,250
432418,1,250
432565,1,250
432584,1,250
432882,1,250
433125,1,250
434402,1,250
434483,1,250
434539,1,250
434740,1,250
434793,1,250
434796,1,250
436392,1,250
436397,1,250
436709,1,250
437030,1,250
437082,1,250
437279,1,250
437552,1,250
438053,1,250
438253,1,250
438273,1,250
438690,1,250
440391,1,250
440601,1,250
441016,1,250
441034,1,250
441058,1,250
441454,1,250
441480,1,250
441549,1,250
441581,1,250
442638,1,250
442998,1,250
443165,1,250
443230,1,250
443322,1,250
443531,1,250
444328,1,250
444423,1,250
444662,1,250
445000,1,250
445036,1,250
445175,1,250
445297,1,250
445612,1,250
445856,1,250
446218,1,250
446239,1,250
446290,1,250
446501,1,250
446652,1,250
446766,1,250
446876,1,250
447066,1,250
447082,1,250
447737,1,250
448248,1,250
448571,1,250
448624,1,250
448848,1,250
449073,1,250
449169,1,250
449241,1,250
449532,1,250
449579,1,250
449657,1,250
449754,1,250
450021,1,250
450223,1,250
450366,1,250
450675,1,250
450926,1,250
450999,1,250
451008,1,250
451012,1,250
451015,1,250
451216,1,250
451238,1,250
451438,1,250
451723,1,250
451736,1,250
451896,1,250
451944,1,250
452060,1,250
452069,1,250
452306,1,250
452530,1,250
452623,1,250
452782,1,250
452822,1,250
453334,1,250
453489,1,250
453519,1,250
453587,1,250
453670,1,250
453709,1,250
453732,1,250
453901,1,250
454015,1,250
454047,1,250
454347,1,250
454504,1,250
454541,1,250
454667,1,250
454731,1,250
454798,1,250
454833,1,250
455334,1,250
455688,1,250
455782,1,250
455968,1,250
456303,1,250
456342,1,250
457010,1,250
457103,1,250
457138,1,250
457253,1,250
457307,1,250
457421,1,250
457553,1,250
457925,1,250
457936,1,250
457949,1,250
458231,1,250
458345,1,250
458553,1,250
459004,1,250
459079,1,250
459111,1,250
459235,1,250
459707,1,250
460108,1,250
460561,1,250
460873,1,250
461074,1,250
461175,1,250
461305,1,250
461382,1,250
461513,1,250
461850,1,250
462127,1,250
462141,1,250
462147,1,250
462175,1,250
462292,1,250
462603,1,250
462767,1,250
462931,1,250
463076,1,250
463152,1,250
463189,1,250
463451,1,250
463578,1,250
463891,1,250
464008,1,250
464119,1,250
464179,1,250
464229,1,250
464458,1,250
464647,1,250
464778,1,250
465206,1,250
465215,1,250
465351,1,250
465578,1,250
465778,1,250
466086,1,250
466122,1,250
466190,1,250
466489,1,250
466714,1,250
467008,1,250
467073,1,250
467359,1,250
467778,1,250
467987,1,250
468056,1,250
468063,1,250
468097,1,250
468122,1,250
468163,1,250
468189,1,250
468335,1,250
468400,1,250
468511,1,250
468650,1,250
468758,1,250
469132,1,250
469274,1,250
470700,1,250
470811,1,250
470817,1,250
471010,1,250
471175,1,250
471356,1,250
471432,1,250
471460,1,250
471541,1,250
471821,1,250
471868,1,250
472013,1,250
472016,1,250
472107,1,250
472224,1,250
472339,1,250
472453,1,250
473035,1,250
473088,1,250
473097,1,250
473334,1,250
473760,1,250
473904,1,250
473911,1,250
474086,1,250
474259,1,250
474503,1,250
474517,1,250
474559,1,250
474639,1,250
474656,1,250
474711,1,250
474777,1,250
474781,1,250
474834,1,250
475219,1,250
475471,1,250
475481,1,250
475764,1,250
475793,1,250
476135,1,250
476316,1,250
476319,1,250
476322,1,250
476559,1,250
476694,1,250
476834,1,250
476881,1,250
476929,1,250
477089,1,250
477584,1,250
477781,1,250
478371,1,250
478558,1,250
478942,1,250
479086,1,250
479202,1,250
479269,1,250
479378,1,250
479620,1,250
479651,1,250
479669,1,250
479779,1,250
480134,1,250
480250,1,250
480410,1,250
480541,1,250
480590,1,250
480685,1,250
481088,1,250
481277,1,250
481449,1,250
481543,1,250
481655,1,250
481752,1,250
481758,1,250
481787,1,250
481892,1,250
481909,1,250
482038,1,250
482336,1,250
482567,1,250
482629,1,250
482635,1,250
482700,1,250
482790,1,250
482811,1,250
482867,1,250
482882,1,250
482976,1,250
483104,1,250
483176,1,250
483491,1,250
483757,1,250
484005,1,250
484012,1,250
484029,1,250
484063,1,250
484337,1,250
484649,1,250
484834,1,250
485575,1,250
486066,1,250
486230,1,250
486613,1,250
487036,1,250
487292,1,250
487365,1,250
487400,1,250
487552,1,250
487752,1,250
488565,1,250
488597,1,250
488605,1,250
488628,1,250
488628,1,250
488656,1,250
488715,1,250
488721,1,250
488775,1,250
488840,1,250
488953,1,250
488967,1,250
489001,1,250
489112,1,250
489116,1,250
489252,1,250
489323,1,250
489566,1,250
489606,1,250
489655,1,250
489791,1,250
489948,1,250
490022,1,250
490108,1,250
490190,1,250
490267,1,250
490458,1,250
490490,1,250
490807,1,250
490885,1,250
491010,1,250
491220,1,250
491336,1,250
491428,1,250
491522,1,250
491552,1,250
491873,1,250
492179,1,250
492346,1,250
492546,1,250
492680,1,250
492774,1,250
493182,1,250
493630,1,250
493657,1,250
493782,1,250
493787,1,250
494061,1,250
494137,1,250
494286,1,250
494300,1,250
494305,1,250
494777,1,250
495178,1,250
495230,1,250
495273,1,250
495403,1,250
495453,1,250
495868,1,250
496057,1,250
496147,1,250
496225,1,250
496406,1,250
496675,1,250
496838,1,250
496985,1,250
497061,1,250
497073,1,250
497676,1,250
497807,1,250
497873,1,250
498077,1,250
498220,1,250
498231,1,250
498247,1,250
498362,1,250
498449,1,250
498644,1,250
498760,1,250
498787,1,250
498802,1,250
498902,1,250
499158,1,250
499161,1,250
499194,1,250
499289,1,250
499519,1,250
499610,1,250
500029,1,250
500206,1,250
500363,1,250
500520,1,250
501053,1,250
501435,1,250
501507,1,250
501526,1,250
501662,1,250
501708,1,250
502062,1,250
502573,1,250
502609,1,250
502617,1,250
503029,1,250
503202,1,250
503435,1,250
503537,1,250
503590,1,250
503716,1,250
503728,1,250
504409,1,250
504772,1,250
504806,1,250
504834,1,250
504874,1,250
504947,1,250
504976,1,250
505017,1,250
505945,1,250
506024,1,250
506220,1,250
506397,1,250
506555,1,250
506569,1,250
507082,1,250
507112,1,250
507300,1,250
507307,1,250
507315,1,250
507370,1,250
507730,1,250
508045,1,250
508110,1,250
508216,1,250
508476,1,250
508596,1,250
508664,1,250
508953,1,250
509050,1,250
509053,1,250
509054,1,250
509719,1,250
509754,1,250
509897,1,250
510243,1,250
510467,1,250
510576,1,250
510794,1,250
510927,1,250
511245,1,250
511408,1,250
511491,1,250
511807,1,250
511892,1,250
512082,1,250
512456,1,250
512469,1,250
512648,1,250
512793,1,250
513087,1,250
513212,1,250
513220,1,250
513688,1,250
514151,1,250
514159,1,250
514178,1,250
514184,1,250
514290,1,250
514457,1,250
514481,1,250
514710,1,250
514782,1,250
514817,1,250
514888,1,250
515668,1,250
515893,1,250
515921,1,250
515937,1,250
516038,1,250
516091,1,250
516299,1,250
516323,1,250
516338,1,250
516414,1,250
516436,1,250
516555,1,250
516850,1,250
517039,1,250
517098,1,250
517236,1,250
517288,1,250
517411,1,250
517615,1,250
517865,1,250
518106,1,250
518162,1,250
518342,1,250
518345,1,250
518455,1,250
518668,1,250
518776,1,250
518824,1,250
519038,1,250
519056,1,250
519241,1,250
519597,1,250
519781,1,250
519921,1,250
520316,1,250
520492,1,250
520632,1,250
520789,1,250
520872,1,250
520902,1,250
520915,1,250
520978,1,250
521353,1,250
521372,1,250
521584,1,250
521659,1,250
522080,1,250
522344,1,250
522415,1,250
522430,1,250
522454,1,250
522643,1,250
522669,1,250
522745,1,250
522827,1,250
523104,1,250
523851,1,250
523979,1,250
524050,1,250
524108,1,250
524601,1,250
525312,1,250
525513,1,250
526267,1,250
526408,1,250
526759,1,250
526804,1,250
527122,1,250
527394,1,250
527448,1,250
528113,1,250
528248,1,250
528705,1,250
528941,1,250
529862,1,250
529888,1,250
530271,1,250
530473,1,250
531177,1,250
532756,1,250
533059,1,250
533405,1,250
534199,1,250
534312,1,250
535090,1,250
535312,1,250
535418,1,250
535483,1,250
535763,1,250
536102,1,250
536462,1,250
536531,1,250
536667,1,250
536835,1,250
537340,1,250
538111,1,250
538745,1,250
539035,1,250
539633,1,250
540893,1,250
541840,1,250
541982,1,250
542009,1,250
542485,1,250
543232,1,250
543632,1,250
544830,1,250
545314,1,250
546011,1,250
546852,1,250
547053,1,250
547470,1,250
548188,1,250
550724,1,250
551227,1,250
552158,1,250
552266,1,250
552395,1,250
552796,1,250
553368,1,250
554327,1,250
554385,1,250
554587,1,250
554662,1,250
555100,1,250
555773,1,250
558059,1,250
559412,1,250
559482,1,250
559750,1,250
559903,1,250
560026,1,250
561031,1,250
561639,1,250
562313,1,250
562499,1,250
562530,1,250
563312,1,250
563339,1,250
563736,1,250
563802,1,250
563805,1,250
565058,1,250
565121,1,250
565178,1,250
565335,1,250
565373,1,250
565627,1,250
565857,1,250
565889,1,250
566222,1,250
566236,1,250
566335,1,250
566376,1,250
566391,1,250
566410,1,250
566627,1,250
566721,1,250
566747,1,250
567060,1,250
567545,1,250
567651,1,250
567742,1,250
567852,1,250
567894,1,250
568086,1,250
568463,1,250
568791,1,250
568828,1,250
569230,1,250
569546,1,250
569659,1,250
570126,1,250
570745,1,250
571873,1,250
571977,1,250
572197,1,250
572730,1,250
574325,1,250
574673,1,250
574696,1,250
575013,1,250
577059,1,250
577703,1,250
577889,1,250
578178,1,250
579240,1,250
