1057,1,250
1505,1,250
2575,1,250
2634,1,250
3344,1,250
3370,1,250
6327,1,250
8400,1,250
9768,1,250
12595,1,250
13537,1,250
14057,1,250
14080,1,250
14391,1,250
18338,1,250
18365,1,250
18766,1,250
19419,1,250
19684,1,250
19818,1,250
20408,1,250
21276,1,250
21652,1,250
22860,1,250
24048,1,250
24193,1,250
25367,1,250
26453,1,250
26776,1,250
28280,1,250
28733,1,250
29257,1,250
29286,1,250
29533,1,250
29556,1,250
29649,1,250
29745,1,250
30413,1,250
30620,1,250
33894,1,250
33969,1,250
34298,1,250
39579,1,250
42216,1,250
42600,1,250
42976,1,250
42994,1,250
43010,1,250
43112,1,250
43160,1,250
43478,1,250
44938,1,250
45358,1,250
46094,1,250
47775,1,250
49151,1,250
49487,1,250
51409,1,250
54437,1,250
54615,1,250
54818,1,250
55180,1,250
55780,1,250
56012,1,250
56035,1,250
56452,1,250
58090,1,250
58758,1,250
59032,1,250
59470,1,250
61577,1,250
62217,1,250
62943,1,250
64099,1,250
65570,1,250
65719,1,250
66080,1,250
67485,1,250
67740,1,250
67981,1,250
68142,1,250
68854,1,250
70125,1,250
70363,1,250
70471,1,250
70740,1,250
71454,1,250
72506,1,250
73006,1,250
73165,1,250
73887,1,250
76361,1,250
76593,1,250
77642,1,250
78067,1,250
78430,1,250
79679,1,250
79900,1,250
81026,1,250
81112,1,250
82631,1,250
83180,1,250
83267,1,250
83813,1,250
85178,1,250
85457,1,250
87418,1,250
87511,1,250
88081,1,250
89054,1,250
89682,1,250
89929,1,250
90074,1,250
90095,1,250
90374,1,250
90573,1,250
90862,1,250
91111,1,250
91131,1,250
91430,1,250
91453,1,250
91728,1,250
92134,1,250
92376,1,250
92503,1,250
92998,1,250
93145,1,250
93796,1,250
93963,1,250
94322,1,250
94335,1,250
94757,1,250
95124,1,250
95218,1,250
96151,1,250
96495,1,250
96756,1,250
97040,1,250
97112,1,250
97140,1,250
97497,1,250
98098,1,250
98335,1,250
98808,1,250
99746,1,250
99932,1,250
100435,1,250
100585,1,250
100683,1,250
100766,1,250
100871,1,250
101402,1,250
101443,1,250
102231,1,250
102406,1,250
102808,1,250
103323,1,250
103458,1,250
103573,1,250
103789,1,250
104277,1,250
104626,1,250
104644,1,250
104738,1,250
104908,1,250
104938,1,250
105055,1,250
105396,1,250
105728,1,250
105987,1,250
106161,1,250
106549,1,250
106684,1,250
106833,1,250
107060,1,250
107163,1,250
107355,1,250
107515,1,250
107763,1,250
107806,1,250
108636,1,250
109214,1,250
109481,1,250
110073,1,250
110150,1,250
110552,1,250
110730,1,250
112055,1,250
112256,1,250
112771,1,250
112798,1,250
112801,1,250
112858,1,250
113013,1,250
113728,1,250
114078,1,250
114424,1,250
114503,1,250
115008,1,250
115240,1,250
115296,1,250
115740,1,250
116195,1,250
116296,1,250
116440,1,250
116501,1,250
116641,1,250
116656,1,250
117732,1,250
117897,1,250
118881,1,250
118942,1,250
119604,1,250
120286,1,250
120765,1,250
120892,1,250
121086,1,250
121411,1,250
121461,1,250
121777,1,250
122133,1,250
122699,1,250
122836,1,250
123665,1,250
123687,1,250
123872,1,250
124053,1,250
124132,1,250
124471,1,250
124701,1,250
124920,1,250
125176,1,250
125566,1,250
126110,1,250
126249,1,250
126692,1,250
126860,1,250
127086,1,250
127120,1,250
127430,1,250
127441,1,250
127479,1,250
127513,1,250
127942,1,250
128065,1,250
128894,1,250
129030,1,250
129285,1,250
129315,1,250
129346,1,250
129925,1,250
129932,1,250
130122,1,250
130736,1,250
130851,1,250
131194,1,250
131268,1,250
132104,1,250
132234,1,250
132252,1,250
132635,1,250
133057,1,250
133059,1,250
133341,1,250
133387,1,250
133439,1,250
133777,1,250
134010,1,250
134022,1,250
134464,1,250
134613,1,250
134757,1,250
134875,1,250
134906,1,250
135232,1,250
135443,1,250
136285,1,250
137059,1,250
137092,1,250
137543,1,250
137776,1,250
138144,1,250
138446,1,250
138468,1,250
138525,1,250
138581,1,250
138696,1,250
138713,1,250
138924,1,250
138941,1,250
139055,1,250
139132,1,250
139217,1,250
139594,1,250
139621,1,250
139717,1,250
139755,1,250
139785,1,250
140087,1,250
140191,1,250
140361,1,250
140848,1,250
141218,1,250
141269,1,250
141276,1,250
141518,1,250
141618,1,250
141951,1,250
142351,1,250
142577,1,250
142776,1,250
143826,1,250
143919,1,250
143930,1,250
144095,1,250
144290,1,250
144530,1,250
144536,1,250
144710,1,250
144728,1,250
144798,1,250
144961,1,250
144998,1,250
145335,1,250
145356,1,250
145762,1,250
145786,1,250
145907,1,250
145969,1,250
146292,1,250
146708,1,250
146714,1,250
146977,1,250
147048,1,250
147102,1,250
147289,1,250
147469,1,250
147593,1,250
147762,1,250
148186,1,250
148187,1,250
148223,1,250
148375,1,250
148615,1,250
148627,1,250
149115,1,250
149117,1,250
149329,1,250
149613,1,250
149876,1,250
149909,1,250
150065,1,250
150277,1,250
150333,1,250
150443,1,250
150547,1,250
150550,1,250
150895,1,250
150902,1,250
151579,1,250
151636,1,250
151722,1,250
151907,1,250
152185,1,250
152361,1,250
152524,1,250
152636,1,250
152641,1,250
153219,1,250
153277,1,250
154462,1,250
154667,1,250
154929,1,250
155056,1,250
155074,1,250
155429,1,250
156462,1,250
156475,1,250
156771,1,250
156879,1,250
156946,1,250
157274,1,250
157316,1,250
157411,1,250
157501,1,250
157527,1,250
157664,1,250
157733,1,250
157873,1,250
157902,1,250
157931,1,250
157947,1,250
157965,1,250
158407,1,250
158526,1,250
158793,1,250
158845,1,250
159101,1,250
159258,1,250
159291,1,250
159339,1,250
159369,1,250
159625,1,250
160043,1,250
160063,1,250
161056,1,250
161253,1,250
161360,1,250
161419,1,250
161671,1,250
161791,1,250
162164,1,250
162167,1,250
162619,1,250
162760,1,250
162927,1,250
163042,1,250
163062,1,250
163126,1,250
163328,1,250
163945,1,250
164076,1,250
164165,1,250
164175,1,250
164261,1,250
164506,1,250
164747,1,250
165000,1,250
165238,1,250
165342,1,250
165456,1,250
165675,1,250
165813,1,250
165941,1,250
166018,1,250
166285,1,250
166490,1,250
166612,1,250
167244,1,250
167278,1,250
167381,1,250
167412,1,250
168023,1,250
168231,1,250
168608,1,250
168846,1,250
168937,1,250
168986,1,250
169051,1,250
169234,1,250
169236,1,250
169418,1,250
169568,1,250
169595,1,250
169779,1,250
170266,1,250
170327,1,250
170439,1,250
170538,1,250
170961,1,250
171126,1,250
171896,1,250
172040,1,250
172194,1,250
172389,1,250
172490,1,250
172813,1,250
173016,1,250
173037,1,250
173449,1,250
173812,1,250
173955,1,250
174012,1,250
174047,1,250
174127,1,250
174273,1,250
174597,1,250
174801,1,250
174814,1,250
175124,1,250
175555,1,250
175717,1,250
175723,1,250
175954,1,250
175992,1,250
176005,1,250
176072,1,250
176140,1,250
176245,1,250
176485,1,250
176547,1,250
176696,1,250
176808,1,250
176918,1,250
177005,1,250
177309,1,250
177411,1,250
178297,1,250
178423,1,250
178695,1,250
178827,1,250
178912,1,250
179479,1,250
179633,1,250
179833,1,250
179872,1,250
180003,1,250
180038,1,250
180072,1,250
180477,1,250
180578,1,250
180659,1,250
180766,1,250
181038,1,250
182283,1,250
182473,1,250
182483,1,250
182507,1,250
182522,1,250
182616,1,250
182668,1,250
182690,1,250
182704,1,250
182754,1,250
182916,1,250
182955,1,250
183069,1,250
183113,1,250
183275,1,250
183286,1,250
183321,1,250
183349,1,250
183454,1,250
183589,1,250
183606,1,250
183779,1,250
183950,1,250
184152,1,250
184955,1,250
185183,1,250
185198,1,250
185270,1,250
185353,1,250
185481,1,250
185489,1,250
185909,1,250
186076,1,250
186115,1,250
186154,1,250
186231,1,250
186247,1,250
186440,1,250
186463,1,250
186659,1,250
186778,1,250
186830,1,250
186929,1,250
187552,1,250
187707,1,250
188220,1,250
189010,1,250
189103,1,250
189130,1,250
189464,1,250
189484,1,250
189543,1,250
189915,1,250
190064,1,250
190099,1,250
190214,1,250
190270,1,250
190350,1,250
190955,1,250
191011,1,250
191280,1,250
191414,1,250
191568,1,250
191657,1,250
191943,1,250
191965,1,250
192171,1,250
192365,1,250
192536,1,250
192726,1,250
192769,1,250
192789,1,250
192878,1,250
193041,1,250
193053,1,250
193133,1,250
193187,1,250
193224,1,250
193261,1,250
193440,1,250
193538,1,250
193577,1,250
193660,1,250
193676,1,250
193709,1,250
194217,1,250
194429,1,250
194466,1,250
194500,1,250
195340,1,250
195571,1,250
195827,1,250
195982,1,250
196001,1,250
196084,1,250
196117,1,250
196364,1,250
196401,1,250
196473,1,250
196628,1,250
196753,1,250
196968,1,250
197023,1,250
197024,1,250
197249,1,250
197328,1,250
197368,1,250
197381,1,250
197481,1,250
197677,1,250
197781,1,250
197800,1,250
198213,1,250
198547,1,250
198832,1,250
199295,1,250
200107,1,250
200303,1,250
200590,1,250
200626,1,250
200650,1,250
200926,1,250
201131,1,250
201410,1,250
201422,1,250
201450,1,250
201510,1,250
201708,1,250
201728,1,250
201798,1,250
202143,1,250
202341,1,250
202509,1,250
202546,1,250
202568,1,250
202612,1,250
203019,1,250
203572,1,250
203674,1,250
204502,1,250
204622,1,250
204625,1,250
204687,1,250
205398,1,250
205789,1,250
205801,1,250
206453,1,250
206597,1,250
206811,1,250
206870,1,250
207010,1,250
207020,1,250
207043,1,250
207107,1,250
207192,1,250
207192,1,250
207393,1,250
207444,1,250
207632,1,250
208023,1,250
208130,1,250
208336,1,250
208489,1,250
208558,1,250
208697,1,250
208957,1,250
209022,1,250
209030,1,250
209109,1,250
209216,1,250
209395,1,250
209515,1,250
209948,1,250
210003,1,250
210290,1,250
210481,1,250
210495,1,250
210538,1,250
210674,1,250
211072,1,250
211493,1,250
211732,1,250
211808,1,250
211845,1,250
211882,1,250
211957,1,250
212671,1,250
212718,1,250
213085,1,250
213107,1,250
213112,1,250
213502,1,250
213899,1,250
214391,1,250
214489,1,250
214574,1,250
214630,1,250
214650,1,250
214864,1,250
215520,1,250
215879,1,250
216004,1,250
216098,1,250
216239,1,250
216695,1,250
216942,1,250
217063,1,250
217338,1,250
217434,1,250
217490,1,250
218075,1,250
218121,1,250
218208,1,250
218284,1,250
219201,1,250
219250,1,250
219396,1,250
220105,1,250
220305,1,250
220357,1,250
220477,1,250
220544,1,250
220604,1,250
220741,1,250
221470,1,250
221759,1,250
222124,1,250
222258,1,250
222274,1,250
222361,1,250
222369,1,250
222418,1,250
223005,1,250
223026,1,250
223328,1,250
223389,1,250
223491,1,250
223517,1,250
223640,1,250
223789,1,250
223835,1,250
224096,1,250
224203,1,250
224455,1,250
224524,1,250
224742,1,250
225789,1,250
225986,1,250
226038,1,250
226380,1,250
226394,1,250
226454,1,250
226652,1,250
227284,1,250
227288,1,250
227705,1,250
228183,1,250
228281,1,250
228364,1,250
228757,1,250
229206,1,250
229332,1,250
229634,1,250
230126,1,250
230228,1,250
230516,1,250
230520,1,250
231178,1,250
231283,1,250
231420,1,250
231463,1,250
231735,1,250
232329,1,250
232452,1,250
232727,1,250
232895,1,250
232950,1,250
233002,1,250
233207,1,250
233521,1,250
233773,1,250
234113,1,250
234138,1,250
234330,1,250
234552,1,250
234610,1,250
234833,1,250
234900,1,250
235636,1,250
235711,1,250
235880,1,250
236070,1,250
236274,1,250
236319,1,250
236689,1,250
236799,1,250
237007,1,250
237190,1,250
238057,1,250
238106,1,250
238169,1,250
238389,1,250
238624,1,250
238700,1,250
239046,1,250
239257,1,250
239323,1,250
239540,1,250
240216,1,250
240671,1,250
242116,1,250
242160,1,250
242332,1,250
243779,1,250
243803,1,250
244370,1,250
245200,1,250
245214,1,250
245273,1,250
245398,1,250
246054,1,250
246093,1,250
246117,1,250
247239,1,250
247312,1,250
247475,1,250
247485,1,250
247514,1,250
247568,1,250
247584,1,250
247733,1,250
249512,1,250
249741,1,250
249842,1,250
250325,1,250
250524,1,250
250972,1,250
251364,1,250
251602,1,250
251647,1,250
252028,1,250
252318,1,250
252813,1,250
253273,1,250
254011,1,250
254344,1,250
254586,1,250
254668,1,250
254707,1,250
255069,1,250
255134,1,250
255777,1,250
255994,1,250
256240,1,250
256276,1,250
256602,1,250
257208,1,250
257272,1,250
257315,1,250
258003,1,250
258121,1,250
258255,1,250
258589,1,250
258793,1,250
258804,1,250
259062,1,250
259285,1,250
259955,1,250
260089,1,250
260359,1,250
260525,1,250
260615,1,250
260663,1,250
260701,1,250
260787,1,250
261428,1,250
262650,1,250
262657,1,250
262831,1,250
263057,1,250
263307,1,250
263322,1,250
264833,1,250
265033,1,250
265079,1,250
265101,1,250
265734,1,250
266654,1,250
266924,1,250
267080,1,250
268619,1,250
269368,1,250
269513,1,250
269880,1,250
269991,1,250
270850,1,250
270938,1,250
271460,1,250
271898,1,250
272272,1,250
272383,1,250
272661,1,250
273138,1,250
273713,1,250
273828,1,250
275194,1,250
275372,1,250
275750,1,250
276133,1,250
277012,1,250
277098,1,250
277106,1,250
278317,1,250
278414,1,250
278910,1,250
280675,1,250
281612,1,250
282105,1,250
282363,1,250
282841,1,250
283347,1,250
284305,1,250
285125,1,250
288444,1,250
288765,1,250
290162,1,250
290166,1,250
290489,1,250
290817,1,250
290849,1,250
291086,1,250
291389,1,250
293702,1,250
295009,1,250
295574,1,250
297165,1,250
297242,1,250
297666,1,250
299749,1,250
300850,1,250
300855,1,250
302015,1,250
302169,1,250
303506,1,250
307126,1,250
308269,1,250
309325,1,250
311019,1,250
311173,1,250
311436,1,250
313176,1,250
313387,1,250
313388,1,250
314526,1,250
317171,1,250
317430,1,250
317823,1,250
319676,1,250
322403,1,250
323152,1,250
323588,1,250
324060,1,250
324532,1,250
324651,1,250
325827,1,250
326143,1,250
326329,1,250
330365,1,250
330789,1,250
330802,1,250
330833,1,250
331057,1,250
332532,1,250
332573,1,250
333349,1,250
335583,1,250
336554,1,250
337369,1,250
337634,1,250
340177,1,250
340283,1,250
341244,1,250
342194,1,250
343322,1,250
344087,1,250
344267,1,250
344715,1,250
345360,1,250
346751,1,250
347493,1,250
349040,1,250
349144,1,250
350480,1,250
350597,1,250
351650,1,250
354128,1,250
354524,1,250
355311,1,250
355411,1,250
355807,1,250
356968,1,250
357407,1,250
357591,1,250
360019,1,250
360086,1,250
360302,1,250
361618,1,250
362515,1,250
365564,1,250
366128,1,250
366471,1,250
370080,1,250
371005,1,250
376699,1,250
378572,1,250
379894,1,250
381531,1,250
383242,1,250
384067,1,250
384416,1,250
384681,1,250
384989,1,250
387296,1,250
387608,1,250
387823,1,250
388172,1,250
388328,1,250
389325,1,250
389820,1,250
389871,1,250
390657,1,250
391256,1,250
391287,1,250
391325,1,250
391787,1,250
391924,1,250
393716,1,250
394457,1,250
396477,1,250
399856,1,250
402366,1,250
402423,1,250
402437,1,250
402552,1,250
403271,1,250
403276,1,250
403401,1,250
404054,1,250
404665,1,250
404766,1,250
408574,1,250
409261,1,250
410312,1,250
410429,1,250
410596,1,250
411790,1,250
412365,1,250
414251,1,250
414268,1,250
415741,1,250
415829,1,250
417452,1,250
419904,1,250
420245,1,250
420675,1,250
421159,1,250
421816,1,250
425188,1,250
426254,1,250
426255,1,250
426757,1,250
426857,1,250
427073,1,250
427737,1,250
429202,1,250
429862,1,250
430169,1,250
430502,1,250
431805,1,250
432655,1,250
434767,1,250
435063,1,250
435673,1,250
435890,1,250
436006,1,250
436317,1,250
438087,1,250
438781,1,250
439051,1,250
441038,1,250
443019,1,250
443469,1,250
443786,1,250
444422,1,250
444815,1,250
445099,1,250
445204,1,250
446196,1,250
449371,1,250
449457,1,250
450361,1,250
450792,1,250
450832,1,250
450952,1,250
451061,1,250
451786,1,250
452476,1,250
452491,1,250
453094,1,250
454277,1,250
454521,1,250
455901,1,250
456653,1,250
457949,1,250
458210,1,250
458998,1,250
459214,1,250
459277,1,250
459606,1,250
459622,1,250
459742,1,250
459863,1,250
460928,1,250
461063,1,250
461134,1,250
461171,1,250
462028,1,250
463509,1,250
463601,1,250
463803,1,250
463834,1,250
464084,1,250
464511,1,250
464513,1,250
464652,1,250
465027,1,250
465058,1,250
465082,1,250
465492,1,250
466145,1,250
466403,1,250
467244,1,250
467805,1,250
468507,1,250
469306,1,250
470028,1,250
471478,1,250
471506,1,250
471891,1,250
472478,1,250
472692,1,250
472897,1,250
473114,1,250
473534,1,250
474003,1,250
474312,1,250
474511,1,250
474584,1,250
474676,1,250
474708,1,250
474909,1,250
475372,1,250
475697,1,250
475927,1,250
476548,1,250
476848,1,250
477580,1,250
477687,1,250
477784,1,250
477910,1,250
478100,1,250
478260,1,250
478580,1,250
478620,1,250
479080,1,250
479290,1,250
479459,1,250
479632,1,250
480109,1,250
480415,1,250
480496,1,250
480530,1,250
480535,1,250
480794,1,250
482276,1,250
482548,1,250
483112,1,250
483624,1,250
483650,1,250
484959,1,250
485042,1,250
485439,1,250
486382,1,250
486457,1,250
486940,1,250
487083,1,250
487245,1,250
487261,1,250
487964,1,250
488136,1,250
488285,1,250
488431,1,250
488559,1,250
488863,1,250
488909,1,250
489075,1,250
489867,1,250
489950,1,250
490041,1,250
490375,1,250
490759,1,250
491022,1,250
491326,1,250
491639,1,250
492686,1,250
492762,1,250
492793,1,250
494184,1,250
494681,1,250
495729,1,250
496180,1,250
497618,1,250
498248,1,250
498528,1,250
498725,1,250
498913,1,250
499120,1,250
499579,1,250
499657,1,250
499705,1,250
500399,1,250
500771,1,250
500798,1,250
500831,1,250
501840,1,250
502234,1,250
502490,1,250
502563,1,250
502724,1,250
502751,1,250
503600,1,250
503873,1,250
503977,1,250
504075,1,250
504079,1,250
504512,1,250
505321,1,250
505350,1,250
506184,1,250
506537,1,250
507645,1,250
507715,1,250
509009,1,250
509578,1,250
510165,1,250
510833,1,250
511184,1,250
511202,1,250
511317,1,250
512015,1,250
512038,1,250
512240,1,250
512346,1,250
513360,1,250
514513,1,250
515289,1,250
515735,1,250
516427,1,250
516926,1,250
517023,1,250
517084,1,250
517667,1,250
517902,1,250
517977,1,250
518142,1,250
518146,1,250
518159,1,250
518603,1,250
519039,1,250
519341,1,250
520201,1,250
520226,1,250
520850,1,250
520932,1,250
520972,1,250
521759,1,250
522101,1,250
522181,1,250
522464,1,250
522482,1,250
523170,1,250
524111,1,250
524573,1,250
525113,1,250
525985,1,250
526289,1,250
526972,1,250
527711,1,250
528884,1,250
529515,1,250
529684,1,250
530232,1,250
530851,1,250
531278,1,250
531886,1,250
532584,1,250
532605,1,250
538036,1,250
539518,1,250
540209,1,250
541144,1,250
541656,1,250
542306,1,250
543253,1,250
548843,1,250
551081,1,250
552349,1,250
559484,1,250
563439,1,250
563604,1,250
565741,1,250
566416,1,250
567048,1,250
567230,1,250
567298,1,250
568023,1,250
568041,1,250
568657,1,250
568688,1,250
569449,1,250
569572,1,250
570335,1,250
570342,1,250
570935,1,250
571255,1,250
574307,1,250
574649,1,250
575008,1,250
576445,1,250
576890,1,250
577886,1,250
577931,1,250
578300,1,250
580476,1,250
