144,1,100
249,1,100
535,1,100
657,1,100
1174,1,100
1225,1,100
1397,1,100
1438,1,100
1715,1,100
2149,1,100
2895,1,100
2964,1,100
3043,1,100
3062,1,100
3101,1,100
3686,1,100
3755,1,100
4406,1,100
4444,1,100
4575,1,100
4587,1,100
4694,1,100
5128,1,100
5356,1,100
5465,1,100
6345,1,100
6595,1,100
7082,1,100
7130,1,100
7890,1,100
8130,1,100
8139,1,100
8277,1,100
8434,1,100
8689,1,100
8780,1,100
9047,1,100
9267,1,100
9311,1,100
9488,1,100
9836,1,100
9943,1,100
9994,1,100
10042,1,100
10112,1,100
10250,1,100
10250,1,100
10278,1,100
10303,1,100
10337,1,100
10748,1,100
10753,1,100
11291,1,100
11379,1,100
11667,1,100
11670,1,100
11866,1,100
12015,1,100
12171,1,100
12720,1,100
12849,1,100
12998,1,100
13031,1,100
13545,1,100
13581,1,100
13665,1,100
14088,1,100
14136,1,100
14686,1,100
14851,1,100
15076,1,100
15078,1,100
15088,1,100
15284,1,100
15470,1,100
15479,1,100
15527,1,100
15564,1,100
16573,1,100
16702,1,100
16759,1,100
17023,1,100
17427,1,100
17458,1,100
19233,1,100
20027,1,100
20152,1,100
20159,1,100
20206,1,100
20217,1,100
20457,1,100
20477,1,100
20698,1,100
20956,1,100
21036,1,100
21055,1,100
21121,1,100
21135,1,100
21160,1,100
21209,1,100
21403,1,100
21422,1,100
21469,1,100
21483,1,100
21806,1,100
22067,1,100
22197,1,100
22209,1,100
22234,1,100
22432,1,100
22533,1,100
23009,1,100
23062,1,100
23280,1,100
23384,1,100
23419,1,100
23986,1,100
24193,1,100
24221,1,100
24331,1,100
24532,1,100
25111,1,100
25278,1,100
25339,1,100
25424,1,100
25756,1,100
26380,1,100
26454,1,100
26523,1,100
27062,1,100
27100,1,100
27204,1,100
27227,1,100
27306,1,100
27460,1,100
27508,1,100
27509,1,100
27536,1,100
28042,1,100
28162,1,100
28385,1,100
29022,1,100
29117,1,100
29274,1,100
29291,1,100
29991,1,100
30100,1,100
30299,1,100
30365,1,100
30438,1,100
30571,1,100
30661,1,100
31840,1,100
32011,1,100
32029,1,100
32069,1,100
32071,1,100
32161,1,100
32162,1,100
32180,1,100
32236,1,100
32297,1,100
32309,1,100
32396,1,100
32465,1,100
32514,1,100
32543,1,100
32575,1,100
32616,1,100
32667,1,100
32670,1,100
33028,1,100
33035,1,100
33076,1,100
33247,1,100
33256,1,100
33489,1,100
33490,1,100
33504,1,100
33582,1,100
34090,1,100
34320,1,100
34342,1,100
34439,1,100
34517,1,100
34626,1,100
35012,1,100
35126,1,100
35152,1,100
35328,1,100
35404,1,100
35481,1,100
35661,1,100
35683,1,100
36223,1,100
36363,1,100
36482,1,100
36683,1,100
36924,1,100
37095,1,100
37124,1,100
37408,1,100
37563,1,100
37606,1,100
37719,1,100
37733,1,100
38014,1,100
38140,1,100
38294,1,100
38337,1,100
38381,1,100
38405,1,100
38551,1,100
38638,1,100
39140,1,100
39201,1,100
39305,1,100
39310,1,100
39329,1,100
39533,1,100
39581,1,100
39624,1,100
39785,1,100
40296,1,100
40359,1,100
40361,1,100
40380,1,100
40600,1,100
40669,1,100
40673,1,100
41080,1,100
41091,1,100
41597,1,100
41679,1,100
42019,1,100
42164,1,100
42171,1,100
42246,1,100
42255,1,100
42257,1,100
42388,1,100
42392,1,100
42395,1,100
43629,1,100
43681,1,100
43781,1,100
43881,1,100
43882,1,100
43995,1,100
44011,1,100
44031,1,100
44034,1,100
44081,1,100
44124,1,100
44164,1,100
44200,1,100
44232,1,100
44233,1,100
44239,1,100
44311,1,100
44327,1,100
44349,1,100
44387,1,100
44457,1,100
44476,1,100
44495,1,100
44559,1,100
44635,1,100
45023,1,100
45045,1,100
45046,1,100
45049,1,100
45074,1,100
45281,1,100
45375,1,100
45486,1,100
45531,1,100
45557,1,100
45628,1,100
45635,1,100
45817,1,100
45947,1,100
45982,1,100
46056,1,100
46072,1,100
46144,1,100
46250,1,100
46514,1,100
46542,1,100
46567,1,100
46598,1,100
46605,1,100
46662,1,100
46751,1,100
46853,1,100
46948,1,100
47014,1,100
47052,1,100
47114,1,100
47123,1,100
47159,1,100
47311,1,100
47484,1,100
47524,1,100
47727,1,100
47798,1,100
47834,1,100
47887,1,100
47944,1,100
48001,1,100
48019,1,100
48023,1,100
48383,1,100
48482,1,100
48531,1,100
48557,1,100
48689,1,100
48764,1,100
48767,1,100
48777,1,100
48801,1,100
48852,1,100
48892,1,100
48910,1,100
49239,1,100
49376,1,100
49422,1,100
49478,1,100
49492,1,100
49552,1,100
49639,1,100
49798,1,100
49802,1,100
49851,1,100
50005,1,100
50051,1,100
50072,1,100
50108,1,100
50127,1,100
50193,1,100
50206,1,100
50209,1,100
50233,1,100
50308,1,100
50325,1,100
50343,1,100
50381,1,100
50441,1,100
50482,1,100
50548,1,100
50563,1,100
50641,1,100
51142,1,100
51155,1,100
51372,1,100
51383,1,100
51400,1,100
51415,1,100
51442,1,100
51458,1,100
51508,1,100
51521,1,100
51700,1,100
51832,1,100
51865,1,100
51931,1,100
52026,1,100
52121,1,100
52212,1,100
52225,1,100
52229,1,100
52449,1,100
52472,1,100
52483,1,100
52499,1,100
52600,1,100
52603,1,100
52605,1,100
53025,1,100
53045,1,100
53151,1,100
53239,1,100
53273,1,100
53303,1,100
53478,1,100
53548,1,100
53570,1,100
53674,1,100
53714,1,100
54002,1,100
54018,1,100
54206,1,100
54248,1,100
54284,1,100
54643,1,100
54674,1,100
54770,1,100
55118,1,100
55161,1,100
55162,1,100
55198,1,100
55245,1,100
55260,1,100
55294,1,100
55309,1,100
55327,1,100
55350,1,100
55361,1,100
55374,1,100
55406,1,100
55531,1,100
55594,1,100
55649,1,100
55780,1,100
56013,1,100
56058,1,100
56084,1,100
56109,1,100
56181,1,100
56271,1,100
56321,1,100
56356,1,100
56372,1,100
56389,1,100
56417,1,100
56495,1,100
56515,1,100
56545,1,100
56548,1,100
56588,1,100
56666,1,100
56694,1,100
56753,1,100
56775,1,100
56815,1,100
56849,1,100
56913,1,100
56922,1,100
57001,1,100
57108,1,100
57186,1,100
57229,1,100
57238,1,100
57240,1,100
57275,1,100
57489,1,100
57569,1,100
57583,1,100
57635,1,100
57674,1,100
57683,1,100
57685,1,100
57753,1,100
57784,1,100
57817,1,100
57855,1,100
57945,1,100
57975,1,100
57983,1,100
58113,1,100
58182,1,100
58258,1,100
58301,1,100
58417,1,100
58434,1,100
58447,1,100
58457,1,100
58488,1,100
58497,1,100
58592,1,100
58642,1,100
58643,1,100
58670,1,100
58705,1,100
58740,1,100
58755,1,100
58813,1,100
58891,1,100
59167,1,100
59283,1,100
59296,1,100
59334,1,100
59348,1,100
59361,1,100
59549,1,100
59550,1,100
59576,1,100
59626,1,100
59720,1,100
59802,1,100
59819,1,100
59951,1,100
60055,1,100
60070,1,100
60105,1,100
60142,1,100
60195,1,100
60201,1,100
60370,1,100
60394,1,100
60467,1,100
60474,1,100
60651,1,100
60716,1,100
60722,1,100
60900,1,100
60905,1,100
61009,1,100
61013,1,100
61015,1,100
61045,1,100
61068,1,100
61121,1,100
61122,1,100
61164,1,100
61176,1,100
61196,1,100
61251,1,100
61277,1,100
61296,1,100
61331,1,100
61360,1,100
61385,1,100
61457,1,100
61502,1,100
61504,1,100
61545,1,100
61589,1,100
61590,1,100
61671,1,100
62084,1,100
62127,1,100
62153,1,100
62172,1,100
62261,1,100
62268,1,100
62295,1,100
62333,1,100
62356,1,100
62386,1,100
62393,1,100
62411,1,100
62526,1,100
62542,1,100
62545,1,100
62547,1,100
62576,1,100
62620,1,100
63288,1,100
63288,1,100
63319,1,100
63323,1,100
63356,1,100
63393,1,100
63425,1,100
63600,1,100
63605,1,100
63631,1,100
63682,1,100
63749,1,100
63796,1,100
63832,1,100
63840,1,100
63846,1,100
63856,1,100
63914,1,100
63937,1,100
64054,1,100
64087,1,100
64141,1,100
64173,1,100
64230,1,100
64240,1,100
64261,1,100
64310,1,100
64314,1,100
64418,1,100
64419,1,100
64481,1,100
64622,1,100
64628,1,100
64633,1,100
64690,1,100
64805,1,100
64848,1,100
65021,1,100
65058,1,100
65129,1,100
65139,1,100
65173,1,100
65320,1,100
65354,1,100
65362,1,100
65462,1,100
65651,1,100
65667,1,100
65707,1,100
65719,1,100
65721,1,100
65775,1,100
65833,1,100
65884,1,100
66072,1,100
66078,1,100
66217,1,100
66239,1,100
66267,1,100
66319,1,100
66381,1,100
66430,1,100
66453,1,100
66499,1,100
66533,1,100
66537,1,100
66578,1,100
66643,1,100
66692,1,100
66702,1,100
66708,1,100
66758,1,100
66770,1,100
67039,1,100
67040,1,100
67041,1,100
67104,1,100
67268,1,100
67291,1,100
67294,1,100
67310,1,100
67407,1,100
67421,1,100
67421,1,100
67430,1,100
67468,1,100
67577,1,100
67588,1,100
67622,1,100
67852,1,100
67939,1,100
67995,1,100
68002,1,100
68008,1,100
68011,1,100
68050,1,100
68051,1,100
68079,1,100
68090,1,100
68105,1,100
68203,1,100
68222,1,100
68244,1,100
68325,1,100
68327,1,100
68429,1,100
68432,1,100
68443,1,100
68453,1,100
68459,1,100
68593,1,100
68595,1,100
68596,1,100
68601,1,100
68643,1,100
68644,1,100
68678,1,100
68713,1,100
68772,1,100
68838,1,100
68868,1,100
68941,1,100
69013,1,100
69013,1,100
69026,1,100
69028,1,100
69032,1,100
69044,1,100
69174,1,100
69187,1,100
69261,1,100
69264,1,100
69341,1,100
69358,1,100
69362,1,100
69374,1,100
69471,1,100
69492,1,100
69532,1,100
69567,1,100
69612,1,100
69655,1,100
69656,1,100
69668,1,100
69678,1,100
69701,1,100
69757,1,100
69786,1,100
69791,1,100
69802,1,100
69902,1,100
69913,1,100
70016,1,100
70044,1,100
70057,1,100
70065,1,100
70118,1,100
70132,1,100
70140,1,100
70190,1,100
70194,1,100
70253,1,100
70312,1,100
70318,1,100
70357,1,100
70402,1,100
70416,1,100
70428,1,100
70553,1,100
70581,1,100
70596,1,100
70601,1,100
70612,1,100
70639,1,100
70647,1,100
70700,1,100
70783,1,100
70822,1,100
71050,1,100
71059,1,100
71100,1,100
71100,1,100
71146,1,100
71162,1,100
71181,1,100
71229,1,100
71232,1,100
71297,1,100
71390,1,100
71453,1,100
71489,1,100
71497,1,100
71513,1,100
71523,1,100
71569,1,100
71574,1,100
71654,1,100
71718,1,100
71785,1,100
71792,1,100
71803,1,100
71805,1,100
71856,1,100
71899,1,100
71966,1,100
72014,1,100
72036,1,100
72056,1,100
72056,1,100
72176,1,100
72180,1,100
72186,1,100
72200,1,100
72223,1,100
72288,1,100
72319,1,100
72434,1,100
72445,1,100
72550,1,100
72593,1,100
72597,1,100
72644,1,100
72654,1,100
72684,1,100
72754,1,100
72782,1,100
72904,1,100
72979,1,100
73014,1,100
73043,1,100
73055,1,100
73068,1,100
73130,1,100
73138,1,100
73188,1,100
73204,1,100
73212,1,100
73229,1,100
73269,1,100
73383,1,100
73401,1,100
73420,1,100
73432,1,100
73494,1,100
73502,1,100
73502,1,100
73572,1,100
73673,1,100
73680,1,100
73687,1,100
73709,1,100
73711,1,100
73760,1,100
73834,1,100
73859,1,100
73861,1,100
73903,1,100
74011,1,100
74075,1,100
74126,1,100
74150,1,100
74201,1,100
74217,1,100
74223,1,100
74247,1,100
74256,1,100
74299,1,100
74405,1,100
74421,1,100
74522,1,100
74531,1,100
74595,1,100
74733,1,100
74747,1,100
74794,1,100
74801,1,100
74813,1,100
74837,1,100
74884,1,100
74911,1,100
74931,1,100
74939,1,100
75037,1,100
75067,1,100
75074,1,100
75110,1,100
75203,1,100
75231,1,100
75232,1,100
75251,1,100
75269,1,100
75349,1,100
75473,1,100
75499,1,100
75552,1,100
75884,1,100
75890,1,100
75929,1,100
76002,1,100
76003,1,100
76010,1,100
76016,1,100
76018,1,100
76049,1,100
76093,1,100
76102,1,100
76123,1,100
76134,1,100
76191,1,100
76218,1,100
76223,1,100
76240,1,100
76255,1,100
76264,1,100
76325,1,100
76345,1,100
76362,1,100
76391,1,100
76421,1,100
76432,1,100
76452,1,100
76460,1,100
76494,1,100
76553,1,100
76589,1,100
76589,1,100
76592,1,100
76632,1,100
76635,1,100
76658,1,100
76668,1,100
76755,1,100
76773,1,100
77044,1,100
77055,1,100
77101,1,100
77152,1,100
77188,1,100
77199,1,100
77246,1,100
77273,1,100
77282,1,100
77294,1,100
77344,1,100
77356,1,100
77359,1,100
77400,1,100
77405,1,100
77464,1,100
77579,1,100
77588,1,100
77663,1,100
77696,1,100
77699,1,100
77729,1,100
77739,1,100
77885,1,100
77943,1,100
78031,1,100
78041,1,100
78044,1,100
78116,1,100
78131,1,100
78165,1,100
78190,1,100
78299,1,100
78395,1,100
78411,1,100
78428,1,100
78450,1,100
78529,1,100
78553,1,100
78612,1,100
78618,1,100
78626,1,100
78627,1,100
78671,1,100
78719,1,100
78749,1,100
78770,1,100
78793,1,100
78851,1,100
79082,1,100
79109,1,100
79129,1,100
79219,1,100
79225,1,100
79295,1,100
79597,1,100
79605,1,100
79607,1,100
79679,1,100
79811,1,100
79812,1,100
79815,1,100
79910,1,100
79920,1,100
79951,1,100
80017,1,100
80042,1,100
80046,1,100
80046,1,100
80051,1,100
80059,1,100
80064,1,100
80066,1,100
80102,1,100
80110,1,100
80111,1,100
80120,1,100
80136,1,100
80146,1,100
80161,1,100
80200,1,100
80223,1,100
80229,1,100
80246,1,100
80293,1,100
80293,1,100
80311,1,100
80328,1,100
80348,1,100
80422,1,100
80447,1,100
80455,1,100
80471,1,100
80512,1,100
80512,1,100
80577,1,100
80618,1,100
80659,1,100
80699,1,100
80716,1,100
80724,1,100
80734,1,100
80745,1,100
80746,1,100
80766,1,100
80797,1,100
80799,1,100
80823,1,100
80830,1,100
80840,1,100
81081,1,100
81119,1,100
81138,1,100
81149,1,100
81195,1,100
81200,1,100
81210,1,100
81213,1,100
81238,1,100
81261,1,100
81302,1,100
81303,1,100
81351,1,100
81360,1,100
81371,1,100
81386,1,100
81413,1,100
81417,1,100
81462,1,100
81521,1,100
81543,1,100
81559,1,100
81562,1,100
81583,1,100
81604,1,100
81676,1,100
81705,1,100
81728,1,100
81767,1,100
81819,1,100
82036,1,100
82056,1,100
82091,1,100
82096,1,100
82113,1,100
82138,1,100
82148,1,100
82155,1,100
82169,1,100
82235,1,100
82373,1,100
82394,1,100
82414,1,100
82487,1,100
82594,1,100
82607,1,100
82616,1,100
82662,1,100
82689,1,100
82702,1,100
82757,1,100
82822,1,100
82841,1,100
82863,1,100
82877,1,100
82881,1,100
82893,1,100
82964,1,100
83012,1,100
83025,1,100
83033,1,100
83035,1,100
83066,1,100
83081,1,100
83107,1,100
83124,1,100
83152,1,100
83172,1,100
83179,1,100
83188,1,100
83221,1,100
83300,1,100
83322,1,100
83328,1,100
83338,1,100
83441,1,100
83725,1,100
83737,1,100
83752,1,100
83763,1,100
83778,1,100
83815,1,100
83845,1,100
83886,1,100
83906,1,100
83963,1,100
84020,1,100
84030,1,100
84062,1,100
84146,1,100
84158,1,100
84200,1,100
84239,1,100
84278,1,100
84292,1,100
84321,1,100
84336,1,100
84361,1,100
84362,1,100
84385,1,100
84433,1,100
84532,1,100
84540,1,100
84545,1,100
84613,1,100
84614,1,100
84638,1,100
84645,1,100
84672,1,100
84685,1,100
84697,1,100
84717,1,100
84828,1,100
84840,1,100
84904,1,100
85037,1,100
85046,1,100
85054,1,100
85055,1,100
85058,1,100
85061,1,100
85144,1,100
85170,1,100
85315,1,100
85493,1,100
85499,1,100
85505,1,100
85593,1,100
85600,1,100
85634,1,100
85692,1,100
85704,1,100
85709,1,100
85733,1,100
85740,1,100
85790,1,100
85798,1,100
85951,1,100
86028,1,100
86054,1,100
86086,1,100
86112,1,100
86136,1,100
86154,1,100
86160,1,100
86167,1,100
86176,1,100
86190,1,100
86206,1,100
86210,1,100
86216,1,100
86233,1,100
86244,1,100
86250,1,100
86335,1,100
86379,1,100
86383,1,100
86447,1,100
86458,1,100
86473,1,100
86504,1,100
86517,1,100
86532,1,100
86544,1,100
86597,1,100
86603,1,100
86683,1,100
86721,1,100
86731,1,100
86799,1,100
86973,1,100
87000,1,100
87002,1,100
87025,1,100
87079,1,100
87089,1,100
87109,1,100
87174,1,100
87187,1,100
87249,1,100
87259,1,100
87289,1,100
87346,1,100
87350,1,100
87385,1,100
87387,1,100
87420,1,100
87460,1,100
87469,1,100
87534,1,100
87547,1,100
87614,1,100
87677,1,100
87684,1,100
87702,1,100
87726,1,100
87730,1,100
87746,1,100
87746,1,100
87767,1,100
87769,1,100
88097,1,100
88111,1,100
88133,1,100
88158,1,100
88163,1,100
88164,1,100
88198,1,100
88225,1,100
88272,1,100
88380,1,100
88470,1,100
88482,1,100
88498,1,100
88537,1,100
88564,1,100
88614,1,100
88625,1,100
88654,1,100
88666,1,100
88687,1,100
88796,1,100
88808,1,100
89014,1,100
89040,1,100
89067,1,100
89070,1,100
89105,1,100
89136,1,100
89157,1,100
89164,1,100
89174,1,100
89213,1,100
89226,1,100
89240,1,100
89243,1,100
89243,1,100
89266,1,100
89274,1,100
89313,1,100
89315,1,100
89350,1,100
89396,1,100
89397,1,100
89408,1,100
89423,1,100
89486,1,100
89493,1,100
89514,1,100
89568,1,100
89586,1,100
89616,1,100
89707,1,100
89719,1,100
89762,1,100
90088,1,100
90138,1,100
90189,1,100
90199,1,100
90237,1,100
90278,1,100
90299,1,100
90299,1,100
90312,1,100
90348,1,100
90357,1,100
90366,1,100
90435,1,100
90537,1,100
90544,1,100
90638,1,100
90643,1,100
90676,1,100
90729,1,100
90750,1,100
90754,1,100
90789,1,100
90844,1,100
90851,1,100
90852,1,100
90900,1,100
90930,1,100
90940,1,100
91023,1,100
91037,1,100
91073,1,100
91096,1,100
91102,1,100
91108,1,100
91158,1,100
91320,1,100
91457,1,100
91471,1,100
91569,1,100
91735,1,100
91757,1,100
91804,1,100
91870,1,100
91891,1,100
91898,1,100
91954,1,100
91965,1,100
92017,1,100
92029,1,100
92075,1,100
92083,1,100
92094,1,100
92095,1,100
92097,1,100
92105,1,100
92128,1,100
92131,1,100
92136,1,100
92143,1,100
92171,1,100
92197,1,100
92197,1,100
92206,1,100
92228,1,100
92231,1,100
92237,1,100
92238,1,100
92241,1,100
92244,1,100
92259,1,100
92275,1,100
92275,1,100
92276,1,100
92280,1,100
92282,1,100
92308,1,100
92342,1,100
92369,1,100
92399,1,100
92421,1,100
92422,1,100
92432,1,100
92451,1,100
92464,1,100
92471,1,100
92475,1,100
92484,1,100
92526,1,100
92555,1,100
92559,1,100
92563,1,100
92576,1,100
92607,1,100
92611,1,100
92634,1,100
92638,1,100
92642,1,100
93027,1,100
93055,1,100
93082,1,100
93100,1,100
93100,1,100
93157,1,100
93193,1,100
93295,1,100
93342,1,100
93343,1,100
93348,1,100
93379,1,100
93417,1,100
93438,1,100
93472,1,100
93474,1,100
93497,1,100
93536,1,100
93543,1,100
93553,1,100
93568,1,100
93594,1,100
93626,1,100
93658,1,100
93775,1,100
93790,1,100
93807,1,100
93868,1,100
93897,1,100
93908,1,100
94020,1,100
94037,1,100
94039,1,100
94061,1,100
94077,1,100
94082,1,100
94084,1,100
94105,1,100
94105,1,100
94118,1,100
94180,1,100
94189,1,100
94259,1,100
94264,1,100
94280,1,100
94281,1,100
94320,1,100
94358,1,100
94370,1,100
94418,1,100
94421,1,100
94509,1,100
94563,1,100
94610,1,100
94616,1,100
94670,1,100
94711,1,100
94802,1,100
94916,1,100
95001,1,100
95021,1,100
95034,1,100
95034,1,100
95051,1,100
95062,1,100
95136,1,100
95181,1,100
95219,1,100
95325,1,100
95382,1,100
95404,1,100
95450,1,100
95481,1,100
95497,1,100
95509,1,100
95511,1,100
95537,1,100
95545,1,100
95654,1,100
95673,1,100
95698,1,100
95706,1,100
95738,1,100
95822,1,100
95890,1,100
95898,1,100
95972,1,100
95998,1,100
96032,1,100
96078,1,100
96109,1,100
96147,1,100
96189,1,100
96200,1,100
96213,1,100
96221,1,100
96228,1,100
96236,1,100
96299,1,100
96341,1,100
96349,1,100
96386,1,100
96498,1,100
96504,1,100
96531,1,100
96593,1,100
96607,1,100
96610,1,100
96639,1,100
96685,1,100
96728,1,100
96731,1,100
96734,1,100
96743,1,100
96834,1,100
96852,1,100
96926,1,100
96963,1,100
96993,1,100
97046,1,100
97102,1,100
97118,1,100
97142,1,100
97192,1,100
97231,1,100
97239,1,100
97279,1,100
97315,1,100
97355,1,100
97435,1,100
97441,1,100
97450,1,100
97498,1,100
97542,1,100
97689,1,100
97733,1,100
97789,1,100
97808,1,100
97815,1,100
97820,1,100
97898,1,100
97903,1,100
97920,1,100
97954,1,100
97956,1,100
97997,1,100
98002,1,100
98004,1,100
98057,1,100
98062,1,100
98099,1,100
98165,1,100
98269,1,100
98319,1,100
98320,1,100
98346,1,100
98356,1,100
98429,1,100
98491,1,100
98521,1,100
98533,1,100
98566,1,100
98581,1,100
98582,1,100
98587,1,100
98588,1,100
98616,1,100
98620,1,100
98651,1,100
98724,1,100
98733,1,100
98755,1,100
98787,1,100
98813,1,100
98968,1,100
99074,1,100
99093,1,100
99102,1,100
99107,1,100
99118,1,100
99188,1,100
99225,1,100
99262,1,100
99269,1,100
99284,1,100
99308,1,100
99323,1,100
99402,1,100
99409,1,100
99540,1,100
99555,1,100
99571,1,100
99573,1,100
99619,1,100
99622,1,100
99738,1,100
99738,1,100
99757,1,100
99809,1,100
99844,1,100
99868,1,100
99877,1,100
99892,1,100
99916,1,100
100010,1,100
100033,1,100
100069,1,100
100114,1,100
100117,1,100
100197,1,100
100236,1,100
100268,1,100
100287,1,100
100310,1,100
100344,1,100
100365,1,100
100422,1,100
100474,1,100
100543,1,100
100565,1,100
100575,1,100
100703,1,100
100711,1,100
100723,1,100
100770,1,100
100824,1,100
100837,1,100
100925,1,100
100950,1,100
100958,1,100
101003,1,100
101008,1,100
101070,1,100
101105,1,100
101166,1,100
101197,1,100
101241,1,100
101253,1,100
101269,1,100
101281,1,100
101289,1,100
101321,1,100
101371,1,100
101456,1,100
101470,1,100
101540,1,100
101550,1,100
101584,1,100
101606,1,100
101608,1,100
101619,1,100
101631,1,100
101656,1,100
101700,1,100
101715,1,100
101728,1,100
101772,1,100
102021,1,100
102112,1,100
102144,1,100
102319,1,100
102354,1,100
102448,1,100
102456,1,100
102490,1,100
102521,1,100
102537,1,100
102542,1,100
102647,1,100
102678,1,100
102703,1,100
102761,1,100
102796,1,100
102813,1,100
102814,1,100
102825,1,100
102845,1,100
102846,1,100
102885,1,100
102961,1,100
102967,1,100
102976,1,100
103000,1,100
103008,1,100
103047,1,100
103048,1,100
103080,1,100
103091,1,100
103105,1,100
103180,1,100
103195,1,100
103205,1,100
103278,1,100
103281,1,100
103328,1,100
103384,1,100
103414,1,100
103443,1,100
103451,1,100
103480,1,100
103557,1,100
103576,1,100
103587,1,100
103604,1,100
103622,1,100
103717,1,100
103756,1,100
104014,1,100
104049,1,100
104076,1,100
104188,1,100
104258,1,100
104263,1,100
104271,1,100
104273,1,100
104303,1,100
104308,1,100
104343,1,100
104366,1,100
104377,1,100
104410,1,100
104411,1,100
104428,1,100
104494,1,100
104528,1,100
104529,1,100
104559,1,100
104560,1,100
104600,1,100
104635,1,100
104636,1,100
104670,1,100
104696,1,100
104720,1,100
104784,1,100
104804,1,100
104847,1,100
104883,1,100
105085,1,100
105120,1,100
105142,1,100
105179,1,100
105231,1,100
105255,1,100
105300,1,100
105338,1,100
105428,1,100
105511,1,100
105515,1,100
105547,1,100
105588,1,100
105601,1,100
105683,1,100
105767,1,100
105842,1,100
105844,1,100
105890,1,100
105939,1,100
105943,1,100
106004,1,100
106039,1,100
106062,1,100
106068,1,100
106151,1,100
106167,1,100
106183,1,100
106187,1,100
106193,1,100
106197,1,100
106266,1,100
106311,1,100
106372,1,100
106387,1,100
106461,1,100
106527,1,100
106560,1,100
106594,1,100
106806,1,100
106905,1,100
106916,1,100
106921,1,100
106931,1,100
106995,1,100
107008,1,100
107046,1,100
107058,1,100
107078,1,100
107191,1,100
107197,1,100
107235,1,100
107258,1,100
107264,1,100
107293,1,100
107299,1,100
107336,1,100
107343,1,100
107359,1,100
107421,1,100
107441,1,100
107537,1,100
107566,1,100
107589,1,100
107615,1,100
107634,1,100
107680,1,100
107750,1,100
108024,1,100
108043,1,100
108047,1,100
108056,1,100
108063,1,100
108066,1,100
108159,1,100
108174,1,100
108178,1,100
108346,1,100
108467,1,100
108550,1,100
108558,1,100
108603,1,100
108615,1,100
108659,1,100
108709,1,100
108738,1,100
108754,1,100
108765,1,100
109044,1,100
109053,1,100
109226,1,100
109230,1,100
109248,1,100
109256,1,100
109289,1,100
109332,1,100
109361,1,100
109372,1,100
109407,1,100
109420,1,100
109442,1,100
109546,1,100
109557,1,100
109616,1,100
109703,1,100
109723,1,100
109778,1,100
109789,1,100
109851,1,100
109877,1,100
110051,1,100
110069,1,100
110158,1,100
110168,1,100
110198,1,100
110200,1,100
110200,1,100
110249,1,100
110261,1,100
110409,1,100
110512,1,100
110519,1,100
110555,1,100
110625,1,100
110675,1,100
110696,1,100
110723,1,100
110741,1,100
110751,1,100
110837,1,100
110853,1,100
110868,1,100
111034,1,100
111042,1,100
111122,1,100
111172,1,100
111185,1,100
111217,1,100
111336,1,100
111364,1,100
111408,1,100
111427,1,100
111496,1,100
111575,1,100
111595,1,100
111598,1,100
111617,1,100
111619,1,100
111641,1,100
111802,1,100
111816,1,100
111821,1,100
111824,1,100
111879,1,100
111988,1,100
112031,1,100
112234,1,100
112264,1,100
112331,1,100
112354,1,100
112485,1,100
112538,1,100
112586,1,100
112602,1,100
112620,1,100
112653,1,100
112657,1,100
112659,1,100
112664,1,100
112666,1,100
112710,1,100
112789,1,100
112797,1,100
112851,1,100
112885,1,100
113066,1,100
113107,1,100
113229,1,100
113279,1,100
113342,1,100
113385,1,100
113588,1,100
113604,1,100
113614,1,100
113647,1,100
113671,1,100
113758,1,100
113784,1,100
113819,1,100
113857,1,100
113911,1,100
113973,1,100
114006,1,100
114028,1,100
114051,1,100
114056,1,100
114059,1,100
114073,1,100
114088,1,100
114100,1,100
114109,1,100
114180,1,100
114259,1,100
114296,1,100
114410,1,100
114422,1,100
114510,1,100
114525,1,100
114538,1,100
114686,1,100
114695,1,100
114714,1,100
114919,1,100
114958,1,100
114960,1,100
115005,1,100
115117,1,100
115132,1,100
115146,1,100
115148,1,100
115207,1,100
115227,1,100
115227,1,100
115249,1,100
115282,1,100
115369,1,100
115430,1,100
115490,1,100
115494,1,100
115577,1,100
115592,1,100
115611,1,100
115645,1,100
115649,1,100
115660,1,100
116013,1,100
116025,1,100
116061,1,100
116074,1,100
116176,1,100
116305,1,100
116398,1,100
116432,1,100
116446,1,100
116456,1,100
116469,1,100
116494,1,100
116516,1,100
116589,1,100
116602,1,100
116617,1,100
116625,1,100
116640,1,100
116715,1,100
116727,1,100
116734,1,100
116748,1,100
117019,1,100
117055,1,100
117156,1,100
117170,1,100
117201,1,100
117208,1,100
117255,1,100
117273,1,100
117292,1,100
117311,1,100
117355,1,100
117474,1,100
117506,1,100
117582,1,100
117799,1,100
117929,1,100
118005,1,100
118045,1,100
118136,1,100
118175,1,100
118202,1,100
118496,1,100
118528,1,100
118732,1,100
118886,1,100
118908,1,100
119081,1,100
119116,1,100
119130,1,100
119162,1,100
119213,1,100
119224,1,100
119242,1,100
119263,1,100
119265,1,100
119294,1,100
119306,1,100
119337,1,100
119406,1,100
119419,1,100
119423,1,100
119428,1,100
119442,1,100
119453,1,100
119470,1,100
119489,1,100
119643,1,100
120004,1,100
120033,1,100
120060,1,100
120072,1,100
120101,1,100
120102,1,100
120135,1,100
120153,1,100
120207,1,100
120270,1,100
120301,1,100
120308,1,100
120425,1,100
120436,1,100
120475,1,100
121094,1,100
121172,1,100
121203,1,100
121404,1,100
121506,1,100
121562,1,100
121562,1,100
121718,1,100
121834,1,100
121917,1,100
121935,1,100
121942,1,100
122101,1,100
122208,1,100
122215,1,100
122242,1,100
122317,1,100
122443,1,100
122484,1,100
122517,1,100
122554,1,100
122730,1,100
122769,1,100
122799,1,100
122843,1,100
122931,1,100
122958,1,100
122978,1,100
123016,1,100
123022,1,100
123172,1,100
123242,1,100
123271,1,100
123289,1,100
123370,1,100
123419,1,100
123463,1,100
123472,1,100
123494,1,100
123519,1,100
123629,1,100
123759,1,100
123819,1,100
123914,1,100
124107,1,100
124174,1,100
124218,1,100
124271,1,100
124384,1,100
124608,1,100
124680,1,100
124715,1,100
124851,1,100
124901,1,100
124915,1,100
124962,1,100
125036,1,100
125053,1,100
125074,1,100
125101,1,100
125104,1,100
125345,1,100
125352,1,100
125394,1,100
125781,1,100
125788,1,100
125789,1,100
126005,1,100
126121,1,100
126157,1,100
126181,1,100
126191,1,100
126258,1,100
126301,1,100
126434,1,100
126507,1,100
126596,1,100
126612,1,100
126675,1,100
126729,1,100
126764,1,100
126883,1,100
127074,1,100
127077,1,100
127120,1,100
127125,1,100
127205,1,100
127222,1,100
127403,1,100
127420,1,100
127465,1,100
127493,1,100
127530,1,100
127577,1,100
128092,1,100
128176,1,100
128202,1,100
128293,1,100
128293,1,100
128301,1,100
128304,1,100
128310,1,100
128318,1,100
128392,1,100
128440,1,100
128478,1,100
128505,1,100
128580,1,100
128672,1,100
128728,1,100
129003,1,100
129105,1,100
129165,1,100
129185,1,100
129352,1,100
129356,1,100
129370,1,100
129430,1,100
129441,1,100
129456,1,100
129460,1,100
130068,1,100
130197,1,100
130202,1,100
130226,1,100
130239,1,100
130469,1,100
130492,1,100
130583,1,100
130794,1,100
130867,1,100
130886,1,100
131006,1,100
131075,1,100
131165,1,100
131264,1,100
131272,1,100
131406,1,100
131467,1,100
131516,1,100
131520,1,100
131535,1,100
132047,1,100
132260,1,100
132387,1,100
132723,1,100
132780,1,100
132803,1,100
133102,1,100
133149,1,100
133161,1,100
133208,1,100
133336,1,100
133343,1,100
133458,1,100
133479,1,100
133572,1,100
133588,1,100
133629,1,100
134053,1,100
134213,1,100
134437,1,100
134453,1,100
134459,1,100
134507,1,100
134573,1,100
134604,1,100
134664,1,100
135001,1,100
135189,1,100
135208,1,100
135259,1,100
135308,1,100
135446,1,100
135537,1,100
135539,1,100
135761,1,100
135877,1,100
136385,1,100
136445,1,100
136574,1,100
136899,1,100
136979,1,100
137053,1,100
137106,1,100
137204,1,100
137408,1,100
137412,1,100
137429,1,100
137501,1,100
137614,1,100
137639,1,100
137670,1,100
137819,1,100
138223,1,100
138258,1,100
138333,1,100
138364,1,100
138420,1,100
138425,1,100
138518,1,100
138527,1,100
138563,1,100
139336,1,100
139341,1,100
139342,1,100
139535,1,100
139618,1,100
139638,1,100
140007,1,100
140042,1,100
140109,1,100
140109,1,100
140115,1,100
140250,1,100
140311,1,100
140374,1,100
140387,1,100
140726,1,100
140747,1,100
141188,1,100
141773,1,100
141958,1,100
142059,1,100
142105,1,100
142179,1,100
142217,1,100
142318,1,100
142439,1,100
142489,1,100
142882,1,100
143161,1,100
143434,1,100
143634,1,100
143783,1,100
144190,1,100
144201,1,100
144207,1,100
144232,1,100
144332,1,100
144387,1,100
144483,1,100
144553,1,100
144762,1,100
144794,1,100
145003,1,100
145021,1,100
145256,1,100
145523,1,100
145758,1,100
145817,1,100
145851,1,100
146474,1,100
146520,1,100
146803,1,100
146835,1,100
146855,1,100
147035,1,100
147164,1,100
147470,1,100
147509,1,100
147603,1,100
147690,1,100
147978,1,100
148301,1,100
148356,1,100
148507,1,100
148678,1,100
149267,1,100
149434,1,100
149785,1,100
149914,1,100
149932,1,100
150586,1,100
151143,1,100
151265,1,100
151443,1,100
151557,1,100
151800,1,100
152116,1,100
152180,1,100
152477,1,100
152593,1,100
152637,1,100
152638,1,100
152812,1,100
152858,1,100
152879,1,100
152933,1,100
153044,1,100
153179,1,100
153396,1,100
153463,1,100
153585,1,100
153639,1,100
154019,1,100
154070,1,100
154762,1,100
155018,1,100
155200,1,100
155466,1,100
155640,1,100
155949,1,100
156035,1,100
156483,1,100
157112,1,100
157313,1,100
157511,1,100
157700,1,100
158044,1,100
158065,1,100
158180,1,100
158327,1,100
158398,1,100
158428,1,100
158488,1,100
158725,1,100
159129,1,100
159330,1,100
159387,1,100
159534,1,100
159538,1,100
159577,1,100
159644,1,100
161118,1,100
161218,1,100
161230,1,100
161882,1,100
162718,1,100
163143,1,100
163251,1,100
163994,1,100
164020,1,100
164089,1,100
164125,1,100
164237,1,100
164254,1,100
164316,1,100
164360,1,100
164501,1,100
164727,1,100
164728,1,100
164780,1,100
165281,1,100
165843,1,100
166104,1,100
166116,1,100
166139,1,100
166255,1,100
166279,1,100
166379,1,100
166424,1,100
166778,1,100
167101,1,100
167266,1,100
167439,1,100
167827,1,100
168004,1,100
168958,1,100
169163,1,100
169608,1,100
169654,1,100
169899,1,100
170006,1,100
170228,1,100
170540,1,100
170764,1,100
171033,1,100
171063,1,100
171118,1,100
171121,1,100
171363,1,100
172036,1,100
172166,1,100
172363,1,100
173196,1,100
173438,1,100
173894,1,100
174129,1,100
174400,1,100
174555,1,100
175468,1,100
175965,1,100
176036,1,100
176209,1,100
176223,1,100
176309,1,100
176373,1,100
176402,1,100
176425,1,100
176481,1,100
176660,1,100
176673,1,100
176686,1,100
176746,1,100
177093,1,100
177205,1,100
177667,1,100
177900,1,100
178017,1,100
178023,1,100
178118,1,100
178634,1,100
178735,1,100
178737,1,100
178959,1,100
179167,1,100
179302,1,100
179310,1,100
179338,1,100
180028,1,100
180047,1,100
181023,1,100
181067,1,100
181176,1,100
181518,1,100
182350,1,100
182689,1,100
182820,1,100
183006,1,100
183033,1,100
183173,1,100
183201,1,100
183480,1,100
183675,1,100
183826,1,100
184295,1,100
184342,1,100
184516,1,100
184688,1,100
185067,1,100
185499,1,100
186388,1,100
186390,1,100
186503,1,100
186694,1,100
186940,1,100
187011,1,100
187197,1,100
188141,1,100
188209,1,100
188264,1,100
188268,1,100
188273,1,100
188303,1,100
188376,1,100
188393,1,100
188429,1,100
188540,1,100
188613,1,100
189185,1,100
189816,1,100
190075,1,100
190186,1,100
190216,1,100
190321,1,100
190442,1,100
190450,1,100
191205,1,100
191633,1,100
191999,1,100
192103,1,100
192177,1,100
192282,1,100
192312,1,100
192538,1,100
192746,1,100
193302,1,100
193334,1,100
193935,1,100
193983,1,100
194014,1,100
194085,1,100
194989,1,100
195151,1,100
195175,1,100
195177,1,100
195259,1,100
195288,1,100
195444,1,100
195611,1,100
195874,1,100
196329,1,100
196981,1,100
197072,1,100
197090,1,100
197107,1,100
197231,1,100
197377,1,100
198205,1,100
198448,1,100
198497,1,100
198733,1,100
199447,1,100
200004,1,100
200080,1,100
200089,1,100
200136,1,100
200167,1,100
200181,1,100
200323,1,100
200467,1,100
200483,1,100
200620,1,100
200646,1,100
200647,1,100
200666,1,100
200720,1,100
200816,1,100
200907,1,100
201113,1,100
201116,1,100
201167,1,100
201201,1,100
201276,1,100
202022,1,100
202108,1,100
202123,1,100
202548,1,100
202735,1,100
203158,1,100
203172,1,100
203248,1,100
203433,1,100
203559,1,100
204036,1,100
204060,1,100
204063,1,100
204210,1,100
204240,1,100
204353,1,100
204769,1,100
205080,1,100
205410,1,100
205710,1,100
205856,1,100
206059,1,100
206121,1,100
206167,1,100
206238,1,100
206244,1,100
206283,1,100
206768,1,100
207171,1,100
207189,1,100
207381,1,100
207452,1,100
207497,1,100
207663,1,100
208331,1,100
208479,1,100
208675,1,100
209145,1,100
209187,1,100
209346,1,100
209477,1,100
210228,1,100
210285,1,100
210556,1,100
210992,1,100
211063,1,100
211097,1,100
211407,1,100
211447,1,100
211713,1,100
212041,1,100
212099,1,100
212184,1,100
212208,1,100
212218,1,100
212312,1,100
212336,1,100
212349,1,100
212448,1,100
212523,1,100
212603,1,100
212745,1,100
212980,1,100
213238,1,100
213273,1,100
213278,1,100
213367,1,100
213412,1,100
213526,1,100
213736,1,100
213914,1,100
214082,1,100
214087,1,100
214099,1,100
214157,1,100
214722,1,100
214728,1,100
215344,1,100
215389,1,100
215415,1,100
215467,1,100
215601,1,100
215794,1,100
216003,1,100
216173,1,100
216308,1,100
216425,1,100
216572,1,100
216891,1,100
217070,1,100
217150,1,100
217221,1,100
217435,1,100
217722,1,100
218150,1,100
218451,1,100
218459,1,100
218464,1,100
218945,1,100
218973,1,100
219003,1,100
219054,1,100
219067,1,100
219130,1,100
219228,1,100
219282,1,100
219389,1,100
219785,1,100
219841,1,100
220105,1,100
220134,1,100
220137,1,100
220144,1,100
220159,1,100
220159,1,100
221428,1,100
222018,1,100
222098,1,100
222256,1,100
222852,1,100
222864,1,100
222947,1,100
223005,1,100
223024,1,100
223029,1,100
223046,1,100
223112,1,100
223121,1,100
223140,1,100
223248,1,100
223295,1,100
223421,1,100
223456,1,100
223864,1,100
224027,1,100
224046,1,100
224137,1,100
224219,1,100
224248,1,100
224263,1,100
224356,1,100
224409,1,100
224414,1,100
224480,1,100
224515,1,100
224533,1,100
224792,1,100
224795,1,100
224872,1,100
225140,1,100
225236,1,100
225312,1,100
225350,1,100
225600,1,100
225616,1,100
225616,1,100
225672,1,100
225678,1,100
225703,1,100
225842,1,100
226018,1,100
226058,1,100
226063,1,100
226266,1,100
226303,1,100
226391,1,100
226405,1,100
226412,1,100
226458,1,100
226503,1,100
226544,1,100
226620,1,100
226629,1,100
227033,1,100
227048,1,100
227277,1,100
227296,1,100
227462,1,100
227555,1,100
227633,1,100
227642,1,100
227782,1,100
227812,1,100
227819,1,100
227830,1,100
227835,1,100
228104,1,100
228252,1,100
228345,1,100
228456,1,100
228581,1,100
228660,1,100
228925,1,100
228994,1,100
229000,1,100
229005,1,100
229021,1,100
229021,1,100
229097,1,100
229151,1,100
229259,1,100
229344,1,100
229363,1,100
229421,1,100
229549,1,100
229631,1,100
230137,1,100
230148,1,100
230195,1,100
230339,1,100
230346,1,100
230531,1,100
230555,1,100
230616,1,100
230630,1,100
230640,1,100
230702,1,100
230718,1,100
231062,1,100
231068,1,100
231316,1,100
231505,1,100
231572,1,100
231602,1,100
231613,1,100
231698,1,100
231762,1,100
231786,1,100
232263,1,100
232730,1,100
232971,1,100
233001,1,100
233024,1,100
233194,1,100
233223,1,100
233271,1,100
233325,1,100
233406,1,100
233546,1,100
233620,1,100
233661,1,100
233685,1,100
233739,1,100
234038,1,100
234118,1,100
234143,1,100
234184,1,100
234198,1,100
234244,1,100
234245,1,100
234456,1,100
234489,1,100
234490,1,100
234529,1,100
234533,1,100
234624,1,100
234747,1,100
235004,1,100
235013,1,100
235042,1,100
235061,1,100
235232,1,100
235233,1,100
235286,1,100
235591,1,100
235711,1,100
235789,1,100
236003,1,100
236097,1,100
236115,1,100
236197,1,100
236221,1,100
236239,1,100
236260,1,100
236330,1,100
236337,1,100
236355,1,100
236414,1,100
236445,1,100
236543,1,100
236596,1,100
236611,1,100
236640,1,100
236786,1,100
236833,1,100
236899,1,100
237059,1,100
237108,1,100
237125,1,100
237188,1,100
237224,1,100
237256,1,100
237257,1,100
237318,1,100
237471,1,100
237492,1,100
237525,1,100
237548,1,100
238031,1,100
238061,1,100
238290,1,100
238347,1,100
238479,1,100
238536,1,100
238748,1,100
238788,1,100
238790,1,100
238854,1,100
239006,1,100
239051,1,100
239124,1,100
239124,1,100
239145,1,100
239284,1,100
239349,1,100
239610,1,100
239665,1,100
239968,1,100
240004,1,100
240041,1,100
240106,1,100
240142,1,100
240153,1,100
240218,1,100
240235,1,100
240243,1,100
240263,1,100
240357,1,100
240384,1,100
240395,1,100
240400,1,100
240458,1,100
240560,1,100
240579,1,100
240711,1,100
241047,1,100
241126,1,100
241289,1,100
241291,1,100
241313,1,100
241339,1,100
241347,1,100
241364,1,100
241456,1,100
241526,1,100
241710,1,100
242006,1,100
242131,1,100
242194,1,100
242226,1,100
242356,1,100
242381,1,100
242426,1,100
242466,1,100
242574,1,100
242698,1,100
242705,1,100
242840,1,100
242871,1,100
243031,1,100
243081,1,100
243177,1,100
243270,1,100
243309,1,100
243393,1,100
243630,1,100
243741,1,100
243790,1,100
243824,1,100
243870,1,100
243890,1,100
243903,1,100
244173,1,100
244276,1,100
244294,1,100
244349,1,100
244423,1,100
244458,1,100
244493,1,100
244681,1,100
244910,1,100
245022,1,100
245186,1,100
245243,1,100
245435,1,100
245500,1,100
245562,1,100
245590,1,100
245739,1,100
245824,1,100
245851,1,100
245858,1,100
245887,1,100
245947,1,100
246036,1,100
246148,1,100
246222,1,100
246304,1,100
246389,1,100
246436,1,100
246487,1,100
246546,1,100
246598,1,100
246616,1,100
247366,1,100
247950,1,100
247962,1,100
248008,1,100
248044,1,100
248047,1,100
248113,1,100
248157,1,100
248159,1,100
248159,1,100
248163,1,100
248207,1,100
248385,1,100
248439,1,100
248448,1,100
248486,1,100
248493,1,100
248498,1,100
248677,1,100
248717,1,100
248723,1,100
248835,1,100
248835,1,100
248851,1,100
249022,1,100
249048,1,100
249063,1,100
249069,1,100
249224,1,100
249288,1,100
249391,1,100
249442,1,100
249479,1,100
249490,1,100
250016,1,100
250139,1,100
250213,1,100
250217,1,100
250230,1,100
250363,1,100
250419,1,100
250516,1,100
250538,1,100
251106,1,100
251158,1,100
251401,1,100
251499,1,100
251532,1,100
251540,1,100
251572,1,100
251601,1,100
251650,1,100
251659,1,100
251677,1,100
252155,1,100
252499,1,100
252544,1,100
252556,1,100
252572,1,100
252585,1,100
252657,1,100
252705,1,100
252934,1,100
253063,1,100
253124,1,100
253166,1,100
253306,1,100
253428,1,100
253722,1,100
253801,1,100
253840,1,100
254005,1,100
254133,1,100
254181,1,100
254270,1,100
254425,1,100
254428,1,100
254575,1,100
254740,1,100
254928,1,100
254947,1,100
254976,1,100
255033,1,100
255033,1,100
255151,1,100
255192,1,100
255452,1,100
255577,1,100
255837,1,100
256165,1,100
256187,1,100
256190,1,100
256229,1,100
256304,1,100
256329,1,100
256336,1,100
256406,1,100
256425,1,100
256440,1,100
256706,1,100
256759,1,100
256951,1,100
257153,1,100
257202,1,100
257263,1,100
257374,1,100
257457,1,100
257590,1,100
257618,1,100
257630,1,100
257769,1,100
258109,1,100
258254,1,100
258255,1,100
258313,1,100
258352,1,100
258490,1,100
258784,1,100
259048,1,100
259074,1,100
259184,1,100
259199,1,100
259357,1,100
259419,1,100
259807,1,100
260027,1,100
260054,1,100
260055,1,100
260069,1,100
260182,1,100
260190,1,100
260200,1,100
260290,1,100
260330,1,100
260401,1,100
260510,1,100
260535,1,100
260725,1,100
260746,1,100
260768,1,100
261168,1,100
261314,1,100
261329,1,100
261537,1,100
261577,1,100
261978,1,100
262039,1,100
262095,1,100
262252,1,100
262308,1,100
262323,1,100
262462,1,100
262473,1,100
262482,1,100
263115,1,100
263142,1,100
263216,1,100
263409,1,100
263501,1,100
263516,1,100
263599,1,100
264350,1,100
265013,1,100
265049,1,100
265282,1,100
265377,1,100
265521,1,100
265551,1,100
265656,1,100
265771,1,100
265945,1,100
266172,1,100
266186,1,100
266217,1,100
266221,1,100
266285,1,100
267325,1,100
267643,1,100
267791,1,100
267970,1,100
268327,1,100
268656,1,100
268952,1,100
269027,1,100
269039,1,100
269286,1,100
269303,1,100
269451,1,100
269741,1,100
270081,1,100
270125,1,100
270200,1,100
270235,1,100
271029,1,100
271069,1,100
271090,1,100
272234,1,100
272396,1,100
273011,1,100
273059,1,100
273130,1,100
273198,1,100
273242,1,100
274074,1,100
274212,1,100
274609,1,100
276610,1,100
276905,1,100
276919,1,100
277282,1,100
278325,1,100
278838,1,100
279101,1,100
279503,1,100
280268,1,100
280368,1,100
280419,1,100
281447,1,100
281450,1,100
281551,1,100
281663,1,100
282090,1,100
282570,1,100
282668,1,100
282834,1,100
283004,1,100
283079,1,100
283136,1,100
283210,1,100
283236,1,100
283422,1,100
283504,1,100
283565,1,100
283668,1,100
283736,1,100
284105,1,100
284341,1,100
284890,1,100
285028,1,100
285649,1,100
286085,1,100
286322,1,100
286449,1,100
286457,1,100
287465,1,100
287983,1,100
288076,1,100
288768,1,100
289166,1,100
289181,1,100
290215,1,100
290246,1,100
